171.677 188.313 -109.298 2.048
34.192 75.204 61.474 2.178
-29.498 -47.444 -76.736 1.991
-106.692 146.421 142.657 1.887
-198.615 144.828 196.025 1.878
-108.165 35.137 167.223 2.191
-131.033 153.998 158.413 1.976
-30.381 68.463 -111.238 2.001
-103.224 -167.852 -82.914 1.949
-173.023 -30.919 -122.135 2.077
124.668 -178.015 -46.167 2.072
-179.479 -93.059 -98.072 2.119
-68.850 182.255 -127.370 2.126
-224.226 -99.991 51.024 1.936
54.710 62.620 143.319 2.022
216.543 -120.971 -36.607 2.042
-106.119 -67.352 149.106 1.985
-19.215 86.405 -150.462 1.963
20.896 -166.080 -89.202 2.047
-6.186 -185.636 154.016 2.149
196.793 -87.766 138.195 1.859
-101.617 161.880 -123.970 2.005
-56.987 -74.382 48.240 1.992
212.946 -113.651 118.971 2.056
208.881 -182.265 -98.733 1.921
-176.226 34.398 -176.614 1.934
-36.510 177.620 158.634 1.985
60.850 -3.270 -136.267 2.112
-181.020 -142.574 -158.803 1.953
-66.256 -54.624 189.809 1.943
-134.905 -21.093 -44.186 2.135
-219.991 -19.206 -40.276 2.094
-29.610 -135.673 -27.337 1.989
-64.962 23.593 183.724 1.982
62.323 -117.617 -120.862 2.113
76.887 -31.331 75.900 1.904
18.955 22.794 -34.114 2.096
-126.989 -30.257 -40.699 2.161
-96.963 -91.757 2.008 1.871
184.276 -87.595 -26.904 1.996
-126.243 -3.929 -141.800 2.090
166.706 13.700 175.186 2.089
101.087 -98.259 55.981 1.845
136.879 151.126 -23.510 2.055
-134.254 -89.803 63.865 1.955
79.445 -74.606 40.753 2.006
-29.781 116.546 -89.922 1.895
-78.184 54.834 89.342 2.063
-28.275 -53.030 101.171 1.954
-198.925 15.030 -32.005 1.983
-165.150 169.761 -15.830 2.071
-167.773 -150.236 190.309 1.784
155.325 97.033 181.873 2.033
86.350 -21.707 83.267 2.073
65.361 -181.552 -40.717 1.988
-116.029 -21.493 105.703 2.005
71.127 5.321 -122.481 1.921
224.013 27.175 -51.549 2.069
-2.278 -37.001 48.314 1.877
22.309 -52.815 25.978 2.046
-127.443 -138.002 -59.565 2.087
109.904 -14.676 -33.886 1.987
103.608 -7.239 191.738 1.960
69.485 -11.663 -55.557 1.763
63.844 -11.335 -17.363 2.070
106.988 143.987 190.854 1.996
-139.892 170.481 -104.653 2.088
-44.119 -65.894 -19.293 2.006
23.615 166.801 143.206 1.890
-44.073 -89.276 -126.796 1.999
-214.256 -62.479 92.144 2.020
-181.039 -57.695 42.616 1.985
26.099 103.349 193.592 2.019
-155.864 -1.486 41.370 1.974
-20.031 -61.395 -137.688 2.095
-210.675 -67.269 59.121 1.856
203.961 -147.449 -192.655 1.796
21.268 -129.842 -194.968 2.054
59.688 -102.933 92.115 2.015
-51.178 -29.482 -189.321 1.884
-150.933 58.064 -137.896 2.168
-187.708 6.111 -194.248 2.027
7.437 86.606 118.833 1.996
81.900 109.613 7.221 2.009
34.193 169.273 101.124 2.057
-53.562 -189.429 108.489 1.944
125.414 54.997 12.705 1.951
-152.679 -114.011 118.733 1.938
-31.107 -91.688 -168.629 1.925
-200.477 23.945 40.368 2.031
36.766 32.156 41.615 1.836
187.829 -184.720 -125.345 1.950
-164.689 60.568 -2.632 2.058
140.484 36.236 -16.491 1.972
92.887 29.339 -19.203 1.951
139.513 149.971 23.229 1.920
173.947 -117.612 33.337 2.063
-61.338 30.433 29.793 1.929
-38.905 -112.465 -54.976 1.948
-73.196 34.925 -4.770 1.917
-20.123 122.668 -116.318 1.913
-68.922 -118.816 31.843 1.910
-12.307 188.271 -199.252 2.091
32.772 -61.257 -146.175 1.938
141.670 -165.381 148.860 2.051
-25.301 158.213 -58.257 2.056
-4.650 -166.962 -63.708 2.028
-46.144 96.022 -115.407 2.049
-213.638 34.996 -64.575 2.161
-35.721 -117.193 150.846 1.863
136.282 -24.429 24.308 1.761
110.421 -149.269 78.069 2.166
-46.797 11.470 162.338 1.771
211.973 -110.319 109.881 2.039
-146.198 146.909 -183.488 2.229
99.988 187.350 -108.360 2.111
183.077 167.111 -40.593 2.030
192.187 84.315 161.694 1.896
-18.467 186.612 -123.251 2.085
38.495 187.183 19.526 1.989
-150.227 -13.060 96.977 2.044
-86.163 -149.076 -129.914 2.177
49.145 -109.100 59.750 1.997
88.066 -25.401 -105.376 1.974
96.106 -171.365 49.448 1.959
202.072 44.173 -140.543 2.066
209.449 11.146 -77.224 2.077
43.096 -140.642 43.475 2.152
153.107 60.368 -121.936 1.877
-218.564 -79.647 165.031 2.007
93.011 36.825 -3.569 2.189
-175.348 115.856 50.987 2.122
122.478 -133.382 50.196 1.966
68.160 141.774 143.777 1.895
186.247 -125.540 151.222 2.082
151.652 38.944 -112.264 2.000
168.606 102.432 -63.476 1.877
-120.562 106.124 53.370 1.908
-219.024 2.760 -84.355 2.081
72.719 43.060 -46.101 1.945
122.660 -78.257 140.745 2.076
116.238 10.490 -125.289 1.995
-183.213 -177.364 56.733 1.998
-156.004 34.824 -116.147 2.069
184.630 153.787 -156.245 2.164
103.153 172.850 94.681 2.268
-134.574 -107.336 2.018 2.092
155.122 13.056 -7.304 2.062
103.053 -135.432 -23.193 1.766
60.184 60.134 -26.863 2.103
-4.235 -86.318 -128.117 2.031
-128.829 178.666 19.956 2.140
63.487 -32.807 112.690 2.005
-186.613 -55.896 44.433 1.957
211.906 -43.939 -169.157 1.856
-29.336 118.017 -36.056 1.910
3.537 0.434 -99.431 2.102
-54.303 -157.663 12.888 2.087
101.005 -91.242 -34.468 2.078
23.877 71.875 -190.963 1.926
-203.806 -182.283 30.643 1.993
-81.094 -0.467 5.712 1.987
175.218 166.804 -99.219 1.830
-208.038 163.182 141.220 2.037
-181.285 123.470 30.878 1.912
-78.408 65.686 -10.800 2.016
88.049 119.800 -184.862 1.929
16.058 -78.104 29.379 2.054
174.201 -183.034 132.136 1.912
-179.597 93.210 -108.947 1.945
-72.265 60.483 -53.585 1.870
-144.997 34.412 -76.909 1.837
95.474 -32.606 159.235 1.825
-3.115 9.016 152.927 1.926
-216.243 -11.150 -85.561 2.044
159.948 119.167 147.873 1.964
-172.926 -27.164 175.673 1.887
-172.039 -51.741 152.039 1.966
126.746 94.082 -73.733 2.034
213.767 31.334 -187.759 1.958
196.834 139.483 -83.645 1.924
-121.844 86.531 90.988 2.158
-90.111 57.157 180.372 2.144
179.466 -17.491 152.287 1.963
144.062 -108.188 -97.745 2.090
121.582 49.545 134.829 1.940
4.165 102.363 -130.657 2.083
59.877 -116.614 -15.453 2.109
-103.896 76.274 -28.396 1.587
-82.523 50.168 3.528 2.101
2.653 145.195 -171.479 1.941
165.537 -131.195 -84.930 1.890
-118.612 -120.419 31.978 1.904
134.965 27.086 -103.801 2.136
219.293 165.873 62.702 2.039
212.402 48.504 187.523 1.964
6.680 116.359 -122.353 2.009
-125.034 152.567 -80.027 1.928
217.305 118.686 -22.952 1.876
19.076 40.127 -35.125 2.013
46.173 -92.216 -124.435 2.024
-127.880 -116.541 156.969 1.935
-56.685 -128.360 -180.001 2.000
-221.018 -138.835 -67.172 1.938
129.679 160.917 -77.606 2.133
71.423 119.417 -157.547 1.970
-141.417 56.145 190.944 1.912
-190.056 162.395 -1.817 2.252
-113.312 14.274 -138.557 1.989
-74.856 -10.550 26.011 1.958
9.581 -108.725 -122.980 2.030
-159.827 -46.651 -48.973 1.948
-23.269 -89.187 155.011 2.048
108.318 69.783 -189.008 1.838
210.263 -141.214 -59.222 1.983
166.899 -6.605 -82.005 2.271
-149.820 133.665 11.137 1.987
-194.332 -11.738 108.001 2.094
-105.273 53.587 -69.536 1.975
162.397 17.000 -91.915 1.841
15.170 186.457 49.600 2.108
116.079 83.600 96.143 2.013
-208.698 167.331 -119.851 1.956
42.796 43.770 -160.952 2.142
-74.097 -32.683 -135.057 2.045
-144.695 -92.212 -104.191 2.117
35.032 -53.879 134.194 2.197
205.020 30.236 170.215 2.005
99.061 -145.729 48.779 2.152
-140.097 -23.259 48.592 2.153
189.326 -185.569 112.727 2.048
222.627 120.866 100.388 2.033
31.908 -87.566 167.825 1.966
149.648 57.918 -17.238 1.943
35.710 -58.492 -181.797 2.132
87.007 54.909 -137.363 2.043
216.044 -160.508 138.947 2.044
138.858 1.303 5.623 1.912
-47.701 32.520 194.456 2.027
170.501 -95.344 -95.532 2.028
-208.628 -113.997 -59.003 1.877
-80.836 -30.430 -170.672 2.103
-181.218 91.021 55.406 2.216
81.127 -177.135 24.695 1.907
-20.683 -81.638 -192.624 1.845
10.518 144.442 -88.914 1.955
-155.600 76.235 -123.131 2.046
-141.489 22.689 -124.421 1.937
62.162 -152.971 182.661 1.954
-221.035 -167.280 63.642 2.012
-58.600 98.532 97.930 2.067
30.933 -146.494 -109.491 2.224
-67.877 -187.016 161.130 2.008
-39.743 -141.270 11.454 1.995
113.697 36.123 -74.904 1.796
-130.376 -40.395 37.271 1.994
-147.495 148.829 -25.827 1.959
158.984 122.363 -165.186 2.041
145.409 -85.213 -149.307 2.148
190.318 -124.718 -199.385 1.962
145.352 156.395 76.667 1.946
-7.956 4.104 172.538 1.988
-129.436 -103.976 112.900 1.988
130.573 87.298 9.735 1.958
114.087 135.757 13.622 1.916
-56.384 -76.692 122.548 1.980
171.729 161.865 -42.595 1.974
-27.826 123.195 -113.487 2.071
-130.217 -160.718 -186.007 2.032
-219.773 -13.385 -19.584 2.068
117.430 156.551 -111.556 1.954
-13.090 -140.397 52.992 1.784
-127.695 -93.107 189.244 2.041
138.677 -124.414 -117.040 2.009
-139.524 42.830 -6.619 1.961
-205.963 -55.874 -11.520 1.777
-106.115 -17.616 167.810 1.917
145.934 164.139 -157.267 2.074
174.794 54.487 -191.449 1.963
-186.392 79.069 -189.663 2.044
2.404 35.870 67.628 1.883
38.062 168.962 149.895 1.968
165.011 157.019 151.694 2.057
79.433 -125.810 -15.899 2.015
130.162 -175.849 -148.667 2.029
82.280 130.809 -39.644 1.901
114.279 147.100 51.952 1.937
148.949 7.382 181.345 2.028
112.400 39.538 61.273 1.788
153.843 22.213 199.097 2.018
-53.588 -154.795 132.128 2.062
-8.869 12.503 87.274 2.048
29.838 -168.525 54.862 1.997
-23.409 -172.185 -78.039 2.117
-219.020 -173.657 135.986 2.035
107.375 -57.996 9.214 2.115
161.025 47.881 182.968 2.151
-53.455 -2.915 149.226 2.134
138.230 41.536 191.198 1.959
-61.002 -166.431 56.434 2.007
40.830 -34.574 176.158 1.927
-170.684 72.076 -74.777 1.792
54.200 -145.529 2.146 2.088
73.681 -186.158 -148.496 1.860
-176.963 -73.451 -171.498 2.132
-37.649 -10.155 -38.080 2.171
8.758 -97.075 -190.217 2.183
-91.029 87.195 -51.301 1.908
-96.417 89.457 104.383 1.961
-79.151 152.575 -35.827 2.183
16.666 156.637 -27.995 2.257
173.363 -57.458 -66.164 1.811
166.882 175.850 -184.769 1.924
188.472 -9.964 -168.350 2.112
-59.099 -16.486 -44.849 1.999
45.011 57.120 -147.562 1.926
169.277 -83.778 -96.589 2.002
168.868 -28.393 -146.474 1.972
128.667 -96.609 115.769 1.951
215.154 -68.553 85.961 2.183
-138.070 146.864 -138.667 1.962
10.476 124.734 28.035 2.108
-182.012 82.885 -111.178 1.771
163.957 -156.048 7.108 1.953
187.626 -149.723 175.504 1.893
-116.224 -176.627 179.220 1.995
162.663 -98.896 9.200 2.040
144.576 -40.410 77.167 2.239
-8.702 53.272 -180.292 2.057
113.297 185.628 51.436 1.843
177.290 -19.494 123.797 1.948
43.221 20.037 -195.475 1.996
182.581 184.146 60.438 1.704
170.333 -79.607 -90.978 2.038
67.879 103.269 83.163 1.974
72.845 51.900 -22.250 1.988
213.846 6.086 87.164 2.080
-11.599 -149.231 -95.674 1.836
199.562 46.095 -92.135 1.928
-28.835 184.489 -38.025 2.047
25.097 -89.224 -49.241 1.887
-17.575 -88.119 -167.344 2.045
-91.750 -72.347 -27.384 1.995
156.708 -91.649 100.012 2.121
35.672 -89.391 -140.907 2.145
95.730 -9.696 86.741 2.100
-39.122 -66.769 124.939 2.049
-69.610 166.880 189.319 2.060
29.310 -121.091 95.418 1.973
-69.737 -71.917 -49.191 2.047
71.297 -133.907 30.177 2.109
-24.633 -126.643 164.415 1.978
-90.467 29.422 25.604 2.003
215.363 48.665 125.977 1.984
-114.516 101.978 49.312 1.976
199.927 -94.615 43.913 1.873
-215.806 14.113 20.128 1.963
38.208 -133.630 -129.303 2.190
53.438 31.742 -162.038 2.058
-109.964 -17.360 130.087 2.093
114.060 -59.034 -59.078 2.028
33.496 -49.414 -5.712 1.946
-193.717 -16.431 -71.824 2.176
47.130 2.617 120.327 1.937
180.265 -153.579 33.589 1.915
124.564 -30.458 -89.394 1.827
-50.670 189.735 60.319 2.079
-115.738 57.387 110.092 1.906
-209.438 164.390 -38.356 1.940
-75.080 -122.967 84.116 2.080
66.487 154.880 37.254 1.929
-106.355 83.310 38.103 1.971
177.452 78.654 -123.961 2.044
-78.257 -94.986 -55.682 1.896
159.148 130.977 -123.421 2.131
-87.408 -184.224 -165.190 1.948
-63.078 -128.147 195.479 1.966
-209.919 117.630 -184.658 1.958
-40.344 120.052 -185.797 1.955
149.302 72.957 -24.991 1.877
23.095 -167.041 107.510 2.079
-32.097 -32.006 -63.427 2.167
46.608 40.823 -15.700 1.947
221.443 -23.086 46.187 1.920
74.174 69.980 4.985 2.020
26.277 -34.235 92.032 2.052
-3.725 59.837 -74.544 2.045
-109.907 -134.981 179.348 2.020
-11.586 -170.220 -17.304 1.969
-182.267 54.280 121.062 1.874
-188.493 163.407 31.980 1.959
83.798 78.279 -146.794 1.962
-66.407 -124.317 -71.916 1.930
-86.877 -52.092 -153.254 2.136
-154.362 107.160 151.052 1.932
-138.280 55.563 58.114 1.932
41.291 -170.408 -17.436 1.949
35.257 -116.854 -32.865 2.053
64.921 -166.558 -85.536 1.968
-195.424 96.066 151.167 1.994
26.295 -51.395 -161.984 1.957
10.581 -126.083 -3.866 1.942
-219.094 -5.821 -116.474 2.109
36.324 40.537 26.174 1.834
-144.561 56.116 -199.299 1.914
217.039 30.847 -81.431 1.946
160.736 -155.525 -90.928 1.863
138.284 25.582 -166.399 2.285
170.948 -99.476 -112.575 2.113
-206.103 -16.934 -22.993 2.065
7.205 -152.060 99.251 2.003
-224.612 135.715 -186.750 2.098
200.955 -181.730 -85.328 1.882
-102.538 52.666 72.387 1.908
74.715 58.339 -175.122 1.809
110.502 139.890 -31.038 1.995
164.774 149.241 -104.087 1.840
-161.601 -18.093 52.043 2.038
-201.003 95.009 -15.125 2.017
-141.431 -23.646 -26.290 1.763
-1.313 187.409 83.972 1.962
-198.392 64.649 -79.916 2.029
47.556 -126.723 -30.367 1.851
-151.544 111.577 163.719 1.980
-124.222 -176.978 -163.719 1.924
-170.190 -158.217 -166.870 1.904
-138.753 -119.100 -55.809 2.078
9.364 58.716 67.819 1.910
-199.408 -187.374 112.054 2.039
-182.325 -150.259 -45.893 2.060
-158.462 -62.426 167.362 2.029
110.987 -148.547 15.464 1.974
-204.156 19.768 -152.481 1.921
-122.824 -155.598 147.136 2.093
12.380 159.315 -11.932 2.064
174.714 149.986 -99.224 2.104
85.260 -98.377 184.709 1.872
11.659 151.956 53.444 1.996
-67.979 -180.136 -68.541 2.082
-60.241 12.615 183.575 2.157
-134.787 133.129 70.740 1.868
-156.015 -173.227 90.352 2.073
-102.349 41.342 -97.724 2.014
166.415 -152.151 185.765 2.021
-50.958 148.979 -151.902 1.880
-48.759 -3.892 -138.861 1.876
10.537 -92.146 193.022 2.055
-190.012 132.022 132.268 1.865
-222.900 173.912 6.174 1.742
-129.987 -154.811 -183.695 2.065
73.299 -149.344 -177.450 2.069
-14.672 -165.577 -121.256 2.109
179.850 70.515 188.741 2.264
-189.353 -74.137 -186.118 1.878
158.893 102.188 73.777 1.853
121.016 89.093 -96.082 2.016
-47.015 -73.974 62.797 2.012
-135.050 160.257 -165.087 2.066
-81.341 97.453 -117.181 2.037
20.777 40.310 176.015 1.982
-81.791 -23.436 119.604 1.871
71.364 67.393 151.113 1.959
21.741 -102.222 -25.725 1.942
184.404 15.167 74.873 1.945
188.560 62.245 138.454 2.102
-24.256 -89.303 87.843 2.029
-116.938 -157.941 -13.002 2.107
-162.764 -61.806 -54.615 1.987
-153.049 117.833 -36.223 1.871
-32.193 -25.998 -157.524 2.155
-44.635 112.670 -160.276 2.009
-210.236 84.691 -170.085 1.944
-5.659 -44.998 -108.554 2.167
-65.776 -152.177 -163.968 1.894
151.681 84.945 -42.556 1.913
81.727 148.543 -37.515 2.086
193.293 -82.195 116.938 1.918
11.544 -68.708 -87.690 1.912
-67.701 -126.030 -60.079 1.833
-130.874 111.202 56.268 2.015
-94.803 8.019 -63.881 1.923
-126.356 148.815 194.118 2.050
-153.847 -57.654 -13.350 2.028
77.264 14.281 -89.272 1.980
-150.833 -82.459 79.060 1.999
-205.735 169.428 90.663 2.038
-144.801 -47.945 43.623 2.059
-64.192 -102.013 76.219 2.062
-118.642 -100.577 -69.541 1.854
20.190 179.491 136.627 1.978
44.752 40.901 -133.182 1.888
90.615 157.475 80.930 1.901
140.494 -123.082 5.166 2.075
221.520 48.329 116.686 2.131
58.458 28.370 85.922 2.035
-125.525 -57.215 140.206 2.019
69.836 -143.436 -106.307 1.874
-132.883 29.042 -86.355 2.035
173.964 10.445 43.842 1.858
208.535 -57.819 62.311 1.846
-211.910 -66.027 44.889 2.053
89.790 139.279 -98.041 2.324
-205.834 -133.735 180.663 2.274
-186.084 -172.803 7.392 2.136
116.969 35.444 -132.580 2.178
-31.402 98.680 -27.410 1.968
-130.313 168.440 -67.205 1.965
149.693 133.271 -10.901 2.150
27.410 -47.974 -49.882 1.910
175.562 -126.389 173.558 1.939
-173.546 92.198 -110.839 2.066
157.553 -16.183 -13.036 2.044
180.035 -26.787 -192.944 2.056
196.820 108.845 -36.358 2.049
-107.995 97.698 -76.547 1.785
-151.500 38.136 41.204 2.096
-139.292 -169.372 -190.987 1.967
-43.496 -169.298 105.935 2.011
-186.942 15.178 127.867 2.037
120.185 -76.509 188.710 1.986
-129.175 98.388 99.661 1.847
74.502 -126.030 80.493 2.000
69.835 -92.912 -95.321 1.975
215.777 11.891 96.921 1.951
33.859 137.244 27.857 2.040
-200.335 -23.185 -172.348 2.079
-70.448 127.087 114.055 2.042
-54.910 -103.459 -191.647 1.862
-75.559 77.769 85.800 1.924
134.899 70.457 -55.608 1.999
186.243 -12.255 -85.308 1.931
146.633 -88.689 101.631 1.884
192.265 -8.573 -22.608 2.112
106.137 -179.941 28.437 1.856
-125.271 68.017 -14.047 1.984
110.788 113.093 -32.736 2.014
40.899 129.735 -39.817 2.109
129.072 91.073 77.201 1.844
-191.128 143.628 104.422 1.954
28.882 137.797 60.745 1.969
9.600 135.112 -116.950 1.865
99.935 -66.449 -49.656 1.934
-58.260 -97.892 165.353 2.191
-175.409 118.055 -98.468 2.238
121.528 -125.938 103.698 2.116
-211.589 -8.914 -63.626 2.181
-199.488 -144.891 -152.058 1.939
187.859 4.670 -170.382 2.032
82.186 16.155 50.144 2.008
202.641 14.109 -3.824 1.744
111.424 119.582 -72.122 2.016
-81.376 -170.814 -2.831 2.113
-204.627 183.037 149.310 2.060
155.548 88.822 18.521 1.915
201.521 66.337 96.839 1.965
126.390 -111.170 24.683 2.030
201.133 -16.694 -3.217 1.914
68.760 -158.635 51.384 1.830
23.251 129.948 132.614 2.080
186.630 -40.396 -22.928 2.167
-108.684 -0.901 -35.654 2.115
197.945 -135.573 -169.262 2.240
-43.741 55.040 -171.618 1.823
-57.461 -123.264 -21.614 1.916
70.601 156.660 58.269 2.083
167.230 161.012 17.558 2.030
-171.558 113.900 62.501 1.971
25.373 89.411 59.465 2.141
152.325 -85.072 -9.132 2.111
105.933 -5.748 78.928 2.118
-84.526 -126.993 -197.543 1.968
79.306 31.310 -144.028 1.974
-13.407 31.509 -120.023 1.931
52.863 -83.420 -26.044 2.021
198.545 104.617 137.948 1.794
-74.947 149.029 -154.013 1.743
-41.935 -86.904 143.816 2.032
219.621 -97.952 174.542 2.074
-6.105 -60.190 19.490 1.961
217.742 -104.740 172.143 2.004
-208.322 168.416 114.391 1.868
186.047 -79.606 -179.315 1.928
-200.645 104.668 -162.723 2.086
29.488 106.672 -70.822 2.007
-184.661 8.094 -7.550 2.112
-111.715 21.362 108.934 1.914
-156.945 135.090 117.278 1.996
90.586 -154.085 -38.946 2.183
146.972 9.759 -49.191 1.964
-79.862 -61.523 156.581 2.092
-200.284 25.119 124.000 2.052
-90.707 22.429 -21.521 1.995
-9.767 111.025 43.131 1.892
-104.912 -135.070 -108.202 1.922
-113.485 -91.309 -4.489 1.958
114.760 131.275 -117.121 2.004
168.312 62.299 -191.261 2.030
142.248 -136.868 -20.768 1.987
-213.006 -65.701 61.575 2.154
-146.027 -22.289 123.115 2.052
87.898 106.538 192.207 1.727
156.720 178.835 -86.819 1.903
-167.937 100.258 -179.272 1.951
223.191 -84.291 86.296 2.169
-116.868 183.657 191.424 2.064
124.892 72.736 -178.863 2.050
174.337 154.293 -174.414 1.956
-155.101 -159.066 -151.384 1.839
207.162 159.520 -64.013 1.841
-184.133 -183.383 31.555 2.094
184.248 -8.318 -117.449 2.048
-81.508 -178.828 4.025 1.923
-74.668 82.160 -153.176 1.997
158.377 -67.123 -55.940 1.981
154.312 122.268 -16.700 1.974
163.715 91.953 -104.843 2.001
-77.536 -44.048 105.726 2.061
24.453 35.664 65.750 2.091
185.348 -179.520 -80.986 2.071
-18.753 -30.324 -84.524 1.953
-21.621 -81.056 -87.050 1.984
-37.225 75.415 -64.676 2.020
-114.216 -124.615 -95.710 2.095
-221.235 -59.561 -173.622 2.064
-91.202 144.167 179.849 2.015
-160.712 33.287 15.888 1.980
-98.469 -83.983 183.525 1.888
14.201 120.057 82.193 1.990
133.150 -113.646 174.373 2.075
-96.076 59.802 -57.892 1.957
211.215 -111.469 35.547 1.976
-13.402 -26.204 80.242 1.955
-176.046 -97.766 -113.235 2.023
2.522 -92.115 67.666 1.967
53.682 -132.679 168.879 2.075
107.188 105.001 37.402 2.112
-12.522 -130.919 -42.026 2.008
-11.610 119.711 51.507 2.027
42.583 -33.292 -125.962 1.994
92.702 -54.111 -162.438 2.099
-147.403 -90.685 -107.644 2.065
-107.101 -33.059 -157.533 1.934
-59.943 -140.421 -105.494 2.186
37.786 11.586 104.047 1.899
90.912 27.068 165.070 1.808
-130.162 -141.533 -39.660 2.217
45.259 -66.717 126.544 2.110
139.876 183.223 -164.295 2.080
-107.286 -150.079 192.331 2.066
-59.873 -185.504 27.135 2.039
-200.060 -174.627 26.055 1.997
82.073 141.404 -107.733 1.920
-134.710 -175.378 142.167 1.833
-16.606 -184.790 -189.442 1.997
-13.359 72.658 -154.724 1.945
-201.584 -53.351 197.067 2.007
202.068 -16.350 96.133 2.023
220.368 70.271 -82.770 1.980
9.075 44.482 -35.406 2.038
93.412 51.448 31.652 2.137
189.580 132.297 3.711 1.986
187.812 -169.075 -118.085 2.044
-146.097 -125.668 185.829 1.991
30.021 48.756 28.774 2.043
207.076 -126.666 55.287 1.899
-215.600 -30.347 88.116 1.938
153.390 -30.053 31.323 1.989
-77.958 111.402 118.492 2.050
-23.496 171.054 -44.117 1.811
0.162 -65.433 -131.436 1.882
-94.160 -51.717 121.906 2.057
143.378 -63.337 -81.421 2.063
-70.469 -44.587 101.336 2.149
201.113 185.822 104.506 1.911
215.587 -22.361 193.975 2.074
-28.980 -110.394 -12.852 2.022
-89.587 -147.938 -183.865 2.084
151.306 178.142 51.017 2.019
49.016 102.511 185.970 1.906
35.681 18.616 -69.131 1.885
-57.021 -73.096 99.441 1.911
-169.709 -181.608 91.738 1.823
25.557 37.896 139.799 1.887
-24.420 74.292 144.520 2.074
-164.357 -176.953 -73.732 1.914
-211.594 0.733 -186.103 1.872
-110.997 -9.114 46.224 1.982
86.389 -31.005 -22.776 1.970
-41.427 170.704 94.276 2.166
-49.916 -82.234 199.918 2.035
218.612 180.889 -77.625 2.088
-34.697 141.688 -121.668 1.940
-70.512 170.115 117.285 1.938
-205.707 -166.530 -192.851 2.044
-214.375 185.743 -149.417 1.877
-134.532 182.655 130.969 1.888
44.287 133.871 -0.718 2.111
1.602 177.164 172.801 1.964
-220.255 6.808 6.231 2.138
-141.597 34.228 -16.276 2.100
-7.937 81.192 80.954 2.108
-130.163 131.385 -84.491 2.159
-65.878 -96.194 89.906 1.864
-141.424 -161.008 -10.348 2.097
-215.578 36.259 171.067 2.058
-215.525 -57.811 182.769 1.901
195.445 65.590 -78.578 1.966
147.915 170.439 155.980 1.901
60.153 -103.619 -164.770 1.960
106.103 -87.865 -15.467 2.015
93.939 -20.845 55.814 1.900
40.621 -28.481 -186.435 1.986
5.736 -70.278 172.696 2.096
215.969 33.975 197.933 2.004
188.352 164.426 -39.920 2.131
-158.813 81.063 50.788 2.090
29.900 -67.914 39.360 2.067
-92.659 -143.528 161.569 2.089
-158.607 32.403 -125.045 1.977
-4.208 56.551 -43.088 1.939
-121.917 23.985 63.564 2.067
172.889 13.464 -0.956 1.996
48.106 -6.029 134.747 1.799
168.478 -158.782 -90.253 1.937
-143.703 146.035 -141.759 1.956
-45.663 -143.925 -20.738 1.706
208.379 -104.441 46.933 2.313
70.413 138.041 13.458 1.940
52.036 -7.731 2.401 1.799
23.063 24.755 14.526 2.143
140.804 -52.372 -99.944 2.175
59.173 75.371 -38.486 2.086
-159.004 148.281 165.064 2.086
104.038 168.910 -113.301 2.051
-60.190 -66.307 130.925 1.945
70.599 60.306 55.325 2.123
47.495 -143.034 -31.122 2.014
-148.154 -110.273 167.158 2.093
-166.530 -185.834 -99.682 2.142
158.020 153.236 87.069 1.826
-204.323 -6.609 138.919 2.107
4.234 63.562 -135.611 1.840
107.634 82.531 -122.960 2.078
-155.668 -149.242 185.873 2.175
79.227 -13.492 -72.306 1.923
-9.533 70.009 148.990 1.904
-78.197 -124.261 -31.879 1.988
70.035 -140.947 -125.194 1.774
-3.977 16.491 149.049 1.940
126.440 26.601 -31.574 1.817
-20.658 35.309 -178.054 2.146
-123.594 -66.996 142.949 2.134
45.790 -150.926 -2.617 1.969
-216.508 181.342 -60.455 2.106
90.791 -141.050 -114.983 1.942
-58.995 143.744 -145.563 2.202
-18.776 95.975 49.610 1.944
-106.847 -122.662 -91.013 2.004
39.622 177.944 133.752 1.932
-182.852 19.264 164.192 1.922
-2.511 2.796 56.461 1.952
-13.679 -42.485 -84.224 1.890
203.786 165.860 -127.202 1.841
211.074 -79.069 -4.973 1.923
-110.186 56.475 -168.960 2.102
-146.211 -153.480 38.652 2.072
-95.933 -112.747 -3.304 1.981
-128.943 13.145 -152.004 1.861
-150.013 26.224 84.630 2.037
-155.819 51.236 -101.264 1.937
-84.468 91.716 -193.291 2.023
-146.495 21.442 192.178 1.943
-18.684 118.200 -104.791 2.063
104.310 99.412 -66.360 2.068
-64.502 96.032 103.125 1.999
-131.389 -147.359 -95.983 2.038
153.247 175.996 -152.293 2.123
19.496 -25.173 69.189 1.929
-131.743 -131.448 34.539 1.937
-86.191 -73.450 135.695 1.966
-124.348 -62.271 -118.284 1.974
172.876 89.009 172.517 1.873
-129.140 62.833 -134.489 1.953
48.950 157.701 -119.447 1.938
-164.657 125.554 196.082 1.999
81.373 189.304 78.244 1.954
-145.898 49.123 -56.789 2.134
157.657 27.594 126.530 2.015
148.044 169.933 154.437 1.937
-41.377 164.809 -146.608 1.955
30.682 54.066 -0.618 1.974
189.382 -150.846 -77.395 1.894
150.282 -124.649 -136.452 2.191
-194.024 142.609 189.116 1.847
-8.399 28.414 -32.905 2.038
191.253 14.795 21.427 2.153
-222.735 22.100 129.633 1.953
-86.489 -106.483 -151.952 1.830
-35.911 153.207 -171.707 2.102
184.252 78.016 -189.518 1.899
115.887 -187.932 -82.605 1.757
189.705 110.181 155.819 2.017
-89.436 -124.961 -127.732 1.873
138.547 -49.115 141.499 1.724
2.384 -53.289 -144.556 2.023
-46.689 -88.641 -164.701 1.983
-81.605 -44.741 122.191 1.940
-223.812 125.086 -147.997 1.842
132.216 158.293 100.462 2.100
-164.475 -79.102 -109.973 1.948
187.207 51.954 22.928 2.055
-119.064 -175.540 -12.145 2.060
-193.224 -171.519 -197.918 1.908
192.288 166.210 65.115 1.974
194.356 57.624 -121.954 2.073
-162.782 117.208 80.160 1.979
-112.140 112.230 -148.734 2.041
10.110 -138.295 158.328 1.971
142.480 -92.675 137.187 1.945
-14.225 136.836 -98.887 2.006
-1.605 -188.966 -34.679 1.921
-156.334 107.252 177.627 2.150
-176.023 -41.286 90.633 2.018
-197.472 171.127 -157.068 2.069
-177.715 38.080 -111.413 2.094
47.770 110.529 -120.662 1.957
2.619 64.118 -184.159 1.885
61.758 54.338 -21.320 1.999
204.382 45.792 -80.618 1.988
-162.951 -3.686 185.057 2.063
86.134 -29.390 -198.400 2.063
-59.653 -146.428 -81.284 2.021
-137.907 -185.220 17.230 1.927
-82.153 -165.866 -160.124 2.081
-137.858 131.525 66.620 1.981
116.509 86.033 -29.602 2.117
87.925 -26.943 70.564 1.993
-18.751 16.982 129.066 1.905
99.673 -185.550 -109.751 2.011
-96.397 143.411 154.190 1.708
-30.130 -58.016 68.282 1.893
-161.440 61.513 0.451 1.731
-129.914 18.494 -8.777 2.076
129.356 60.101 -194.663 2.104
158.702 93.668 -71.355 2.013
-164.520 101.280 -143.848 1.978
-106.359 -58.487 -59.115 2.113
-220.677 -72.179 96.668 2.086
-82.039 80.912 -89.194 1.901
164.236 123.702 80.581 1.868
213.024 64.603 -24.269 2.042
187.083 -21.409 -169.570 1.891
-145.067 59.103 -149.287 2.010
130.217 127.666 -115.441 1.856
86.739 -125.994 -41.645 2.034
-139.741 -50.218 -33.724 1.903
-145.938 -26.368 -157.797 2.030
180.582 -72.268 160.533 1.987
-85.544 96.108 -50.627 1.962
94.861 36.189 118.487 2.053
-83.645 -27.015 101.100 1.998
141.506 94.658 -121.379 2.077
89.575 -170.338 64.387 1.993
45.128 -31.133 -61.067 1.836
-148.715 67.035 -126.886 2.044
13.680 -186.355 -191.006 1.926
-15.138 110.230 22.511 2.046
26.954 96.130 -31.472 2.087
34.248 -62.782 -30.636 2.084
135.121 188.789 187.429 1.938
-163.373 23.983 20.050 2.151
133.558 -164.265 65.972 1.919
105.122 98.905 -123.551 2.040
214.874 -101.944 -127.797 2.101
-47.364 20.682 -185.941 1.959
-73.452 148.925 110.152 1.913
218.215 -49.521 50.738 1.912
-135.537 165.124 19.460 1.882
-209.748 -98.539 -179.034 2.001
132.386 121.479 -55.037 2.097
143.573 -156.546 6.711 1.912
4.784 170.282 122.118 2.086
-107.735 78.537 79.970 1.903
-10.271 8.206 70.891 2.085
0.781 -175.179 -107.666 1.838
-82.913 -182.828 12.998 2.105
-143.484 63.524 -60.205 1.887
38.108 -123.351 -101.793 1.911
5.789 -34.943 -176.181 1.927
-94.287 -55.471 82.795 2.183
-137.544 -129.872 6.636 1.995
125.394 -138.810 62.171 1.934
-126.537 165.106 -42.906 1.920
-151.878 -21.096 137.522 2.085
-34.432 -172.959 -154.843 1.958
-13.762 -50.034 45.799 1.943
160.866 -148.219 -41.134 1.926
-151.018 21.027 -125.869 1.893
71.657 -160.369 -38.776 1.944
76.019 -24.000 151.206 2.132
-162.577 102.270 121.244 2.006
-42.983 -71.390 -8.118 1.946
123.015 -24.093 -9.458 2.034
-91.777 -105.959 7.027 2.154
-152.010 -78.330 10.171 1.906
-217.546 -165.218 -9.727 1.907
-81.817 105.448 -82.394 2.030
-76.941 120.965 80.540 2.016
-127.690 -106.354 149.102 2.011
-133.391 34.960 169.782 1.887
-212.585 184.421 101.534 2.095
152.738 66.086 -152.051 2.084
-167.843 77.146 -71.871 2.003
12.771 -166.502 -92.101 2.100
-119.652 -77.264 107.169 2.123
-146.315 -28.844 182.587 2.134
-135.289 100.592 17.720 2.028
123.751 -163.629 -29.188 2.099
63.955 -103.965 156.066 1.984
121.749 5.618 -189.963 2.100
-124.705 -28.788 49.617 1.811
-5.746 147.119 -188.230 1.910
-134.786 -56.556 -137.652 2.157
-66.194 176.519 89.557 2.022
-133.579 -141.756 -110.248 1.902
212.718 -164.056 39.455 1.945
-105.105 167.036 134.964 2.139
-126.161 178.181 -37.172 1.977
164.973 -98.402 128.532 2.049
-173.091 1.814 12.582 2.185
-12.054 -62.944 16.298 2.058
29.435 -55.737 -83.092 2.106
-122.197 68.278 66.598 2.089
-125.010 -157.499 -184.883 2.238
-10.280 120.761 -8.007 2.131
33.069 65.699 197.427 1.902
85.007 -4.001 -139.698 1.836
101.776 163.443 193.498 1.867
63.718 92.849 -141.551 2.057
14.809 -70.097 -29.013 1.848
-32.483 30.411 94.682 1.828
-5.194 99.507 98.915 2.046
196.723 15.832 78.439 2.075
-128.580 179.147 107.337 2.076
150.940 48.396 129.137 2.110
183.590 180.126 115.315 1.864
31.721 127.619 37.679 1.952
-102.361 -108.508 -8.601 1.889
-152.330 17.580 158.054 1.794
-30.793 -88.566 -6.619 1.797
141.992 130.433 196.059 1.990
-160.195 32.764 -11.587 2.083
-42.562 -13.644 34.806 2.018
56.046 -123.251 148.127 1.839
217.982 -39.436 -19.494 1.962
-59.883 107.412 68.254 1.947
88.056 165.838 164.270 1.828
222.087 -47.894 180.970 1.846
-26.637 53.975 84.854 2.031
149.603 176.350 -83.299 2.103
-93.485 169.091 191.019 2.042
40.279 146.160 -146.053 1.999
62.469 117.416 -173.714 2.172
-165.772 67.607 -135.333 2.137
162.867 -13.441 52.190 1.980
87.454 -85.290 66.152 1.884
47.468 65.552 -125.720 1.922
52.616 -9.373 -85.365 1.864
84.576 -91.936 -61.071 1.957
200.811 -182.977 33.014 1.976
-85.905 -145.800 -179.104 2.048
186.525 21.779 100.672 2.125
-62.854 90.975 30.375 1.904
-165.309 100.267 -132.036 2.072
27.897 -51.952 143.523 2.299
-120.933 -47.408 89.745 2.046
-95.541 163.134 148.720 1.969
27.159 65.969 -198.142 1.839
-92.477 -102.758 31.910 2.322
-208.875 147.380 13.451 2.020
-80.916 -31.397 -183.612 2.066
133.492 87.833 160.983 2.047
-84.872 169.076 -157.339 1.980
205.415 5.414 -69.610 1.952
-46.632 124.906 -14.107 2.067
-220.974 -80.155 158.164 2.022
144.485 -179.379 37.653 1.921
52.109 -83.256 176.247 1.848
-27.147 122.409 -4.356 2.012
17.900 -115.612 44.771 2.029
68.330 -183.340 23.633 1.963
-186.555 -187.435 10.556 1.961
162.289 90.981 -59.283 2.099
1.154 113.039 22.943 1.888
-156.122 150.092 -79.136 2.004
199.605 -126.311 107.332 2.055
-179.935 -92.735 14.991 1.954
-221.867 8.508 -1.910 2.053
118.798 -42.627 83.453 1.945
63.269 -174.878 -159.806 2.111
