-110.190 -47.444 -112.545 1.904
171.003 -140.461 28.969 1.921
165.298 -47.718 -143.007 1.869
-73.303 -41.906 160.301 2.120
34.675 -101.212 -48.599 1.997
31.914 22.583 113.876 2.010
-89.176 143.475 53.051 2.107
34.044 123.643 -105.273 2.046
-110.361 -12.857 67.338 2.014
117.995 57.046 -4.244 2.015
-86.419 -73.327 -196.442 1.952
-34.455 -14.492 169.705 2.019
101.918 144.068 71.989 2.130
32.342 175.622 103.226 2.183
-199.715 12.369 -1.929 2.071
-87.726 -183.303 105.995 1.893
198.891 -1.507 107.211 1.856
-198.371 13.076 85.490 1.964
-215.316 88.244 -144.928 2.157
94.198 -178.796 101.815 1.805
-59.524 11.248 -18.232 2.014
-148.903 -125.239 -126.020 1.838
186.799 -13.660 40.146 2.101
-72.341 -58.210 17.094 1.991
-14.401 -2.893 136.279 1.809
130.780 -94.556 -117.789 2.101
-151.408 -39.895 -195.000 1.862
61.864 109.902 0.788 1.973
199.159 -82.421 39.920 2.150
-162.656 -103.117 198.500 1.924
-17.032 179.861 -132.189 1.795
146.702 -49.892 -110.082 1.959
-102.954 103.944 -125.908 1.901
223.561 165.754 -125.175 1.909
67.412 -90.747 100.202 2.267
-4.192 -153.932 -37.494 1.913
3.019 -117.727 -88.837 1.969
-106.494 -103.172 -80.089 1.917
154.820 91.683 90.515 2.096
-53.101 45.326 -118.101 2.093
-55.098 -19.084 -72.331 2.053
-42.236 -187.107 -19.509 1.989
-47.334 -27.437 -55.941 1.965
76.756 81.406 -160.571 1.906
103.382 -107.921 109.368 1.915
-60.158 -51.071 -181.781 2.157
-180.413 -176.886 -148.466 1.847
-191.328 -92.963 -0.500 1.907
-13.579 60.237 190.824 2.001
-183.255 162.736 17.551 2.108
8.008 -85.765 -97.815 1.981
-149.821 2.222 58.150 1.981
-20.228 -156.905 92.797 1.803
-72.891 -7.353 145.624 1.915
77.458 -157.939 -38.394 2.244
-65.962 -46.126 -4.323 1.928
-89.750 113.827 142.136 2.030
-117.436 80.108 -30.639 1.876
-11.164 103.087 -119.206 2.071
-166.016 136.546 169.426 1.805
171.734 -12.279 182.036 1.862
-120.047 -13.240 121.396 1.788
-71.602 89.682 148.991 1.936
-35.909 -150.107 165.762 2.037
-114.662 41.871 -136.956 1.916
45.993 -184.899 -126.841 1.865
224.634 8.326 82.807 2.046
39.883 -132.976 152.816 1.897
-139.022 135.325 13.891 2.043
125.328 13.859 62.685 2.165
75.945 39.556 -107.548 1.808
199.373 150.800 186.559 1.982
118.707 179.286 -186.683 2.025
-65.525 69.519 -29.767 2.004
-60.854 42.097 -193.732 2.015
154.768 -14.059 145.751 2.016
-77.252 51.620 -65.514 2.106
103.164 186.397 71.398 1.954
173.023 -55.250 9.035 1.931
168.576 -35.521 175.516 1.907
-160.816 30.359 37.976 1.980
38.999 79.139 154.357 1.788
173.813 -135.441 -105.611 1.875
112.176 34.186 -45.928 2.057
-75.705 -86.594 -43.718 1.977
90.417 56.669 184.362 1.943
35.166 -14.478 55.484 2.140
196.626 -18.189 57.715 1.996
-4.563 -52.259 -39.505 1.996
186.825 154.009 173.843 2.064
-29.496 -153.323 -120.844 1.873
67.512 -72.202 169.249 2.086
-77.122 -62.034 28.426 2.001
204.455 -97.842 -27.404 2.084
73.237 -2.333 -189.538 1.794
-172.536 -135.343 38.904 2.018
-137.822 -93.706 -59.826 2.251
113.506 47.958 20.634 2.085
181.070 -128.749 -89.802 1.866
-72.712 -154.285 94.732 2.007
155.764 -89.184 34.022 2.134
143.286 121.773 -141.698 1.865
26.006 173.217 40.799 2.192
22.484 85.906 -33.996 2.043
108.211 85.588 128.686 1.927
214.462 -167.762 -16.412 2.099
-28.413 -124.840 -173.539 2.038
73.490 -27.879 58.938 2.056
-42.095 -182.657 -20.449 1.863
-165.403 24.904 120.433 2.029
-104.708 -184.890 -81.456 1.964
20.134 -34.645 -173.666 2.030
182.055 155.437 -126.533 2.220
-126.812 183.997 10.001 1.834
-5.909 4.070 -67.059 2.010
-75.881 66.836 -6.810 1.944
-95.973 73.252 119.939 2.121
-67.500 -168.671 -127.283 1.946
-150.493 180.575 -36.807 2.119
203.467 75.979 -2.109 2.071
71.025 -65.409 -58.002 1.979
-220.408 -57.157 -170.225 2.061
214.567 136.758 69.570 1.991
-18.206 128.076 -113.421 2.024
143.184 -42.765 -68.365 1.904
-177.902 -89.255 -41.385 1.912
-140.160 14.849 78.932 1.905
155.077 -146.123 127.889 1.889
-62.450 99.111 -67.264 2.093
215.935 5.656 49.550 1.925
-162.156 -167.784 9.922 1.812
210.064 -111.264 116.332 1.997
-165.332 171.222 73.893 1.941
16.903 -62.517 -21.810 1.955
-96.959 162.027 119.345 1.997
89.130 98.733 -128.403 1.933
65.762 -176.443 -64.412 1.993
129.565 175.629 97.084 2.008
152.990 -6.522 38.360 1.933
-195.510 -106.083 160.621 2.081
-98.148 162.051 176.328 2.099
-69.975 144.091 -38.326 1.869
72.759 161.612 -90.108 1.860
55.184 10.185 77.930 2.009
-34.413 43.603 -172.584 2.212
130.783 25.565 -26.407 2.070
37.190 150.273 -71.543 2.140
121.105 182.580 -68.485 2.066
-183.647 -3.861 64.246 2.007
93.698 -119.912 135.104 1.859
-66.682 -13.339 -180.012 2.217
-46.915 -16.861 -78.401 1.896
-135.247 -92.691 94.321 2.066
-91.339 100.428 -63.010 2.089
-48.173 46.381 -161.466 1.807
-55.857 -134.434 -183.302 1.829
-36.295 -43.689 -95.137 1.941
160.659 -53.834 55.486 1.988
96.083 26.483 -78.088 2.073
74.368 -52.481 197.119 2.084
-100.278 99.781 -19.781 1.886
-57.846 9.467 94.637 1.981
-75.940 46.007 -138.162 1.913
50.800 -76.045 119.209 1.957
-172.111 -125.953 33.152 1.925
-67.089 182.797 -131.983 1.884
-186.325 78.473 154.481 1.996
142.838 -57.805 -183.859 1.903
-189.322 -164.075 -11.410 1.874
223.956 27.631 -138.564 1.896
-109.061 -150.547 -85.470 2.098
40.477 65.783 137.939 1.889
-27.635 -16.304 12.544 1.985
30.568 -30.643 -68.838 2.006
-206.118 156.927 -20.350 2.108
-211.607 9.421 -136.756 1.922
120.054 -168.032 56.057 2.011
-93.825 -168.759 -25.468 1.936
-32.183 -148.273 95.880 1.758
81.131 -47.475 -198.813 1.951
-84.521 -143.921 126.633 1.943
-87.112 -5.576 -187.683 2.015
-116.720 -100.487 175.375 2.085
73.582 -89.286 -42.449 2.009
186.386 -150.426 14.435 1.941
211.317 -167.528 92.258 2.058
-84.044 78.648 65.883 1.798
58.466 81.399 110.256 1.932
-149.131 -55.470 -33.114 1.870
46.253 130.106 -83.326 1.956
-85.847 141.291 -76.447 1.804
92.470 -55.258 14.788 2.006
24.219 122.129 -45.640 2.016
-93.822 -2.636 160.433 1.811
102.113 188.007 -42.572 2.026
-146.876 -104.345 -68.091 2.017
23.333 -168.103 194.257 1.913
-187.212 52.628 147.209 1.899
-125.912 73.573 -160.672 2.181
116.371 -120.022 -191.502 1.952
-204.313 -81.885 114.535 1.788
-192.801 -102.444 110.785 1.903
-6.740 -81.720 -78.672 1.906
-88.511 -66.833 57.599 1.954
-104.981 54.242 -125.634 2.062
-132.025 33.613 114.788 1.816
8.224 -20.388 39.242 1.763
175.127 -173.489 35.634 1.951
86.853 -172.005 194.998 1.907
-136.780 -67.623 168.439 2.021
169.201 123.518 141.769 2.106
51.627 103.962 -1.893 2.137
72.013 -83.887 190.697 2.083
-183.332 172.449 79.759 1.974
101.465 12.674 126.118 2.065
-115.386 101.425 -181.983 2.256
-41.401 -154.524 -13.167 2.069
-34.173 -140.267 -88.792 1.960
-218.503 -147.545 -44.770 1.803
-159.255 -153.618 68.389 1.794
167.249 180.098 -22.122 1.934
113.741 -45.247 172.522 2.207
-8.014 -116.618 -97.136 1.880
212.008 131.676 -44.073 1.912
-175.744 -143.085 101.135 1.859
-24.949 -102.201 127.042 1.839
159.838 65.075 0.493 2.078
34.580 187.940 165.530 1.874
-29.770 -116.632 -25.548 2.061
212.187 -100.796 42.834 2.033
43.879 154.685 -169.282 1.690
174.984 156.908 -194.435 1.979
-103.353 70.278 -71.193 2.011
-75.294 120.061 178.364 1.885
140.327 -116.492 -113.324 2.092
144.730 -112.331 -164.347 1.915
133.397 -86.426 -125.397 1.991
-88.907 -22.108 -144.482 2.214
19.916 3.473 -13.795 1.901
81.041 -108.114 193.893 2.097
9.139 189.425 54.778 2.170
167.855 -51.013 182.988 1.723
-109.202 21.193 35.657 1.921
-141.009 -185.426 160.058 1.740
-149.090 -40.210 -47.652 2.108
178.727 -173.419 -17.591 1.996
-111.022 85.007 14.189 1.786
88.569 189.770 -10.711 2.088
-116.422 -182.279 -164.974 2.064
53.707 172.079 94.837 2.019
-122.177 -57.300 -142.499 1.848
-127.758 -95.549 -30.072 2.152
-98.174 -4.709 18.073 1.999
-100.292 -89.755 -88.437 1.996
-224.061 189.544 -7.867 1.979
93.554 -168.776 115.129 1.999
-16.810 -131.207 -62.580 1.949
206.361 -90.034 14.109 2.170
64.553 137.585 133.448 2.036
-45.848 187.123 14.067 2.030
60.058 -98.622 28.067 2.143
-224.795 -122.471 65.817 2.010
142.239 143.783 -195.228 1.952
224.244 -168.253 -194.796 1.894
-191.221 -111.451 88.765 2.037
-25.628 -105.387 -86.522 1.950
-109.494 -34.290 61.036 1.983
41.486 -117.256 154.038 1.925
-165.292 4.235 4.635 2.044
203.376 82.318 -59.093 1.996
-57.398 -58.099 1.762 1.976
-21.816 182.705 168.827 2.017
-131.647 -88.195 104.313 2.155
-138.991 -51.100 16.704 1.855
-195.835 -169.561 100.132 2.025
72.482 71.911 86.196 2.189
-188.879 -98.304 159.164 1.993
-214.863 46.540 56.764 2.039
-85.888 175.807 -133.636 1.915
60.237 88.982 -63.181 2.121
26.886 122.336 -57.246 1.957
205.492 -14.230 -177.890 2.075
-36.224 -23.606 96.647 1.907
223.282 -112.253 62.828 2.002
-41.083 155.527 149.456 2.140
136.794 12.340 -59.534 2.008
94.038 -58.317 78.078 2.191
149.237 21.048 168.606 1.957
194.376 29.588 -17.836 1.678
-142.568 -126.511 -19.576 2.105
209.184 -2.461 52.870 2.004
120.689 -114.326 126.248 2.199
-74.507 25.536 164.289 2.048
4.207 -89.490 -182.892 2.087
-99.102 150.936 -87.587 1.871
-13.964 -173.829 181.776 2.034
133.200 61.561 -179.946 1.968
91.820 -54.801 -7.996 2.002
-178.141 59.157 151.006 2.156
134.371 79.364 -69.777 1.918
-16.083 132.565 -0.177 2.144
-214.491 -83.959 156.613 2.057
25.178 -189.321 193.069 2.196
-137.108 186.097 61.418 2.016
188.202 92.310 -152.419 2.018
105.561 129.708 136.048 2.221
-182.659 -68.066 -122.426 1.805
212.699 -1.353 -23.257 1.965
85.776 154.191 -16.304 2.232
25.218 -64.016 -82.919 1.973
-165.300 -25.465 1.884 1.985
96.121 54.505 -122.176 1.936
-83.008 42.470 -76.360 1.916
113.053 141.886 -27.177 2.115
-163.931 -176.744 -72.562 2.000
-125.976 24.822 54.398 1.945
-18.275 78.574 -143.193 1.920
-193.203 51.849 153.470 1.885
209.942 60.065 -86.821 1.894
-33.616 151.253 192.042 2.194
-25.643 18.438 -140.872 2.036
-183.632 -133.420 -118.859 1.897
97.814 -67.031 -83.823 2.235
-79.055 -112.601 16.824 1.939
-177.249 -28.784 191.866 1.997
-186.322 124.619 -4.100 2.011
-70.381 -132.000 162.339 2.109
158.913 72.099 22.528 1.987
-58.570 80.444 -90.824 1.939
-49.957 -136.994 -191.607 2.023
181.474 23.704 -39.357 2.030
-56.987 -182.083 145.601 1.954
-79.625 -133.552 -104.747 1.988
59.266 -104.711 67.146 2.135
-177.630 -61.347 -149.914 1.968
-62.851 15.590 -189.753 1.983
150.832 -170.814 -183.111 2.128
16.652 -163.492 -18.919 1.904
42.539 -140.672 170.330 1.944
-10.386 -15.696 -34.563 1.845
-127.838 31.583 158.209 1.908
-107.056 -19.376 156.296 1.952
65.428 79.233 -193.103 2.059
24.051 -106.577 126.285 1.930
-221.733 -160.324 -86.790 1.960
-43.369 -157.645 3.282 1.930
-205.119 123.525 3.163 2.055
49.316 149.202 -28.469 2.050
-157.403 -187.820 -138.398 2.102
59.545 -90.467 -168.298 1.866
94.156 151.182 -161.059 2.019
46.823 -17.781 -110.573 1.967
-37.433 115.396 157.039 1.766
172.173 184.486 -33.934 2.007
-71.814 -9.166 -83.732 1.947
-27.597 -72.756 157.913 2.015
173.000 149.975 -109.036 2.056
118.458 -56.127 -142.047 1.837
6.360 9.581 -51.734 1.926
-218.448 125.832 60.576 2.029
-69.866 -70.788 37.037 1.957
167.028 -48.956 -33.608 1.870
116.760 13.759 36.675 1.936
-221.762 -154.948 -71.926 2.105
-72.326 -184.115 -152.243 2.096
-222.932 -171.715 -122.423 2.051
-125.962 -50.233 -22.884 1.896
9.294 108.108 -160.975 2.047
-18.203 38.591 -141.283 1.993
-91.972 -119.169 99.455 2.047
141.945 173.409 -165.437 1.929
27.347 -154.455 39.400 1.962
116.312 -65.156 -13.807 2.068
185.570 -96.146 -0.747 2.079
189.132 -140.986 111.411 2.056
-182.205 -37.042 0.890 1.854
156.984 55.333 33.322 2.057
16.976 -94.480 -8.914 1.862
-169.976 140.963 2.000 1.964
-35.548 -66.879 -89.600 1.959
-150.426 -36.865 -113.902 1.962
-74.789 139.829 -128.400 2.125
-161.786 -152.038 198.882 1.991
-216.168 -127.030 -138.797 1.897
161.561 -132.531 34.841 2.160
-216.319 -91.261 119.172 1.908
-122.966 60.409 115.145 1.891
90.829 95.688 83.366 1.930
27.333 188.285 -130.728 1.995
46.609 -66.324 86.617 2.067
-30.541 -104.498 -114.807 2.082
-188.717 104.887 80.028 1.970
-34.292 94.398 -39.272 1.812
200.309 173.813 113.241 1.842
88.866 44.197 -143.494 1.891
-105.462 91.499 66.709 1.977
-195.039 21.882 155.711 1.929
108.112 176.940 176.801 1.947
109.492 -8.906 4.121 1.944
80.129 21.000 83.579 1.816
-99.636 112.839 121.344 1.964
-50.794 185.132 -87.860 1.794
-85.412 -112.227 -194.069 2.051
169.744 -51.464 -37.912 1.975
178.058 -49.763 157.591 1.858
184.520 142.475 41.814 1.883
194.252 74.719 136.154 1.865
73.309 -123.574 -73.322 1.809
141.475 49.598 195.552 1.983
147.981 112.338 101.021 1.973
103.215 168.826 65.073 1.885
-101.279 175.477 -15.571 2.005
-79.213 113.845 -18.488 2.006
38.924 -174.528 125.213 2.063
18.605 26.909 155.993 2.009
-143.285 73.976 156.531 1.903
122.065 27.947 182.257 2.069
-210.831 28.182 73.902 1.892
-127.038 107.717 172.099 2.056
79.714 -143.740 -148.003 1.922
-183.410 80.066 89.345 2.053
-67.500 -28.178 -3.235 1.899
-74.190 132.670 75.547 1.966
-70.260 27.602 -33.456 1.935
-203.033 37.289 99.052 2.046
-77.899 54.072 23.483 2.013
28.712 -52.387 174.330 2.115
-151.765 61.724 -47.294 2.027
-71.859 173.888 -73.456 2.005
220.011 -46.468 60.113 1.934
120.726 151.046 129.415 1.940
103.353 -46.510 159.362 2.006
-126.941 93.569 9.307 1.934
-106.284 -99.422 -1.440 2.110
182.553 -187.216 -114.898 1.828
206.644 -141.200 173.999 2.126
60.890 -41.159 111.078 2.226
10.394 68.255 -189.571 2.120
-142.558 142.730 178.335 1.940
54.670 -85.126 -42.896 1.976
48.184 173.471 -58.056 2.053
-147.293 15.995 -155.543 1.907
-102.456 -60.382 187.863 1.903
149.907 170.398 -75.580 2.021
4.502 12.325 193.294 2.178
92.222 -188.805 32.163 2.015
195.477 -26.756 -97.098 1.801
163.947 65.737 82.944 2.033
-194.544 144.444 123.122 2.093
190.801 110.754 91.164 2.005
-183.029 -57.315 83.267 2.021
224.840 -184.466 -108.584 1.987
-168.235 163.075 -8.778 2.091
119.141 83.881 -188.332 2.014
-70.985 -58.359 151.382 2.097
1.440 75.817 192.516 1.795
-219.489 -103.871 94.438 2.100
213.490 -58.171 -179.404 1.932
-121.461 -4.365 -187.293 1.952
57.500 -178.930 -164.378 2.117
218.746 102.330 -41.623 2.079
170.425 -127.626 110.228 2.049
164.611 84.380 85.524 1.961
185.669 -140.971 -60.664 1.823
21.353 -12.563 107.050 2.118
130.006 -32.046 89.136 1.900
82.305 67.209 -170.938 1.704
45.301 -46.977 32.788 1.840
44.105 -27.615 9.381 2.098
216.147 -144.112 -89.258 1.869
-94.137 -138.565 -51.611 1.830
-96.036 -2.423 -7.155 2.073
168.089 -180.881 -88.408 1.905
18.980 -65.750 74.242 1.993
155.484 -173.144 -170.062 2.104
-180.999 -169.725 65.462 2.178
61.299 -36.817 -3.756 2.060
60.617 79.841 92.374 1.962
49.176 40.749 -169.419 2.061
-119.719 36.412 62.250 2.132
84.753 -57.511 111.400 2.035
-18.536 93.057 53.399 2.061
-193.047 50.296 38.418 1.857
-10.166 98.895 196.140 2.037
-29.062 118.640 -180.105 2.056
68.234 -186.101 -42.816 2.125
-75.036 -23.180 -118.407 1.885
163.151 76.678 -170.876 2.091
116.494 4.279 166.531 1.985
164.393 -183.510 -180.773 2.012
-163.560 15.019 -148.808 2.216
80.515 124.285 198.628 2.090
207.511 -137.322 117.170 2.037
128.666 -174.578 65.888 1.942
74.306 59.398 159.410 1.896
189.268 -69.281 -136.245 2.046
-156.611 181.273 -115.332 1.971
-1.954 -162.249 26.000 1.954
-160.740 49.295 -75.811 2.119
-69.518 117.926 -95.004 1.940
-74.303 -38.918 107.343 2.026
95.607 83.986 140.526 1.890
70.857 71.374 -0.206 1.920
-219.394 132.881 -108.111 1.946
-48.322 167.798 189.069 2.028
-58.423 167.761 116.268 2.076
-126.349 -19.323 101.374 1.921
110.471 128.168 115.341 1.890
133.730 96.584 146.792 2.006
-17.575 -61.817 -66.303 1.905
211.388 84.859 -113.671 1.946
-165.412 -143.550 100.400 2.119
-61.263 -113.285 112.458 2.069
152.205 -10.430 170.722 1.981
-65.596 -124.933 55.667 1.938
-184.135 157.489 -165.788 1.995
176.995 -104.787 -161.038 2.019
141.881 177.095 -130.831 2.054
144.092 161.117 138.663 1.902
-180.098 102.817 -23.871 2.111
112.279 -144.831 38.286 2.115
67.870 -178.667 -127.615 2.140
9.280 -164.345 9.003 1.698
215.333 54.719 -174.585 1.910
190.924 159.862 0.162 2.038
-39.750 72.313 12.575 2.040
15.932 3.140 -176.710 2.057
-35.128 -99.201 3.348 1.784
143.829 -76.693 142.008 2.001
-207.146 -7.080 130.192 1.968
-165.848 119.724 -65.944 1.864
-132.978 -156.066 -22.859 2.077
142.292 -113.446 151.745 2.046
-83.153 -110.208 24.790 2.148
63.042 -188.293 -40.571 2.045
195.343 -116.743 -112.925 1.867
144.032 115.695 -90.338 2.085
31.549 -125.727 150.273 1.892
-207.887 -77.952 139.654 2.174
-108.296 125.257 147.379 1.912
193.414 141.276 -54.614 1.987
-165.893 -131.626 196.123 2.081
220.977 103.295 -120.607 2.053
120.176 151.665 198.221 1.920
-144.738 -39.917 -69.051 1.969
-156.233 -15.896 61.197 2.081
-222.943 -72.991 16.215 1.817
172.123 55.632 -114.310 2.005
-191.558 178.545 102.907 1.981
-209.141 84.171 22.824 2.123
-118.381 -107.395 4.130 2.005
-191.157 -91.984 -95.544 1.998
109.272 -82.720 -161.560 2.136
36.060 121.353 134.358 1.898
-22.993 -98.389 115.441 2.076
-168.475 2.668 125.950 2.106
-114.599 -110.347 -140.875 2.035
114.184 72.903 -33.102 1.912
159.513 163.217 -130.361 2.030
-201.545 122.352 -3.808 2.076
-214.376 -94.067 170.553 2.001
-29.349 -87.290 45.820 2.190
-207.808 -115.270 -194.129 2.008
95.465 -17.268 -101.629 1.761
-11.037 19.845 185.414 2.189
-1.724 -162.288 119.193 1.962
-207.020 10.828 71.749 1.944
-30.571 -169.862 57.836 1.852
68.577 21.012 142.074 1.945
-150.915 147.671 168.865 2.070
-129.101 -82.492 -129.142 1.887
166.749 16.620 -108.516 1.948
-137.896 84.257 171.384 2.014
-134.014 -99.135 24.546 2.081
58.763 46.444 -182.773 2.009
-14.387 -125.022 -70.922 2.154
-175.230 -150.564 -69.026 2.073
176.374 129.846 59.515 2.089
-194.761 -10.276 124.739 2.076
39.932 -20.713 105.986 1.986
-158.841 -62.962 -165.015 1.993
-145.073 -145.971 188.784 2.199
96.643 128.167 81.139 2.018
-5.856 -60.136 -25.736 1.954
-33.164 73.926 -79.494 2.009
52.515 54.773 147.483 1.851
181.098 -164.798 -50.135 2.113
119.239 -70.090 -55.073 2.109
41.365 114.031 63.410 2.024
-119.712 -53.327 -148.721 2.058
152.392 154.107 102.057 2.038
-73.675 12.343 126.211 2.139
-81.922 33.760 -113.651 2.132
129.204 -102.320 180.970 2.103
-34.671 -122.079 -149.753 1.762
-173.272 71.384 195.834 2.086
-95.204 -17.520 -44.690 2.087
5.242 -153.812 -41.387 1.918
-174.944 132.078 110.128 1.781
166.195 26.074 -32.517 1.971
-153.849 -1.754 -165.549 2.144
-220.767 149.901 -77.242 2.115
-59.241 -118.495 -33.526 2.032
-173.357 63.099 -93.600 2.238
-62.777 -3.567 -66.062 1.983
72.946 -32.486 -66.081 1.923
-86.214 -79.714 -166.689 1.868
-182.935 177.175 -104.885 2.113
128.212 15.001 -3.453 2.030
26.463 -109.760 154.321 2.002
6.382 66.916 -8.232 2.096
-62.594 -78.192 -67.168 1.837
24.771 47.543 37.873 1.991
-211.921 165.022 91.329 1.958
-132.471 40.116 135.950 1.872
-223.161 -188.236 -87.889 1.963
-211.624 -77.900 9.805 2.142
91.158 175.239 -53.612 2.034
109.657 -61.406 183.265 2.220
91.110 -64.295 21.092 2.021
-134.076 178.629 -74.626 1.947
-139.960 -114.694 38.028 2.155
61.748 -84.639 143.033 2.040
76.594 -62.056 -123.526 2.067
77.759 96.332 166.600 1.958
-203.407 121.527 -145.001 1.874
117.421 -91.573 -145.269 1.973
-173.257 2.097 -151.015 2.035
-184.380 12.738 -24.203 1.981
156.041 158.726 -125.959 1.901
194.321 94.983 -91.537 2.042
-166.093 -181.132 22.593 2.163
220.976 125.952 9.059 2.083
-175.014 -69.584 -154.541 1.998
-195.172 123.797 61.959 2.072
-153.624 81.179 122.026 2.031
190.190 -143.823 -161.391 1.893
52.645 -54.727 171.217 2.047
200.498 124.656 -189.201 2.133
150.223 84.837 -10.613 1.999
-72.194 74.891 -131.561 2.001
153.857 -46.054 99.926 1.847
52.784 25.543 -194.447 2.136
-169.528 -137.716 -144.336 1.993
140.153 -52.011 179.921 2.137
54.222 177.124 -106.750 1.923
139.921 70.536 50.464 2.007
214.908 -155.803 25.142 1.995
-103.261 -64.038 153.345 2.037
73.922 143.505 86.242 2.029
28.621 157.756 70.112 2.119
120.403 -58.465 91.487 2.023
88.100 -126.297 56.132 1.926
145.498 163.308 -160.331 2.068
-112.908 -18.103 -109.225 1.916
147.785 -11.588 72.408 1.924
135.512 -149.584 84.644 2.035
-43.159 137.299 50.313 1.990
90.983 -0.990 -34.778 2.074
-141.330 103.741 155.407 2.098
207.709 -78.753 19.095 2.011
-78.718 -67.177 -149.950 2.020
204.060 135.176 -149.046 2.001
-103.297 111.043 -87.027 2.042
-57.687 145.152 -112.091 2.090
86.170 -5.725 -191.595 2.061
148.021 161.824 122.190 2.094
69.963 188.620 154.506 2.112
-145.938 -146.352 123.420 2.001
-4.569 157.226 -78.471 2.235
-214.142 -28.465 198.165 1.952
29.201 -102.671 -32.612 2.123
0.140 -180.550 77.142 2.097
115.239 -67.157 -146.764 1.973
-20.821 -73.417 1.961 2.042
-84.340 18.319 -31.654 1.989
-64.999 -89.147 -99.006 1.925
-11.606 -107.693 -148.451 2.089
-153.741 58.839 -189.817 2.134
-45.415 -103.954 134.304 1.925
41.688 -129.960 59.778 1.823
141.079 -71.918 -10.915 1.818
209.927 177.145 112.280 2.191
35.077 169.640 -119.423 1.784
-147.835 -75.418 68.166 2.112
80.456 -43.584 -39.657 2.018
-134.231 -155.691 -19.967 1.958
-77.814 -89.858 4.132 2.005
191.212 97.933 -49.417 1.943
-171.413 4.510 182.124 2.270
192.711 46.770 -165.986 2.311
-177.541 -104.856 -72.789 2.094
-175.593 -144.844 -72.645 2.200
-56.856 42.354 62.385 1.869
-184.032 161.764 137.870 1.945
-189.522 -120.111 99.571 2.001
-137.020 -48.093 -55.979 1.987
183.227 -109.091 92.689 1.991
123.548 146.534 -159.702 1.899
18.594 -123.891 -69.451 1.852
200.644 58.340 118.161 2.018
22.301 -122.910 169.661 2.023
-69.614 -128.799 103.779 1.959
-179.783 183.516 196.054 2.017
211.597 180.412 182.542 1.762
169.168 -181.296 -124.913 2.005
-64.263 144.112 57.100 1.928
139.536 129.446 99.844 2.017
155.757 -147.065 135.521 1.937
-77.993 173.807 -124.479 1.883
112.352 123.967 -24.210 1.741
-87.643 -110.080 -130.962 1.932
-208.375 -147.508 -120.464 2.053
221.855 58.850 105.706 1.966
122.783 138.039 143.574 2.211
155.127 -86.766 -147.199 1.954
-224.049 -152.787 -169.057 1.833
-205.327 21.369 -101.235 1.900
-175.943 165.476 143.464 1.841
197.493 -4.369 -170.035 1.913
-18.143 -158.633 93.564 2.082
177.201 72.032 187.885 2.074
101.304 -124.991 -189.998 2.136
-27.684 178.425 39.595 2.076
39.743 25.572 194.590 1.982
-30.984 -180.535 172.763 1.966
200.276 73.582 184.468 2.181
98.024 -26.268 73.690 2.070
223.522 73.151 -90.603 2.037
-35.251 100.980 -85.981 2.019
-68.779 177.050 144.711 2.220
-122.585 26.411 -74.398 2.013
134.466 -54.418 53.064 2.049
-196.626 -171.937 143.654 2.067
9.082 -92.711 -15.767 1.964
203.808 169.259 -132.750 1.864
192.921 -10.772 24.615 2.070
-72.040 90.388 -16.899 1.946
44.099 -139.079 197.917 1.942
101.328 93.889 -8.157 1.932
-84.040 -140.206 129.771 2.042
159.503 55.806 -102.714 1.899
-218.088 -11.452 7.733 1.971
-170.138 153.957 199.247 2.175
93.120 -138.215 -65.287 1.858
63.993 30.739 -174.840 2.037
192.608 130.532 61.031 2.090
-201.536 171.132 71.954 1.979
72.536 129.973 113.946 2.133
-71.639 14.753 -173.497 2.005
-43.730 45.119 -50.846 2.197
220.555 32.525 -36.243 1.977
-162.525 170.125 -31.202 1.967
154.382 -169.888 -19.159 1.905
94.084 33.486 42.122 2.081
119.329 -84.322 194.496 2.112
85.427 -156.899 28.907 2.184
31.703 -9.378 -91.532 2.104
-94.982 -9.606 -50.450 1.907
24.582 -94.632 -119.345 2.134
-190.760 155.498 44.588 1.987
-1.876 17.527 -79.003 1.865
-24.472 -154.201 -68.848 1.875
-48.636 -20.416 -42.036 2.063
-88.105 101.882 -152.127 2.108
-175.062 -94.086 124.051 1.931
219.401 143.674 -56.638 1.809
216.169 62.037 -128.809 1.988
-47.147 -186.163 39.380 1.900
-158.386 126.975 -39.767 2.156
157.428 72.465 -49.957 2.190
-168.953 -70.616 -0.698 1.867
-74.178 39.221 -60.253 1.916
-7.488 -29.449 75.172 2.050
-160.700 -112.007 -146.928 1.873
-42.233 -2.956 65.919 2.063
-11.783 -91.581 133.065 1.883
-35.835 18.150 -10.356 2.146
-71.422 83.920 -169.945 1.933
216.624 -93.078 30.143 1.920
-146.347 150.319 124.190 1.993
-55.246 73.928 -74.430 2.068
-177.924 85.322 28.559 2.051
83.757 25.106 -185.777 1.865
49.712 -95.478 92.651 1.999
162.355 173.578 -67.788 2.185
-191.100 -38.320 -73.625 2.018
-179.091 37.552 163.121 1.928
6.314 -72.447 -80.227 2.032
-7.830 64.907 66.448 2.111
-220.281 79.751 -17.118 1.937
-55.072 -153.680 -34.537 1.973
-220.334 69.577 -139.047 2.158
-143.138 64.128 -177.073 2.014
-62.198 183.510 -105.719 1.843
79.557 54.813 -182.029 2.149
216.872 31.588 100.631 2.042
211.051 -0.811 33.698 2.128
158.117 63.754 -186.982 2.216
-10.350 -106.120 189.786 2.113
9.040 104.296 -46.507 1.892
-140.482 166.982 -42.095 1.939
92.736 128.110 87.267 1.784
-133.063 -31.559 -82.606 2.029
-194.019 -78.205 140.518 1.983
117.003 -0.283 -155.633 2.105
81.648 127.556 -9.230 2.053
-139.840 -68.719 -32.479 1.962
-57.705 53.992 -169.776 2.086
107.551 -99.492 84.130 1.963
87.114 -143.116 32.203 2.003
157.919 160.966 123.514 1.833
-211.684 -108.486 -141.663 1.974
-162.971 123.677 98.141 2.053
-125.939 34.958 -68.751 1.848
-215.102 -28.458 -134.475 2.021
-167.532 -20.235 5.307 1.955
188.692 -55.905 40.402 1.941
-90.579 81.752 7.310 2.053
40.522 150.980 43.253 1.830
-57.496 -146.531 -23.284 2.121
218.573 101.545 25.223 2.097
-186.856 -177.966 54.104 2.237
192.667 -82.366 -101.015 1.877
-4.336 121.248 129.699 1.902
-183.973 -181.188 73.472 1.953
132.599 68.348 81.210 1.985
87.527 24.418 -145.766 1.915
188.103 -149.331 151.997 2.098
62.143 -127.031 122.323 2.186
221.449 -61.822 63.723 1.858
61.378 109.028 67.324 2.011
-27.994 -3.389 90.967 1.940
-54.992 -138.090 -196.368 1.992
-20.612 171.752 143.240 1.860
73.877 49.975 -58.284 1.772
-4.168 137.759 -68.772 2.115
216.699 -110.200 -77.749 1.919
-3.795 -104.692 -144.065 2.164
-147.137 -175.593 -128.303 1.992
-87.913 -23.789 -9.655 2.031
-43.500 95.550 61.670 1.959
113.759 145.794 -186.093 2.057
111.865 161.341 -174.669 2.019
-52.310 -27.817 -188.300 1.997
-104.782 73.051 100.827 2.051
-111.322 161.772 38.900 2.101
-29.777 126.813 192.661 2.014
-111.452 -46.526 -163.651 1.986
-26.511 76.676 -164.903 1.894
-185.601 -19.281 -42.504 1.751
161.088 -2.185 -125.502 2.070
0.665 93.297 -56.390 2.025
189.745 10.372 -195.888 2.026
106.530 10.555 56.465 2.056
189.293 9.774 -199.201 2.073
60.183 147.317 61.383 2.065
-10.543 24.262 -55.407 1.823
143.315 41.916 128.977 2.132
-50.243 -37.856 -53.820 2.045
125.208 107.350 65.671 2.013
156.326 167.585 -87.493 2.020
-79.186 50.142 97.087 2.015
-1.601 -85.624 141.029 2.064
62.042 -3.698 126.340 1.947
-220.086 -90.959 42.378 2.247
-196.625 -133.226 170.133 2.049
108.996 -46.884 194.435 1.831
-10.762 162.780 53.087 2.060
-67.883 -121.355 -110.997 1.981
140.635 127.934 -125.992 1.925
-32.493 -109.414 -29.119 2.001
-69.919 -76.653 -139.401 2.087
-122.974 77.323 87.236 1.955
-30.169 -65.556 170.301 2.122
-54.180 -7.064 169.492 2.028
87.657 -129.525 143.037 2.143
-64.190 167.416 163.953 1.987
-2.259 19.653 94.024 2.026
-98.081 99.719 -151.389 2.037
151.944 4.375 -2.843 1.917
22.990 17.029 -114.757 1.953
-26.132 -134.789 121.605 1.887
108.147 -8.271 -170.110 1.768
-131.725 -81.633 -50.805 1.997
69.049 -35.545 -68.748 1.920
9.379 183.117 -36.701 1.952
87.965 -70.907 37.084 2.027
139.906 -103.357 -115.150 2.146
-80.205 7.561 -106.291 2.020
18.279 24.143 -165.380 2.035
-167.864 -97.287 46.885 2.023
-82.484 -126.434 71.007 2.039
5.479 28.315 199.337 1.971
-219.987 113.026 -38.938 1.942
123.178 14.309 130.503 2.007
-2.073 130.613 131.830 1.945
-80.574 184.571 17.108 2.006
-171.884 180.184 156.529 1.930
-150.851 -7.797 -112.663 1.978
75.341 107.343 163.030 2.167
-84.915 26.560 -193.168 1.958
-59.891 87.469 25.620 1.898
20.039 20.260 71.402 2.062
19.076 -47.496 -75.098 1.950
-32.350 -64.814 -165.260 1.997
-156.957 70.009 -146.412 1.873
-109.642 4.387 90.924 1.965
191.934 -46.951 -122.094 2.157
-34.046 -178.726 144.061 2.029
122.499 27.312 -121.621 1.959
-193.302 64.699 113.995 2.151
-159.891 43.308 129.697 1.977
193.905 -10.446 -80.930 1.998
-139.592 -22.978 134.080 1.828
217.325 -117.153 -134.201 2.064
-199.973 -14.273 -16.511 2.158
-17.003 49.786 -109.590 1.977
-101.583 -130.959 80.625 1.968
162.716 92.336 -0.069 1.701
-205.498 93.907 156.826 2.030
63.589 163.340 -14.496 1.965
-171.177 87.246 70.644 2.242
-105.956 -65.811 -11.737 1.870
133.103 -91.070 14.522 2.022
146.405 -5.381 -84.017 2.079
60.786 97.474 -42.816 1.928
140.424 57.628 13.586 1.948
22.851 -56.310 146.231 1.854
-70.849 -7.440 128.225 2.141
104.834 72.072 53.885 1.873
-54.908 46.179 104.383 1.925
208.454 -92.773 -128.729 2.125
76.070 -86.386 -148.435 2.077
-135.747 134.627 147.026 1.970
-18.397 -109.183 -24.313 2.048
-179.622 32.999 -107.038 2.036
-70.198 -20.338 111.751 2.113
-138.628 101.673 18.129 2.075
-187.485 -51.236 -123.522 1.905
-101.283 -95.469 61.632 2.093
-125.999 34.085 -91.074 2.034
67.881 28.122 18.259 1.816
33.553 98.755 49.870 1.890
-182.433 -181.238 37.463 2.021
-178.658 93.620 -94.454 1.922
-13.579 -75.717 177.540 2.016
-50.524 180.753 82.281 1.854
222.928 -110.022 193.060 1.926
105.578 -59.849 184.503 1.953
93.897 95.332 162.350 2.209
-148.074 106.550 89.269 2.074
164.662 180.060 -2.385 2.061
1.262 184.890 82.760 2.104
32.396 -151.031 -8.187 2.109
32.859 -70.515 160.072 2.167
-70.318 -129.302 83.908 1.976
-86.878 -140.387 172.857 2.062
-154.228 165.460 -198.998 1.938
60.732 49.564 101.135 1.931
174.287 63.101 69.356 2.107
22.592 -4.556 52.694 2.157
186.102 -181.300 -154.937 2.094
168.751 87.375 111.365 2.083
-56.252 103.208 -178.690 1.903
71.475 -79.570 -29.404 1.971
-22.643 4.666 179.246 2.053
9.574 140.050 76.010 2.015
-157.164 5.566 -189.519 1.954
-29.669 -157.952 62.771 2.091
186.939 -71.162 -182.885 1.865
169.417 -176.146 -143.748 1.796
207.194 -43.135 83.324 1.856
-45.288 -96.643 -79.183 1.904
55.044 -131.759 -6.250 2.168
221.833 84.341 -24.798 2.092
14.692 44.909 -178.163 2.091
168.199 -39.140 36.589 2.052
-26.629 142.422 -185.993 2.124
126.818 19.290 -89.167 2.093
180.606 14.926 97.432 2.090
107.839 -55.118 119.127 2.115
-224.956 -98.273 27.051 2.142
-108.847 -139.310 1.573 2.152
69.027 185.046 118.817 1.908
-217.514 57.850 -88.638 1.928
-110.434 -18.570 -117.580 2.007
80.228 -178.901 3.870 1.990
210.670 -143.235 -21.099 1.927
119.982 168.171 157.389 1.952
103.353 103.153 36.067 2.023
-76.186 -36.546 139.377 1.800
89.764 -175.579 -64.180 2.133
26.271 26.271 -17.444 2.087
-189.812 -176.808 -172.501 2.001
114.787 -22.358 -172.899 2.055
-69.613 66.260 -139.861 2.018
-168.290 180.839 50.665 2.035
-215.361 -143.594 36.323 2.138
-68.201 -16.093 -138.988 2.109
