-136.043 -77.146 -85.166 2.015
-163.611 -174.020 -156.818 1.939
-47.031 -64.270 -20.999 2.083
-18.312 -141.231 66.815 2.036
38.805 109.079 -121.397 1.895
-90.723 -134.389 153.343 1.781
35.677 -56.739 196.931 1.892
-28.696 -56.969 -102.559 1.998
131.903 -132.278 -28.642 2.004
-76.469 89.390 48.063 2.013
80.649 -26.319 71.825 1.928
-210.472 181.313 23.353 2.014
-0.176 -159.514 91.534 2.188
117.670 57.875 -53.773 1.920
-133.317 112.140 40.069 1.757
61.196 -34.453 -74.282 1.973
95.510 -119.713 -99.617 2.030
-48.578 131.154 91.492 1.816
224.088 -183.031 136.086 1.808
-145.193 114.765 85.826 1.873
105.354 -44.201 -62.716 2.039
-129.741 -32.935 73.456 1.929
-27.541 -174.802 -129.741 2.156
-103.590 138.300 132.907 1.796
-54.734 -64.175 46.259 1.914
129.399 -170.267 198.284 2.036
-166.276 -14.716 -130.488 1.956
-195.595 185.267 -168.754 1.998
125.243 186.649 1.102 2.027
-222.157 -13.243 58.492 2.031
91.879 43.076 -40.298 2.033
117.006 144.211 -178.436 1.908
38.417 54.702 93.247 2.148
-184.511 -14.852 166.368 1.913
-71.139 -148.620 -69.776 2.038
174.853 155.855 111.426 1.989
98.599 -148.572 48.111 2.042
-211.818 12.362 -156.697 2.142
210.924 71.122 -179.521 2.030
-64.346 73.020 12.644 1.924
158.051 64.535 -114.936 1.890
93.501 -102.323 -107.240 2.015
-127.936 24.240 -156.863 1.913
40.486 -85.348 -104.651 1.961
219.289 159.164 -14.223 2.085
-128.248 -17.079 -159.045 1.909
84.601 -171.666 -151.641 2.153
146.942 57.254 133.806 2.026
-99.484 189.861 -54.710 1.962
-176.017 -93.288 -187.438 2.085
-157.489 -74.803 -183.021 2.038
57.432 -142.461 31.350 1.875
2.612 -17.013 31.280 1.961
93.844 -91.836 24.951 1.816
143.422 7.566 190.719 2.050
-191.735 1.626 17.768 2.107
18.591 -60.686 24.444 2.002
-33.462 -93.918 4.924 1.935
-90.536 -23.800 -69.529 2.053
-44.888 138.062 -76.770 2.009
196.744 -34.218 -98.643 1.995
119.852 42.882 108.960 2.070
-194.104 175.861 75.946 2.030
-83.451 -6.569 -72.970 2.025
-22.729 52.626 134.591 2.003
203.841 115.901 -108.817 2.096
20.034 95.218 -148.825 2.152
-76.524 149.255 -54.190 1.993
-118.008 175.384 103.376 1.911
-20.830 188.655 -105.938 2.109
-96.503 8.147 62.409 2.073
137.542 99.949 -159.615 1.951
-172.459 -79.322 -33.575 2.035
-33.374 188.492 -106.490 2.185
-98.326 -102.153 -113.504 1.879
-48.734 -74.925 -117.902 1.986
73.967 36.900 183.713 1.939
-96.331 88.913 122.863 2.130
36.933 -101.498 79.607 2.052
-125.536 47.879 79.978 2.039
18.157 126.907 137.409 2.095
-69.114 -67.377 -118.943 2.072
-221.248 39.264 -123.833 2.059
56.710 -120.957 -95.649 2.143
169.004 -7.697 -128.490 1.984
-214.254 -8.695 -29.147 1.984
-134.395 -24.050 -113.960 1.901
-98.883 121.309 -77.044 1.991
-51.213 121.753 181.986 1.894
-105.884 151.249 -115.542 1.926
152.192 -0.481 18.601 1.917
-116.413 65.138 -34.767 1.985
-101.721 -12.843 103.222 2.008
156.793 -52.906 -153.695 2.102
-27.102 144.863 -125.033 2.050
-162.709 -65.159 -106.842 1.922
61.119 -114.410 171.985 1.869
174.873 -133.854 -50.677 2.044
-218.341 -44.084 86.920 1.982
45.253 57.188 -72.406 1.963
41.657 -165.313 179.894 1.950
-186.093 -28.296 111.436 1.843
158.514 127.550 50.062 2.228
-144.086 72.451 -85.171 2.111
74.522 -26.533 60.119 1.915
-219.276 163.124 -49.188 2.024
67.131 52.538 -157.969 2.053
110.215 8.096 138.595 1.751
-161.599 128.688 145.587 1.887
203.281 21.272 -109.229 1.984
-93.283 -6.152 -95.552 2.045
127.674 -0.555 64.230 1.766
-131.413 21.725 -103.265 1.971
205.191 -186.755 134.940 1.915
-44.968 148.313 -164.402 1.827
-96.921 -154.675 78.624 2.032
-169.132 112.291 -49.640 2.058
19.954 41.965 -29.953 1.875
185.156 -24.510 -124.836 1.941
142.333 -92.250 -194.649 1.961
-125.290 -118.130 48.044 1.882
-107.718 5.112 -164.819 2.182
0.651 159.991 132.318 1.991
213.214 -132.046 11.971 1.932
-42.272 -175.895 157.918 2.004
-168.415 128.836 30.536 2.040
48.073 -44.985 -145.029 1.815
-90.524 -18.355 24.756 1.970
-23.325 121.691 -163.168 1.996
223.120 -23.193 -112.516 2.062
55.697 97.147 65.897 1.897
-121.865 -135.954 54.588 2.017
-61.760 -88.835 -31.093 1.983
135.217 -71.350 8.668 1.980
-187.594 119.776 -12.611 1.821
17.203 91.815 -20.993 2.028
-28.140 -26.636 171.493 1.973
132.341 127.118 -124.426 1.905
-198.877 92.064 -56.646 2.074
206.373 -96.657 -1.116 1.928
117.200 -129.593 -2.095 2.091
-39.349 -181.874 -156.735 2.057
-3.105 14.362 -95.286 1.983
-221.504 34.371 60.629 1.825
180.697 -83.870 0.047 2.066
-153.661 137.687 152.958 1.890
-80.078 -156.064 60.325 1.783
-158.262 189.106 -116.780 1.933
134.681 -142.256 -112.269 2.057
-27.614 -147.427 -57.750 2.070
-194.746 69.323 6.643 2.172
80.933 31.679 -116.161 2.075
28.005 -115.496 -95.476 1.916
160.276 131.772 -179.065 2.029
-29.373 126.320 -107.537 2.179
61.726 69.380 13.479 1.928
2.098 -127.283 -173.904 1.927
-181.985 101.672 -141.381 1.988
-191.662 5.505 -193.252 1.809
-75.290 -12.454 -123.837 2.022
-204.716 -189.625 125.903 2.087
-25.108 -153.008 -154.770 2.013
219.948 102.064 -121.142 2.023
69.723 -52.111 -195.180 1.886
-157.922 156.316 -127.167 1.981
-45.466 -103.051 121.160 2.022
-135.996 34.457 120.211 2.187
100.566 -133.715 -167.239 1.895
219.551 9.897 -5.039 1.937
-57.947 -170.781 -171.666 2.022
-98.045 -162.479 6.394 1.955
-77.076 -40.885 157.485 2.022
65.677 -143.849 56.597 1.959
-134.993 -180.578 -190.476 1.919
189.715 -163.748 -114.529 1.993
78.883 -81.997 40.870 2.073
22.903 -140.308 -91.840 2.061
-134.998 72.535 54.942 2.007
-71.930 134.342 -28.440 1.905
173.547 48.687 -64.586 2.074
144.066 154.077 -157.690 2.041
219.935 69.539 -182.855 1.995
83.127 -66.845 -7.183 2.118
138.879 137.306 109.259 1.959
-149.035 85.093 -75.037 1.992
-69.175 -37.829 -81.656 1.893
-11.081 -66.755 -27.986 2.163
224.372 -102.657 194.881 2.274
155.425 -141.581 52.954 2.030
-137.876 -139.125 -109.984 2.272
-57.048 37.468 -44.158 2.005
-68.739 -169.339 -191.891 1.905
-137.826 164.355 176.160 1.910
176.717 -172.394 17.051 1.868
186.109 130.135 60.536 2.071
-18.564 -134.107 40.415 2.133
-159.593 -100.843 -179.872 1.957
-154.314 10.791 189.115 2.115
187.172 29.549 -80.585 1.907
198.477 -178.108 167.723 1.930
87.846 -92.661 167.416 1.939
-141.289 -2.259 -151.505 1.837
78.143 -57.805 140.042 1.972
-111.934 -163.356 98.311 2.052
43.531 146.557 3.546 2.059
-124.436 6.370 -43.863 1.978
157.086 17.587 -192.385 2.054
-215.815 -130.369 97.732 2.092
-199.635 105.298 -160.892 1.985
-26.405 68.231 123.957 1.913
-174.391 43.436 160.445 2.150
-161.486 -92.058 1.405 2.025
-37.884 65.690 -137.853 1.904
159.925 40.826 -118.421 2.153
-146.169 -120.646 -147.452 2.062
37.334 134.970 -20.598 2.021
136.898 -135.426 146.385 2.128
25.725 142.754 40.038 2.182
-0.050 114.544 123.415 2.020
16.276 -4.205 -50.282 1.996
146.974 -55.766 21.163 1.785
195.637 -186.771 142.839 2.072
24.220 -66.556 65.153 2.069
14.589 172.707 171.657 1.969
-72.405 5.516 35.590 2.015
-133.674 -80.553 23.531 1.932
-147.448 -88.166 118.065 2.176
-62.302 -144.407 -84.086 1.898
-165.982 -184.054 -63.399 1.804
159.426 -158.343 32.198 1.761
-11.857 -174.881 137.979 2.019
-70.437 -91.127 -90.606 1.903
59.743 -69.194 -101.373 1.933
-221.974 -67.924 -53.944 1.851
101.566 76.647 -73.456 1.940
154.596 -171.912 -103.482 1.791
38.045 181.083 -75.918 2.030
53.114 7.789 -181.049 1.949
-157.671 -188.230 58.554 2.042
-72.957 126.518 -135.502 2.041
-62.012 -18.031 139.927 1.995
-156.050 24.976 186.576 2.027
-89.968 -160.674 -176.242 2.018
2.080 142.698 182.665 1.946
95.206 94.854 30.699 2.030
-208.900 133.024 -121.482 1.933
-117.478 -161.139 193.831 1.960
126.033 -183.914 -177.301 2.011
-12.151 128.018 -20.252 2.205
-27.373 169.431 11.446 1.967
-146.726 -135.154 -154.128 2.179
132.977 -84.173 116.390 1.957
148.333 -94.202 163.898 1.886
166.322 -83.843 -48.814 2.049
135.796 -57.638 44.361 1.987
50.997 97.347 181.046 2.110
44.631 4.114 16.930 1.997
3.491 -9.656 -177.176 1.785
-173.955 143.078 27.679 2.030
-18.288 -79.301 36.412 1.884
-58.831 -124.846 -121.085 1.939
-214.593 130.918 -159.165 2.049
-83.214 -53.345 -14.208 1.869
-38.025 -63.716 -166.585 1.987
151.450 -82.311 -134.762 1.897
77.242 -7.075 -143.121 2.010
53.116 -74.607 -26.865 1.932
-217.781 90.710 -116.029 2.173
-48.666 -164.735 48.744 2.050
217.765 -72.211 -13.017 2.001
7.503 141.855 -192.420 2.161
27.954 -148.451 -147.775 2.185
-58.339 -101.046 -73.094 2.079
-205.344 -13.770 -98.370 1.852
-147.392 116.120 -71.703 2.164
-194.283 -147.330 69.645 2.113
76.636 -43.754 -146.618 1.986
77.806 130.677 194.890 2.027
29.733 -22.648 -30.475 1.963
109.336 151.779 -188.654 1.897
-126.200 -169.077 -66.284 1.986
-80.875 55.147 134.167 2.095
-41.158 -68.244 73.387 2.196
143.736 -101.185 -98.642 1.936
108.194 28.900 55.336 2.075
-143.661 -167.568 -117.640 2.016
99.110 -34.994 81.960 1.963
-118.875 93.249 99.404 2.111
-74.563 -50.149 -136.101 1.981
-214.584 -105.944 69.009 1.957
-188.981 112.436 117.501 2.080
79.610 -3.303 14.264 2.001
159.457 71.287 -199.191 2.264
55.041 -178.836 63.795 2.101
-159.123 -128.590 -113.943 2.062
69.502 183.885 93.429 2.062
215.818 -142.931 -124.690 2.212
-187.035 113.807 -32.392 1.989
138.066 -60.992 -29.849 1.983
223.947 32.369 17.094 2.105
193.379 178.417 -101.688 2.000
102.376 -179.252 -114.122 1.961
26.738 87.132 163.619 1.873
-132.655 164.555 -4.311 2.014
-16.343 -143.095 -112.223 1.999
37.691 -34.863 35.120 1.924
-146.137 -167.582 127.061 2.092
-78.039 108.725 -38.231 1.827
99.953 -106.621 -34.570 1.773
-145.730 25.374 -20.286 1.831
186.546 -153.617 -79.814 1.870
-111.482 -67.198 -20.843 1.841
-29.063 142.371 145.073 2.030
-60.060 -157.660 -80.854 2.219
141.252 89.946 108.573 1.843
55.146 186.703 101.682 1.853
-219.424 -171.151 -105.426 2.184
-97.593 36.405 84.022 2.109
-57.122 -120.823 -120.038 1.893
-191.507 106.375 51.056 1.966
102.510 -75.517 -196.178 2.016
-196.550 -188.550 138.538 2.190
-53.718 111.173 130.718 1.934
-81.026 85.569 -185.126 1.956
-8.884 51.512 -128.896 1.838
76.123 -31.067 4.813 1.842
-44.836 44.676 135.526 1.941
65.807 36.260 105.475 1.797
88.855 78.656 -30.127 1.825
-63.197 84.179 -194.256 1.979
198.460 -152.136 -144.675 2.022
-154.946 110.803 59.070 1.915
149.869 0.076 -97.912 2.042
-206.910 109.906 35.826 2.130
215.401 118.662 -87.426 2.169
-147.788 -131.155 166.715 1.977
38.536 11.599 -17.363 2.000
-174.962 181.032 158.864 2.126
116.124 167.939 -194.189 2.168
-167.130 42.447 130.481 1.993
106.647 75.759 131.837 1.981
-143.169 75.184 139.337 2.035
-171.677 -97.784 -69.364 2.018
205.825 72.174 157.862 2.040
-115.354 -26.238 117.762 1.970
-55.367 55.123 199.288 2.099
72.525 -91.679 -33.279 1.953
64.805 34.527 -13.316 2.016
85.716 132.425 76.470 2.096
167.167 -21.470 159.491 1.934
115.546 99.429 31.994 1.862
161.945 70.421 -65.328 2.040
144.804 -108.899 -195.247 2.014
195.813 26.068 -61.657 2.110
-195.357 118.725 -119.092 2.174
187.031 30.428 -23.979 2.072
210.298 -147.841 162.155 2.050
-79.326 -25.265 -67.054 2.037
-198.357 83.068 -118.911 1.924
-50.647 65.847 -156.455 1.930
-83.917 44.005 10.123 2.126
130.827 85.425 -155.523 2.060
1.901 13.226 119.538 1.879
203.783 -19.118 -22.439 1.770
88.068 -55.332 -135.020 2.050
72.932 -34.028 168.565 2.082
-121.029 -149.618 -138.996 1.894
-192.377 55.029 -68.429 1.927
150.974 74.493 104.548 1.698
128.628 -69.019 66.762 1.981
-216.663 130.740 190.692 1.946
-105.615 -158.716 -91.235 1.898
-7.922 162.010 24.799 2.026
-220.977 141.575 85.309 2.019
34.666 63.420 -57.948 2.011
86.500 -38.464 118.553 1.885
212.283 -172.473 -176.092 2.104
189.676 -112.017 -97.940 2.053
55.145 164.829 -27.427 1.953
81.722 161.934 54.399 2.134
162.329 -32.125 141.008 2.002
161.066 29.217 -88.922 2.218
-133.200 124.898 -36.619 2.102
-10.664 107.777 56.882 1.955
110.916 -94.935 -129.381 1.909
-40.342 -83.183 -94.399 1.941
100.874 -180.705 107.745 1.853
-90.422 168.522 -65.318 2.060
100.211 36.027 -99.200 1.851
36.319 168.965 -2.728 1.857
198.278 -11.760 92.910 1.928
221.751 -127.878 106.540 2.039
23.692 -58.919 182.500 1.900
26.369 -112.494 147.479 2.003
188.183 0.783 56.773 2.038
66.998 -85.424 121.580 2.080
115.381 -163.529 132.620 2.103
-178.057 146.138 -155.978 2.090
95.495 6.337 55.567 1.978
67.693 112.470 -26.383 2.010
-200.592 22.944 12.168 1.948
-106.698 3.222 -64.033 1.866
-50.245 108.190 -196.689 1.932
-79.095 11.635 102.038 1.952
-135.448 -142.657 -125.351 2.041
178.823 49.266 -56.201 2.101
-43.789 35.496 -132.639 1.971
-139.214 132.138 -21.944 1.988
-20.159 -137.992 -63.670 2.017
85.399 -48.923 -145.193 2.067
34.439 -141.033 97.349 1.789
104.271 -153.933 81.258 1.745
34.656 83.292 -95.318 2.109
115.642 -71.822 143.126 2.023
24.036 -72.415 118.924 2.117
155.309 149.820 -44.864 2.150
72.257 121.167 -168.673 1.931
24.428 -29.993 62.003 1.958
119.448 87.474 190.053 1.918
-222.614 -30.945 -61.153 1.858
-72.931 65.521 69.142 1.921
164.820 -135.774 40.242 2.008
222.754 -184.080 -13.790 1.869
-201.840 169.500 183.740 1.952
-10.175 -112.763 -76.751 1.966
-73.342 136.228 -9.608 1.978
187.716 -124.432 -181.382 2.035
142.046 -149.881 96.331 2.084
4.410 2.435 -175.161 2.023
25.860 54.463 45.761 1.976
141.119 60.954 122.871 2.239
-36.287 123.397 125.342 2.072
47.725 188.376 85.894 2.008
-191.794 3.702 79.877 1.985
94.928 -170.317 -22.860 1.985
-35.679 -135.914 -57.926 1.990
-157.127 -155.137 -137.074 2.144
141.341 -8.307 121.416 1.985
-154.482 131.660 -178.623 2.004
-95.938 -118.161 61.339 2.076
-181.950 128.713 98.643 2.038
-76.484 -33.525 -173.918 1.807
-12.995 -71.345 -105.305 2.083
161.219 77.334 91.944 2.076
-193.719 -113.927 193.511 2.023
-112.414 30.961 -179.564 1.906
-210.464 152.644 111.697 2.088
-105.308 98.040 26.145 2.118
-172.404 -4.649 -58.638 2.116
164.787 -7.937 43.220 1.855
-102.703 -168.383 128.441 2.040
151.460 -72.597 78.966 1.846
-37.324 -84.374 -54.356 2.002
-27.388 151.365 -18.954 2.053
-110.694 -163.030 -170.413 2.169
-219.801 -51.155 -181.335 1.867
114.293 -145.022 -179.974 1.944
-158.441 161.902 178.149 1.854
-98.466 35.314 119.453 2.017
-134.429 105.953 192.877 2.013
-49.457 73.613 39.203 1.816
25.621 -2.501 -131.183 2.069
22.351 -49.622 77.385 2.065
-83.566 1.583 -128.487 1.934
185.036 -118.221 140.757 2.042
-51.162 -108.043 51.708 1.919
183.340 96.307 147.948 2.026
7.565 -155.505 -120.328 1.960
-215.722 -9.862 -75.858 1.877
25.392 -148.056 55.999 2.174
8.809 52.014 126.104 2.139
-20.216 176.482 165.512 2.061
-150.491 -154.751 -58.201 1.805
158.326 -155.041 159.531 1.958
50.335 63.199 69.063 2.278
-148.427 -176.989 -165.343 1.912
216.218 25.988 -126.338 1.866
40.965 9.538 24.007 2.097
-6.836 -178.403 88.560 1.938
-35.065 102.164 179.808 1.982
-41.347 2.383 -173.752 1.900
-112.298 -138.665 -155.754 1.905
61.532 -136.677 -54.269 2.042
131.895 73.029 -179.319 1.931
-29.094 111.151 96.661 1.916
187.364 -162.209 47.486 1.868
94.421 175.615 -109.484 2.034
-190.296 96.189 46.160 2.015
176.779 -159.463 -147.605 1.864
-189.916 -57.557 6.394 2.039
-113.943 103.275 131.544 1.923
-111.187 164.411 179.415 2.098
45.025 38.753 -55.407 1.908
-19.833 13.461 7.918 1.886
7.334 -11.250 156.380 2.088
-98.430 -129.263 -90.689 2.121
-26.731 -189.990 192.126 2.120
173.063 -163.899 185.750 1.848
4.861 -169.338 -195.098 2.089
-42.664 -114.194 -195.960 2.115
64.223 -162.944 -74.455 1.960
-176.732 152.440 -189.260 1.975
22.062 -89.979 86.862 2.012
50.021 -164.241 -153.965 1.898
-19.918 -3.175 20.985 1.973
-22.149 147.076 87.902 2.043
32.871 -127.403 -30.208 1.860
-17.944 44.612 97.102 1.989
-39.124 89.006 117.661 2.075
64.347 30.778 -102.477 1.994
15.517 89.478 35.032 2.076
100.887 181.565 127.089 2.056
-29.636 -94.793 -54.116 1.803
-103.997 71.940 30.128 1.955
-218.898 2.708 -4.188 1.968
-81.872 98.928 79.530 2.104
38.753 -133.372 65.900 1.997
13.281 -178.786 -38.283 1.880
-109.561 -2.434 86.696 1.925
-179.637 93.460 -163.966 2.025
-209.915 106.815 -198.474 2.114
184.828 -44.066 -102.401 1.888
-189.677 -119.173 -13.356 2.027
190.401 189.652 102.170 1.930
-183.268 -74.955 193.351 1.957
49.256 39.331 17.945 2.061
42.939 156.656 -49.478 1.971
-187.352 -12.741 -176.624 1.905
-97.861 174.402 -139.269 1.963
-121.610 -45.580 9.700 2.092
-109.205 83.860 188.941 2.044
-207.273 -145.200 98.760 1.837
-149.682 -95.099 -191.791 1.974
-185.388 -30.728 -84.599 1.947
31.161 -189.428 -172.748 2.001
156.329 -70.026 -124.678 1.987
120.639 -143.684 122.596 2.010
195.789 173.577 152.170 2.168
154.149 17.368 146.356 2.147
53.636 -98.490 -22.240 2.130
124.117 -161.708 -82.793 2.044
149.403 42.220 196.447 2.006
-40.585 155.510 -47.194 2.021
-54.324 58.050 154.011 2.017
-50.407 34.221 -74.413 2.115
-212.440 82.507 87.196 1.984
-53.731 -147.389 5.883 1.834
49.854 170.231 141.345 1.929
101.006 -144.962 -18.129 2.086
-32.871 122.697 19.076 1.992
9.401 -41.548 32.911 2.188
-153.098 75.121 184.926 2.195
118.011 -185.894 -75.729 1.991
211.044 -95.016 -58.367 1.881
0.851 117.484 27.414 2.116
-123.886 21.700 -53.911 2.032
43.081 16.152 -102.826 2.093
-162.638 38.506 -157.504 2.110
-96.137 -89.855 -122.864 1.941
-45.715 59.972 161.129 2.013
-8.067 52.651 -44.290 1.883
147.748 -136.854 51.903 2.003
-87.143 174.641 83.196 1.905
206.190 91.592 -64.165 1.939
219.739 -35.653 94.952 1.900
-0.508 -121.752 196.021 1.895
2.325 -152.032 166.846 2.007
-162.749 -35.513 62.600 1.806
96.118 35.159 -98.288 2.072
182.695 35.501 107.780 2.231
-175.980 141.312 127.973 1.971
-215.191 -27.403 134.482 1.995
-0.819 -29.266 -37.697 2.009
84.491 -44.274 40.874 1.964
50.798 -80.715 -97.321 2.079
193.144 -103.646 75.805 1.839
-14.626 -180.667 103.202 2.064
101.914 -177.296 20.887 1.986
-39.280 53.971 -4.004 1.881
-132.289 183.894 -122.173 1.861
-151.603 96.173 -98.383 2.025
87.531 9.459 -66.883 1.966
81.456 149.176 -59.912 2.120
-43.145 -144.512 -0.126 1.998
26.627 49.970 171.435 2.155
217.794 68.517 124.484 1.986
196.377 4.282 -178.312 1.863
183.251 114.345 123.215 1.822
142.884 93.139 126.068 2.013
78.457 -65.674 185.539 1.963
191.696 -167.872 -53.064 2.011
175.306 77.295 190.118 1.822
204.985 -121.221 18.717 2.046
-151.169 55.461 -185.415 1.987
6.419 114.410 -25.072 1.981
-151.041 -111.847 -180.569 2.012
176.119 -170.036 7.672 2.007
-74.065 112.539 -21.062 1.824
155.142 -104.765 -78.373 1.971
-8.363 160.402 -17.962 1.893
4.418 -118.490 -95.728 2.122
-140.901 -9.195 -85.483 2.058
150.020 -30.000 -63.038 2.066
82.998 19.384 -150.051 2.036
99.628 -116.720 6.867 1.817
170.698 -44.385 138.152 2.075
-207.945 -25.803 138.375 2.008
-95.334 6.058 -19.450 2.018
217.919 -70.704 177.845 1.963
71.158 103.779 -27.925 1.808
29.740 -128.082 -46.547 2.079
-78.323 49.180 133.990 2.071
-46.526 130.975 26.685 1.946
41.163 -148.337 -6.004 1.845
-179.011 88.445 51.926 2.011
159.702 -25.421 133.110 2.011
58.443 -141.055 23.953 2.018
-73.089 159.089 -75.423 2.008
41.089 181.224 43.118 1.984
-161.029 -104.759 149.202 2.050
142.358 146.882 29.234 2.061
196.708 -32.870 -58.289 1.914
67.722 -102.302 102.158 1.924
171.981 -123.482 141.729 1.947
113.765 -162.052 -3.829 1.988
-96.347 -124.688 -123.789 1.992
-96.826 -37.065 131.607 2.131
31.855 130.488 -186.426 2.109
12.618 133.062 86.695 1.939
74.881 22.823 -133.295 2.148
-11.798 125.737 152.657 1.979
-212.992 -86.203 -40.012 2.015
208.957 106.700 187.237 2.110
208.376 37.882 -10.687 2.038
-115.143 -19.025 51.729 2.157
-81.399 -78.360 22.542 1.903
-136.316 174.121 -43.781 1.948
17.314 37.744 -164.902 1.696
-113.128 0.832 -199.540 1.916
-125.338 88.579 23.863 1.924
124.292 -115.955 160.703 2.098
-12.169 152.602 165.529 1.996
-125.843 -182.874 -143.762 1.843
-128.151 170.640 148.961 2.143
-77.941 16.249 -119.034 1.997
-209.203 -81.557 18.690 1.972
223.463 -162.025 -107.095 1.944
41.931 16.155 93.777 2.066
-92.195 -170.582 116.795 1.920
5.392 -134.626 65.917 2.103
84.971 109.988 -60.859 1.976
57.612 -119.051 -99.677 2.005
213.302 -171.529 130.377 1.928
142.480 -136.094 150.205 1.964
-12.627 -147.762 -196.365 1.955
-127.211 -108.059 148.167 2.019
167.998 -150.120 -89.553 2.055
-219.476 -6.957 -111.845 2.172
-28.697 125.007 2.147 1.967
-166.937 116.957 -111.692 1.959
-13.211 131.268 76.885 2.202
-206.953 41.673 -24.648 2.123
-192.208 93.533 167.191 2.018
-209.777 88.872 199.167 2.143
-198.568 -109.606 44.740 1.863
212.995 -63.982 164.337 1.983
-183.102 -170.948 -178.074 1.749
-186.805 32.359 156.652 2.142
-203.987 -19.062 134.337 1.976
-214.754 18.248 61.806 1.982
53.821 -147.160 -174.140 2.197
55.300 163.966 60.376 1.990
-38.913 -99.993 167.549 1.969
-187.856 -114.374 -102.870 1.924
-97.344 -183.149 -100.685 1.945
99.776 -17.114 -77.347 2.079
58.347 -137.193 -4.867 1.987
49.108 187.937 -42.164 1.981
126.424 -160.125 -168.151 2.104
209.106 -92.545 -184.597 1.737
117.274 148.050 -81.193 2.048
221.382 105.713 -98.791 1.951
170.588 -183.539 125.832 2.022
-63.935 -34.739 116.370 2.024
-127.477 144.953 114.629 2.111
-213.173 -17.512 15.269 1.894
76.202 -103.522 100.263 1.919
-94.587 -29.388 13.993 2.022
-130.827 -114.576 106.484 1.983
-105.434 -52.556 -69.224 1.989
-11.851 123.092 -100.373 2.030
-24.369 73.848 11.603 1.907
-41.871 135.813 96.035 1.984
138.245 151.460 -100.847 2.016
-96.722 73.444 -192.413 1.983
93.921 10.632 128.455 1.961
179.235 35.446 -94.245 2.021
-1.980 124.968 -33.650 1.931
-216.141 85.110 195.427 1.913
-91.021 45.660 115.990 2.065
189.083 81.632 -40.440 2.052
15.232 186.356 -196.345 2.104
-78.829 -38.530 -167.409 1.975
153.273 -111.253 68.762 1.904
-113.008 -87.309 -165.286 1.944
180.616 -111.177 -135.008 2.080
12.387 -51.411 71.946 2.144
-146.904 -183.647 -81.805 1.898
-60.992 -114.808 -67.243 2.010
-113.970 -121.894 -8.278 2.102
212.287 -100.859 -161.383 1.859
-36.411 -125.531 54.416 1.953
-135.336 73.671 -12.822 1.999
81.096 24.983 -149.050 1.946
152.073 -31.704 -18.517 2.026
-9.158 176.544 51.052 1.982
172.610 -3.780 -155.644 1.789
-111.569 172.650 192.542 1.963
-173.376 -5.527 -112.195 1.886
-95.955 133.480 1.242 1.916
153.836 -125.034 -3.424 2.043
61.109 -91.974 13.634 2.032
-98.735 12.711 130.270 1.962
13.490 8.256 123.068 2.107
-219.792 59.242 174.746 2.168
97.666 -135.839 -132.004 1.994
83.030 175.247 195.185 2.052
220.618 76.686 -131.887 1.899
-141.168 -168.921 -143.470 2.020
124.612 -52.068 23.333 1.700
206.251 -43.433 179.564 2.000
3.188 -80.000 64.922 1.980
141.264 147.053 -135.443 2.001
182.814 84.344 28.694 1.992
-115.863 40.601 -23.929 1.948
-138.312 -78.696 121.668 2.151
-81.243 42.751 -185.110 1.953
162.395 53.337 25.285 1.994
-109.731 -88.819 -121.077 2.026
-0.376 -166.818 199.072 1.968
-217.175 -6.061 -67.220 2.026
-187.857 144.177 140.871 1.890
99.003 -20.739 -157.898 1.897
-160.668 -28.141 71.360 2.014
195.479 111.694 -36.297 2.030
87.919 38.984 -46.097 2.044
-147.506 -83.399 77.034 2.047
-212.733 -29.456 111.615 1.815
51.799 -135.460 67.921 1.914
31.827 2.215 -2.628 2.115
30.575 -57.150 69.891 2.204
90.626 -132.376 -164.797 2.062
112.183 -122.027 150.191 2.038
124.722 128.764 192.925 1.972
115.688 -26.672 141.696 1.939
27.159 -178.401 60.966 2.003
-156.844 168.550 173.636 1.859
-16.734 150.930 165.976 2.161
183.462 -181.579 -58.353 2.145
-89.387 -129.159 -20.403 2.011
-127.114 65.771 -65.061 2.013
-161.731 -155.387 134.328 2.132
48.329 107.564 190.950 2.079
75.770 21.895 183.701 2.003
-190.396 101.532 47.030 2.045
3.109 110.708 82.189 2.087
-158.443 2.031 -163.374 1.919
89.690 51.852 90.494 2.200
-143.296 -168.303 170.589 1.900
-35.974 173.057 -198.897 2.063
-215.226 -81.862 49.971 2.064
-93.101 19.356 94.206 1.974
-28.325 95.129 63.016 2.068
-166.758 141.594 -105.939 1.852
-114.626 95.931 -196.114 1.863
-160.083 -15.436 -164.379 2.069
-12.234 -25.871 192.121 1.893
99.652 -7.506 186.978 2.053
8.204 -10.818 -124.454 2.036
158.392 127.466 -151.360 1.989
-208.240 76.126 -22.767 2.132
36.390 88.769 141.404 1.816
4.825 24.631 -100.925 1.915
-192.803 17.671 62.109 1.981
109.422 185.649 195.260 1.931
-176.964 -168.275 -195.033 1.916
24.518 11.646 146.122 2.010
-89.006 -96.189 -64.081 1.985
-31.792 6.622 13.942 2.045
139.082 152.775 -63.869 1.805
119.058 -185.203 104.357 2.102
-60.679 110.120 138.025 2.087
-0.921 35.954 162.352 2.114
-217.345 96.735 -162.715 2.175
220.297 -41.015 -26.672 1.912
-98.369 -55.325 -150.247 1.900
-15.428 -1.488 180.014 1.986
77.730 118.805 195.909 2.086
39.837 -68.313 -58.124 2.116
188.366 -189.773 19.602 2.090
100.981 104.230 -157.652 2.106
-59.289 -184.777 -145.442 1.821
183.017 -39.102 -189.618 2.024
30.431 -132.944 4.319 1.923
-217.534 -94.955 -116.322 2.051
-77.909 -89.259 -150.918 1.820
2.843 -84.305 117.933 2.003
100.784 -52.291 -185.963 1.893
-126.200 62.863 -141.050 1.903
78.273 -5.534 -5.911 2.128
92.828 -91.950 -52.161 1.941
-109.224 -64.827 188.288 1.807
165.229 -91.991 -41.578 1.911
96.280 -103.432 164.790 2.305
-60.700 17.523 -180.123 2.176
-7.830 69.214 65.289 1.909
-159.214 23.669 50.192 2.131
21.871 108.048 67.306 2.094
-52.460 91.596 -157.152 1.993
115.904 -138.117 -88.980 1.985
111.564 176.408 10.114 2.019
-115.306 9.877 -86.609 2.301
-223.740 -179.894 -198.630 1.947
-216.167 182.747 110.868 2.004
181.971 95.657 -37.010 2.127
-169.876 -122.033 13.205 1.961
193.702 -102.407 81.604 1.988
-120.013 173.053 111.289 1.891
222.866 43.436 -109.982 2.083
-69.854 -100.123 -8.651 1.995
142.483 -185.530 -147.725 1.931
140.072 -129.309 196.064 1.888
194.884 17.791 99.045 1.829
-106.564 -27.924 167.880 1.902
205.534 73.064 64.828 2.110
-49.924 -145.286 -14.570 2.000
167.158 96.351 155.677 1.876
25.103 11.109 -156.884 2.164
-200.089 6.360 -76.123 2.143
188.292 172.689 -177.641 1.946
208.622 9.008 -106.368 1.949
-187.569 179.954 -151.474 1.844
-186.015 24.413 68.059 1.860
-141.853 -79.225 -191.531 2.219
142.309 33.891 163.200 1.862
188.573 43.561 -50.127 2.088
189.573 177.436 83.166 1.918
139.166 -43.241 -143.051 2.185
-30.402 169.112 55.305 1.923
-123.468 -100.615 19.674 2.128
68.049 127.211 20.096 2.091
77.277 94.533 -134.688 1.972
165.170 120.665 106.650 2.123
-78.806 -58.719 178.095 1.976
70.563 30.287 -168.367 1.953
-141.000 143.380 184.590 1.901
189.974 110.037 160.250 2.071
-144.803 45.789 169.974 2.205
-182.843 68.800 90.466 2.119
105.721 -171.586 -8.151 2.078
-132.201 131.075 70.948 2.078
-113.332 138.706 -5.883 1.921
98.188 129.723 -111.812 1.928
-221.784 159.805 -64.100 1.994
-144.723 -140.847 21.660 1.894
173.697 -30.110 107.882 1.849
204.860 74.049 -176.606 1.996
-76.440 49.834 26.096 1.940
5.336 -59.262 -134.117 1.995
118.760 -1.564 -144.912 1.856
-91.829 -172.514 101.988 2.240
-141.396 -154.551 56.345 1.890
-152.472 155.404 5.109 1.815
-176.324 18.730 32.452 2.050
-11.340 171.361 62.472 2.081
179.216 -188.512 -120.189 2.041
48.888 120.124 -29.319 1.972
30.705 -24.689 150.174 2.017
82.085 -63.704 113.062 2.186
-57.159 -36.712 100.102 1.903
60.649 33.613 -29.378 1.935
89.718 162.955 128.473 2.179
130.389 159.620 155.367 2.021
74.704 -127.967 -114.741 2.223
-7.508 35.469 -152.871 1.978
-80.027 -65.146 -182.685 1.990
176.424 -11.058 161.675 1.986
-121.379 173.821 -172.770 1.893
-21.000 -43.987 65.222 2.189
40.870 -34.441 -108.469 2.094
114.843 -43.509 -69.546 1.695
203.510 41.540 -16.830 2.053
40.057 179.735 -130.691 1.925
76.775 115.201 -165.914 1.870
157.626 57.196 108.764 1.862
-138.568 -148.598 -4.250 2.158
-191.423 129.786 75.271 1.921
-36.391 162.337 -5.302 1.968
-125.254 189.044 -12.931 1.978
-6.331 -81.300 19.416 2.052
88.727 161.685 -165.402 2.107
52.460 61.958 -43.517 2.000
22.835 -26.937 115.812 1.959
-143.126 69.239 -15.913 2.116
-196.740 145.437 100.679 1.973
-215.344 33.991 183.201 1.906
118.397 90.420 182.853 1.854
122.467 165.414 -134.197 1.951
75.638 -31.096 178.448 1.926
-104.156 -28.806 -35.306 2.179
-34.063 142.662 144.772 1.956
-110.379 -38.779 -183.150 1.993
48.172 -52.168 -38.643 2.102
80.987 107.668 87.828 1.986
61.244 -130.234 84.441 1.965
86.066 -108.587 136.789 2.049
139.256 29.341 122.188 2.039
-87.903 -168.573 169.908 1.991
151.599 143.398 -44.811 2.006
-78.436 -115.911 -27.496 2.187
170.435 -93.299 196.684 2.024
-35.676 102.728 103.929 1.928
-136.092 128.648 157.765 1.932
150.347 138.660 -6.019 2.069
-137.416 50.023 -113.292 1.950
94.344 144.887 76.544 2.065
-21.844 36.691 123.531 1.883
76.752 -65.951 -114.952 1.974
-187.208 -184.199 161.691 1.872
-83.980 128.119 -183.328 1.698
37.756 -65.671 1.412 2.013
23.323 -67.761 15.784 1.985
-128.132 -160.952 -176.294 2.204
89.860 -185.698 -143.186 2.000
-1.091 11.337 -99.535 2.091
163.608 184.536 -80.031 2.096
-21.383 22.837 46.821 2.065
119.228 132.095 -109.236 2.190
37.474 28.807 134.109 2.037
25.610 -104.149 37.760 2.039
-116.385 125.356 160.380 2.056
73.822 72.630 -132.913 1.920
138.441 172.583 -107.723 2.003
-85.497 -1.135 -181.592 1.973
162.108 -54.554 109.465 1.836
130.572 -177.181 11.986 2.037
-111.886 -184.243 -99.391 2.145
-13.172 -80.557 -38.637 2.083
-18.529 145.231 82.461 1.984
-152.335 98.900 -49.042 1.922
-121.491 170.023 -192.087 1.930
11.874 -148.362 37.239 2.036
201.961 168.190 -37.018 2.074
123.635 -123.584 -84.213 2.088
29.685 -39.087 20.186 2.020
-42.818 58.521 15.033 1.711
220.507 -165.199 -58.889 1.920
-188.864 155.321 99.320 1.992
-50.942 -128.571 -159.619 2.104
-203.426 -105.943 -28.818 1.968
53.423 -3.519 97.212 2.100
4.663 -98.660 18.941 1.988
131.568 -123.973 -121.628 2.012
-203.220 176.902 -73.310 1.967
148.187 -121.844 44.300 1.861
-49.085 -172.686 -53.127 1.854
202.161 -164.257 92.552 2.079
135.126 179.956 -102.843 2.005
-168.597 -127.451 -49.529 1.975
119.645 68.441 164.849 2.129
-39.359 -63.520 101.615 2.045
-35.312 85.303 68.316 2.030
115.440 -108.645 -114.179 1.875
29.084 102.556 35.743 2.141
-173.917 -14.589 -12.319 2.091
-178.220 168.003 4.539 1.965
-74.204 34.985 128.950 2.043
221.418 -173.536 172.117 2.111
-3.005 11.471 155.463 2.007
151.521 1.457 122.243 2.078
149.596 -24.367 -29.310 1.884
-114.595 -6.885 -123.804 1.987
14.739 -124.586 -193.918 1.977
125.039 19.958 61.087 1.882
98.150 -155.937 -47.248 1.985
75.743 40.779 64.313 2.010
12.540 50.467 -4.372 1.917
-187.010 -119.274 88.651 1.819
153.205 -183.986 174.532 1.902
-4.609 8.960 87.465 2.092
137.741 95.795 -98.895 2.070
-110.062 -170.451 -99.320 2.052
191.518 61.933 -131.858 2.041
122.384 58.970 104.315 1.940
-36.106 -189.015 3.299 1.823
151.975 -149.919 196.956 1.812
132.517 44.412 96.787 2.027
-181.941 -185.633 182.249 2.076
140.924 -120.322 189.859 1.806
-150.573 174.724 -194.485 2.075
