-127.466 69.980 54.395 2.011
-149.720 -87.192 -61.127 2.073
-164.436 137.402 -64.830 2.046
-72.360 187.226 121.421 2.102
-187.831 88.577 54.298 1.854
-9.490 62.131 -133.866 2.009
148.639 -130.700 -128.060 2.024
42.560 -114.306 154.240 2.021
-98.820 -3.569 -73.271 1.970
74.703 -1.061 -110.614 1.838
93.579 99.748 48.719 1.867
-108.176 -154.148 -127.970 2.041
104.180 75.514 118.786 2.176
220.503 74.085 93.295 1.932
-135.890 92.642 37.251 2.122
-76.601 -28.018 -88.072 1.899
1.019 18.110 147.444 2.194
205.020 -124.183 -36.051 1.892
-190.347 -32.736 166.640 2.107
134.533 -153.358 -23.122 1.962
144.511 -23.587 -32.661 1.936
40.287 172.632 31.435 2.181
31.003 -101.333 145.725 1.950
-148.039 27.613 131.307 2.046
-210.060 134.333 120.025 1.903
-202.872 91.849 150.111 2.081
-2.792 4.477 14.878 1.937
-22.766 117.054 -56.961 1.947
159.350 -5.776 -135.466 1.892
134.951 -98.409 187.317 1.796
-208.048 7.417 22.924 2.105
220.804 -67.652 -172.717 2.003
68.463 -134.555 89.616 2.180
151.985 -154.150 -170.587 1.756
-8.444 85.558 179.854 2.033
87.543 -34.232 34.168 2.052
96.993 143.311 30.034 1.920
-215.289 -20.474 -11.783 2.026
218.008 173.158 82.751 1.952
215.921 20.527 -155.118 2.068
-149.373 -109.780 90.318 2.004
100.263 -112.169 72.228 1.980
-198.655 72.658 -192.833 1.911
-91.755 170.851 -168.791 2.086
25.103 -107.051 -66.498 1.844
58.895 76.234 -117.143 1.982
186.401 164.673 -49.760 1.929
17.859 -176.865 100.726 2.093
43.608 -144.882 120.831 2.104
-136.451 102.469 172.722 1.980
-207.392 -166.196 93.828 1.879
141.678 74.587 -197.316 2.126
-213.504 -48.341 -165.237 1.986
-97.102 6.699 -21.249 2.031
-32.592 181.871 -103.360 2.032
100.022 171.008 109.759 1.833
-39.338 -53.228 28.215 1.839
98.821 -38.550 97.694 2.027
139.176 138.107 45.644 1.931
47.577 123.023 -99.187 2.209
-89.759 -105.185 -17.995 1.871
-170.524 -139.184 -197.232 1.788
-155.655 162.392 -85.885 2.017
-151.404 49.147 141.879 2.043
107.132 -110.996 168.331 2.086
71.256 137.041 -182.443 2.110
177.454 155.391 -164.288 2.046
-107.947 -123.892 -130.596 1.825
19.260 -42.779 -106.754 1.974
113.380 168.733 -74.443 2.011
95.786 -154.041 -117.135 2.110
22.603 -20.536 -36.871 1.733
125.167 -135.465 110.644 2.099
105.463 56.997 19.552 1.970
145.430 169.680 -32.899 2.116
-12.173 133.655 -172.824 2.027
111.122 -40.805 168.119 2.015
-28.960 55.698 100.971 1.906
-192.166 -63.232 31.432 2.224
-213.526 99.109 -195.251 1.987
99.065 46.717 -23.485 1.883
203.464 -152.150 43.399 1.957
-206.408 -40.325 69.189 1.895
25.491 -107.585 -22.387 2.023
30.991 6.462 -161.079 2.207
-18.663 -148.044 197.203 1.949
-141.599 98.919 91.760 1.978
-48.484 -30.084 -190.033 2.048
162.199 40.398 -57.499 2.175
-74.524 141.137 119.801 1.913
92.058 -37.823 21.835 2.216
-221.144 -126.263 184.601 2.082
-203.464 -65.124 55.719 2.079
-97.778 146.098 -112.862 2.002
-79.367 165.574 169.952 2.069
-50.863 -112.783 -165.342 1.940
-201.856 -20.656 100.440 1.943
94.763 181.102 -104.225 2.097
119.798 -26.816 -115.957 2.148
-32.228 35.622 91.472 1.984
68.927 -11.570 -169.406 2.202
131.235 43.101 -152.375 1.993
-42.607 161.515 131.910 1.881
218.805 -95.371 12.358 2.155
-76.876 67.304 -175.964 1.776
-166.977 -54.341 -161.256 2.149
220.731 56.158 -78.067 2.123
87.330 23.696 -122.425 1.959
73.282 160.746 174.245 1.969
44.845 -74.809 85.717 1.966
-151.644 40.564 -50.451 2.087
4.786 30.490 -80.412 2.039
89.549 -58.123 -127.955 1.978
-193.044 103.126 -129.050 1.797
192.350 161.557 129.673 1.912
-39.575 -59.331 -33.150 2.073
15.255 -18.148 -136.146 1.963
171.384 -142.993 79.888 1.857
-57.777 -117.442 -42.421 2.160
108.610 159.859 -175.032 2.050
27.586 179.107 183.719 2.133
-167.773 -180.565 -88.462 1.924
176.734 -106.844 58.692 2.062
-80.354 -92.024 64.431 1.863
-111.444 147.658 -168.068 2.081
-73.364 149.414 84.481 1.960
-211.090 111.964 36.592 2.102
200.927 -86.171 -64.764 1.868
-15.693 -21.799 -195.433 2.109
19.043 -44.323 172.639 1.934
-17.121 135.047 29.934 2.029
184.383 60.822 -170.200 2.082
41.470 17.583 -6.346 2.104
-137.248 -159.390 -76.020 2.053
-24.085 175.828 9.824 1.790
-32.280 34.601 33.260 1.933
69.320 -29.262 -1.135 1.737
193.926 42.847 70.915 2.164
51.308 113.524 -122.433 1.813
-177.983 164.659 56.665 2.035
-78.457 75.093 136.325 2.146
19.156 -14.525 -83.812 1.957
-170.413 84.201 -92.145 1.946
102.786 11.233 59.154 1.939
33.142 60.755 -199.349 1.986
-79.757 157.649 -149.347 2.067
89.806 169.909 78.353 1.964
-114.714 55.667 37.371 2.027
166.792 -18.002 28.850 2.109
45.403 -150.840 -141.692 2.007
-148.156 40.697 -100.507 2.011
-161.468 148.652 -7.004 2.217
21.041 34.040 161.805 2.175
59.689 117.791 16.861 1.928
151.206 150.563 -13.379 2.153
-32.224 115.784 100.311 2.049
172.431 -112.859 54.900 2.004
-167.068 128.615 -67.935 2.120
-153.974 98.416 120.925 2.179
-87.553 74.003 -44.693 2.000
122.554 23.671 68.541 2.059
166.649 168.666 27.168 1.951
-48.247 -8.410 159.129 2.151
-172.333 102.544 57.204 2.127
-176.622 -117.629 -62.599 2.123
-162.423 -127.148 29.288 2.133
58.525 -59.813 18.475 1.911
-212.885 -142.649 115.269 1.918
222.200 -187.010 -176.516 2.036
-152.166 93.547 22.144 2.016
100.887 86.346 141.244 1.968
59.990 34.496 24.932 2.002
-3.468 172.277 109.658 2.007
-10.439 -26.462 37.910 1.878
-143.755 142.559 -75.517 1.969
202.434 30.472 -92.680 2.037
149.380 -189.236 -139.834 2.043
-45.739 -122.664 23.835 2.070
-31.491 -76.249 -97.046 2.153
-31.904 -148.878 -69.379 2.084
-77.476 124.732 163.112 1.956
67.306 -44.647 -141.173 1.919
-19.998 -180.556 100.323 2.035
-37.748 -31.791 -76.646 2.033
159.446 -22.534 -190.429 2.101
-196.537 -97.400 98.979 1.981
-172.345 -43.489 -191.076 2.153
42.580 -66.054 198.993 1.986
-15.253 141.084 107.462 2.057
-217.352 188.343 -150.224 2.221
-154.581 -159.207 158.846 1.998
-9.459 -47.815 170.181 2.137
-178.214 -146.058 17.491 2.125
202.366 47.962 -190.912 2.107
35.709 113.522 9.936 2.009
157.218 33.390 -140.564 2.183
123.119 -145.685 -142.592 2.027
179.136 -18.160 61.872 2.037
-73.656 -25.030 179.442 2.014
49.029 133.852 18.775 2.008
-169.707 -43.383 16.960 1.882
63.778 -40.372 -189.008 1.829
143.108 -10.584 -98.571 1.953
190.391 131.315 -100.722 2.038
99.864 -131.940 79.217 1.974
104.675 -66.289 190.273 2.209
-163.711 -101.647 -78.383 1.845
193.856 76.281 -190.799 2.090
-45.126 -86.563 -176.752 2.186
30.346 -116.159 68.426 1.862
-93.857 -172.860 -109.758 1.972
-112.064 -10.012 -134.293 1.983
23.221 111.486 48.303 1.959
-100.237 -60.323 -66.783 1.855
-176.317 -185.467 117.024 1.923
-52.702 -94.987 -13.367 2.130
-52.814 108.380 147.830 1.881
-78.260 78.716 4.003 2.142
-69.131 23.794 -114.219 1.914
86.381 172.396 -139.167 1.869
165.799 94.447 -17.699 1.897
-208.311 -162.059 99.044 2.134
104.355 -158.180 -67.358 2.164
80.928 51.565 137.825 1.866
55.611 73.697 -106.828 1.866
191.901 50.729 129.782 2.054
-29.591 -129.364 -124.994 1.839
-45.077 52.537 88.906 1.840
47.950 -152.071 33.362 1.967
-22.265 12.091 161.642 1.861
-33.644 -48.283 -112.120 1.896
26.956 96.414 176.660 1.897
206.034 -183.138 101.325 1.899
-81.692 -143.246 -58.116 1.932
-64.296 131.538 174.180 2.085
127.322 156.599 0.728 2.236
-42.837 173.948 -128.801 2.051
-174.725 74.948 128.425 1.954
-167.268 -43.886 111.312 1.933
-47.952 103.016 -153.751 2.217
30.952 -131.792 135.357 2.111
-9.451 76.287 147.807 1.900
-67.999 -125.341 61.348 2.271
115.777 -69.664 54.786 2.059
10.698 156.706 179.931 2.013
217.283 23.082 186.613 1.979
-118.426 10.284 -171.880 1.919
170.156 188.561 -141.440 2.167
95.145 -48.980 -63.003 1.953
-112.189 141.942 198.102 2.149
48.801 122.011 -187.093 1.840
-94.723 132.203 -49.197 1.805
-6.855 -141.512 159.340 1.881
-213.518 -18.976 -107.083 1.955
-21.673 13.168 125.943 1.950
-126.535 41.128 92.866 2.048
19.766 -157.837 79.409 2.035
-94.699 183.578 175.798 2.162
-19.343 -137.483 94.259 2.042
-108.203 1.038 -166.071 2.045
-23.352 -99.380 -124.661 2.177
-109.316 144.713 -67.883 1.873
-65.341 -7.004 191.205 2.000
-223.128 9.261 106.490 2.025
-83.909 -184.579 -62.776 1.965
20.328 43.844 147.797 1.935
129.037 148.730 -89.510 2.136
-27.436 11.674 150.929 1.863
-1.098 40.172 8.714 1.984
152.576 -4.994 -53.854 1.978
14.289 -161.491 50.178 2.006
-169.976 106.025 149.229 1.894
96.827 -94.061 80.230 1.996
-58.141 46.865 -154.457 2.018
-6.061 173.337 -161.200 1.880
109.389 103.999 11.258 1.937
220.766 83.860 87.223 1.961
42.256 -131.728 107.862 2.077
35.449 -24.008 -178.464 2.094
37.545 -184.873 -43.618 2.069
-208.862 -70.901 -9.425 1.964
-125.675 -65.468 -116.152 1.812
-121.802 -49.864 -77.139 1.863
-60.906 -9.730 -19.631 1.969
-209.423 81.942 -133.567 1.999
161.992 27.104 60.281 1.915
99.063 110.220 178.093 1.975
108.937 27.404 -192.243 1.880
-72.681 -122.500 101.796 1.831
143.268 160.480 124.694 2.104
9.918 -178.467 95.254 1.970
36.975 127.112 193.714 2.224
3.335 -2.345 115.815 2.040
-37.603 -143.612 -137.299 2.014
-171.719 -182.610 -62.320 2.039
155.680 163.866 7.913 2.052
-17.459 122.594 -100.967 1.940
-209.148 0.358 -103.547 2.042
145.693 -60.240 86.474 2.050
-87.211 -31.238 156.051 2.218
79.052 -124.039 -25.605 1.954
113.372 181.885 -87.269 1.940
-150.728 186.595 109.894 2.001
-166.477 -94.893 -104.658 1.884
-128.451 11.166 -150.250 2.048
-186.598 7.499 150.039 2.115
201.766 79.562 66.898 2.111
-188.632 83.324 53.802 2.080
-207.015 80.762 -25.370 2.023
-157.720 -178.939 -146.226 1.820
-203.465 14.705 34.987 2.096
-219.083 109.651 11.268 2.249
-99.618 -146.903 175.897 2.101
-182.839 -0.506 37.846 1.813
-200.399 72.197 45.515 1.946
-117.326 158.699 -75.358 1.982
192.550 -150.322 27.293 1.904
102.446 106.605 29.215 2.038
-53.797 -99.752 -37.579 2.029
96.750 48.698 57.760 2.054
82.774 117.384 54.242 1.782
-216.034 11.746 127.766 2.004
-68.428 -150.545 -158.003 2.132
-150.003 56.360 -107.166 1.988
224.534 -109.011 102.125 2.127
-116.930 85.068 -41.757 1.972
166.986 43.074 66.645 1.978
218.586 62.444 136.670 2.061
71.339 18.157 177.777 2.064
116.408 -113.795 -47.832 1.892
-131.073 24.090 -31.504 2.188
40.580 150.901 135.942 1.890
53.351 69.490 172.917 2.006
138.106 -46.516 31.205 1.929
-72.418 -141.066 39.904 2.104
32.194 12.033 -76.875 2.101
97.826 -155.197 -158.027 1.804
-97.837 -69.794 -97.552 2.071
-41.625 2.804 -142.108 1.932
-198.119 58.254 117.176 2.018
-4.982 -167.949 -114.598 1.997
-68.505 -3.063 92.453 1.974
190.655 -123.698 -104.125 2.031
-108.552 -167.021 -131.306 2.178
-88.369 43.846 -56.036 1.941
27.682 -26.564 43.012 1.904
-193.700 -146.350 8.105 1.988
-127.510 8.054 -52.519 2.136
98.063 -171.498 2.166 2.158
102.480 131.227 -52.350 1.969
-132.829 115.911 1.756 2.089
196.517 12.682 28.194 2.071
-37.332 -121.016 -94.546 1.808
33.964 67.839 13.415 2.052
-60.843 -153.227 -175.320 1.991
125.466 81.038 130.665 2.058
117.229 19.443 120.718 2.159
95.487 -168.904 -77.442 2.147
-171.050 122.875 -18.937 1.982
-118.463 183.203 -95.180 1.999
116.286 -185.000 -127.287 1.925
-69.128 -45.835 18.672 1.898
-148.517 108.258 -186.251 2.067
-142.311 -136.539 59.002 2.154
34.348 162.335 62.653 1.912
-12.057 47.880 -188.743 1.856
-63.925 -167.494 -53.784 2.159
5.004 170.920 160.431 1.823
160.223 90.048 33.890 1.977
94.286 105.146 -171.519 1.916
5.708 36.647 -119.075 2.081
65.679 -78.827 154.527 1.952
67.934 183.037 18.014 1.972
-50.632 -123.004 -94.778 2.050
-175.639 -20.643 130.681 2.020
-91.722 -131.014 24.862 1.971
98.639 84.935 105.047 1.906
-119.768 -183.977 125.107 2.092
94.070 -84.255 192.520 2.062
158.433 169.327 -18.778 1.871
-54.799 138.087 -31.059 1.925
221.177 -123.661 -18.654 1.935
-186.271 -79.989 178.068 2.037
31.671 -46.963 12.431 2.239
165.798 -125.096 -127.281 2.096
15.175 -107.104 159.849 1.971
-147.195 75.837 -1.168 1.911
-5.512 56.839 107.163 1.907
163.773 121.822 -82.709 1.880
-78.075 112.122 -193.519 1.954
143.412 -38.917 -160.213 1.867
-212.040 120.825 2.872 1.993
76.369 -156.139 108.295 1.946
-59.052 113.451 197.737 2.155
215.545 16.803 85.324 1.993
64.975 76.634 -98.464 2.142
23.268 -126.452 26.846 1.951
-74.646 -104.295 -136.964 1.967
-5.273 -135.492 46.727 1.977
-131.628 -41.451 49.223 1.959
-103.526 110.225 -161.831 1.856
188.523 57.716 -168.088 1.963
-103.357 169.584 -112.948 2.142
-169.204 -176.948 187.019 2.114
221.414 177.165 -127.837 1.996
36.307 -152.335 31.475 2.081
204.700 -93.921 134.078 2.160
-134.958 -12.732 104.848 2.014
-193.028 24.720 131.306 2.007
205.186 40.841 157.196 1.860
7.237 12.092 -199.592 1.914
-210.555 175.204 -184.805 2.179
-57.763 -157.698 82.849 2.142
-3.196 -188.320 -156.729 2.041
33.355 -109.196 164.061 2.022
-29.046 -93.316 -37.687 2.075
130.489 -4.740 80.883 2.127
11.826 93.992 166.578 2.034
-51.715 -73.422 -13.605 1.937
-199.449 163.734 56.422 2.116
170.460 -57.168 -139.712 1.927
-111.819 -74.386 58.501 2.074
170.365 148.937 123.354 1.944
0.257 113.073 81.293 2.130
124.248 183.800 153.956 2.079
96.490 42.685 97.753 1.808
174.750 148.727 39.475 1.988
-202.640 -47.083 -147.728 2.018
-87.479 -67.526 -42.883 2.073
-191.934 168.428 -113.465 2.100
52.803 -86.269 79.959 1.767
-171.927 -75.141 23.879 2.061
-10.136 -176.616 106.337 1.995
223.588 -165.013 188.833 2.121
45.772 81.215 49.352 2.010
-203.986 -156.778 -190.296 1.977
-66.440 -151.117 79.350 2.224
-95.052 102.734 129.153 2.001
-216.016 -140.846 66.081 2.156
132.995 32.744 102.399 1.767
109.487 136.907 -60.593 2.038
35.666 12.186 102.864 1.964
-21.181 -0.496 -63.668 1.959
-116.818 -172.210 12.640 2.185
128.604 -21.408 184.793 1.895
15.172 6.836 -16.733 1.997
-215.549 -25.772 -138.611 2.131
-129.956 131.806 63.109 2.067
94.682 -13.435 -17.294 1.974
-222.685 39.858 157.461 2.143
-221.115 -21.936 68.929 2.112
123.004 -46.071 179.301 2.074
55.003 -94.620 -193.166 2.160
131.311 -24.393 -187.219 1.892
124.545 28.342 48.271 1.979
-124.473 173.462 43.278 2.010
-51.331 -9.138 -102.123 1.865
-211.448 147.575 170.466 2.171
-54.803 -119.566 -116.866 1.887
175.605 131.414 118.605 2.008
179.583 -188.552 -157.325 2.199
107.645 -5.442 127.344 2.002
217.118 -42.326 81.377 1.928
-94.509 -164.671 -76.506 1.930
-190.610 -189.063 50.651 2.046
131.932 -15.986 -34.536 1.704
182.271 108.344 -12.132 2.034
56.192 84.052 199.973 2.008
189.602 -120.759 156.160 2.051
119.446 -178.593 -20.762 2.113
105.202 -61.612 145.946 1.947
217.525 51.356 158.351 2.002
-189.551 88.841 -1.888 2.088
-94.001 -158.543 -47.599 1.887
115.925 1.184 190.448 1.995
82.882 -5.403 124.182 1.963
-101.126 69.287 186.265 1.800
42.543 14.131 -119.182 2.166
-82.080 15.687 -94.589 2.208
24.025 167.210 23.894 1.990
-87.504 29.781 -67.937 2.107
-212.450 12.841 -96.203 2.068
-100.397 -72.151 -97.523 2.063
-11.901 188.833 -78.032 1.918
148.309 -169.257 46.240 1.868
61.916 -142.632 -68.799 2.199
-153.813 -158.429 93.593 1.783
-145.668 34.266 189.122 2.004
-100.579 -139.129 -53.412 2.012
189.448 178.933 -96.946 1.935
20.548 -136.523 193.814 2.055
134.375 171.436 -149.046 1.931
101.317 -135.141 -196.709 2.003
108.208 -110.565 -48.412 1.952
82.581 -125.044 -143.260 2.077
-168.551 -8.806 151.102 1.804
-38.111 152.133 -45.951 2.033
-193.787 32.181 -58.398 2.174
-73.268 90.102 64.840 2.113
199.910 3.492 180.998 1.915
-96.864 -151.853 119.363 1.954
-146.017 -20.526 -120.331 2.072
39.488 121.279 166.942 2.082
-85.601 118.013 129.758 2.154
-157.149 113.774 140.014 1.994
-66.018 86.750 89.672 1.926
190.083 -5.128 -150.965 2.039
-0.684 -75.233 79.040 1.932
-136.227 64.237 -97.949 2.091
183.330 23.808 -141.538 1.844
207.445 -38.764 -55.173 1.871
-111.287 117.918 32.867 1.959
-142.031 49.423 42.619 1.972
25.250 -48.282 -181.487 2.009
-148.475 -147.342 -134.937 2.051
-12.248 -86.225 1.377 2.127
182.576 3.059 136.815 2.143
-73.603 -31.706 115.847 2.137
-217.680 -146.460 -158.488 2.017
-24.620 -44.268 -147.550 1.821
132.430 -16.330 -74.207 2.009
219.876 -173.687 -35.990 1.950
169.966 95.343 195.029 2.034
178.343 134.141 -107.497 1.800
-93.376 22.366 84.230 1.958
101.693 -59.479 116.940 2.015
-148.781 -53.706 161.023 1.853
164.074 143.883 -182.040 1.804
-77.999 98.216 -11.662 2.068
36.510 38.525 -107.035 2.018
-60.630 -88.542 141.043 2.102
81.555 170.558 -175.836 2.136
148.218 -97.105 -167.410 1.992
194.010 178.684 157.703 2.065
117.970 -155.788 109.078 2.001
-31.669 48.768 -125.876 2.123
-222.328 162.598 -90.446 2.003
-37.340 -41.146 -146.828 1.965
157.248 -26.993 132.505 1.992
102.121 113.864 35.249 1.987
-86.167 64.110 -156.482 1.999
89.546 106.853 -7.133 2.036
-95.823 15.819 174.122 2.022
-129.535 175.716 -99.608 1.913
-125.872 122.671 -63.184 2.077
3.142 121.567 -127.708 1.868
-196.253 -157.234 118.810 1.882
206.871 -98.915 18.432 1.971
81.012 172.542 121.675 1.966
81.343 132.577 156.049 2.008
-51.381 43.375 -162.507 2.183
-14.024 -96.204 83.326 2.076
71.368 184.469 60.562 1.995
118.717 -72.372 -155.639 2.131
-99.540 125.289 81.028 1.909
141.945 -170.929 103.043 1.988
46.039 151.266 160.376 1.708
-42.921 -140.680 -145.646 1.974
-51.193 39.620 55.288 1.971
-157.716 96.216 -25.192 1.892
155.227 -46.941 151.536 2.013
-166.762 130.694 -156.400 1.848
-144.128 141.186 -30.742 1.990
133.661 -40.540 160.562 2.017
164.048 -38.363 -144.106 1.909
39.129 96.649 173.455 2.042
-182.985 8.403 -62.889 2.035
-31.027 -75.946 -100.552 1.957
155.519 -17.105 69.875 1.989
89.035 85.930 -149.254 2.044
34.309 110.752 82.174 1.969
-16.832 62.264 8.157 2.068
154.822 -171.195 107.639 2.055
20.853 -91.161 -191.224 2.136
-95.797 126.280 102.636 2.239
-2.200 -82.826 74.222 1.860
89.680 26.588 121.672 1.856
149.119 127.685 -182.664 2.138
195.789 -87.119 74.610 1.990
-10.203 -151.835 181.080 2.041
178.813 74.369 156.026 1.940
183.191 -104.183 167.315 2.089
-36.393 -27.876 138.408 1.915
83.370 -35.054 114.328 2.009
-84.342 19.113 -127.166 2.110
173.430 133.533 -151.446 2.081
36.594 114.098 80.815 1.856
4.446 -123.048 -116.387 1.883
97.453 107.229 -12.365 2.048
110.616 67.303 -168.114 1.967
115.456 -83.759 160.028 1.790
190.282 63.832 185.834 2.013
-56.494 124.735 -5.298 1.928
-156.480 102.908 -55.078 1.975
43.914 -136.632 42.243 1.921
-34.897 95.013 -123.668 2.033
171.840 162.010 86.618 1.937
145.336 -58.138 -88.853 2.048
-221.487 -51.743 -54.975 1.947
12.854 -37.984 -36.506 1.930
-3.579 147.108 -9.800 1.923
-39.925 185.022 -121.295 1.985
206.729 141.098 -68.291 1.961
-127.545 -13.195 54.320 1.968
-19.322 40.623 111.510 2.104
-142.878 7.889 163.706 2.120
196.987 -107.994 24.183 1.920
-44.854 -155.221 54.371 1.940
24.865 -150.791 56.680 1.826
-130.452 -20.299 95.541 2.079
-120.140 -49.262 -52.355 2.044
191.083 -132.129 82.997 1.945
-193.465 -71.123 -165.910 2.189
-47.491 24.835 -131.464 2.019
133.316 -78.287 -166.395 2.112
213.644 49.294 181.117 1.994
-41.252 -121.073 -132.999 2.038
-112.662 46.863 -146.465 2.026
-17.987 -37.638 190.570 1.950
111.248 140.506 119.165 2.069
-54.664 -42.661 186.280 2.007
42.321 184.438 -133.063 2.039
-19.382 167.377 48.024 2.124
221.752 122.330 198.104 2.060
-219.539 -133.915 186.351 2.028
204.180 -116.040 -6.952 1.921
-215.379 -186.581 -35.467 2.004
147.432 -100.224 97.039 1.928
52.780 15.274 39.878 2.075
-22.248 -149.559 79.950 2.001
193.777 -127.681 40.983 1.898
121.549 120.120 -55.051 1.960
-172.852 116.229 -64.717 1.892
40.450 92.040 53.006 1.999
117.038 -39.255 39.226 2.058
-66.616 -108.258 183.297 1.979
-222.497 175.024 104.551 1.914
-193.090 -71.182 83.402 2.040
118.265 -135.283 -29.922 1.989
78.898 92.187 139.754 1.938
94.986 67.400 194.396 1.977
-117.037 -30.183 5.769 2.116
-52.647 161.893 -143.013 2.021
205.916 -123.648 117.788 2.074
-143.633 115.419 -174.986 2.028
7.194 -125.848 187.378 2.023
-190.938 6.612 -109.530 1.892
-95.346 -77.036 -130.997 2.008
-109.578 33.083 -2.805 2.133
190.571 -23.236 -153.413 2.129
146.072 155.512 40.428 1.898
-214.425 -29.256 -122.492 1.851
37.241 -44.820 -27.560 1.935
-182.248 -69.994 -56.033 2.021
4.963 -110.930 -82.029 1.907
-133.417 121.132 -111.912 1.941
31.081 110.284 -106.916 2.072
-34.939 35.679 -91.665 1.756
-136.517 -83.792 -181.388 1.723
-209.079 26.008 189.167 2.106
-157.078 -172.946 -102.499 1.998
-163.432 -72.923 -72.862 1.972
-162.048 91.770 145.720 2.086
192.941 84.989 9.960 2.093
123.506 134.857 159.946 2.006
177.455 30.510 -55.843 1.997
-157.861 99.997 -81.684 2.025
219.310 -16.576 8.429 2.033
86.688 98.494 -16.529 2.084
84.892 -150.003 -106.435 2.223
129.206 -57.013 -92.685 1.877
9.561 186.307 73.028 1.989
-42.036 126.102 -60.081 2.077
-5.944 34.495 -39.854 2.078
199.703 27.923 -138.377 2.113
122.952 -48.955 -182.674 1.959
-54.965 64.115 -44.013 1.894
-123.503 184.780 94.556 1.832
201.573 -13.687 196.079 2.214
-126.742 -124.561 -164.142 1.932
98.715 -112.704 98.019 2.001
-170.850 52.834 81.184 2.192
131.779 83.743 125.235 1.806
-13.885 -77.928 36.168 2.133
-165.038 155.934 -106.289 2.085
153.411 30.581 163.555 1.926
-186.574 59.902 -50.380 2.056
201.404 -93.817 -112.320 2.071
169.340 29.322 142.590 1.949
-221.624 55.369 -88.099 1.927
92.536 -167.772 172.233 2.201
23.582 86.371 42.987 2.048
219.961 60.971 123.278 2.063
-101.913 101.213 85.935 1.968
-135.520 -26.258 -168.442 2.042
109.116 65.649 45.926 2.103
-58.485 -134.000 63.898 2.024
-102.087 146.827 154.758 1.917
59.004 180.046 -90.128 2.127
-222.828 -7.042 81.531 2.009
156.372 175.029 -120.310 2.177
-164.367 -81.499 -177.452 2.200
17.405 122.550 0.421 2.057
-184.116 125.927 -56.070 1.961
-84.802 15.425 154.048 2.139
197.771 -177.668 -85.443 2.156
-211.033 -148.577 -110.420 2.081
-81.690 -87.582 6.138 1.995
51.299 180.387 -44.942 1.949
176.778 -63.153 -198.553 1.964
91.362 -188.418 142.981 1.999
185.236 57.401 191.711 2.160
90.700 -142.866 -135.304 2.031
-14.766 76.969 -26.330 2.037
-119.741 -10.233 98.752 2.089
-76.426 -138.904 -196.185 2.108
177.681 9.676 152.582 1.977
-135.074 -130.871 -110.992 2.055
-29.637 111.616 -37.413 1.980
-103.600 50.841 172.669 2.003
-172.137 137.510 -91.608 1.900
5.067 -127.521 119.905 2.161
-203.754 8.419 -11.815 1.843
-149.593 24.575 -101.316 1.988
-14.230 21.311 -35.738 1.979
219.430 -54.862 -168.353 2.013
130.275 182.913 145.540 1.791
153.553 51.946 17.829 1.989
133.298 -175.608 62.532 1.839
21.509 -67.696 18.458 1.834
-153.658 -156.460 -62.265 2.197
28.359 -142.482 -82.599 1.704
158.783 -173.129 109.857 2.048
53.104 83.690 -166.088 1.864
-69.096 77.970 10.662 1.875
132.993 146.492 59.272 2.005
201.892 -1.926 6.958 1.920
150.035 67.575 -186.212 2.074
168.041 15.188 126.304 1.956
-38.496 -102.943 -80.287 1.931
-52.116 -46.720 159.874 2.040
33.741 -115.972 34.198 1.779
1.414 55.289 -137.838 2.016
12.884 142.183 -143.214 2.057
102.430 -114.723 -113.675 2.235
137.216 -122.005 -4.802 1.909
172.013 -26.942 -78.000 2.150
111.323 -116.831 176.059 2.131
-66.376 101.441 -123.840 2.049
-29.425 -32.278 104.724 2.080
-75.104 56.264 -20.827 2.078
-50.307 -90.820 64.002 2.035
-100.573 -88.950 56.184 2.109
214.554 14.426 -65.344 1.895
-1.220 136.023 -76.959 2.020
-52.710 47.539 -55.541 2.043
71.248 87.722 -189.449 1.920
103.173 73.562 -175.134 2.054
17.962 -15.512 -170.633 2.029
93.707 9.059 -192.324 2.015
-173.507 -141.627 -188.889 1.888
15.271 154.038 14.478 1.833
208.152 181.636 37.709 2.121
-102.761 180.639 -11.622 2.068
116.200 159.261 -83.985 2.096
77.028 -76.007 91.585 1.840
-48.872 -39.149 192.413 2.128
-120.051 177.535 -128.332 1.991
124.138 156.379 175.228 1.928
-88.542 177.802 118.647 2.039
146.282 -115.802 4.156 2.065
-30.934 95.339 -3.760 1.953
-224.042 -67.527 64.389 1.887
144.182 71.091 196.652 1.815
-152.649 -107.064 -31.301 1.902
-224.718 78.110 -161.699 1.998
187.989 78.948 -154.638 2.127
15.524 -169.210 -44.051 2.093
129.999 71.875 22.352 1.990
-25.940 -106.220 -22.744 1.999
-130.369 94.760 -104.270 2.078
-32.976 112.042 32.952 1.996
-32.365 -79.956 -75.670 1.987
-26.275 -36.180 50.696 1.943
-192.359 26.920 -79.716 2.124
-111.011 -176.560 138.551 1.947
-172.794 130.713 180.924 2.174
92.187 28.684 129.593 1.982
92.022 -74.112 -26.687 2.085
-167.121 137.254 -85.353 1.962
-30.082 182.268 117.356 1.999
154.191 -63.750 70.641 2.137
87.208 15.535 75.739 2.091
120.781 -171.066 74.955 1.992
-129.083 -148.642 68.831 2.066
27.075 180.876 177.178 2.066
-158.215 -117.957 -65.260 1.868
-204.471 26.473 -12.911 2.118
-133.660 -175.533 75.547 1.981
127.820 34.872 106.031 2.048
96.582 168.186 -135.309 2.062
126.383 166.088 67.719 2.005
36.656 102.860 113.502 2.045
-219.484 131.292 27.053 2.022
-178.494 85.047 106.220 2.023
-188.246 -159.880 -54.260 1.810
-158.683 -83.900 -45.271 1.998
50.427 51.235 54.025 1.898
-94.368 127.447 -99.704 2.011
116.132 -31.290 13.846 2.207
-76.040 -52.260 190.800 2.142
-154.211 99.963 67.555 2.044
-179.342 -189.470 18.316 2.135
-7.935 80.939 -109.829 2.075
4.521 154.507 -34.356 2.079
17.655 38.914 174.912 2.121
-174.976 142.631 140.553 2.008
-30.165 24.421 140.137 2.180
-170.111 23.927 147.093 1.858
63.323 169.300 9.891 1.945
-155.678 39.622 -155.368 2.011
57.420 96.498 -187.607 1.947
-32.220 -47.775 197.746 2.081
101.705 33.084 -51.978 1.752
-183.537 -42.738 -173.937 1.868
164.664 81.684 61.409 2.053
-214.842 112.404 158.836 1.952
-180.073 -79.990 -96.108 2.052
-112.507 49.895 179.514 2.032
-100.971 -12.967 8.256 1.930
116.485 74.835 195.466 1.936
208.446 137.584 -19.536 2.036
120.005 -126.988 -62.626 2.077
98.897 -66.688 120.988 2.000
-108.144 -47.972 90.063 2.007
-145.815 -129.114 173.163 2.025
-66.418 16.012 123.850 1.897
-7.624 141.149 63.257 2.022
-188.529 93.207 -6.486 1.815
172.990 -69.477 6.010 2.029
-38.428 -0.940 108.630 2.090
-23.069 -132.886 -56.246 1.662
-11.908 -161.781 -110.855 2.066
126.536 98.183 169.296 2.117
-115.284 -47.937 139.283 2.084
107.898 167.406 -20.479 2.006
-51.316 -111.059 -19.020 2.085
35.857 -55.613 -63.055 1.911
-41.271 143.996 -47.617 1.821
223.887 58.053 14.874 2.109
-14.471 68.548 -31.293 2.055
98.705 -77.047 121.089 1.948
-115.121 120.950 171.588 2.044
89.754 6.323 149.767 1.968
-214.734 138.194 65.248 2.071
-67.240 -44.796 134.532 1.873
-184.011 38.770 -174.717 2.126
-204.360 118.995 130.271 2.038
106.515 -134.184 -31.370 1.959
110.019 117.569 132.255 2.018
163.621 -89.406 70.091 2.153
-40.309 8.825 101.203 1.975
62.779 -24.436 102.768 1.921
-55.079 -156.274 145.095 1.960
28.937 -148.779 -174.392 1.995
-139.871 -158.624 93.051 2.145
115.751 170.391 193.608 2.000
179.753 145.734 -79.150 1.977
201.972 -177.143 178.719 2.028
-178.564 62.514 -100.328 1.783
-31.160 61.812 -122.416 2.078
48.055 136.635 -185.016 1.950
16.530 37.949 182.788 2.028
54.700 -146.900 125.503 1.932
202.265 126.946 119.309 1.937
122.766 -10.563 -114.850 2.156
193.646 104.365 -80.609 1.919
-103.851 -82.125 -25.610 1.940
-220.389 -24.418 -187.202 2.004
54.607 -122.094 105.827 1.932
-26.746 84.597 171.827 1.985
82.556 -76.215 125.595 2.028
-204.942 -52.649 -100.178 2.035
-76.969 13.325 -142.578 1.832
177.787 -129.178 -46.938 1.992
75.183 -41.949 186.015 1.999
-53.259 -136.143 -100.841 1.981
-223.677 -163.645 -161.476 1.989
-37.676 -34.725 -139.877 2.085
41.056 124.635 103.067 2.016
107.797 171.623 186.173 1.885
211.031 -68.574 195.942 2.019
9.638 -48.571 -106.402 2.000
-209.071 81.027 -151.274 2.056
-23.392 186.527 68.265 2.129
-218.125 95.103 107.597 1.938
-113.693 79.826 190.913 2.093
-181.970 50.066 180.508 1.897
194.228 46.806 -79.890 1.975
1.021 -137.419 -9.467 1.932
-160.363 -132.100 -123.718 1.943
-18.313 46.251 178.039 2.149
123.419 -46.953 68.973 2.142
-201.684 170.753 147.027 2.059
111.404 -87.378 90.587 1.999
-164.842 -152.722 -45.699 2.064
-59.180 -122.034 -43.346 1.908
5.437 130.930 68.649 2.094
-96.149 -76.581 -14.407 1.820
153.983 -36.785 85.509 1.877
126.516 34.809 -60.811 2.015
-119.208 95.417 86.920 1.958
-29.273 -97.236 185.456 2.006
53.928 50.319 -178.142 1.978
-47.956 45.261 -96.507 2.059
146.249 154.642 -17.425 2.026
174.019 -28.253 50.841 1.988
-115.379 -82.598 -123.005 2.026
-124.792 -84.929 -194.744 2.035
0.005 155.216 79.497 2.080
117.125 -25.137 -25.611 1.996
90.170 -27.797 105.473 1.879
-158.170 44.605 130.729 2.034
-38.874 104.926 16.342 2.087
28.099 -170.641 41.738 1.918
101.660 24.755 -188.544 2.056
25.904 22.346 -35.924 1.859
-47.956 97.494 25.983 1.955
165.334 -71.246 -128.974 2.018
-196.383 10.348 -113.498 2.096
-13.647 30.452 123.501 1.837
158.702 -76.638 5.314 1.878
134.990 58.748 33.179 2.225
223.062 102.946 -76.424 1.958
163.242 -152.439 119.270 2.045
167.290 138.065 -167.334 1.803
78.069 140.741 44.436 2.069
139.856 106.384 93.607 2.122
117.146 -171.767 136.156 1.961
-88.842 -105.322 -52.666 1.877
-75.782 119.478 50.295 1.915
-147.931 53.921 -40.716 2.001
-144.771 -139.615 -89.980 1.881
-118.675 107.554 153.109 1.830
-181.938 151.334 6.920 1.946
46.435 80.756 87.081 2.077
-88.814 180.053 -101.777 2.117
161.285 93.799 -140.049 1.975
-148.932 -187.302 42.053 2.027
-161.642 -15.167 181.772 2.221
46.791 -111.176 162.512 1.841
-43.122 -40.030 126.839 2.017
-81.078 -118.349 -92.070 2.070
95.301 1.541 -170.816 2.019
7.367 -16.423 196.902 2.010
192.851 65.517 193.552 1.925
-214.188 -103.527 -136.183 1.994
-138.634 153.091 55.004 1.805
-124.366 56.110 -42.415 1.791
-150.072 -165.640 -157.888 1.989
-37.009 -83.382 71.315 2.030
-5.245 175.200 -175.452 2.088
129.037 -163.787 -197.257 1.873
100.378 -87.927 -35.773 2.120
-149.527 -12.363 -0.737 1.942
90.747 -65.341 58.652 1.993
209.887 188.373 -152.531 1.983
-145.844 13.534 -123.260 2.070
182.141 -85.159 159.998 1.948
166.051 -38.659 48.778 2.038
-175.813 -105.715 30.253 1.918
-22.535 82.313 47.736 1.903
70.470 24.446 -142.835 1.832
35.679 145.163 137.877 2.047
8.758 9.841 42.905 1.943
-57.464 139.308 -108.528 2.069
189.457 42.806 -33.468 1.747
39.800 72.187 94.438 2.069
126.904 150.753 -116.928 1.904
-221.838 -44.223 176.489 1.886
210.819 177.788 112.309 1.931
3.233 113.972 171.574 2.139
-66.068 51.175 140.956 1.916
9.425 -47.266 -137.247 2.005
65.333 -59.773 -110.499 2.050
-158.292 -76.506 51.585 2.079
-24.922 20.945 -108.931 1.798
-25.329 -7.053 -73.809 1.786
-121.103 136.608 174.444 1.981
49.178 143.853 5.014 2.145
119.338 -128.766 14.238 2.119
70.582 173.175 -111.922 2.157
38.425 -152.879 -78.174 1.907
-70.571 184.541 136.544 2.049
-93.065 124.602 -106.833 1.850
-111.162 161.097 46.255 2.198
-153.676 -41.653 -145.919 2.151
-54.318 16.121 135.037 1.903
-156.915 -123.773 52.379 1.964
-97.062 74.404 -148.615 1.693
