-180.754 180.900 -123.883 2.023
75.648 -41.986 -4.639 1.832
-159.077 -78.352 135.173 2.035
-167.286 51.420 -103.945 2.022
-146.758 -113.145 -192.765 2.023
32.007 -37.354 32.275 2.130
-92.860 26.985 100.337 1.993
79.176 68.975 14.268 1.945
186.829 -96.831 -161.356 2.106
112.098 136.849 143.125 1.915
-79.663 -149.448 86.669 2.059
-152.073 -75.930 -172.705 2.135
65.410 186.176 -22.746 1.964
123.697 55.408 192.310 2.072
6.630 15.792 -189.944 1.978
56.022 -116.470 -67.840 2.027
3.860 68.677 -150.595 2.003
-71.220 115.788 -43.551 2.011
197.641 -99.489 110.926 1.942
34.233 -78.094 161.162 1.990
-33.491 44.766 22.852 1.951
-40.285 186.401 -64.505 1.945
52.296 75.355 138.996 1.979
206.044 -8.512 -51.247 2.028
204.974 37.825 13.607 1.983
34.048 -119.450 35.917 1.920
205.240 97.810 -142.332 2.062
15.625 -169.169 165.892 1.993
-33.766 187.738 120.262 2.027
193.926 -144.626 55.857 2.086
209.151 126.875 159.677 1.949
-2.750 98.598 163.601 2.058
-133.801 145.276 4.726 2.089
-140.629 -26.298 -34.768 2.123
-167.145 49.946 159.229 2.238
41.257 -167.984 -116.785 1.951
-209.418 101.455 19.898 2.136
-11.514 94.747 -173.680 2.030
-159.332 -131.408 150.366 2.064
-220.616 -90.123 18.199 1.980
140.836 16.941 -194.187 1.908
21.758 -62.779 186.732 2.025
-84.971 -16.026 17.905 1.963
-97.571 147.536 -148.769 2.081
-188.305 -43.858 -28.009 1.940
162.258 -81.284 -65.532 2.077
-150.532 -112.473 168.289 2.007
-210.751 177.669 29.969 2.176
129.627 13.162 169.645 2.161
-70.839 -2.309 188.391 1.941
-176.342 -101.772 -134.724 2.100
-80.148 107.420 137.187 1.973
163.929 178.606 -157.343 1.944
97.594 161.314 -118.178 1.850
-0.316 62.091 67.551 2.111
-78.656 -168.916 133.737 2.036
-34.154 12.501 -103.777 1.967
-182.154 -47.540 157.925 1.867
-220.118 -54.594 184.037 2.083
63.580 4.532 -137.990 1.973
77.286 47.734 -173.721 2.048
-148.302 -179.763 102.908 1.915
191.985 17.653 188.164 1.927
-94.728 27.409 -170.899 2.064
140.977 -92.060 127.832 1.898
-146.934 120.952 26.798 2.172
187.502 -62.919 -135.484 2.081
104.883 174.612 -140.886 1.919
199.636 -182.926 115.869 2.041
185.153 -3.270 -60.193 2.000
-98.244 157.760 -147.788 2.042
40.217 -104.979 80.247 1.923
-74.763 92.144 184.111 1.936
172.954 53.307 61.473 1.942
0.439 -108.644 127.217 1.836
-24.839 187.285 104.239 2.015
157.791 -84.168 -176.734 2.129
-220.840 -162.398 36.963 1.894
14.393 -6.524 165.661 2.061
95.572 140.859 -27.612 2.121
180.222 100.688 -88.401 1.949
-77.758 -160.094 48.427 2.037
-150.101 -183.946 199.133 2.094
-67.087 19.834 -82.632 2.070
-174.865 110.441 -111.329 1.945
-217.518 -37.132 30.144 1.810
-43.977 -62.058 -10.903 1.979
74.190 -61.559 91.805 1.880
207.201 106.890 -64.750 1.765
208.075 -150.558 27.716 2.051
-211.427 -156.698 25.480 1.956
40.006 29.176 -157.572 1.983
-13.648 131.394 1.296 2.131
135.515 -109.675 104.865 2.046
-138.897 174.983 -70.815 1.967
103.001 -167.573 -185.661 2.035
-196.874 3.522 -140.052 1.854
34.013 34.287 61.142 1.910
149.401 -33.906 -47.705 2.124
-58.765 -112.325 97.249 2.026
-212.280 160.303 -127.450 1.962
133.715 41.299 103.127 1.959
-213.942 -127.542 40.818 2.078
152.395 17.654 -56.590 1.967
68.959 -82.845 -29.864 2.097
-18.109 -167.840 -112.573 2.061
105.684 -103.714 98.965 1.987
9.763 129.034 -90.518 1.890
12.425 -74.093 136.179 1.904
56.871 -19.107 4.058 1.957
184.456 -61.041 86.163 1.926
0.299 -112.214 138.254 2.017
-30.878 73.348 -56.914 2.072
23.644 -14.465 -26.182 2.014
-72.387 24.805 -94.268 1.965
133.866 -46.729 -169.044 2.065
38.996 95.974 -84.228 1.990
-156.603 165.701 -86.632 2.066
11.115 107.819 74.502 1.980
-122.460 -180.659 17.586 2.119
216.996 67.139 44.236 2.062
-220.814 -136.649 144.682 2.084
151.477 138.598 -13.576 2.006
218.012 185.035 -28.740 2.018
159.575 141.698 -182.723 1.999
-203.299 66.726 -88.297 2.187
-112.804 -145.850 -135.352 2.061
-196.950 131.321 -190.454 2.044
134.503 140.338 49.172 2.043
169.240 -129.853 112.652 2.091
-10.428 -171.769 182.535 2.114
41.194 -70.713 129.536 1.974
107.277 -41.838 -166.460 2.086
-87.884 22.460 146.349 1.957
-58.182 184.981 15.995 1.972
110.278 -105.867 -124.798 1.829
-222.138 -176.971 -174.612 2.162
3.676 123.955 -26.519 2.105
-202.801 94.700 -17.847 2.069
-104.789 -70.232 37.934 2.049
-127.488 -161.290 41.979 1.910
-191.031 90.613 -158.117 1.784
140.733 50.008 118.831 1.929
-45.608 -171.414 -10.363 1.919
-212.567 -67.561 27.127 2.114
-150.653 137.789 184.301 2.039
-224.524 -166.030 26.728 2.051
-215.862 -51.637 52.007 1.899
195.283 43.759 18.162 1.936
95.494 -142.625 124.627 2.094
1.454 -165.364 -120.433 2.023
73.779 170.828 116.375 1.906
192.891 172.335 142.309 1.820
-206.378 -31.501 186.917 2.025
-148.601 -147.902 -166.182 2.079
-224.474 164.233 -102.920 2.068
183.844 -83.861 -11.689 1.933
-0.910 44.425 -0.782 1.957
81.592 38.116 149.012 1.943
185.806 98.371 196.100 2.082
175.502 -48.270 117.824 2.218
185.905 -2.804 -30.568 2.237
190.157 53.106 159.740 2.087
119.703 -158.760 -190.749 1.885
-73.727 -11.039 -168.134 2.020
217.074 138.796 143.123 1.918
-217.521 -153.900 -180.335 2.079
-132.149 -55.100 95.730 1.956
168.425 156.056 -127.303 2.022
138.563 84.555 120.259 2.190
-11.470 110.583 -143.589 1.964
-157.954 168.914 -163.461 1.988
-174.379 -33.024 -35.235 2.024
203.679 156.765 61.794 1.847
-143.113 -56.519 -161.500 1.867
22.487 101.046 -164.625 2.075
69.553 54.104 148.978 1.995
132.414 152.286 167.483 2.007
157.567 -17.132 69.849 1.962
-62.538 -38.283 -1.668 1.775
26.291 -165.473 -32.392 1.896
-96.397 -14.652 -135.628 2.033
127.665 -4.643 -109.952 2.049
30.238 53.594 -9.951 2.242
103.355 -51.623 46.077 1.994
-75.563 75.812 81.023 1.810
-72.520 -117.629 -116.772 1.916
49.005 30.184 100.631 1.933
34.004 175.358 58.320 2.031
-157.718 -54.262 -47.359 1.948
-42.752 -107.047 -194.365 2.027
-122.605 -42.737 -195.820 1.888
102.760 -25.331 -133.816 2.025
93.549 -28.903 92.047 1.952
65.925 -186.107 147.869 1.890
111.251 -87.526 156.894 2.022
-132.330 30.115 -107.520 2.081
133.789 7.843 179.525 1.992
-95.619 25.725 -95.351 1.911
-46.578 85.588 -161.677 2.086
-221.928 -88.461 -143.004 2.001
47.678 -179.310 13.179 2.091
209.490 -104.891 -107.390 1.993
125.777 89.702 -117.092 2.150
28.259 -59.570 -153.727 1.869
95.776 13.267 -85.394 1.867
31.203 77.646 153.836 1.989
80.718 -153.623 -28.299 2.065
-0.501 0.684 -197.374 1.994
-153.767 112.775 -133.223 1.878
-189.872 -30.190 14.657 1.940
213.684 181.703 13.194 2.159
44.935 133.850 -47.847 1.865
-105.197 132.463 142.768 1.798
-77.226 179.645 -6.266 2.129
131.487 0.237 -157.208 2.074
-187.158 171.371 -24.622 1.977
-74.339 162.981 -25.292 1.905
192.450 -114.748 -23.864 2.018
150.103 -88.227 185.716 1.981
-195.280 43.581 91.088 1.999
159.633 169.354 84.554 1.999
221.453 153.538 -177.110 1.901
-123.858 69.470 60.876 2.099
-33.913 -48.706 -179.725 1.956
147.828 17.595 -91.967 1.906
165.730 175.397 -11.470 2.184
223.624 141.208 -130.711 1.985
-208.906 121.199 -127.939 1.945
196.615 77.303 -119.587 2.054
28.396 73.956 154.014 2.025
-127.762 -98.438 -74.960 2.118
45.503 49.086 -153.096 2.025
-139.108 -91.839 116.658 1.869
-188.061 66.687 -15.483 2.047
37.238 57.787 -96.172 2.189
-28.281 -117.644 -102.630 2.109
85.513 -96.317 198.714 1.926
138.032 125.630 -92.610 2.104
-30.543 -5.387 136.628 2.002
93.246 -81.912 -198.832 1.866
213.365 160.285 47.688 1.948
-80.554 -62.058 -199.472 1.866
173.763 -138.669 174.425 1.970
156.743 -30.333 103.644 1.964
-94.774 -44.102 -81.934 2.144
155.247 -88.929 22.874 2.024
-93.700 55.720 176.315 1.901
-220.182 22.909 167.001 2.046
155.129 -136.501 -57.517 1.818
183.541 -189.839 116.787 2.057
-198.476 -119.467 106.282 2.118
-113.096 -16.546 93.525 2.011
-181.156 -36.650 116.522 1.949
45.325 42.347 -147.508 2.029
-31.146 -113.630 -116.832 1.825
224.215 -45.016 191.144 1.933
-84.258 181.828 93.343 2.099
81.468 95.542 -140.434 1.973
-195.132 68.080 171.897 2.023
118.204 -129.543 -61.602 1.921
-222.718 -74.830 -144.923 1.825
-32.496 77.918 126.922 2.071
-193.226 107.448 -188.744 2.101
94.116 128.952 -93.080 1.935
-61.902 27.099 77.043 1.943
-33.905 7.793 153.908 1.960
173.661 -142.805 105.540 1.820
-39.247 42.320 -194.189 1.941
-48.858 -53.357 -78.837 1.957
-159.350 -150.270 17.483 1.957
-12.396 180.860 -27.866 1.951
-2.846 -73.711 105.394 1.928
-169.127 185.352 -28.363 1.890
-72.092 -16.946 -37.760 2.066
30.016 -47.237 90.204 2.034
-157.603 21.173 164.081 1.988
-69.239 -109.411 47.924 2.095
192.540 -90.102 -30.677 1.957
149.000 -2.143 104.482 2.152
147.730 116.116 123.245 1.784
-20.841 -35.455 -30.278 2.027
-157.308 0.159 -126.358 1.825
-137.435 93.214 20.609 1.892
-77.458 -113.705 -136.822 2.026
81.076 -55.614 -87.549 1.957
-164.448 -95.116 49.047 2.033
-127.943 -36.808 -186.530 2.036
-197.297 -48.417 81.463 2.085
73.743 -138.171 -34.181 2.070
-161.205 103.683 5.160 1.989
-215.636 121.418 -106.628 2.108
215.016 -55.371 -96.917 2.054
118.767 9.478 42.070 2.050
95.489 183.691 -89.437 1.980
-31.096 149.866 46.819 1.933
9.649 158.694 150.186 2.001
-116.707 -49.700 160.030 1.940
159.928 -182.581 -63.590 2.218
-61.041 186.227 -84.327 2.226
-185.599 -71.888 -107.933 1.925
-21.774 82.392 161.993 1.878
113.526 48.482 -105.975 2.060
-80.337 106.283 78.095 1.974
219.731 68.425 -153.209 1.917
-49.071 90.608 -115.983 1.899
191.541 138.441 135.353 2.040
-144.302 151.697 -172.416 2.049
-0.088 -45.408 157.742 1.958
49.108 34.301 158.523 1.907
-12.735 151.686 50.417 2.059
9.345 -58.501 183.505 2.002
-132.008 -41.740 123.915 1.677
-83.637 -152.263 -123.864 2.012
-93.214 112.382 61.161 2.104
138.932 -123.551 -76.182 2.056
-85.534 25.505 -110.317 1.910
-176.688 35.802 31.156 2.063
-28.614 -127.515 199.796 2.126
210.811 132.344 -160.321 1.971
-153.044 -25.749 127.755 2.005
-214.974 171.076 -26.982 1.905
178.287 70.619 -72.539 1.946
80.206 -114.155 -67.384 1.958
95.560 28.375 -174.972 1.996
169.041 -7.297 15.355 2.009
-187.096 -126.889 -195.621 1.943
218.243 -70.834 -173.665 1.972
-126.724 -78.019 50.625 1.933
181.158 87.895 -161.255 2.109
213.711 74.195 -166.819 2.067
-196.788 -116.499 8.571 2.070
128.702 38.062 -56.580 1.949
-125.379 82.109 -171.030 2.275
146.985 129.093 -146.137 2.018
156.811 53.398 -105.951 1.930
78.765 53.199 141.189 2.175
99.801 156.969 151.863 1.941
-24.839 -76.366 1.758 2.066
54.424 33.868 -2.727 2.051
48.766 -151.707 39.880 1.845
221.936 50.127 19.658 1.997
-116.312 107.043 -73.204 1.905
-132.726 121.953 157.276 1.950
-123.120 165.127 177.274 2.058
-105.651 -112.654 84.182 2.159
216.104 -53.325 176.196 2.038
197.658 14.812 82.143 2.091
-61.877 14.385 123.894 2.010
-169.181 -100.738 -118.692 2.127
-99.798 -17.370 -19.269 1.996
186.880 15.931 106.510 2.071
-20.923 -120.800 8.404 1.945
-23.688 -183.499 -120.437 1.754
30.295 33.557 55.395 1.984
-198.954 133.577 60.773 2.000
-166.440 -73.614 -71.442 2.131
159.683 110.763 -87.587 2.015
-8.487 144.388 -5.362 2.009
-171.086 11.718 -159.461 2.055
-208.671 -29.552 75.105 2.143
38.336 0.413 162.661 1.986
-18.020 34.556 144.900 2.067
-33.893 47.617 -135.033 2.034
-95.176 -33.682 -73.169 2.074
171.598 -153.471 -185.333 1.922
209.341 145.258 113.691 1.898
-217.208 13.292 -142.541 1.920
36.801 -180.885 38.247 1.844
-63.019 -165.080 114.819 1.943
160.582 -143.086 -19.390 2.060
-159.410 22.641 -37.549 1.962
135.503 56.109 168.973 1.838
-221.101 58.063 -158.812 1.973
52.346 16.733 -79.942 1.925
-72.094 8.835 -141.144 2.111
-103.832 -161.886 166.740 2.101
100.691 -102.775 -56.631 2.100
-182.018 86.405 -48.332 2.092
196.186 161.952 137.940 2.034
-39.137 -74.079 -47.392 2.019
-208.556 181.320 -114.682 1.817
-42.541 -55.550 -84.036 1.915
105.548 -34.640 5.715 1.936
-144.913 -21.746 -190.462 1.969
-171.298 -159.041 -187.008 2.025
28.967 -5.498 -38.530 2.220
-154.619 174.717 -162.333 1.916
-160.484 108.260 -68.909 2.019
178.728 -100.405 101.107 2.104
-120.001 -159.064 -57.823 2.041
-63.536 -48.423 151.016 2.012
-11.853 178.545 -87.238 2.033
-146.585 -135.443 146.698 1.877
-165.711 132.768 -160.636 2.097
33.477 7.588 187.886 1.896
59.956 59.149 45.768 2.054
-118.770 62.607 120.709 1.963
-29.586 70.343 -61.165 2.005
2.510 183.469 -39.272 1.915
97.076 -91.089 192.637 1.938
68.458 92.287 168.497 1.751
25.785 -13.193 175.219 1.970
-48.266 -160.248 -57.899 1.974
196.630 10.256 86.072 2.226
19.609 -16.366 63.115 1.939
-83.351 -101.626 43.342 1.752
-220.343 158.778 -143.005 1.954
-70.847 -43.882 -91.827 1.757
-57.362 -8.820 -181.618 1.946
-56.368 182.782 -20.047 2.116
121.322 128.060 -70.810 1.935
210.607 -184.479 191.710 2.150
-216.476 -137.648 -179.245 2.032
-113.798 167.686 142.135 1.912
-106.225 -165.507 -165.986 1.995
146.496 -38.247 152.446 2.161
-143.240 -5.764 -188.674 1.959
-175.094 37.801 72.981 1.980
96.299 -161.315 117.401 1.848
209.181 -47.778 188.606 2.061
-163.111 87.859 184.194 1.936
200.496 72.989 11.705 1.926
-198.081 -29.165 -12.305 2.137
-159.384 138.477 113.043 2.030
-165.116 16.777 -67.183 1.963
30.941 -87.661 106.510 2.051
-175.599 172.049 -126.652 1.889
-129.180 -141.677 105.347 2.041
187.602 -8.055 107.980 2.247
-46.273 -156.474 4.649 2.001
96.913 -104.032 -110.857 1.882
-11.494 94.810 -25.579 2.137
-198.558 189.349 -190.417 1.953
179.695 117.918 23.399 1.947
-52.526 5.430 150.094 2.011
175.750 165.527 159.238 2.035
145.354 -185.302 -40.170 2.005
116.683 -32.927 -20.329 1.775
42.085 148.775 199.606 1.931
169.183 159.803 71.720 2.096
39.547 62.133 -30.021 1.915
-55.531 -54.257 59.000 1.933
219.742 -174.849 -155.423 2.025
190.885 -171.770 -112.545 2.041
71.637 -97.099 121.771 2.040
57.978 4.212 -71.243 2.290
73.887 -20.755 -137.316 2.181
91.965 130.049 28.361 2.204
-27.539 20.117 10.588 1.948
-15.790 83.311 73.793 2.052
-146.831 50.708 185.250 2.135
-14.357 2.666 184.160 1.937
193.974 -131.212 168.177 1.937
189.208 103.624 -82.472 2.007
142.950 -120.239 -58.197 2.105
-212.495 -150.478 -141.887 2.072
-104.401 -49.200 8.780 1.910
-0.583 -70.230 -94.939 1.963
-177.571 66.565 -1.729 1.937
37.037 90.551 -109.936 1.981
158.408 -151.060 146.287 1.983
5.651 -148.497 183.482 2.022
-66.564 163.014 -15.200 1.911
-81.706 78.213 -46.428 2.026
140.011 -149.450 -28.086 2.097
80.990 -105.104 124.290 2.031
172.460 -164.094 188.803 1.989
119.480 186.193 144.349 2.136
-141.581 -149.675 -161.733 2.148
-73.139 13.572 -166.889 2.067
-13.067 158.539 -129.647 1.869
-85.582 -189.915 -39.849 2.059
122.751 -6.488 -81.279 1.804
96.730 103.605 151.635 1.795
97.426 -58.221 -93.613 1.953
-107.917 98.232 192.971 1.808
157.835 48.361 -51.668 1.975
-46.831 107.854 188.713 2.161
54.667 -72.363 -89.194 1.968
146.060 42.502 -41.221 2.145
-60.892 82.745 -160.719 2.104
-217.018 -79.014 -148.573 1.832
-202.400 -180.957 79.302 1.920
-95.454 -14.838 -140.356 1.929
-80.604 -93.270 -105.078 2.009
-133.701 -134.558 25.533 1.996
187.137 122.355 -190.006 2.056
106.692 101.121 -7.855 1.922
-10.219 115.766 -56.555 2.043
11.084 3.126 97.520 2.002
-206.452 3.294 -47.151 1.981
164.517 59.788 -127.429 1.934
-66.196 40.073 -132.729 1.951
77.186 -55.953 162.394 1.861
92.830 -102.135 -199.880 2.006
221.351 -78.271 -81.804 1.898
144.018 68.961 46.688 2.083
-146.132 50.885 -58.802 2.059
-90.874 -171.712 -63.670 1.960
-106.120 -170.491 163.357 1.971
107.675 168.173 183.865 1.901
41.052 -100.153 -55.975 2.004
113.309 -96.772 51.804 1.957
65.372 -161.522 151.130 1.695
-118.871 -159.659 -164.723 2.007
150.381 -125.005 -87.342 1.935
-26.293 153.504 46.870 2.138
-117.879 16.307 32.428 2.010
136.688 -133.461 129.248 1.969
-103.745 -58.593 -44.040 2.090
1.312 43.475 -1.392 2.059
188.318 -92.502 196.813 1.981
-202.350 -172.524 -97.881 2.070
-24.706 37.329 -143.171 1.976
-30.541 48.093 -19.952 2.103
-45.416 25.066 73.934 1.945
-216.851 -187.370 113.817 1.943
5.078 -167.099 -79.112 2.094
-164.500 89.191 -132.726 1.983
-8.829 -172.539 138.521 2.005
-65.684 -12.746 144.131 1.954
120.766 149.620 -181.548 2.039
-71.447 91.086 33.967 2.205
-126.218 90.356 198.033 2.077
171.030 9.045 35.501 2.003
-203.734 -180.051 -172.054 1.867
9.599 38.740 133.783 1.955
-176.042 -8.855 -20.721 1.902
138.945 154.399 199.387 2.036
211.935 -174.141 -24.756 2.010
17.369 106.158 -165.982 2.071
3.712 -118.913 -115.364 1.959
48.098 28.979 -172.844 1.979
14.717 156.704 -75.955 1.867
184.121 -54.395 97.621 2.021
-192.161 -146.646 107.804 2.037
-8.351 -14.756 -147.276 2.161
-156.321 125.963 -41.948 1.939
-39.146 -178.045 -141.016 2.104
-154.343 161.189 -97.872 1.995
194.742 -33.053 -191.910 2.027
-219.826 -38.952 131.809 1.838
-123.742 5.372 -186.963 2.129
156.838 20.744 -162.940 2.049
123.881 25.593 -29.554 2.166
-220.668 -3.050 -143.526 1.933
162.339 -17.695 -44.238 1.968
73.138 88.042 -81.352 2.004
16.798 -161.270 -89.470 2.206
104.591 34.081 132.304 1.924
147.965 -47.341 -199.762 1.909
-12.356 -98.610 -113.628 2.089
-39.351 -65.650 -75.313 1.832
210.387 34.036 -151.352 2.070
14.999 105.677 -119.388 1.816
16.013 87.868 124.444 1.870
-200.485 -75.048 84.511 1.901
-142.112 114.204 -152.784 2.019
117.814 143.305 -30.357 1.967
23.367 32.236 -195.668 2.106
70.709 80.567 146.146 2.046
155.497 -63.645 191.455 1.867
68.744 160.451 -126.263 1.954
199.795 124.713 42.478 2.113
-38.968 -87.121 126.339 1.867
-152.659 -160.991 74.970 1.993
-151.014 -117.486 -60.547 2.031
-142.392 -92.563 -55.897 1.916
182.087 -183.201 134.062 2.035
181.286 176.063 -43.793 1.875
-75.028 15.506 53.821 2.137
78.594 6.964 -154.720 2.005
-123.800 144.007 195.645 2.047
4.187 -117.570 33.122 1.861
204.607 115.447 -64.502 1.946
-15.621 -105.659 -44.224 1.968
-165.575 155.223 155.899 2.076
32.424 119.754 -82.366 2.017
-207.146 -104.547 155.238 1.929
25.293 -51.996 23.051 2.031
-186.874 -85.220 -70.374 2.038
34.456 98.725 -143.733 2.028
-175.930 -129.210 -13.100 1.943
-192.729 2.813 -19.873 1.998
78.735 -33.627 -155.001 1.964
91.529 -188.743 26.770 2.124
-191.509 51.307 -45.344 2.158
176.215 36.391 -123.460 1.887
157.314 86.118 131.265 1.873
-107.905 -55.428 -87.560 1.971
-165.358 93.351 -8.889 2.040
62.890 -183.960 -103.583 1.922
157.713 -71.022 89.930 2.211
-213.855 -67.135 68.738 2.151
70.326 9.570 175.259 2.040
4.415 -47.408 -87.330 2.017
-166.609 -78.612 -42.950 1.834
-74.440 -7.233 108.760 1.969
40.680 -71.656 44.682 1.904
-191.166 112.305 -178.210 1.964
152.143 -37.455 130.766 1.893
-37.466 124.136 -96.470 1.991
3.736 -75.885 175.403 2.152
202.155 148.451 -99.674 1.912
110.285 92.632 171.878 2.041
102.527 151.258 199.549 1.991
-54.975 189.270 -191.021 2.280
172.903 -181.771 -21.383 2.097
-189.184 -137.267 -119.666 2.000
-204.730 -189.330 -193.522 2.053
78.421 131.152 190.628 2.073
-156.575 -2.835 130.476 2.159
-13.383 -186.790 -72.065 2.067
129.593 28.935 155.632 2.018
-187.791 -177.950 62.231 2.085
-149.673 42.389 -140.556 2.016
58.511 60.982 10.492 1.887
-133.325 -109.468 -177.077 1.952
223.365 122.377 -115.497 2.042
39.814 90.028 180.205 2.134
76.360 -107.879 93.018 2.029
-191.444 -78.111 -109.001 2.053
-178.192 -28.998 -46.405 1.925
-46.088 136.850 66.354 2.045
-153.699 140.296 -102.002 1.935
-222.839 -77.499 -7.268 1.966
-58.713 -159.102 -173.866 2.017
220.924 15.874 -166.946 2.014
-94.257 -46.823 -105.278 2.019
146.009 -171.982 130.138 1.974
-56.670 -89.259 129.242 2.087
-6.380 -130.691 41.695 2.118
-182.768 167.087 -26.273 1.721
58.393 71.228 -92.068 1.871
89.502 -17.692 195.454 1.974
209.621 -113.868 -73.392 1.875
203.450 23.862 30.104 1.868
-205.744 -111.522 173.395 2.068
96.960 -13.280 -161.342 2.045
117.484 -10.093 144.493 1.957
-24.123 -124.912 15.020 1.996
-155.607 -4.144 -115.070 1.996
-208.557 -142.357 142.775 2.026
-179.816 74.738 188.531 2.067
-204.033 -3.685 -104.353 1.862
159.112 91.623 62.085 1.977
169.408 9.056 17.541 1.934
62.388 -26.659 27.817 1.981
-98.895 -46.739 23.175 1.845
77.287 102.809 -112.266 2.029
-64.925 152.905 172.776 2.042
11.470 117.673 180.763 2.100
56.549 -105.309 -44.197 2.135
-73.256 113.553 176.087 2.096
162.235 -186.179 -189.208 1.816
221.969 -79.354 -21.216 2.130
-3.060 42.990 164.944 1.785
-216.156 47.151 19.677 1.914
-144.145 -176.341 -101.367 2.169
-177.323 -164.163 -10.225 1.949
-188.907 104.430 -190.694 1.906
111.246 60.782 141.158 1.997
-33.140 -124.088 47.406 1.782
-133.477 -0.087 -36.252 2.005
170.959 -24.224 78.475 2.104
-13.182 187.553 -149.497 1.909
-102.472 93.495 196.061 1.983
175.526 25.464 -184.178 1.989
207.421 -104.410 184.174 1.920
72.536 -182.293 142.675 1.951
-41.177 -113.386 -104.199 2.190
-146.761 -102.916 -198.782 1.963
-64.732 170.568 -178.660 1.884
-182.362 -89.597 161.952 2.022
-168.895 -9.555 -22.460 2.088
122.218 -154.197 121.573 2.038
43.145 119.995 85.527 2.090
136.597 -181.247 18.944 1.941
59.793 -57.408 -130.492 2.145
180.055 109.159 -173.976 2.120
198.185 24.340 45.938 1.880
199.762 91.805 -17.145 1.985
-185.163 -57.004 -108.562 1.950
114.787 -62.297 -143.250 2.134
118.221 151.681 -103.558 2.065
120.930 156.338 -42.476 1.884
99.579 113.756 -112.928 1.967
56.647 89.394 127.419 1.922
109.811 67.635 146.096 2.065
158.414 42.920 -45.731 1.936
18.707 -119.673 -60.590 1.975
145.479 40.469 -2.446 1.973
35.619 -178.763 142.126 2.056
-196.000 174.612 -198.638 1.971
159.536 56.621 -142.314 1.912
-223.530 134.109 -0.315 2.026
-209.508 47.729 78.827 1.993
-70.293 141.728 193.206 1.875
2.217 -176.867 170.901 1.850
-215.802 -156.624 123.978 1.991
-186.485 -87.241 77.879 1.935
73.468 65.498 -190.999 2.072
142.018 126.602 72.468 1.979
-77.618 -175.145 -57.523 1.921
-178.064 13.615 77.827 1.963
-181.754 177.512 24.170 2.057
152.839 121.661 190.783 2.097
141.367 121.746 -168.393 2.152
-76.335 -153.030 -68.589 1.915
-200.573 33.717 -61.497 1.887
59.658 5.641 -33.603 1.874
80.272 20.739 -43.053 1.995
-139.836 -36.200 28.034 2.013
-110.239 150.511 -62.681 1.981
-140.773 113.999 191.768 2.000
218.638 83.137 88.291 1.911
-33.760 159.339 2.659 1.972
-168.478 43.648 117.437 2.070
-107.799 -167.901 149.304 2.250
-88.162 -66.745 80.877 1.995
-162.251 -177.971 -148.828 1.977
45.172 83.033 146.226 1.944
-107.245 -1.153 -28.961 1.845
151.448 -67.479 -88.121 2.081
-18.658 -95.356 -162.192 2.095
88.899 121.053 -69.246 1.934
86.322 118.276 80.561 1.876
-106.708 -27.156 -132.582 1.893
-108.291 -111.863 -120.081 1.995
-69.591 3.879 -64.583 2.067
-156.549 -59.481 -173.443 1.977
172.291 -174.847 -169.958 1.933
-186.555 -175.287 13.485 2.154
-134.430 -156.502 -115.611 1.916
-7.225 108.380 -46.049 2.092
-17.417 145.341 -103.805 2.128
216.066 -182.627 -23.098 1.937
151.387 100.990 67.561 2.051
-147.791 127.738 -54.181 1.968
134.013 144.024 70.322 2.111
197.897 85.778 42.941 1.926
-42.798 -90.872 -145.511 2.008
-23.563 -66.103 105.901 2.014
196.175 2.759 43.850 1.947
207.479 92.115 -56.554 2.160
-23.767 189.872 -183.259 1.999
-30.595 156.120 183.706 1.965
117.730 -147.288 74.988 1.889
-203.974 -81.508 151.072 1.985
179.673 56.444 -41.243 2.018
-1.571 -151.484 -139.054 2.027
59.283 111.867 -173.453 2.122
36.639 175.274 40.304 2.079
-83.332 -110.329 -198.491 1.956
-22.028 61.346 152.728 1.866
-30.529 146.751 -76.780 1.794
94.331 -89.186 133.080 2.066
-48.733 -141.800 -6.798 2.102
198.179 146.396 -52.239 2.211
60.747 166.509 -124.818 2.012
147.939 53.778 179.906 2.090
116.693 13.267 9.262 2.010
66.084 106.766 68.429 1.967
102.828 -122.184 -144.939 2.045
99.630 52.537 58.013 2.137
-96.860 19.298 -98.525 1.928
211.493 111.089 -196.118 1.989
-142.032 45.741 24.299 2.027
-202.776 -34.559 -87.564 1.988
16.682 -132.493 -114.522 1.921
209.955 -18.549 -132.542 2.111
19.107 -44.944 -163.052 1.979
180.599 77.078 -65.457 2.128
-33.537 -145.187 -183.397 2.174
-49.081 111.929 53.875 2.074
-25.123 163.401 122.070 1.957
161.645 151.148 199.172 1.961
10.182 87.506 33.147 1.992
4.750 -77.277 93.828 1.901
-22.699 14.644 68.335 1.899
184.200 181.386 -44.537 2.091
158.596 91.900 -107.475 1.866
-86.713 -96.713 62.484 1.954
118.172 -184.130 85.186 1.937
-101.000 55.859 26.915 1.958
-124.394 -70.818 172.821 1.978
-100.446 -24.194 -88.437 1.974
6.529 40.229 161.327 1.997
-173.380 86.140 41.483 1.902
-181.129 -101.134 -110.871 2.096
4.664 133.604 -150.240 2.137
131.597 142.831 -183.544 2.063
-15.573 -67.896 19.560 1.987
162.909 -80.166 75.796 2.129
-155.498 -154.315 -113.377 2.022
-105.403 -141.933 110.286 1.786
117.017 -29.977 -62.701 2.201
68.909 165.460 -195.982 2.040
-58.859 166.243 114.814 2.186
20.865 172.883 -178.290 1.970
223.407 139.202 9.223 1.978
52.904 57.706 -7.266 2.161
131.470 -17.052 96.631 2.085
-220.597 48.522 142.614 2.041
89.564 145.223 176.438 1.945
-192.708 38.224 -42.185 2.099
56.010 68.814 64.095 2.090
-217.194 66.610 -157.266 1.976
148.451 88.560 -169.773 2.089
-47.773 -12.397 -66.802 2.017
85.459 181.102 158.139 1.994
-42.565 101.893 -36.762 2.026
-3.393 -183.850 35.765 1.952
198.992 -120.066 125.733 2.013
215.030 66.377 -45.287 1.810
142.084 43.568 -147.478 1.960
-46.138 -136.979 142.452 1.862
101.798 -141.254 190.797 1.947
-219.552 65.156 170.989 1.998
-136.643 100.423 122.634 2.066
3.040 -125.863 144.078 1.733
-49.800 105.250 64.438 2.057
-61.969 -140.223 -80.030 1.778
10.907 -127.423 -49.201 2.021
18.116 -126.060 -20.420 1.901
178.031 180.225 -4.612 1.930
-3.187 -101.238 -110.820 1.967
-170.497 23.474 -165.072 1.997
-206.050 58.041 -158.355 1.863
-48.619 -158.645 189.880 2.052
195.870 -157.505 79.447 1.898
150.910 -35.221 -146.085 1.947
50.500 -73.238 -120.625 2.137
-32.358 101.523 131.749 1.963
-161.165 -7.691 149.405 1.891
221.636 -78.332 -33.605 1.907
-4.761 -75.159 -119.970 1.829
213.962 -133.186 34.500 1.972
-95.589 -110.827 105.796 1.966
198.377 -183.506 -198.085 1.977
194.094 -98.561 -166.903 2.159
-173.440 119.135 53.578 2.123
-85.113 -72.727 148.279 1.993
-14.940 66.469 -50.676 1.668
-44.201 -84.293 179.214 2.092
-175.531 -21.432 -54.688 1.995
52.810 33.764 -186.076 1.978
-24.537 -151.887 194.234 2.035
-90.941 133.907 193.813 1.898
-198.487 161.019 -106.409 1.909
138.187 -102.625 -61.105 2.058
-108.416 95.759 98.724 1.951
44.829 71.251 -100.547 1.855
-182.751 -31.954 -24.678 1.951
-95.060 162.760 -98.773 2.099
-175.650 -162.015 -180.754 2.074
199.290 -127.516 -74.901 1.953
131.238 -65.963 -21.961 2.022
-169.804 -139.290 129.719 2.016
169.852 39.681 -100.844 2.355
25.766 114.623 -49.446 2.205
98.900 -188.671 90.170 1.973
-139.757 -175.718 -117.683 2.084
38.992 -91.419 -130.904 1.886
-13.198 -107.441 68.303 1.967
-125.591 -176.614 -75.773 2.085
-66.528 142.190 152.610 1.983
-179.778 182.848 144.067 2.078
216.499 39.482 -190.914 1.876
122.395 -35.752 -0.044 2.116
130.450 98.813 -136.739 2.050
75.914 134.512 80.754 1.978
13.277 -75.361 -129.263 2.061
-24.230 -118.730 -89.051 1.963
-177.140 -1.518 -29.227 2.056
-91.077 89.709 1.769 2.105
-41.409 92.352 -157.441 1.995
220.252 81.937 -71.719 1.972
75.593 78.184 87.644 2.082
-195.117 -110.157 179.363 2.045
36.358 -177.613 19.659 1.948
-38.598 -142.469 -9.140 1.948
155.396 162.868 122.004 1.988
137.152 91.417 82.791 2.084
2.598 131.711 136.563 2.080
-63.150 27.311 -136.247 2.036
-76.992 -131.690 -131.721 2.129
-12.974 -118.208 177.957 1.809
224.244 -127.159 83.155 1.845
45.015 -170.437 83.659 1.858
162.344 91.090 -29.857 1.827
216.226 -24.607 181.942 2.005
-81.519 -76.463 105.220 2.092
-164.297 -154.452 158.147 2.027
200.899 84.724 -10.067 2.099
3.211 110.190 -20.863 1.985
107.015 17.390 172.951 1.961
-165.648 43.542 38.570 1.956
69.080 90.639 65.458 2.150
102.220 -188.215 -129.614 1.928
-4.022 33.287 185.488 1.996
26.638 152.877 -121.825 1.880
-8.231 -47.242 -116.053 1.952
-102.132 -188.502 -25.035 1.891
108.572 183.299 75.316 2.078
219.727 156.294 74.740 1.939
-212.619 -126.253 184.673 2.088
157.229 45.742 -83.354 1.886
140.070 -171.785 6.468 1.976
98.523 135.646 -193.789 2.186
-136.341 -13.322 -5.561 1.943
-185.318 71.099 -166.831 1.915
79.177 126.996 -44.158 2.102
-134.963 179.123 -156.317 2.086
-125.498 -98.927 121.848 1.991
-28.211 51.996 -166.061 2.051
-31.142 -91.276 29.018 2.065
-85.790 -93.265 -22.412 1.920
105.826 183.290 -193.471 2.055
-165.746 -10.752 183.763 1.997
-58.796 -185.523 59.914 1.968
-35.332 32.596 -68.731 2.030
-157.789 155.105 78.999 1.835
-87.792 -125.713 -81.062 2.153
139.583 -14.667 -130.669 2.128
-122.898 106.336 21.786 1.966
9.492 78.718 38.041 1.913
150.942 8.380 -176.958 2.096
-185.394 46.597 -139.444 1.970
196.029 149.291 115.454 1.996
-173.024 28.211 -131.905 1.923
-136.428 -133.839 -198.250 2.103
-215.202 -171.660 -24.900 1.942
179.024 -183.740 151.161 2.046
87.348 175.264 -22.878 2.025
193.588 -100.516 -192.492 2.113
-207.784 -167.705 -86.917 2.035
-116.214 -81.368 -30.755 2.163
-80.230 150.917 138.861 1.991
83.386 33.922 48.856 1.897
-208.495 -158.098 64.865 2.028
189.131 -28.565 -146.268 1.905
-116.912 -40.770 4.807 2.089
26.200 146.549 56.666 2.103
-111.221 -148.341 37.563 1.999
-24.275 36.501 -162.045 1.976
79.616 79.672 26.788 1.960
-79.100 -153.421 -193.455 2.092
-101.228 20.528 -189.050 2.086
160.332 -85.108 126.805 1.959
155.829 -77.243 -170.054 2.100
-119.861 7.639 -81.333 1.916
190.247 167.529 4.311 1.944
123.460 -61.592 43.554 1.967
17.783 67.078 121.574 2.110
-194.556 -33.548 34.189 2.116
47.328 189.444 139.872 1.866
24.936 5.914 124.138 1.960
-175.912 -85.018 133.313 2.100
207.040 82.627 30.134 2.034
-96.821 -119.857 -110.987 1.988
161.586 -116.958 83.962 2.017
-55.856 -93.095 26.569 1.838
106.036 -149.562 128.654 1.953
-119.818 -139.643 22.391 2.081
85.934 -178.452 -109.163 1.999
33.826 174.413 -133.486 2.022
-179.477 -26.542 132.602 1.772
-127.469 156.381 60.178 1.999
-135.715 41.616 37.430 2.066
159.231 -168.618 71.225 1.955
-130.487 -83.640 -45.630 1.943
-192.510 -71.874 104.267 2.103
168.871 -28.918 -48.864 2.096
153.605 -83.779 -130.887 2.174
-183.288 75.349 -65.433 1.934
119.082 -157.885 171.637 2.219
-39.783 85.692 -80.402 1.890
-33.432 -185.299 5.206 1.894
-93.721 27.374 122.294 1.841
-55.553 -49.839 -62.649 1.946
-55.261 -152.401 40.677 1.822
-218.643 71.874 -10.301 1.989
-55.580 164.017 -92.252 1.906
183.741 -180.250 14.353 2.030
-71.999 18.527 14.351 2.039
149.426 127.953 -95.936 2.050
-7.381 -50.224 -58.066 1.938
-40.384 -62.196 101.225 1.997
-17.647 74.840 94.678 2.043
113.462 -24.480 -63.568 2.115
-43.769 170.598 40.978 2.075
-49.699 184.850 -177.163 1.918
-34.172 -28.960 -143.924 1.864
-55.046 67.812 -11.783 2.054
32.949 102.745 185.071 1.951
65.936 -88.583 176.094 1.893
190.583 71.502 -178.939 2.024
42.802 140.505 137.748 1.949
