-5.102 60.263 80.124 2.114
-71.101 -141.897 95.568 1.877
-60.141 -40.393 134.464 1.996
-209.945 160.754 -171.123 2.054
-193.763 -89.284 -84.906 2.192
114.373 108.881 42.651 2.023
49.490 -52.701 -57.287 1.997
-154.754 -92.812 -60.768 2.264
-167.263 -56.143 53.919 2.048
-172.659 113.220 145.811 1.928
-145.467 -47.439 48.374 2.079
-161.967 -181.626 199.956 1.996
-181.718 -0.641 98.014 1.928
114.847 -89.483 69.728 2.034
-60.907 184.330 -74.725 1.903
-66.208 -111.090 -87.791 1.940
19.510 -51.529 -162.813 1.937
81.000 -98.209 78.092 1.902
62.549 -54.768 69.818 2.080
108.557 108.742 -65.555 2.060
127.474 -181.296 79.598 1.963
-90.292 128.754 101.261 2.069
204.122 -49.620 -44.803 2.169
-66.321 46.641 185.357 1.948
-38.522 141.336 -180.675 2.104
-212.224 -4.410 155.161 1.976
-43.182 17.837 92.378 1.833
24.374 -114.603 168.359 1.974
-105.622 52.385 136.807 1.896
22.626 -76.245 -121.981 2.064
62.340 106.603 155.225 1.985
-15.222 104.507 -18.411 2.042
14.482 -20.686 69.840 2.013
-40.890 27.095 -173.240 1.813
146.540 136.149 24.500 2.025
39.169 -172.749 100.657 2.006
-33.397 3.724 -189.060 2.011
-222.799 -121.241 160.483 2.108
-80.874 22.086 -56.344 2.055
-62.663 -23.125 98.813 2.105
197.629 128.397 180.422 1.881
-217.996 3.755 175.913 2.063
-4.865 -66.769 96.175 2.015
-55.836 49.661 155.436 2.074
18.966 55.284 188.911 1.909
-4.761 21.137 79.463 1.764
88.911 -20.029 51.581 1.965
53.877 72.497 -123.551 1.951
111.497 -50.331 -52.342 2.174
-12.352 -137.475 4.277 1.944
34.431 151.301 103.671 1.868
-83.139 -173.312 98.380 1.947
-141.231 185.141 93.541 1.872
-50.700 -168.367 92.976 1.968
42.806 59.167 -123.487 1.906
-147.928 17.553 4.239 2.072
-45.531 86.981 98.258 2.057
31.387 -118.732 195.428 2.007
-80.542 29.445 -92.975 2.038
159.429 -164.792 64.919 1.856
164.009 -42.102 173.905 2.150
-201.547 69.321 44.943 2.146
-117.714 -161.435 77.182 1.989
53.670 -61.699 63.349 2.095
-5.745 148.265 20.058 1.804
-139.516 106.646 145.763 1.988
-210.988 -126.366 197.032 1.902
-90.960 150.025 47.502 2.060
-101.109 -19.428 -49.730 2.077
129.660 29.811 -136.855 2.104
-76.942 -75.455 135.899 1.836
174.784 -117.354 193.041 1.735
-71.028 176.666 -35.777 1.831
-197.669 -106.993 156.905 2.130
188.990 -64.383 -17.663 2.090
80.347 -144.086 -93.873 2.143
104.155 -93.094 174.839 2.090
-92.357 189.664 -175.183 1.939
163.584 147.864 -94.347 1.944
97.654 -10.929 146.870 1.994
-156.613 -6.951 -151.905 1.899
160.928 114.243 131.961 1.990
84.665 14.696 -36.014 2.145
209.261 38.560 -166.035 1.990
208.381 23.238 187.385 1.963
-175.952 -111.033 180.323 2.113
130.002 69.650 193.438 2.150
14.152 -127.163 -1.286 2.013
-12.884 -146.128 40.486 1.965
71.242 -120.146 30.798 1.975
-84.880 85.463 -12.204 2.037
0.459 -135.313 23.141 1.777
-119.558 120.302 -48.275 1.967
-179.225 -15.346 -173.374 2.082
208.914 -60.949 -103.801 1.904
143.881 -96.239 123.952 1.857
-8.382 79.155 -183.811 1.910
-79.934 -114.797 86.841 2.140
-184.918 -180.081 -56.992 2.003
-101.224 -130.520 -17.400 2.054
50.851 5.913 87.299 2.037
27.404 38.700 -8.181 2.032
-165.924 -129.707 188.780 1.954
223.731 98.682 152.246 1.693
-24.839 -51.966 -70.340 2.135
-171.433 -8.478 -73.135 1.917
-34.753 -73.178 -171.503 2.156
-127.121 187.947 138.060 1.828
118.805 -77.285 108.615 2.000
201.707 -23.092 -159.629 1.876
-100.311 -81.536 78.760 2.216
183.731 169.289 -29.701 1.908
-224.893 -30.477 57.891 2.021
38.483 -28.470 141.967 2.018
-130.241 61.028 -140.995 1.856
-186.278 -166.817 -100.094 1.991
-54.662 -119.553 194.893 2.168
12.337 -82.621 -172.545 2.070
-93.896 -72.784 -169.253 1.885
107.765 -7.669 -96.196 1.978
-200.572 80.883 107.954 2.004
69.373 92.101 -70.909 2.183
82.292 36.236 25.152 1.964
20.083 109.898 -65.310 2.018
-73.942 162.340 43.557 2.062
-64.305 -32.936 192.853 2.031
18.870 47.499 -113.786 1.991
-185.866 -123.774 -72.031 2.088
152.540 37.926 -190.768 2.086
175.221 83.213 85.051 2.091
-184.472 140.723 145.925 2.102
-124.644 -23.576 16.098 1.831
192.678 60.319 -107.723 1.997
212.037 49.215 -153.234 2.022
-85.352 10.700 -43.386 2.026
-154.960 -83.679 34.481 1.915
-61.083 -19.262 -161.366 2.000
147.301 57.962 -131.548 2.187
192.218 183.854 -154.832 2.169
-15.805 78.792 1.559 1.937
79.710 -22.033 -121.749 1.917
77.595 -128.090 -47.341 2.002
205.921 165.032 -62.268 2.205
183.111 -106.110 191.222 2.050
-200.210 124.107 196.390 2.081
-173.089 149.186 102.707 2.189
-120.671 -136.228 -51.243 1.993
32.336 -172.505 -91.147 1.946
200.663 -148.836 191.962 1.889
-57.670 -75.698 82.671 1.891
52.395 -152.872 -18.445 1.977
60.368 -173.314 86.824 1.944
-190.206 0.627 43.497 2.074
-150.555 -92.085 23.980 2.182
-122.443 86.884 168.685 1.706
93.763 -186.402 25.331 2.041
-119.883 -68.213 -140.257 1.935
-202.473 27.936 79.807 2.016
-95.774 -156.412 -133.306 2.023
-203.569 18.117 -127.106 2.025
160.764 188.607 123.034 2.015
60.830 98.243 125.198 2.078
155.818 106.894 -137.002 2.121
-121.097 109.624 -107.251 2.172
-90.964 112.381 76.488 1.922
-222.953 73.974 -171.511 1.988
-50.351 56.205 -7.412 2.107
-2.158 -48.259 -128.812 1.957
175.387 59.785 -142.212 2.143
-215.953 -41.794 -174.046 2.154
-95.057 -52.721 -88.439 1.879
100.213 -42.492 -104.301 2.137
-224.269 146.398 141.891 2.010
-84.267 63.093 118.609 2.081
-131.752 101.183 146.693 2.165
184.500 -148.667 42.997 2.105
101.753 -82.611 -88.024 1.846
-152.023 178.523 -157.317 2.138
100.724 -132.812 -164.180 2.085
-1.902 163.145 158.428 2.069
62.548 160.173 -139.289 1.951
183.708 -48.899 -138.926 1.994
-139.822 -128.261 -113.723 1.958
143.227 -121.208 170.430 2.143
11.718 187.219 -164.516 1.971
170.380 90.779 -1.009 1.944
67.720 -90.584 -142.601 2.111
214.207 188.773 173.986 2.073
-206.788 -26.865 60.360 2.030
-63.945 73.974 74.165 2.000
-143.465 36.014 35.489 2.136
133.853 -184.599 -71.846 1.977
41.075 150.611 -133.775 2.020
-2.987 -186.891 -51.728 1.815
98.633 -183.378 -31.685 2.082
13.111 59.511 -141.165 2.066
106.893 5.958 3.994 2.091
175.842 133.401 133.764 2.239
3.314 3.882 172.886 2.262
93.360 -9.731 -28.987 2.158
76.335 163.963 113.401 2.009
-17.542 41.956 -53.262 2.047
108.894 164.364 2.074 2.050
-88.929 -56.026 -79.223 1.933
-169.528 -101.594 14.962 2.057
77.676 -118.661 1.099 2.139
-141.922 -120.772 8.688 2.046
-216.043 106.538 -30.478 2.002
82.944 157.650 -187.055 1.964
-178.655 181.217 81.357 2.028
-115.232 121.559 -77.720 2.094
-213.698 95.694 158.715 2.223
157.375 123.856 -41.384 2.120
-222.597 50.353 -77.833 2.095
-130.271 172.975 60.708 2.033
-70.559 89.778 161.280 1.811
-107.725 -39.055 -116.073 2.018
20.773 135.340 166.356 1.993
-66.636 15.647 -172.746 2.008
41.859 -130.094 10.776 1.883
-29.860 1.889 -101.690 2.007
125.902 -82.108 -66.534 2.040
-97.863 -151.125 112.812 2.018
39.127 66.340 152.806 1.917
-66.938 161.383 -33.300 2.158
-75.398 126.289 140.347 1.955
-217.397 -180.169 -76.462 2.026
-216.979 -0.115 -84.712 1.941
5.321 -26.167 -164.779 2.020
179.481 -45.091 -99.711 2.112
-0.100 -124.811 -94.237 2.008
-199.844 -28.606 13.804 1.961
116.093 -52.598 -93.373 2.106
168.148 33.631 -113.827 2.269
-101.762 -150.026 105.320 2.030
87.979 -102.517 107.870 2.024
-13.239 -32.740 175.387 2.093
-117.108 40.954 -17.572 1.987
34.861 120.355 -184.778 2.069
163.040 85.996 -161.368 1.998
210.763 20.290 -132.474 2.026
-163.337 -34.249 -152.387 1.899
93.154 127.325 -117.796 1.884
217.397 146.746 -96.769 1.878
-64.498 34.118 -184.894 2.167
127.861 -33.614 64.400 2.011
13.019 154.054 -153.473 2.040
53.772 127.509 -39.600 2.037
210.788 150.709 61.108 2.068
-136.368 10.324 195.869 1.975
212.093 27.058 -8.119 1.999
127.794 153.545 -92.967 1.890
-160.451 -175.933 136.864 1.831
199.618 126.385 8.659 1.967
31.309 -16.748 51.187 1.998
-24.264 -15.991 128.409 2.037
-189.300 79.373 38.547 2.040
-123.642 84.790 -59.271 2.073
-79.467 -62.920 -4.916 1.948
40.217 31.947 -79.916 1.953
-20.299 3.549 -181.538 1.917
-100.296 -146.936 20.501 2.078
179.793 11.143 -86.026 2.010
8.125 64.244 -93.414 1.922
24.918 86.409 -38.677 2.028
-177.048 -40.156 100.885 2.046
126.658 101.114 103.513 1.887
-30.021 -101.165 -20.424 1.903
-102.284 -166.975 -32.450 2.021
154.949 181.784 -72.170 1.990
178.338 139.100 -65.014 2.125
-183.842 83.866 13.993 2.116
-36.882 109.215 81.029 2.100
44.816 105.944 -130.550 2.051
-20.771 36.874 43.959 2.035
-202.887 56.990 45.223 2.121
-173.589 -17.739 145.459 1.801
158.551 161.653 -50.166 1.842
14.901 119.753 195.241 1.899
66.977 46.149 88.184 1.862
68.303 -150.918 -32.277 1.924
-176.934 -44.689 -28.220 2.069
-90.693 97.060 129.146 2.001
215.345 -157.064 -25.360 2.027
-75.645 163.483 112.611 2.114
-17.246 -105.184 -98.060 1.913
-154.728 -15.935 -118.928 1.973
158.900 154.181 180.851 2.149
-223.869 143.793 19.119 1.973
154.769 84.175 125.737 1.990
53.578 -52.544 32.722 1.935
-211.670 4.704 -107.264 2.109
170.824 -108.082 168.460 2.109
103.768 -81.098 -151.183 1.901
27.881 -172.806 -194.282 2.000
112.396 164.637 171.909 2.037
103.258 52.980 -175.561 2.088
-148.043 99.790 -42.650 1.976
146.358 -187.774 -26.191 2.119
-188.005 184.289 -5.770 1.838
-179.678 150.879 155.403 1.868
-64.922 -106.326 63.000 1.722
-21.451 -0.391 7.499 2.060
83.842 -185.427 -9.015 1.900
-66.275 -110.818 -69.100 1.933
-59.914 -83.939 99.594 1.970
-124.378 178.167 63.821 1.837
95.375 164.172 142.809 2.106
216.584 -10.644 140.551 2.006
159.204 84.772 -55.619 2.185
-65.281 -183.006 -38.023 2.015
50.025 -118.083 142.244 2.080
41.829 -121.278 -129.219 1.952
-36.445 162.131 85.746 2.179
78.324 -151.297 68.319 1.935
168.209 -147.879 -158.820 1.832
160.221 -98.075 99.376 2.089
-60.571 -145.338 -108.329 1.805
-97.315 -90.463 61.125 1.915
30.427 141.519 -12.596 2.044
-67.286 -142.095 32.107 2.130
-37.087 -132.063 79.203 1.918
-40.791 -114.586 52.643 2.006
25.031 -125.060 140.271 1.774
-63.106 149.517 64.012 1.993
-153.315 -138.467 13.666 1.913
123.886 9.592 56.421 2.047
-193.910 -152.729 -46.898 1.843
-211.297 -109.918 -115.823 2.105
-117.905 48.297 -1.872 1.797
-90.327 -19.491 -84.426 1.886
121.273 -102.074 -44.691 1.978
122.574 70.657 -128.880 1.927
35.068 -38.664 -3.985 2.054
-174.340 -77.602 66.494 1.940
-149.215 -145.870 -56.668 1.768
-111.746 60.782 -195.139 1.948
222.684 33.507 150.221 2.028
153.200 104.571 -47.769 2.074
95.925 139.987 51.381 1.982
69.772 -139.277 106.894 1.967
17.951 43.831 -2.220 2.038
209.351 175.221 -30.801 1.945
-122.999 -91.849 -3.829 1.919
17.137 94.271 -186.089 1.950
-125.978 126.717 118.637 1.762
81.338 56.790 153.478 1.900
-76.349 -5.339 119.755 1.992
76.266 -89.752 -91.481 1.987
146.062 -183.577 126.872 2.120
183.111 111.025 -87.886 2.021
-40.801 160.460 -50.877 2.099
-74.341 93.883 5.616 2.103
-77.360 -62.645 171.910 1.961
-218.603 -74.928 -33.930 1.848
176.182 9.923 -142.907 2.225
-45.662 67.461 -9.248 1.925
219.633 160.058 -45.569 1.679
-144.699 105.096 81.017 1.996
-56.390 -106.145 64.154 1.971
167.981 -92.570 13.722 1.895
128.575 -84.197 147.635 2.095
18.693 -107.401 -4.656 1.881
92.224 -62.358 170.599 2.047
-103.501 81.038 59.496 1.861
-82.899 -56.469 -173.209 2.107
-25.498 184.982 74.820 2.067
-22.756 29.399 165.562 1.864
93.007 87.098 50.309 2.133
62.691 32.709 -36.097 1.888
29.555 -126.941 58.512 2.018
21.066 29.748 -5.046 2.059
201.277 -91.022 -48.631 2.158
-5.746 8.917 -155.762 2.154
148.582 81.373 -51.930 2.181
-87.909 102.730 -171.835 2.012
-56.657 139.546 -28.464 1.913
150.869 5.394 -49.531 1.961
181.155 183.979 99.368 2.118
216.671 -49.583 198.850 1.911
47.754 -2.708 26.365 2.059
85.528 -167.268 -80.630 2.084
142.599 -96.696 -105.566 1.943
-185.427 -92.585 131.945 1.961
-86.454 148.100 41.812 2.010
41.811 -112.827 -36.505 2.170
67.287 -139.573 -41.089 2.091
-190.454 42.849 -138.533 1.791
57.509 -92.818 -132.449 2.006
7.546 32.294 146.977 2.074
-141.430 187.374 82.733 2.107
36.042 -181.647 -185.019 1.769
125.008 0.161 63.126 1.884
-14.442 13.037 102.002 1.932
-217.571 -63.519 104.317 1.966
-124.384 12.752 -72.404 2.166
-188.215 -149.477 -131.697 1.871
98.846 113.112 -69.761 1.974
-33.142 157.206 81.537 1.948
96.496 93.311 122.553 2.043
145.346 -155.432 116.405 1.964
124.274 -31.237 105.594 2.090
-165.898 75.682 -13.297 1.872
23.263 130.916 -21.229 1.843
53.939 -128.060 -46.848 1.782
-131.500 -189.536 -47.398 1.922
132.705 -49.535 -3.077 2.064
-92.638 126.408 3.353 2.057
-3.763 180.901 -27.954 1.986
105.703 151.228 72.425 2.029
182.290 31.761 4.192 1.846
-68.232 116.912 32.976 2.038
20.682 -5.524 -160.901 2.085
64.994 66.715 -34.459 2.129
-202.662 163.959 -187.135 1.852
-222.530 26.406 108.804 1.876
196.883 -162.797 151.937 2.021
-104.212 -54.554 -6.903 1.975
-126.369 -6.745 172.951 1.741
-82.976 16.057 188.498 1.992
-43.581 -29.161 153.352 2.032
54.412 15.033 151.520 1.876
-104.463 -20.831 -99.938 2.028
-105.760 128.315 -195.997 2.091
122.928 -133.791 -15.016 2.041
4.439 27.983 -56.986 2.132
179.347 133.514 1.789 1.854
90.473 -123.358 128.294 1.870
-209.905 99.265 89.378 1.844
-224.927 53.915 61.094 1.886
31.163 -59.513 110.611 1.995
-91.652 135.639 162.603 2.167
133.037 -3.057 -191.105 1.955
-211.144 -136.434 -49.123 1.867
-64.203 -171.995 -87.843 2.013
105.824 19.643 46.342 1.987
-122.685 157.818 178.506 2.078
201.964 -8.206 54.513 1.960
101.232 -100.074 195.617 1.911
-15.995 24.314 -57.981 1.919
-207.434 -128.925 -126.107 1.911
-38.033 8.217 -75.477 1.949
153.122 -95.428 -167.432 2.037
-158.090 -125.187 136.081 2.036
-102.490 -161.029 32.252 2.043
106.049 -8.399 -151.260 2.138
110.550 -103.564 -82.623 1.967
-58.214 149.889 88.299 1.945
157.621 122.184 197.709 1.924
-222.548 -40.315 77.309 1.918
-109.373 -126.151 -187.270 2.220
60.375 66.519 -42.378 1.969
128.931 -13.646 50.743 1.939
11.216 -72.000 -96.051 1.847
161.414 -187.969 -118.754 1.994
-25.696 -127.325 77.326 2.180
-25.926 180.415 -144.848 2.112
67.362 80.678 67.498 1.797
149.237 29.449 124.092 1.939
115.515 -175.968 126.195 2.007
-26.706 142.101 -159.586 2.049
-90.751 -63.884 -100.317 1.975
10.192 -114.407 -91.846 2.042
-119.248 -122.426 111.016 1.927
-177.282 53.445 -90.729 1.892
-168.156 187.227 -186.795 1.930
203.249 59.571 146.624 1.742
-81.897 -156.359 -199.003 1.959
-37.211 -100.425 43.497 2.072
137.222 180.331 89.566 1.865
-179.397 -189.167 -55.832 2.181
92.854 153.415 -31.317 2.051
1.037 -35.034 -35.119 1.970
-221.426 144.454 -98.437 1.997
-178.105 140.243 67.745 1.984
152.332 14.157 -21.877 2.215
-73.268 -36.869 0.239 1.958
48.528 58.115 -194.059 2.020
-196.344 35.163 103.673 1.908
-152.875 -149.434 -79.008 2.103
163.294 107.216 -43.804 2.068
-51.073 -63.437 144.531 1.875
-212.222 103.459 169.770 1.875
166.469 147.928 -125.462 2.065
-207.683 64.246 56.478 2.003
-144.293 -1.931 17.937 2.025
-43.988 129.471 15.306 1.973
-211.004 66.968 -119.384 1.930
-162.879 -161.711 -9.784 2.030
-128.580 -0.719 191.047 2.113
-99.643 50.757 -53.683 2.039
13.494 94.962 31.992 2.067
-211.830 125.733 103.734 2.030
133.354 88.191 86.679 2.196
39.043 -59.543 178.580 1.923
-72.982 -56.168 -8.805 2.219
-17.402 -19.987 -90.352 1.927
-41.828 -174.875 196.004 2.135
209.185 44.293 142.157 2.021
-3.241 184.534 118.971 1.812
189.946 -149.431 167.818 2.096
19.003 -11.097 -154.680 2.096
181.499 -48.233 58.377 1.711
-54.010 -149.936 -112.404 1.953
-40.398 -75.307 151.220 1.964
43.143 -105.979 -41.019 2.101
33.457 -163.867 170.656 1.793
-137.432 -142.797 -133.698 1.855
205.112 -83.364 -82.219 1.983
219.471 72.666 138.364 2.016
-70.673 1.743 11.005 2.070
219.629 -15.388 162.437 2.018
-50.227 -96.419 -195.053 2.096
-37.921 145.257 137.716 2.118
39.927 1.310 172.534 2.010
-3.306 -149.425 -141.744 2.056
-175.268 -4.000 182.484 1.913
-9.223 -140.362 46.144 1.877
-55.764 -152.482 -144.321 1.862
-13.640 -27.301 171.867 1.911
144.746 32.367 -118.691 1.838
152.525 132.534 4.151 1.990
-193.495 81.166 146.729 1.966
-153.895 113.715 -192.164 2.093
-109.901 56.725 147.091 2.067
-30.971 188.733 181.356 2.022
213.748 42.385 90.424 1.996
-31.689 171.197 160.220 1.953
-165.555 35.249 -151.274 2.162
183.558 -55.425 65.674 2.024
-188.417 148.164 -175.809 2.100
207.001 -46.192 160.715 1.825
60.998 112.563 -36.415 1.905
146.301 -179.104 -169.129 1.845
-180.983 155.455 -18.486 1.860
-120.184 -60.244 183.868 1.984
-52.618 145.885 25.257 2.001
213.575 -70.243 72.254 2.024
-177.798 72.032 126.869 2.052
-196.911 -62.195 196.237 2.050
88.076 -47.126 8.538 1.902
193.508 136.555 -136.453 1.981
54.056 31.320 -195.317 2.084
-11.828 -125.482 37.572 2.032
-134.278 -112.675 188.437 1.990
149.466 -144.008 66.726 2.247
-9.768 -34.964 -88.412 1.757
63.577 -113.839 -44.369 1.847
141.062 -171.890 -130.054 2.047
216.342 166.627 -44.595 2.071
-8.487 -174.826 101.825 2.151
-183.066 -142.582 138.295 1.911
133.401 -93.470 -52.757 2.070
211.666 -176.744 118.126 2.119
-96.016 9.759 -62.406 2.113
-100.596 82.004 -115.122 2.219
-160.951 -143.390 61.331 2.056
82.386 -162.151 -105.563 1.893
-27.413 -62.512 4.861 1.899
220.464 127.693 16.715 1.944
-52.342 -63.999 -119.832 1.985
-110.503 -78.894 -46.486 2.106
-149.127 149.320 15.181 1.873
-12.248 150.641 -41.580 2.007
-80.343 148.687 -79.577 1.975
-126.808 -180.397 90.355 2.004
131.587 -93.604 39.966 1.882
-197.077 138.221 174.552 1.949
-135.164 88.696 128.027 2.017
-89.588 -171.976 144.381 2.006
69.593 49.532 -186.757 2.183
44.487 -73.225 -50.005 2.078
32.360 134.822 196.004 2.060
122.775 9.698 41.504 1.993
-36.758 -146.023 32.865 1.819
147.894 144.689 -7.404 1.968
61.181 -0.746 -90.633 1.941
-27.607 42.603 159.121 2.035
82.687 160.450 -49.284 1.756
-222.629 46.413 149.754 1.972
-145.996 90.281 13.816 2.005
-26.019 -127.735 -173.374 2.038
39.585 14.541 -59.496 1.931
115.353 93.373 -153.458 2.124
-21.095 -160.957 146.594 1.879
-212.260 -106.627 -113.278 1.981
152.932 44.542 22.788 2.003
54.113 -8.917 -130.344 2.086
181.958 29.505 -3.906 2.043
47.729 94.040 1.416 1.943
167.155 9.249 50.275 2.164
-139.877 -178.917 169.870 2.088
124.480 -89.171 -121.320 2.066
37.191 184.992 149.232 1.900
135.530 -128.923 47.680 1.815
10.625 54.797 -120.487 2.043
128.928 71.118 -62.699 2.064
-54.771 -163.811 63.406 2.063
-58.118 -88.876 -198.038 2.039
-156.589 93.359 194.129 1.962
-145.865 109.981 153.576 1.924
-39.249 -37.342 -139.437 2.086
216.238 93.208 105.808 1.929
-142.833 -152.597 146.559 2.081
-159.616 168.528 154.315 2.083
116.293 62.372 85.719 1.865
-37.422 6.177 48.077 2.086
-211.182 -163.620 -112.288 1.785
-23.659 55.731 -74.551 1.963
3.379 1.797 24.910 2.101
138.791 31.288 -121.893 1.945
-202.143 -83.909 149.922 1.980
2.390 4.480 66.839 1.980
-37.514 -15.094 -75.274 1.991
35.302 -54.869 109.591 1.806
177.979 -150.625 -11.452 1.894
187.336 -60.466 -77.720 1.846
151.103 178.934 82.183 2.004
41.756 -79.371 24.698 1.997
-59.409 9.736 106.570 2.103
113.155 154.337 -153.851 1.975
206.760 139.556 38.954 1.902
-86.825 -129.854 -154.619 2.152
-127.298 -96.705 -49.646 1.893
-148.605 -19.190 -123.779 2.087
98.200 170.196 180.528 1.949
-152.597 -45.099 -123.649 2.105
16.842 -101.717 -13.194 1.923
209.547 -89.766 153.249 2.041
183.737 68.841 -191.248 2.027
-23.959 -183.438 85.950 1.935
-1.353 27.924 -198.300 1.939
-148.729 31.154 143.331 2.081
-90.920 167.782 197.486 1.995
-37.681 172.449 -198.500 2.014
-24.332 149.848 26.104 1.997
107.264 -86.803 -147.735 1.966
-110.767 107.831 154.162 1.992
211.036 -4.485 152.332 1.998
120.172 -64.416 111.119 2.093
212.203 149.526 187.743 2.090
147.844 -86.442 -73.450 1.994
-86.031 171.649 -186.965 1.890
61.969 -131.453 -66.013 1.974
87.437 -38.706 0.671 1.914
91.083 86.621 -172.080 2.071
-193.694 -34.787 -128.936 2.209
-113.482 64.344 21.663 2.051
-142.418 -140.605 143.934 1.749
-192.225 137.510 146.564 2.157
59.545 -158.779 135.728 1.929
201.354 147.939 64.805 2.156
129.164 79.035 106.502 1.914
136.747 146.644 -186.054 2.152
-43.477 121.305 108.605 2.039
117.336 -144.918 6.595 2.029
-214.238 37.909 184.113 1.886
41.255 154.882 -151.423 1.825
211.731 57.615 -135.398 2.009
-110.008 145.107 149.853 1.958
95.189 6.584 175.525 1.966
-55.352 108.174 40.935 1.868
-61.086 33.867 -42.966 2.193
-142.602 157.140 -176.182 1.797
104.495 5.283 -145.013 2.164
-10.275 77.091 136.468 1.903
191.457 -126.640 109.198 1.913
22.548 117.921 -160.789 1.852
-77.169 -162.476 115.512 2.080
-141.976 90.083 -53.991 1.926
156.316 -179.172 64.445 1.830
208.310 -115.953 167.694 2.132
-1.869 49.486 164.175 2.142
-199.041 108.002 136.960 2.044
-78.330 18.210 143.884 1.817
-185.202 -25.873 -140.928 1.990
-120.146 -110.626 -186.587 1.918
-91.450 -110.726 110.196 1.814
25.911 63.230 -140.192 1.901
-113.806 117.149 -96.235 1.886
169.735 -37.554 -91.454 1.836
-176.465 94.525 -172.476 1.975
4.422 -42.605 -87.344 2.010
-61.850 107.530 130.834 1.936
-183.531 -82.784 -196.455 2.075
133.916 92.995 43.503 1.994
-32.051 54.623 102.295 2.033
67.188 75.810 186.573 2.066
134.795 92.862 -194.196 2.115
-218.845 88.019 -62.362 1.965
64.295 184.238 -12.848 1.886
-198.382 168.459 -9.755 2.042
123.856 -44.575 66.453 2.053
147.015 -122.196 65.967 2.073
30.700 -104.032 -159.088 1.929
106.948 -75.062 -48.450 1.861
8.176 9.037 -75.777 1.979
27.467 102.059 -163.997 2.056
185.825 -131.744 -157.494 2.017
-155.953 -137.009 16.121 1.988
-144.862 -27.285 -89.383 1.808
209.344 -22.346 153.192 1.864
90.430 -34.896 39.650 1.860
214.611 -166.911 -123.600 1.953
-154.048 -83.257 -107.481 1.957
-15.655 116.204 147.592 1.900
25.639 -4.718 81.389 2.019
155.239 182.910 -165.169 1.852
47.064 159.092 122.140 2.009
188.911 -48.508 72.174 2.031
-118.082 66.619 0.122 2.211
-68.450 -41.390 190.174 2.060
72.274 21.776 -169.711 1.986
-56.077 -13.897 9.841 1.808
-54.285 117.304 124.811 1.927
-147.502 -86.023 38.138 1.942
-130.977 -67.112 141.264 2.024
143.563 -94.897 77.030 1.942
218.360 29.305 -78.884 2.042
-59.365 -12.974 -193.463 2.012
222.346 -21.668 -86.577 2.061
187.263 -158.372 119.256 1.973
-34.888 -119.522 -48.679 2.037
-91.586 178.462 105.846 2.090
153.818 -84.370 -143.976 2.118
173.766 -88.221 107.746 1.925
15.999 -68.249 -29.522 1.949
-69.536 -114.278 -114.549 2.061
161.108 -112.208 194.230 1.930
193.905 -89.304 180.444 2.209
-57.483 148.755 39.154 1.706
-160.054 -25.417 162.001 1.952
-160.512 -187.408 -45.398 2.077
-148.566 -183.927 51.162 2.008
61.593 -79.800 -196.479 1.851
-38.021 -174.611 -11.348 1.988
66.619 13.269 141.849 2.099
18.921 -54.463 -22.533 2.058
-141.576 77.018 -163.056 1.919
30.316 102.697 10.922 1.929
-147.782 62.183 -41.069 2.070
-28.543 21.252 -132.223 1.920
146.492 78.240 -95.996 2.107
78.013 -70.810 192.899 1.988
-191.775 62.706 -129.646 2.026
-5.474 -157.421 183.650 2.075
178.088 -77.786 125.237 2.055
-158.235 129.079 151.640 1.948
60.712 -23.555 -185.102 2.047
141.143 -100.815 -1.812 1.909
-116.984 -54.730 177.621 2.094
-202.539 -135.328 -84.749 1.994
69.982 -160.608 145.231 2.068
-189.544 -136.649 -65.337 1.994
175.949 -32.556 98.815 1.822
-93.006 72.184 -162.178 1.935
-187.597 -38.037 137.295 2.014
163.000 154.769 174.636 1.998
-144.519 -11.225 47.100 1.879
121.938 -11.473 -41.933 2.005
-95.707 -59.856 -89.846 1.947
221.822 -63.096 137.694 1.975
73.824 -178.194 99.147 1.930
-30.195 99.362 -131.033 1.940
-143.277 181.103 3.048 1.993
171.544 28.921 161.624 1.948
204.244 117.247 -35.459 2.107
33.618 -8.777 -60.041 2.033
150.569 89.850 -92.817 1.928
-173.202 -55.727 152.673 2.098
-194.946 -102.983 62.587 2.208
200.682 174.900 -158.506 2.042
67.022 -44.640 -77.657 1.970
12.311 -8.056 -27.340 2.097
-192.048 -112.239 16.194 2.134
37.343 -170.965 66.246 2.013
-198.344 -148.253 148.294 2.056
-121.557 176.808 9.734 2.116
48.484 134.095 49.674 2.114
68.216 -163.071 28.051 2.025
-201.174 -164.428 168.029 2.005
220.924 -78.771 175.411 1.925
79.470 -185.742 113.446 1.926
-64.414 -133.511 -78.353 2.041
-31.850 86.929 -163.446 1.897
-157.760 -29.170 -115.952 2.068
-96.984 -139.504 -115.476 2.039
-183.993 137.663 -172.730 1.925
-176.006 -159.615 79.462 2.028
-188.043 -19.598 -112.892 2.043
-151.491 -129.473 18.052 1.936
62.541 -71.741 33.523 2.040
-118.359 -57.587 49.587 1.858
-214.217 -27.006 43.125 2.218
-139.223 -25.945 102.082 2.057
44.429 25.809 -51.758 2.093
72.102 22.378 -174.847 2.087
-8.156 -0.510 -179.171 2.114
31.672 65.510 189.012 2.027
84.709 96.161 91.352 2.147
89.530 16.218 33.769 1.920
84.169 166.823 -20.645 1.912
22.424 14.097 -167.345 2.005
-90.305 25.403 -68.151 1.955
-25.322 -30.111 -153.155 2.093
-197.543 -32.208 138.045 2.204
180.071 29.889 -96.577 1.967
-18.869 169.725 188.610 2.001
129.783 -65.165 -157.186 2.006
-95.558 115.452 188.582 1.927
-219.181 -57.370 -138.075 1.999
-168.607 -157.292 88.678 1.935
-107.889 -92.735 152.907 2.107
161.086 40.646 -65.739 2.061
137.409 78.497 -137.169 1.998
-26.050 62.012 136.548 1.953
-132.215 -27.838 75.858 2.136
106.611 -90.557 104.612 2.248
-172.348 169.822 -16.106 1.906
-82.832 19.616 120.973 1.994
30.268 -187.244 23.064 2.027
190.417 -156.066 -78.356 1.961
70.351 -95.339 116.876 2.010
131.706 -174.786 51.669 1.832
105.366 129.970 -58.859 2.063
151.445 173.267 -83.222 2.054
100.838 92.075 159.817 1.877
86.475 143.406 -151.776 2.057
8.581 38.215 -13.245 1.993
-163.411 58.099 70.123 2.139
58.730 19.651 -68.500 1.978
-92.752 -74.916 19.647 2.023
-198.296 90.903 192.156 1.929
-210.650 -177.014 56.766 1.974
-102.236 -18.495 157.890 2.067
190.476 -43.154 -178.902 2.178
-110.427 -5.976 -153.597 1.993
-64.365 107.984 113.405 1.999
34.193 87.875 59.758 1.900
72.591 188.210 -44.470 2.108
111.718 58.957 -171.889 2.018
163.083 -55.660 -93.551 2.131
-193.741 100.468 46.522 1.941
-57.976 -86.764 -81.123 1.873
192.299 3.478 -133.898 1.997
-13.649 2.590 -45.319 2.060
-107.347 88.013 110.058 1.936
-129.878 24.890 49.130 2.193
-95.506 -47.149 -143.560 1.986
89.091 67.380 61.087 1.828
-55.445 -113.080 -10.547 1.935
13.033 99.317 193.691 2.003
219.433 -181.496 -120.021 1.962
-122.562 43.227 -59.696 1.943
211.814 -25.526 -186.365 1.982
-198.157 180.854 106.637 1.930
-69.610 140.353 115.776 2.093
55.222 70.455 -141.764 1.970
210.966 130.061 -169.555 2.169
9.749 -121.543 69.820 2.031
-22.377 56.858 -5.949 2.062
100.359 114.961 -97.118 1.929
-21.242 -83.277 128.274 1.946
87.029 75.216 28.589 1.936
-184.533 155.211 -50.440 2.162
171.709 -79.460 41.919 2.128
-6.253 -131.363 163.087 1.963
149.878 -64.231 31.378 1.929
163.329 113.601 188.074 1.943
119.433 -106.643 7.438 2.053
18.849 -173.280 -23.441 1.784
-180.620 -72.835 -77.311 2.118
45.624 -158.769 69.698 2.074
130.338 110.020 70.938 1.855
162.345 -53.048 149.331 1.842
-177.313 20.517 -40.967 2.202
-57.250 119.073 27.344 2.213
172.665 162.547 135.353 1.992
-16.267 5.358 -135.987 2.015
-53.726 -109.243 -171.045 2.153
-196.145 -47.388 82.767 1.883
1.337 -109.369 -21.527 1.936
36.265 183.612 -31.756 2.077
-24.113 45.346 139.290 2.070
101.970 157.456 -62.325 2.051
-147.114 50.569 -1.956 1.886
219.647 -27.389 -146.957 1.977
183.834 -27.274 129.173 2.121
-160.178 72.933 99.562 1.948
-65.368 62.006 -22.433 1.894
-137.975 90.253 -1.131 2.063
92.995 6.565 30.486 1.862
-13.995 -184.469 27.662 2.021
-43.033 169.501 69.130 1.990
193.752 -67.233 -103.938 1.918
-20.804 -85.264 4.381 2.080
-85.770 33.363 41.645 2.154
138.986 12.240 -130.733 1.973
-132.660 -159.581 144.108 1.938
108.129 43.540 171.252 2.161
221.333 65.616 -159.784 1.896
-177.730 109.848 134.693 2.039
-89.865 92.130 97.527 1.951
42.323 -43.239 125.761 2.025
211.063 161.676 136.243 2.064
100.544 66.906 -153.536 2.079
203.306 -107.680 -196.683 2.003
-74.926 47.105 -31.785 1.971
-115.349 -34.167 -181.429 2.057
-121.479 6.823 -89.261 2.115
148.363 -146.209 58.256 1.824
157.632 -103.482 -24.966 2.013
159.744 124.151 -0.472 2.051
-80.439 75.766 96.362 2.159
-143.445 38.094 178.649 1.924
201.133 136.548 -135.043 2.009
-176.160 59.324 -117.549 1.908
17.177 -134.284 165.416 1.840
5.281 93.093 28.612 1.928
-86.375 -44.686 -170.924 1.787
-122.339 -14.001 99.498 1.952
-33.814 -42.537 158.854 1.867
18.176 173.704 -145.662 2.176
-64.900 168.917 180.724 2.048
1.728 82.534 171.495 1.829
-70.849 -148.303 -35.400 1.954
-101.334 131.045 199.024 1.936
34.114 56.195 -128.373 1.908
-143.909 -114.202 -95.369 2.039
199.331 -182.030 -41.533 2.086
-73.448 -18.670 164.578 1.865
-127.769 102.153 141.152 1.895
3.676 108.168 -69.695 2.130
73.537 181.605 -120.488 2.101
71.369 32.580 -6.527 2.127
-108.183 89.380 75.398 1.817
-195.148 -18.626 -173.672 2.055
-148.939 -57.694 77.819 1.764
120.974 -153.918 -44.708 1.986
203.048 -151.089 -104.842 1.920
71.434 81.898 -137.967 2.067
-8.055 121.506 177.240 1.952
-102.612 125.087 191.930 2.013
-182.544 103.499 29.425 1.814
-191.009 -71.012 -115.441 1.941
4.742 28.295 50.023 1.936
-155.102 7.185 68.103 1.980
-77.040 166.600 -102.538 2.099
-84.297 68.668 93.721 1.903
-39.042 -47.499 -58.819 2.039
24.223 111.273 48.607 2.161
34.523 -101.304 -96.802 2.060
66.854 44.825 -117.377 2.003
-136.355 -67.615 -3.717 2.026
213.495 -32.780 109.080 1.948
-58.803 -111.906 -88.191 2.050
224.219 78.151 183.435 1.983
19.439 -133.999 102.972 2.219
197.369 -23.655 107.038 2.032
-7.920 -99.174 46.919 1.993
-30.677 -19.350 113.005 2.002
187.335 52.711 -13.161 1.926
-19.559 153.497 87.297 2.084
86.503 180.754 -138.751 1.997
-108.197 -17.469 105.890 2.076
47.790 177.669 -171.370 1.987
140.086 -7.666 172.381 2.238
160.663 159.326 -85.302 1.986
168.683 55.114 179.078 1.974
-84.915 -116.824 -173.091 2.037
-18.927 -48.593 177.789 2.263
-41.277 74.829 93.622 2.174
65.032 -22.661 105.861 2.071
88.506 -167.991 -185.389 2.155
-64.841 -105.450 -36.566 2.014
-175.213 69.459 107.025 1.958
-19.240 44.142 -32.930 2.014
151.847 -86.155 163.758 2.259
-206.567 -113.225 79.304 1.786
112.871 -27.255 50.104 2.082
-54.314 43.417 133.349 1.944
-209.665 99.161 126.507 2.036
90.800 -7.750 -55.396 1.977
152.116 -57.912 90.134 2.207
71.408 -171.591 -57.366 1.904
-173.751 159.760 -171.827 2.064
-164.520 -147.609 103.311 2.106
-25.548 107.441 -129.159 2.121
-142.409 -124.801 -39.022 2.017
222.155 15.517 80.582 2.001
-201.622 59.985 -129.885 2.023
-122.595 -2.098 103.198 2.098
-67.332 163.881 27.000 1.905
-96.580 88.932 37.150 2.024
-154.150 137.477 134.691 1.894
107.728 -41.652 176.780 1.852
-134.955 13.109 -131.836 1.965
116.408 -8.671 -197.862 1.905
41.811 48.715 30.399 2.053
206.764 -37.218 168.943 1.967
