100.593 -187.394 62.716 2.002
-124.864 -1.751 8.573 1.999
220.445 -112.874 -77.755 1.976
62.392 14.049 -188.749 2.100
-194.420 -113.540 105.546 1.968
18.701 12.214 -117.901 1.973
92.031 103.394 -160.126 2.110
199.135 133.632 -116.674 2.208
-95.916 -7.584 -66.407 1.939
-41.579 -180.110 -196.022 1.898
52.610 181.171 -13.968 2.003
-26.273 -162.576 70.720 2.005
-212.203 -57.325 -62.925 2.024
69.170 178.110 36.865 1.990
-215.697 -80.055 -196.956 1.931
41.207 72.518 94.804 2.127
-16.472 -14.410 -152.692 2.053
-169.711 -163.559 -175.572 2.006
-43.697 -107.849 80.559 1.941
78.502 -72.871 78.685 1.904
130.383 4.143 -99.032 2.106
182.167 -25.446 183.262 2.102
-212.188 -123.276 104.396 2.074
3.555 7.346 122.153 2.068
-113.805 -71.977 178.036 1.970
-148.749 164.600 -65.698 2.075
-198.714 111.962 149.860 2.105
104.508 124.881 77.805 2.105
219.808 -148.348 -165.018 2.122
101.116 -59.081 166.628 2.060
176.628 176.707 107.929 1.994
-171.139 99.569 5.808 1.795
37.328 -39.010 2.960 1.983
-4.044 188.417 -152.920 2.094
82.980 -28.298 -162.375 1.973
-62.556 118.810 15.951 1.996
9.287 -155.368 -166.764 2.150
9.464 42.336 97.957 2.035
-173.242 -66.615 23.877 2.113
-32.698 95.131 -186.280 2.070
-10.853 63.718 89.995 2.058
122.297 86.720 -41.350 1.823
-95.967 -1.346 -32.161 2.035
-185.858 -162.532 142.449 1.885
-1.020 164.711 -73.656 1.991
167.199 -140.536 -42.823 2.015
159.469 -2.011 -128.245 1.999
56.786 167.587 166.536 2.068
22.244 100.591 -125.791 1.913
154.921 5.923 -1.285 2.028
-17.634 -105.912 91.251 2.012
73.945 11.224 -21.126 2.048
154.801 71.848 -7.617 1.960
98.480 188.494 -196.872 1.992
-41.918 -188.181 -193.560 2.195
208.118 -177.996 -126.500 1.961
178.779 142.528 -177.252 1.972
-222.675 105.087 66.318 1.837
207.817 -123.337 193.518 1.917
-187.209 9.872 119.199 1.873
-130.454 -77.815 -103.235 1.934
183.408 -116.760 -95.881 1.918
-145.328 130.592 75.752 2.068
164.867 -70.449 193.062 2.031
152.686 -149.539 -38.153 2.003
211.186 52.514 -183.935 2.121
-178.713 -62.532 129.279 1.914
166.186 -102.731 -0.121 2.084
-129.676 160.876 -131.628 2.119
66.083 -86.393 -104.046 2.083
120.567 17.146 78.361 1.990
-93.401 137.572 -135.879 2.049
134.977 -152.045 -34.146 2.146
120.105 15.973 182.362 2.069
35.505 -178.753 169.352 2.071
154.665 -97.538 -57.434 1.866
-186.171 14.079 -46.003 2.132
80.015 -102.935 17.542 1.948
33.763 -179.115 163.134 1.962
-146.757 -184.919 141.802 2.057
-87.146 135.846 -75.811 1.863
44.369 58.905 102.795 2.069
187.220 66.090 133.312 1.992
180.055 85.063 -45.390 1.856
179.537 150.370 60.151 2.086
76.579 19.697 -51.024 2.027
193.539 -57.251 -0.602 2.059
135.560 -46.871 191.498 1.867
-87.729 -125.796 159.706 1.989
160.695 172.882 -13.041 1.981
-52.562 -144.338 83.859 2.136
117.317 145.152 49.239 1.875
30.748 -176.655 88.247 1.905
121.405 -4.098 158.466 1.952
-40.772 -104.123 -37.368 1.971
-185.066 -122.624 155.606 2.143
-213.761 45.063 80.221 2.230
-168.548 48.042 -148.990 2.035
-61.453 53.908 -156.306 1.976
151.499 53.575 -193.158 1.957
-65.830 175.960 70.713 1.971
-52.420 64.342 30.955 1.832
119.724 136.381 -180.539 2.123
100.412 31.125 104.206 1.920
212.461 24.601 7.527 1.963
-66.656 -188.009 -168.405 2.062
-63.229 125.196 -184.347 1.996
185.912 -181.059 -194.104 1.915
-15.423 -179.152 21.677 1.894
89.577 71.001 104.406 1.996
-87.474 40.011 119.471 2.123
203.916 -114.273 47.339 2.168
-140.415 -89.034 46.073 2.051
-162.046 22.607 -129.732 2.004
60.178 -87.004 10.677 2.029
42.703 43.329 -90.764 1.931
209.842 171.652 111.382 2.004
43.877 21.105 -133.752 1.970
112.634 124.947 133.283 1.808
131.931 133.342 89.663 2.074
40.557 -68.077 -1.652 2.182
12.002 163.880 -95.890 2.165
151.714 -45.522 183.521 1.955
-123.021 -76.914 40.021 1.927
-11.585 -128.151 191.046 2.153
209.016 -49.910 -47.283 1.933
167.592 -91.185 -145.970 1.958
98.383 -167.169 -32.198 1.895
94.784 168.980 120.275 2.166
-49.765 174.875 -77.102 1.977
175.367 -49.998 23.618 1.904
-167.007 -48.937 -12.989 2.063
-222.532 142.668 -5.216 2.038
-196.788 -43.463 -11.440 1.851
93.093 179.283 -71.767 2.015
165.647 97.131 184.502 2.006
-83.167 -88.244 82.524 2.026
145.306 -161.162 -163.064 1.995
-38.722 -16.908 -118.232 2.005
87.179 134.830 -115.923 2.020
155.685 108.412 80.130 2.069
-37.051 86.189 97.438 2.046
-142.977 150.486 124.969 2.119
1.880 -14.497 -34.363 1.972
-156.333 46.130 -2.633 1.922
-145.840 34.061 109.887 2.012
186.029 -135.042 -33.488 1.990
13.543 -12.981 39.987 2.032
-67.223 1.628 -11.322 1.966
16.572 -174.553 -190.740 1.957
203.645 34.406 -145.712 2.147
-176.627 75.045 55.652 2.035
-194.163 9.891 154.757 1.916
170.922 61.371 175.707 1.963
13.709 13.772 -61.742 1.862
-141.700 -159.229 -41.965 1.963
115.853 -59.762 -130.252 2.012
218.827 136.542 101.667 2.096
12.902 24.649 125.220 2.129
-90.161 147.079 -156.446 1.955
137.629 89.134 -124.337 2.027
-223.373 -183.782 39.293 2.182
-139.513 9.965 -185.056 2.062
-195.271 89.449 94.148 2.005
-136.962 -63.258 -198.295 1.938
-185.266 -176.025 -65.539 1.891
-187.732 -90.893 -190.445 1.756
52.706 -99.412 -53.503 1.964
42.535 61.268 -69.808 1.888
-216.482 -87.190 162.146 2.007
-101.878 -12.472 -79.589 2.011
-109.114 -114.255 138.690 2.108
119.299 173.374 -189.457 2.090
-181.128 158.367 -6.026 2.112
11.003 31.175 20.837 2.145
-217.194 -37.711 56.673 1.938
144.313 20.320 -72.933 1.960
99.207 21.185 -137.495 2.051
-111.287 -80.040 -95.150 1.791
185.252 114.364 129.176 1.943
63.098 -61.282 114.469 1.927
5.903 -25.686 65.466 2.098
23.180 109.334 -117.653 1.980
84.148 -49.262 -113.828 2.182
61.071 138.531 -28.286 1.983
-59.286 -55.408 198.164 2.039
-175.330 -117.690 -165.561 2.026
-30.731 -2.505 31.545 2.126
-1.727 187.971 114.517 1.965
-165.731 -102.628 -102.283 1.942
-183.027 -118.792 -147.876 1.885
-11.630 29.651 -132.247 1.946
177.529 -77.637 -158.921 1.965
183.654 -0.552 -15.263 1.773
-3.647 133.918 -155.438 2.067
151.909 -78.620 -75.080 1.929
-112.144 88.875 -41.462 2.026
49.150 112.884 -119.846 1.956
133.488 -51.094 177.925 2.184
144.405 -181.187 -104.898 2.046
54.425 -73.915 174.595 1.978
-58.821 -148.332 2.300 2.145
-124.569 -100.893 -16.981 2.057
-48.320 50.939 118.319 2.049
150.202 -160.392 -150.227 2.158
55.913 107.759 -78.182 1.850
-137.664 -94.787 -155.678 2.060
197.135 96.766 1.124 1.990
-85.655 -7.155 -143.148 1.825
154.293 -156.855 175.133 2.039
-194.062 -39.313 159.055 2.195
153.184 130.993 -138.126 2.039
38.343 -128.449 -134.860 2.070
-177.665 -2.405 150.466 1.972
-67.786 -8.182 58.478 1.908
-1.591 -110.293 -28.456 2.001
170.164 149.037 -85.692 1.958
-12.787 184.571 -144.094 2.011
93.286 -84.094 84.620 1.972
63.459 187.757 -110.952 1.911
217.692 111.326 57.471 2.091
-194.161 -68.390 -73.963 2.038
126.166 187.134 -176.455 2.108
150.700 114.882 -160.734 2.004
196.417 -39.888 -78.823 1.851
-12.128 -135.560 -21.347 2.040
70.528 -187.543 -36.344 1.922
-101.939 -66.046 -144.575 2.108
-166.962 -106.860 138.656 1.906
57.556 23.874 45.027 1.936
100.626 -108.358 13.462 1.976
197.941 -36.492 -0.593 2.084
-192.395 -69.223 -92.294 1.883
51.824 104.857 165.901 1.929
98.533 -60.964 67.598 2.076
73.592 -42.907 -193.345 1.886
-73.080 107.833 -6.172 1.921
38.252 66.420 90.505 1.991
-16.819 -129.551 99.548 2.102
9.922 -21.273 166.953 2.077
66.797 -92.482 75.337 1.931
-22.826 -97.465 0.482 1.932
104.744 109.185 -138.829 1.891
185.979 -69.032 68.029 2.064
55.065 160.760 -77.206 2.039
154.498 -0.125 171.446 2.160
98.464 77.044 -32.524 2.010
-175.355 -11.232 180.077 2.077
-103.221 -72.012 155.700 2.043
-60.155 -52.727 -53.042 2.098
201.186 -45.668 126.642 2.102
-112.343 -88.333 164.602 2.107
87.874 97.656 -189.797 1.992
113.032 142.758 -130.310 1.957
-51.075 105.797 147.736 1.994
-62.558 145.011 -42.236 2.001
-154.386 -63.336 -176.722 2.103
-120.400 -85.266 -109.411 2.056
81.726 -49.121 31.467 2.049
-112.229 -63.409 -71.925 2.029
24.523 -56.848 152.971 1.809
185.554 -100.828 -116.979 1.943
-140.996 -62.002 63.329 1.915
-126.865 -41.043 4.763 2.030
-136.849 -58.311 165.736 2.021
-54.829 -58.016 -79.510 1.963
7.922 56.274 166.152 1.901
-204.210 165.882 76.414 2.137
-153.084 156.897 -53.136 1.919
-194.678 -118.611 6.749 1.902
-135.752 172.985 101.286 1.830
80.520 121.438 116.233 2.032
60.345 55.686 -138.015 1.977
44.108 116.870 -28.752 2.162
173.009 -127.534 161.037 2.053
-5.725 100.910 91.146 1.947
114.157 117.897 -161.704 2.007
38.840 100.043 -69.146 1.908
218.648 113.963 -169.194 2.107
-164.011 -73.801 -159.069 1.939
168.769 -92.591 53.662 2.069
36.235 -103.564 -161.820 1.891
176.134 31.736 -138.068 1.929
77.513 57.818 -20.607 2.007
-193.017 -120.083 -10.239 2.072
152.311 144.891 45.248 2.106
196.197 -98.923 111.408 1.995
-191.105 -168.144 -103.341 2.041
168.803 -157.394 146.328 1.987
-144.518 53.223 141.258 2.131
-26.253 70.197 110.102 2.178
213.651 180.663 181.800 1.830
-171.742 -68.999 23.340 1.996
-174.392 -50.325 54.310 1.935
-210.657 140.553 43.299 2.072
-127.894 120.379 -11.692 2.020
2.716 42.032 115.932 2.128
-20.784 -33.688 27.339 1.892
19.363 29.475 57.276 2.013
87.943 -87.302 54.745 1.861
14.258 152.219 92.862 2.012
29.021 172.178 90.484 1.954
220.258 123.384 98.690 1.993
25.182 59.711 146.378 2.042
-95.545 68.518 51.882 2.132
46.705 109.755 193.678 1.812
162.575 -137.027 -176.600 2.197
-223.393 100.406 -70.893 1.988
-185.721 67.916 -92.744 2.174
-70.470 11.422 52.248 2.038
-139.769 97.615 127.368 1.908
60.931 -6.377 -147.354 1.896
-224.244 -84.106 76.488 1.903
-182.722 39.173 -23.776 2.096
175.255 -135.054 -131.073 2.125
50.401 -167.313 -181.585 2.055
-153.474 -189.660 -170.326 1.912
-73.421 -11.391 -172.331 2.027
-144.348 -171.186 105.604 1.839
-142.455 -23.621 -24.527 2.000
-30.959 -108.750 171.384 2.151
-136.715 114.021 101.241 1.886
-89.579 100.995 -41.293 2.095
211.019 53.563 -106.743 1.970
-166.832 95.904 -199.815 2.012
-160.885 -116.234 -1.260 2.103
47.501 -72.578 -126.544 1.962
221.803 70.749 -26.021 1.854
-170.048 -97.686 -132.696 2.005
-199.019 170.877 -1.516 1.969
-14.264 -17.976 196.662 1.924
-38.726 150.391 -58.582 2.016
170.452 -95.225 167.920 1.898
184.779 -13.786 -135.822 2.062
-15.980 123.489 -130.894 2.026
-191.922 -119.700 -59.429 1.938
-216.096 -95.929 -167.653 2.058
-108.327 111.491 -181.937 2.104
-42.603 115.334 52.504 1.908
-159.950 -55.810 -89.212 2.083
189.429 -111.337 -125.842 2.073
-94.322 21.270 85.175 1.990
224.035 -77.888 -1.655 2.069
200.201 -149.846 199.535 2.112
217.396 147.919 88.030 2.008
-141.097 4.903 -69.822 2.008
-48.500 -101.046 -96.416 1.840
-164.108 178.067 -148.890 2.024
29.713 167.161 109.870 2.011
12.040 70.883 -43.762 1.958
-201.309 -101.761 80.051 2.018
166.912 47.616 146.475 1.912
184.573 -25.990 188.362 2.049
-147.084 -21.116 109.799 2.115
-47.812 -113.569 -64.393 2.029
14.553 89.014 -161.336 2.117
-11.457 -27.132 -79.681 1.909
-54.476 165.877 91.221 1.816
-185.597 84.606 35.599 1.976
-113.057 -103.097 -3.336 1.885
211.432 -76.278 -22.125 1.957
-137.652 -30.107 -18.125 1.917
-53.708 105.633 -33.126 1.755
214.740 30.195 180.942 2.023
76.759 -111.759 46.023 2.056
48.881 93.941 -185.793 2.054
-203.874 -66.250 31.935 2.061
-19.310 -71.796 49.864 2.036
-99.071 -16.047 189.210 1.987
-31.130 -7.345 85.522 1.794
-106.326 88.125 198.497 2.019
166.477 -24.775 -136.242 2.215
197.155 -155.158 65.213 2.120
207.671 184.469 -181.753 1.930
173.985 103.372 163.127 1.961
221.476 122.228 -32.390 2.001
178.452 -61.144 -103.517 2.113
171.453 -4.826 -103.893 2.064
61.845 -56.292 15.690 1.984
-72.061 67.912 -84.849 2.102
-4.582 41.516 -89.051 1.983
38.477 121.156 -30.882 2.112
-166.146 85.007 -38.350 1.822
161.026 -37.608 41.150 1.851
68.240 -154.129 -14.976 1.917
104.307 -182.845 52.958 2.014
125.362 155.712 14.275 2.078
-10.942 -129.680 -125.151 1.954
-178.872 99.742 -2.988 1.850
162.431 -96.481 -100.289 2.077
174.926 -4.721 -131.456 1.960
-126.785 -149.097 -139.418 2.108
92.989 126.047 -15.951 2.134
122.218 -139.309 -140.168 1.961
-56.238 58.906 -28.613 1.804
224.658 51.037 -145.096 2.106
-208.785 134.763 -141.978 2.137
119.783 14.019 -58.408 1.851
68.325 -38.173 76.417 2.031
-137.074 125.317 102.130 1.967
198.848 -10.593 183.587 2.044
87.833 -168.819 180.313 2.065
-200.855 142.691 75.033 1.924
-120.506 0.067 -98.388 2.035
-30.321 -62.275 -78.186 1.982
-68.570 -72.685 170.013 2.010
-202.005 -161.594 -81.204 1.965
148.389 13.954 -163.481 1.871
-103.183 32.771 -84.490 2.163
-181.752 -52.822 -185.646 1.854
34.715 97.613 0.666 2.067
-138.598 106.340 -2.298 2.178
21.627 116.541 9.102 2.049
40.667 -151.873 70.698 2.148
208.250 45.431 -20.272 1.859
80.346 128.763 -188.165 1.970
54.056 -167.342 29.157 2.030
-133.074 -92.983 -35.757 1.889
87.116 -42.091 47.204 2.174
-13.978 -43.617 171.544 1.992
80.839 -55.179 -28.155 1.961
-65.599 -38.199 84.118 2.034
213.809 186.865 165.304 2.066
18.264 182.960 -0.722 1.897
-82.015 -9.284 -183.413 1.930
-144.563 -141.149 114.815 1.819
14.348 76.510 -128.630 1.805
147.067 51.649 -66.578 1.775
37.409 35.810 -27.050 2.096
-179.748 139.823 49.267 2.160
97.051 180.614 -128.859 2.014
-80.747 -10.543 -146.883 1.969
85.035 32.241 116.409 2.028
75.791 17.298 -17.238 1.892
-188.603 168.660 -27.366 2.196
-26.139 -10.625 -74.688 1.997
-143.969 73.013 166.978 2.057
-64.609 -1.582 192.854 1.964
-188.481 182.262 59.680 1.922
-34.598 99.153 -36.014 1.913
46.639 161.176 101.366 2.006
61.047 -155.643 158.616 2.030
167.015 18.317 -104.382 1.980
-60.929 -11.918 -153.487 1.996
151.565 -163.612 47.705 1.942
102.185 7.386 -80.703 1.917
-89.680 32.618 94.273 1.917
-82.648 -107.579 -21.695 1.930
18.895 -51.770 45.705 2.072
116.089 -128.508 -2.791 1.827
-207.175 162.899 21.492 1.896
-80.162 -73.724 65.364 2.017
107.699 32.870 -63.662 1.971
150.617 50.713 22.866 1.977
-185.380 77.627 27.674 1.825
204.670 67.449 -170.351 2.027
-116.659 -148.375 32.601 1.972
77.306 89.048 171.666 2.092
123.371 1.861 -57.327 2.002
-222.696 142.237 99.501 1.784
14.337 -18.608 -112.964 2.047
138.094 -123.719 11.068 1.793
107.023 -181.421 -30.120 1.877
3.118 -121.946 -198.623 1.881
14.048 -116.673 -137.161 2.059
-49.680 67.945 150.738 2.038
71.375 1.166 112.081 1.984
213.216 113.384 -102.379 1.917
-92.170 -147.653 2.398 2.113
-5.204 -28.646 -196.501 1.901
224.828 32.470 -98.919 2.138
42.740 113.635 83.971 1.988
206.104 158.376 -70.327 2.082
150.519 -134.355 47.942 2.059
-60.821 36.173 127.657 2.000
-100.722 -75.706 -170.734 2.039
94.935 -122.581 135.524 2.096
135.912 -97.900 64.091 2.052
-134.156 114.585 -1.491 1.920
-64.984 94.157 90.394 2.187
-105.188 -2.861 13.201 1.936
-169.990 -49.831 -31.994 2.074
-56.013 8.487 10.645 2.043
-222.302 -103.033 103.950 1.907
-10.588 -23.647 120.897 2.087
58.941 6.190 -6.884 2.192
146.630 -181.968 136.775 1.992
197.550 86.961 -31.718 1.940
-129.671 -93.111 -170.368 2.054
-170.353 174.691 -55.872 1.951
-48.243 -69.197 140.040 2.043
59.712 25.140 -0.222 1.955
124.272 -136.858 29.389 2.128
-136.575 -126.066 198.654 1.835
180.419 -122.983 -144.648 2.093
82.170 -0.605 -64.032 2.170
-79.319 0.892 -149.148 2.057
-48.259 145.077 -123.909 1.902
-213.173 -25.577 147.721 1.976
-126.733 161.618 -67.778 2.080
-70.548 -114.797 -56.500 2.050
220.557 21.701 48.736 1.728
-27.004 -38.459 97.304 1.926
-210.095 -93.762 -116.500 2.004
38.237 -7.462 101.817 2.044
-65.901 -165.506 15.242 1.853
206.920 115.908 -30.667 1.947
-58.831 -157.204 -115.796 1.909
-4.283 -15.637 5.561 1.997
107.083 189.364 168.002 1.866
140.399 48.076 -117.245 1.776
-52.928 37.373 114.922 1.823
215.616 55.178 120.622 1.944
187.169 -184.171 -35.029 1.955
157.448 -6.643 20.539 2.067
220.303 -69.883 26.010 2.022
-59.961 56.246 -197.058 2.071
167.019 -25.486 90.595 1.922
-212.514 100.663 -36.992 1.971
113.921 -73.765 -112.821 2.234
-58.513 -31.054 -22.192 2.015
-82.076 -98.115 188.611 1.984
-96.216 2.486 -129.584 2.137
-75.348 -45.137 -56.697 2.074
-35.962 -14.164 109.798 1.995
9.908 -53.888 122.024 1.913
-66.360 -136.048 -115.200 2.075
-153.733 11.712 198.373 2.064
75.144 -108.622 -162.601 1.947
65.296 -168.630 110.564 1.910
-74.703 -65.702 7.569 1.972
-56.391 -40.016 -54.021 2.070
126.304 37.219 159.666 2.044
-39.435 -144.416 -134.010 1.964
50.395 95.257 -112.170 2.034
87.920 70.782 -122.742 1.945
-219.201 169.039 163.562 1.959
-86.781 22.078 -25.215 2.053
94.713 67.284 43.220 1.874
202.128 -42.467 3.377 2.092
158.628 41.146 33.518 2.019
214.987 -31.459 133.772 1.957
-122.190 -162.132 -47.865 2.069
208.863 -50.572 158.928 2.040
-200.511 -178.082 78.024 1.979
112.853 -64.404 52.451 2.132
-95.027 -30.694 74.742 2.047
113.725 23.162 24.734 1.935
-175.056 -78.026 166.898 2.022
75.047 -72.204 -144.315 2.112
134.639 25.058 -186.418 1.913
154.493 -22.697 142.449 1.963
146.425 175.349 -183.846 2.009
-67.361 -93.407 39.680 2.118
129.588 35.424 165.790 1.943
-135.499 -152.361 -113.316 1.891
-192.413 -164.882 -115.736 1.801
78.664 184.335 168.469 2.102
108.905 -90.299 191.207 1.943
-173.883 121.645 139.818 2.255
180.624 -81.188 -198.530 1.989
-112.214 -167.086 153.813 1.981
-66.178 -141.937 159.012 1.937
221.656 134.930 138.112 2.022
20.397 157.336 -64.540 1.967
140.955 171.930 -51.317 1.841
-82.321 125.804 -26.384 2.161
199.014 -60.638 -174.283 2.003
-71.671 -92.948 106.184 2.002
206.647 -166.908 -115.094 2.008
26.510 142.187 -154.256 2.148
70.043 -147.794 -160.864 1.966
37.393 187.066 168.834 1.957
221.467 -173.549 117.083 2.098
175.751 75.951 103.305 1.929
-12.677 159.800 -179.810 2.135
220.040 -23.280 -56.706 2.066
194.516 24.021 -195.928 1.914
109.736 -121.547 90.057 2.115
-133.804 139.386 174.947 1.929
-140.042 81.341 77.711 1.971
206.853 -88.673 -101.081 1.964
-185.985 72.126 18.046 1.938
14.753 45.676 -185.966 1.972
-167.485 -125.315 -105.420 1.917
64.833 148.254 119.127 1.926
16.022 16.938 -76.109 2.019
81.579 -180.988 110.979 1.972
4.033 -143.249 96.197 1.819
17.342 -49.929 46.528 2.174
-19.830 129.754 -31.667 2.060
177.380 88.076 -105.736 1.772
203.903 51.949 -78.573 1.875
-159.710 36.930 -125.882 1.968
193.025 -86.845 -144.368 1.814
95.329 116.659 -59.192 1.997
-102.204 -162.639 -174.707 1.880
-39.842 -182.600 182.371 2.110
-37.780 -13.338 -147.492 2.088
-144.820 175.043 113.597 1.982
210.838 -99.660 32.903 2.177
35.732 -4.407 94.451 1.946
8.802 16.402 -158.023 1.937
27.490 -116.047 -55.193 1.902
-96.746 -151.678 178.472 1.982
-159.626 149.241 -43.625 2.000
123.588 -150.031 -146.989 2.035
-179.044 62.038 -177.976 2.053
-105.833 -147.911 33.596 2.120
196.407 -151.750 -150.949 1.938
-75.703 111.266 105.192 1.906
99.600 105.815 -186.124 2.060
125.062 -11.681 -62.439 1.892
-47.668 -33.421 -189.864 2.019
-135.149 181.527 -73.159 1.930
81.104 89.194 192.149 1.764
-146.600 71.149 131.834 1.922
165.023 35.243 165.142 1.819
117.343 -122.631 -77.846 1.955
-99.602 86.987 39.196 1.981
-125.335 -89.584 -149.959 1.960
146.060 -120.938 -40.654 1.940
-63.914 -147.792 18.871 2.042
112.168 -142.819 101.139 1.993
-1.231 18.643 -87.839 1.966
-183.022 -48.750 175.815 1.979
141.901 127.729 -8.148 1.939
50.111 187.796 141.851 1.989
-214.535 154.320 -73.903 1.893
224.135 -106.549 -84.267 2.099
105.778 153.669 -188.366 1.818
-81.571 92.798 -111.568 2.085
-169.997 -17.337 51.273 2.097
105.242 97.713 -24.572 2.000
-190.530 -105.737 -122.411 2.146
27.681 188.234 22.489 2.196
-136.089 177.414 84.113 2.073
77.232 75.520 94.901 1.832
185.215 121.523 165.767 1.845
-118.253 -126.996 173.638 1.761
45.395 124.600 128.602 2.013
-2.647 34.478 -184.374 2.105
-88.323 150.982 -103.149 1.988
-166.643 79.943 -122.399 1.956
-85.605 138.758 122.136 2.094
-166.768 -166.097 -158.990 1.805
-155.134 -145.466 -18.180 2.107
18.038 130.932 -181.027 2.136
20.650 -187.588 35.540 2.005
176.862 -127.654 -184.311 1.983
213.265 166.607 149.998 2.022
-100.148 71.633 32.469 2.090
-168.044 38.894 -121.105 2.001
115.185 121.862 -61.694 2.214
-19.293 19.229 79.348 1.973
-15.516 -69.092 -137.695 1.941
176.795 156.875 80.005 1.901
178.265 -120.490 116.622 1.949
-163.053 136.634 118.059 1.990
-218.781 -106.500 -18.835 2.144
-0.768 -142.178 -102.821 1.904
31.371 -61.645 78.534 2.008
44.854 128.246 0.920 2.062
-108.429 89.479 -38.341 1.903
161.265 -118.326 59.419 2.141
165.845 68.579 -23.970 1.971
-212.611 -162.304 -13.784 2.008
105.865 128.363 -83.902 1.807
196.307 -164.437 -62.972 1.957
151.766 31.092 -60.728 1.879
-24.885 -45.241 -152.374 2.078
87.827 90.662 111.996 2.103
-179.722 -169.709 9.332 1.972
32.054 83.979 -58.192 1.751
49.999 -95.992 53.367 2.085
-220.775 -28.750 -13.842 2.005
54.549 85.273 117.757 2.002
195.027 -71.658 -24.817 2.155
115.533 39.451 43.013 2.066
125.944 -41.037 84.810 2.278
48.046 -33.962 -156.852 1.907
120.977 -103.339 152.217 2.076
204.008 -25.666 13.738 2.024
-89.693 -119.407 42.771 2.070
205.807 126.273 -62.804 1.885
-39.226 -60.226 146.824 1.879
-59.431 -57.374 -56.251 2.111
-153.532 71.908 130.282 1.977
10.773 -58.274 -31.831 1.865
3.894 184.370 96.670 2.115
141.809 -184.698 -47.706 1.933
151.841 -106.274 -71.775 1.813
134.444 -162.802 108.688 2.057
9.698 -14.209 -137.165 2.118
-53.461 -3.860 -191.215 2.130
-143.981 -145.945 62.788 1.996
78.324 -166.492 105.711 2.103
103.756 -39.740 46.286 1.981
-92.824 18.717 178.633 1.941
223.793 -171.166 72.570 1.810
-50.576 136.550 -173.674 1.931
30.102 -20.563 -142.904 2.029
-100.787 -50.932 -147.269 2.129
-157.974 -24.461 -31.053 1.826
-47.678 -15.529 137.435 1.959
-199.660 -60.342 115.059 2.066
156.818 50.663 72.729 2.127
-55.031 50.085 106.795 2.020
118.873 -52.616 -120.172 2.057
198.096 -21.550 102.353 1.959
37.680 -103.814 63.909 2.043
191.088 14.256 -162.702 2.000
157.300 -168.988 -101.344 2.112
15.003 107.931 14.145 1.830
114.717 -41.784 -183.221 1.947
-191.484 20.907 -154.174 2.084
-34.148 137.693 78.282 2.011
-1.972 -91.663 52.626 1.877
-93.326 181.175 117.077 2.245
214.113 131.886 198.855 1.889
198.548 -144.910 188.621 2.017
-107.844 -120.237 -64.233 1.934
162.570 184.287 152.381 2.025
77.686 -41.924 147.132 2.020
-35.355 -134.992 -99.451 2.045
23.537 65.358 -68.985 1.970
-173.063 107.142 -7.781 1.888
-151.199 -105.223 35.559 2.084
-171.420 -128.297 -99.793 1.996
-127.343 -47.859 -91.872 2.068
190.521 -100.290 -68.580 2.012
-70.357 -117.755 -52.779 1.905
-137.244 -62.017 107.738 1.957
-186.838 21.848 -193.905 1.983
154.817 -6.024 -16.347 2.055
-4.972 -57.517 -119.121 2.152
-177.105 -12.939 85.171 1.932
-33.099 -64.557 169.621 1.997
-132.234 -126.303 135.485 2.011
-102.107 -62.018 -43.480 1.808
-24.961 75.547 71.891 2.173
-143.731 -177.854 94.149 2.017
141.781 -13.318 129.597 2.046
-42.724 -105.831 -40.515 1.984
-169.080 174.513 20.039 2.109
-11.858 -73.128 -74.418 2.159
189.703 -121.123 -66.940 1.924
-39.887 -189.845 -53.469 1.966
210.434 169.175 -156.422 1.888
131.029 -38.764 187.961 2.063
186.557 60.319 -147.120 2.130
161.642 -35.093 -140.937 1.986
167.477 -48.393 110.215 1.956
70.037 -188.237 176.801 1.978
-57.232 -93.274 142.261 2.108
-202.913 -59.853 -99.448 1.858
-137.475 19.613 45.146 2.049
26.412 -106.351 169.534 2.080
24.415 115.508 7.233 2.082
116.414 64.501 64.729 1.942
-2.484 152.557 22.059 1.924
-7.743 162.758 -3.694 2.318
-179.688 25.205 135.976 1.807
-75.949 -141.534 -134.052 1.850
139.878 -1.426 133.202 1.980
160.441 -10.485 55.034 1.999
118.397 -64.271 125.577 2.032
-145.221 73.001 -199.605 2.158
-31.004 -22.328 114.084 2.079
-159.117 95.293 99.758 1.992
-62.973 62.679 7.010 2.087
-47.557 75.466 -185.543 2.012
-20.511 -38.839 -38.298 1.954
-3.244 -153.278 -49.841 2.140
96.176 -56.210 126.481 2.093
154.590 -11.689 -22.736 1.976
-184.631 -70.415 -192.798 1.981
167.205 -48.650 -10.965 2.034
205.848 133.829 119.483 2.043
-121.977 106.220 -183.783 1.877
-93.635 -122.407 -190.085 2.049
-50.939 150.807 -190.924 2.095
-40.485 -81.567 -40.502 2.071
205.011 -47.193 -113.178 2.028
-62.793 29.293 59.430 1.923
186.842 -142.523 132.836 2.048
-95.180 6.497 115.845 2.018
-92.942 -74.750 -197.940 2.053
17.726 -178.360 186.444 2.002
-189.548 93.835 103.544 1.873
-181.495 -68.579 133.188 1.904
81.017 -27.016 52.456 2.140
-209.522 -73.999 140.373 2.076
-160.950 143.569 112.660 1.958
-37.966 -132.535 61.456 2.074
214.545 -145.214 123.714 1.961
97.611 -179.918 -16.925 1.994
-142.239 73.628 -13.313 2.000
122.534 27.359 47.992 2.016
-191.512 -35.836 -14.083 2.020
-148.090 -151.072 -113.827 1.942
-118.384 -182.700 -171.970 1.970
-90.603 53.190 -17.989 2.133
-187.347 148.428 198.209 1.915
48.603 118.212 -131.459 1.939
-210.042 -3.005 118.740 2.149
-14.378 157.962 -178.810 2.007
-185.828 152.761 -163.439 2.079
159.262 147.700 193.146 1.991
205.360 -18.654 -2.133 2.114
109.159 -44.121 -10.594 2.026
11.693 -118.846 62.510 2.001
172.898 -120.224 188.325 1.882
-42.976 -96.503 102.606 2.059
183.237 -101.837 28.427 2.041
-113.344 -79.464 50.269 2.049
117.481 -61.692 -108.793 1.907
-4.411 147.538 -20.620 1.840
-185.148 129.593 148.032 2.050
109.461 -47.263 -93.022 1.973
82.298 25.939 143.105 1.815
48.205 77.305 75.020 2.080
7.829 16.501 -137.451 2.002
-40.639 -154.093 -74.745 2.136
-92.956 186.117 44.423 1.878
-171.895 -30.174 4.549 2.156
-48.388 100.910 197.025 1.856
-0.377 -69.003 -101.406 1.845
127.317 -27.586 139.809 1.980
-66.538 171.588 6.301 1.917
19.056 -132.689 122.669 1.973
142.709 -183.199 -50.993 2.046
-123.013 57.930 88.410 2.026
139.892 -22.450 -79.642 1.851
-191.638 33.396 83.727 1.857
164.549 -124.682 -120.153 1.833
61.792 -107.605 -196.474 1.966
-37.806 -87.971 -155.863 1.990
-152.589 24.959 86.923 1.936
-149.989 -163.592 -172.159 2.016
86.561 86.119 -121.262 2.028
-79.961 -96.092 12.912 1.980
-54.918 -128.347 -76.754 2.031
-94.664 88.565 31.877 1.905
168.573 -24.630 194.726 2.138
210.328 11.148 -120.599 1.768
187.718 -115.555 -165.427 2.075
-223.969 16.599 10.771 1.852
120.297 -125.683 161.181 2.077
196.862 -105.371 -12.593 2.157
-8.731 95.891 -38.030 1.942
-161.400 -144.236 -161.532 2.005
143.200 181.308 29.731 1.994
108.245 126.122 -44.203 2.020
-63.738 174.977 155.540 1.875
-126.250 -46.476 -183.531 1.984
-32.027 2.682 -14.738 1.978
49.123 -94.563 -147.416 1.899
93.267 -58.642 172.229 1.959
161.783 41.588 138.227 1.994
79.072 -142.440 -131.367 2.049
209.850 120.304 -26.507 1.963
78.195 -183.436 -155.342 2.038
-89.731 161.933 -40.036 1.930
9.517 -72.855 -163.249 2.111
127.270 -99.625 59.140 1.946
169.400 -26.572 -195.999 1.828
199.091 -30.633 195.238 1.913
-186.039 -177.198 171.199 1.981
-11.045 -177.447 18.829 2.217
-179.466 -9.887 -112.774 1.975
-82.853 32.496 -21.455 1.803
-183.212 -91.151 -153.543 1.758
-187.840 -101.762 30.033 1.848
-116.430 103.070 -134.658 2.251
176.642 33.340 -110.705 1.954
112.076 -22.939 145.682 1.943
128.647 -78.095 -66.513 1.885
157.541 -2.534 -149.284 1.905
-178.535 -138.352 43.426 1.922
120.776 -48.719 -177.552 1.990
-199.903 84.525 -62.835 1.965
-119.990 114.317 114.374 2.040
63.049 127.069 9.574 2.081
-204.267 -42.913 -101.067 2.021
81.062 -39.905 -190.947 1.835
153.789 -116.092 65.493 1.867
101.975 -111.590 -112.707 1.989
-150.769 -23.090 53.133 1.925
-134.920 -92.253 -80.724 1.846
-76.782 43.545 -110.032 1.922
-151.569 159.258 -24.798 2.013
202.443 70.334 -55.925 1.952
195.630 158.851 -196.479 1.973
64.971 143.775 -78.844 2.096
-163.894 178.475 -127.756 2.150
-0.149 185.069 -115.771 2.044
33.409 -87.768 -81.622 1.975
62.892 -170.950 43.000 1.811
65.819 66.501 182.594 1.925
173.042 112.028 91.998 2.045
-188.556 -33.591 47.390 2.127
-14.003 -82.528 -144.631 1.999
-148.115 108.142 32.413 2.036
142.174 60.732 38.736 1.926
-78.842 54.762 136.222 2.025
133.672 142.714 44.988 2.004
103.393 135.452 75.302 2.002
198.624 26.419 -96.217 1.970
159.755 -154.988 38.686 1.958
-75.120 -165.009 112.030 1.978
10.356 -93.031 104.973 2.179
-219.640 -46.816 -139.755 1.964
-5.689 -66.132 141.371 2.020
-102.829 -147.002 -33.718 1.953
-191.802 115.003 174.112 2.155
-37.906 61.025 121.342 2.035
194.855 -97.730 194.805 2.032
83.570 53.417 161.212 1.974
-31.942 -143.602 53.362 2.117
-103.560 106.238 140.414 1.980
-35.962 66.687 -120.996 1.980
16.129 -158.337 8.049 2.006
218.727 95.175 -83.774 2.234
90.669 -113.343 143.827 1.826
64.120 35.766 -192.324 2.066
53.769 -137.916 69.109 2.148
-157.615 62.603 174.385 2.217
-218.889 -55.139 -70.599 1.891
204.349 -147.426 -120.723 2.016
-16.678 -174.898 -115.104 1.737
-213.302 41.423 -186.849 1.948
-209.991 -142.150 -79.952 1.974
-134.481 -1.709 -43.009 2.088
-12.391 12.793 115.730 1.926
-142.418 183.351 87.188 1.991
-33.818 -50.996 6.225 1.850
118.572 177.016 43.704 2.015
29.673 -24.156 94.804 1.955
-220.219 -82.479 -92.413 2.049
-30.068 -172.898 74.812 1.968
33.388 36.255 -148.778 1.906
64.199 -73.290 -178.105 1.900
214.520 99.145 -38.986 2.085
70.908 -22.453 170.072 2.075
1.891 -28.717 -177.966 2.011
-70.131 -33.547 74.929 1.971
46.295 -27.588 -4.171 1.973
218.293 -3.660 -24.116 2.089
-135.333 -73.024 180.045 1.797
-48.831 -100.299 -140.365 2.120
-2.193 120.574 101.634 1.794
55.463 6.132 -142.311 1.941
-174.716 -30.876 -75.291 2.069
9.652 128.764 -72.964 1.885
89.646 -118.058 -193.363 2.009
91.176 -129.933 10.754 2.020
-194.674 49.142 182.251 1.930
62.781 -121.855 -115.586 1.869
178.215 165.646 -40.515 2.014
70.976 -136.913 94.871 2.066
-197.279 33.843 -38.288 2.194
16.402 -156.458 117.376 2.039
118.604 -111.956 134.148 2.219
-148.217 168.364 11.571 1.995
134.099 41.256 -159.262 2.042
150.661 13.618 -78.308 1.980
101.303 -187.456 77.182 1.910
111.699 123.716 183.152 2.097
26.420 -69.471 74.223 1.900
-71.990 -79.595 -16.756 2.166
-107.455 117.810 6.695 2.045
-165.084 -149.285 -40.819 1.978
-47.268 17.906 -50.191 1.914
105.980 129.372 119.928 2.150
-13.889 -174.496 178.375 2.009
222.931 41.839 -161.462 2.107
-153.659 145.164 -135.678 2.064
106.090 154.297 -60.364 1.928
51.532 -32.493 -178.986 2.167
-6.187 88.824 -187.734 1.969
130.450 -66.114 44.953 2.092
141.846 24.266 45.630 2.029
-100.264 46.173 113.847 1.829
67.251 -52.860 -151.817 2.181
-116.018 -162.163 -35.296 2.010
-189.403 -54.990 54.389 1.981
12.254 -104.796 -143.522 1.974
209.285 144.443 -36.116 1.903
3.947 -119.995 -74.741 2.002
88.440 -173.692 71.219 2.036
52.910 175.012 3.360 2.135
87.760 5.403 192.514 1.939
8.697 189.768 -132.072 1.967
110.158 128.009 -118.618 2.057
24.633 143.350 -188.400 2.112
10.779 -48.467 -9.645 1.886
124.690 104.513 -72.584 1.989
174.057 -121.509 119.498 2.001
185.411 -178.181 199.175 1.829
