121.760 -112.436 -106.599 2.154
188.746 -162.191 5.687 1.910
-61.537 -120.299 -60.548 2.007
190.262 159.148 133.361 2.018
-92.591 -95.490 -135.868 2.013
-42.291 -48.496 -99.722 1.895
-158.953 -12.063 -58.559 2.018
-90.961 59.519 -161.125 1.967
213.181 -55.136 115.886 1.989
73.215 -119.514 7.482 2.078
163.665 -135.092 188.456 1.932
156.930 59.728 170.656 2.009
-220.971 167.834 -71.397 2.013
-215.796 84.935 125.717 1.918
199.458 155.364 178.413 1.908
-24.324 -14.039 -149.609 1.780
-181.128 -131.286 -126.360 2.104
-116.242 79.295 97.935 2.002
34.108 -109.187 -162.774 1.988
-73.113 -128.465 18.921 2.191
85.619 -116.042 -87.531 2.039
-37.432 -115.795 151.167 2.092
-191.593 -70.932 -190.535 1.973
149.436 -148.802 174.753 1.830
48.914 -47.939 41.422 1.898
-173.804 -118.871 162.823 2.064
49.602 99.350 188.403 1.994
-188.160 94.828 158.773 1.982
-94.067 130.099 191.721 1.872
-181.006 161.366 3.816 2.199
187.952 -83.454 -57.636 1.913
73.354 126.526 55.784 2.132
-132.727 -48.819 197.540 2.127
-36.339 -162.717 88.482 1.996
54.314 -153.180 180.320 1.999
27.993 -173.740 64.100 2.202
-200.049 158.283 81.786 2.041
68.712 117.226 -196.489 1.868
-2.774 -19.032 73.167 1.895
-222.162 88.881 -132.331 2.081
183.445 176.406 150.810 1.877
195.268 -79.489 120.361 1.945
66.522 -107.096 -68.261 2.011
-174.431 -43.999 -88.817 1.904
-51.553 56.245 -62.891 1.991
-196.614 48.871 112.304 1.991
-94.128 -21.963 -67.389 1.874
140.930 63.246 -34.340 1.876
171.611 -167.022 -115.531 1.992
148.854 125.361 -167.292 2.076
-2.547 161.584 66.828 2.050
-140.010 -13.693 -95.422 1.935
116.205 -134.203 -8.810 2.012
-176.181 7.734 170.610 2.151
-195.169 11.852 21.584 2.101
190.625 -154.765 14.645 1.892
-168.951 -144.749 112.339 2.054
91.833 -69.889 35.682 2.024
11.082 117.419 47.929 2.118
121.013 182.401 45.049 1.985
-145.663 37.342 -27.731 2.073
74.532 22.255 161.825 2.278
-134.918 -57.019 183.948 2.047
-207.928 -188.364 89.867 1.821
-63.233 -61.103 -13.408 1.924
-204.542 171.928 -1.329 1.865
-131.283 -95.347 187.427 2.089
43.307 114.393 -45.240 1.925
-96.129 77.545 -118.721 2.137
-125.648 68.567 125.887 2.017
66.322 -34.907 115.276 1.874
-123.001 -67.595 -118.529 1.823
-134.652 -25.432 -66.283 1.876
-77.185 58.309 -102.059 1.958
-27.747 -138.896 -68.716 1.912
67.473 154.505 150.589 2.091
-6.702 168.445 -87.805 1.973
-8.818 -12.556 103.092 1.996
213.133 9.076 192.479 2.006
212.113 136.045 167.060 1.846
-96.651 37.045 84.135 1.936
81.379 180.436 15.630 1.842
-42.827 -118.739 191.545 2.152
-22.018 -6.935 -116.467 1.961
119.303 -185.641 -179.104 2.118
20.616 152.298 70.538 1.927
-192.649 133.695 185.155 2.038
165.371 61.536 125.291 2.029
53.656 103.270 -19.615 2.124
86.520 18.578 -148.863 1.996
101.086 -143.562 -128.960 2.058
-134.267 17.293 3.700 2.044
-68.989 -158.424 178.671 1.956
153.153 176.106 -118.577 1.903
-164.193 67.299 -34.118 2.106
127.687 -144.211 153.456 1.860
144.865 54.960 67.720 2.063
-89.044 50.404 104.531 1.975
37.797 -128.247 71.824 1.961
-124.412 -113.830 197.622 2.110
-219.729 -181.231 -96.855 2.167
64.236 100.632 28.544 2.006
-31.513 73.320 -113.023 2.171
194.407 146.053 158.657 2.124
-149.322 -84.388 116.392 1.965
114.336 122.237 -133.344 1.928
125.345 -45.759 74.527 2.038
10.430 121.666 61.402 1.983
-223.683 149.294 -180.178 1.892
-166.778 -55.996 -49.573 1.964
-199.094 28.766 -71.000 1.872
-125.108 -26.434 -1.896 2.087
-122.513 -89.331 120.397 1.986
-6.132 75.605 -5.215 1.977
30.911 164.173 -3.550 1.897
-176.212 79.319 75.527 1.976
172.192 74.858 -57.256 1.987
136.959 110.095 -172.320 2.113
-2.556 121.488 159.771 2.055
-195.767 3.813 46.175 2.137
68.822 147.575 122.386 1.877
-200.258 142.549 -63.831 1.838
104.383 90.571 165.941 2.050
-170.997 124.347 30.551 2.004
78.985 132.687 164.117 1.841
7.310 -120.817 14.573 2.034
-175.996 -84.374 -54.220 1.985
-198.345 56.387 -148.658 2.071
112.424 169.615 155.931 2.059
85.503 89.407 48.413 1.928
48.405 93.970 99.983 1.901
119.472 172.338 -41.734 2.050
-100.006 19.484 -195.902 2.186
143.319 117.604 54.676 2.090
-0.459 -186.465 -190.983 1.811
185.813 -183.374 91.672 2.026
-137.285 143.748 -97.914 1.824
-107.796 -79.756 -42.871 2.055
-160.234 187.023 -185.255 1.924
223.620 -7.858 44.881 2.159
-189.358 129.313 -26.714 2.081
-10.740 -14.860 156.086 2.126
-114.076 -124.759 171.271 1.877
-109.632 21.564 -138.265 2.053
-143.109 174.655 85.529 2.004
36.664 -108.716 110.039 2.077
-103.283 -112.917 -65.808 2.053
-109.927 113.495 -101.986 1.766
84.219 29.959 172.776 1.893
14.986 169.468 190.889 1.911
185.497 161.718 -170.489 1.883
147.129 170.381 -190.054 1.893
47.956 66.285 -100.517 1.855
208.854 106.043 160.134 2.140
-223.558 -127.887 -139.882 1.845
-147.711 162.715 -109.013 2.002
73.869 106.083 -123.748 1.860
-71.593 2.788 -54.527 1.857
7.910 94.117 -190.608 2.129
219.712 53.096 83.912 2.140
172.746 -111.461 175.516 1.932
130.178 87.532 -36.432 1.901
-100.083 -97.641 -2.901 1.978
-75.218 116.980 104.278 2.028
-180.395 -118.832 -20.918 2.154
-38.242 -36.757 -13.334 2.007
101.235 151.673 -188.763 2.215
-17.469 171.024 32.930 2.111
-205.168 55.587 -127.857 1.891
141.275 -169.281 -197.762 1.896
-6.327 -2.841 -57.411 2.021
-204.905 -44.039 9.834 1.864
-77.404 95.269 -83.553 1.870
213.787 -25.917 -141.760 2.092
191.705 -56.800 -36.033 1.961
187.111 110.934 -84.694 2.165
207.313 116.002 39.447 1.995
-13.821 154.652 -1.606 1.908
-223.489 -81.779 54.661 1.957
184.362 128.640 118.537 1.891
-172.504 165.701 -144.499 1.850
198.097 65.324 -15.426 1.986
-206.000 -110.057 4.684 2.124
35.611 170.408 -169.753 1.985
-47.327 -150.088 -124.801 1.976
125.216 116.736 -183.067 2.186
-155.805 -138.506 -1.417 1.842
84.806 131.424 -80.573 2.047
-12.065 23.967 -190.174 1.907
-70.250 -112.772 154.834 1.888
64.434 -46.306 80.442 2.074
-129.502 -140.670 150.724 1.999
30.511 86.944 -27.713 1.882
65.215 70.522 187.847 2.024
-103.992 11.119 -116.110 1.944
-211.233 31.101 174.941 1.956
52.710 35.945 -60.012 1.802
-65.955 -153.944 60.091 1.986
112.467 39.599 -169.477 1.862
-83.012 -182.744 161.560 2.121
73.598 -114.756 -197.738 1.838
92.860 108.331 -130.401 2.002
16.045 163.291 -156.180 1.995
-126.006 144.180 190.724 1.829
-191.474 23.183 -162.778 1.836
-179.131 129.678 142.683 2.019
-219.376 -125.624 63.085 2.081
-165.958 48.569 -163.224 2.098
-158.354 143.532 -199.951 1.903
206.946 -149.062 118.815 2.022
3.417 -178.548 52.162 1.962
-203.588 44.362 -180.293 1.948
36.654 129.417 -79.814 1.845
223.969 -66.552 -42.243 2.148
-140.131 180.485 186.667 2.113
141.323 -165.517 -119.149 1.934
207.252 -43.581 142.308 2.019
112.478 -6.820 180.607 1.839
140.560 -36.114 -91.613 2.022
-13.211 66.434 -189.912 1.980
8.649 87.099 83.686 1.891
-39.178 -38.472 48.594 2.060
-50.571 137.264 178.806 2.011
210.345 -3.142 -51.153 2.063
-184.942 -140.106 -18.978 1.943
188.405 52.647 74.433 2.064
208.354 188.974 61.754 2.199
-52.071 16.714 -68.853 1.897
186.984 -158.055 -47.088 2.141
162.042 164.098 168.306 1.987
-126.128 122.885 -169.247 2.024
-129.283 162.750 -11.374 1.923
147.208 -179.012 -63.970 2.119
-185.168 115.576 -74.986 1.956
-137.419 -136.804 -42.449 1.982
-110.796 19.817 -189.239 1.843
-47.639 -179.920 -167.324 1.906
-20.313 -102.424 -126.442 1.843
-78.855 -74.066 141.508 1.783
117.749 124.103 -101.236 1.910
-87.045 -20.696 170.681 2.066
194.739 -51.989 153.697 1.890
202.061 -112.619 192.499 2.234
-182.449 -37.779 -143.585 1.852
52.007 113.403 -159.554 2.048
-211.276 -160.739 -106.635 2.124
77.968 -175.949 55.940 1.864
3.995 -129.782 -170.606 2.100
-45.524 -72.797 -28.632 2.016
-75.969 106.026 -57.976 1.994
109.258 -168.617 -90.538 1.920
17.653 -169.596 -38.205 2.072
-173.015 124.124 -161.306 1.917
-174.191 158.088 149.105 2.140
176.379 113.781 -178.428 2.080
149.489 -28.511 118.500 2.003
-4.671 -97.495 -55.110 1.897
-51.770 -110.754 143.218 1.958
160.865 -170.879 -127.227 2.014
10.584 99.810 -141.741 2.037
191.921 17.032 -43.275 2.071
-204.016 -148.765 85.653 1.910
-185.214 -53.112 139.531 1.850
-43.414 164.541 108.985 2.122
188.154 -35.186 -156.802 1.870
89.627 75.335 -80.431 2.025
-53.996 79.561 192.445 1.917
55.371 -55.596 -36.810 1.871
188.197 -89.481 153.202 2.095
-67.169 169.519 -96.848 2.011
144.380 149.531 10.250 1.793
157.115 93.427 68.925 2.048
-168.665 180.158 49.731 2.070
-64.779 118.700 -118.304 2.037
44.250 -6.980 -17.292 2.163
140.638 166.342 -56.000 1.892
-63.543 -114.085 170.389 1.956
-98.053 -111.424 -186.711 2.173
-120.686 -4.289 -11.212 2.097
-84.134 40.678 -139.173 2.098
147.835 188.439 -151.053 1.924
-125.993 -31.156 189.571 1.862
8.977 11.064 107.992 1.827
39.305 -185.807 172.784 2.125
-42.974 -145.942 -34.240 1.952
98.849 -36.487 -27.816 1.979
62.720 82.995 -38.342 1.981
59.696 -173.313 29.659 2.101
104.103 60.093 17.628 1.927
-144.100 -7.573 187.280 1.924
-95.058 -80.351 -116.667 1.786
205.059 -179.540 108.439 2.002
46.583 -16.814 -6.866 2.013
46.372 139.588 30.770 1.944
-84.952 -55.318 -13.078 1.823
-53.658 -44.865 -148.275 2.003
49.304 -2.379 -137.035 1.995
46.422 -60.139 -161.571 2.032
200.933 -187.340 -138.963 2.090
136.633 -44.563 -104.213 2.019
-130.145 3.503 1.000 2.039
-140.305 -92.617 -52.489 2.033
-130.751 75.361 -159.413 2.024
-55.475 143.830 -187.506 2.194
-176.243 -28.582 35.578 2.007
-102.040 -30.200 157.440 1.949
-95.917 -85.709 191.090 1.936
-190.815 49.811 116.202 2.189
-39.475 56.462 -63.420 1.899
129.151 106.296 114.915 1.909
-100.031 -80.803 129.998 1.940
0.500 -61.925 -17.901 1.922
6.743 22.338 106.642 1.944
-130.385 -170.482 -183.514 2.129
48.164 30.202 186.455 2.017
167.471 -127.763 23.265 1.827
-63.381 -178.087 174.164 2.158
207.727 165.343 -4.962 1.871
-86.404 106.435 168.408 2.076
141.466 -134.843 -183.481 1.987
-6.713 129.915 105.086 2.014
192.654 -1.910 39.500 2.188
90.946 -151.255 18.403 1.961
-34.645 -142.029 198.359 2.214
3.083 -123.211 -60.838 2.076
159.598 122.535 -92.522 1.975
220.611 -95.570 -4.968 2.203
184.302 86.717 -105.109 1.900
-107.316 90.769 67.851 1.906
204.829 -72.601 -66.141 2.112
-216.880 -136.873 -44.297 2.014
25.304 50.568 143.614 1.928
47.611 32.151 195.018 1.972
-63.384 -87.802 -189.777 2.164
115.012 -150.967 -17.478 1.866
-85.389 104.336 -53.309 2.006
-181.180 -131.418 -58.078 2.075
41.097 -59.462 -95.852 1.842
21.916 -108.503 167.945 2.004
91.723 122.184 21.693 2.106
29.161 -21.229 -108.312 1.893
113.767 -151.095 -69.162 1.971
-160.913 26.093 69.446 2.023
63.724 154.145 -74.121 1.970
-193.906 119.569 -55.030 2.118
-49.288 131.666 -194.314 1.932
-52.523 102.981 97.423 2.091
114.119 52.718 57.646 1.937
152.244 -75.726 -167.830 1.873
199.510 131.211 25.814 1.978
27.738 113.656 -199.580 1.795
29.086 -132.196 -121.750 1.975
218.461 68.429 -54.979 1.982
174.298 -144.310 20.397 2.151
83.522 -70.760 187.128 2.008
-71.332 164.511 -79.605 1.930
-36.099 32.037 118.286 1.879
-150.381 -128.317 -64.243 1.963
-51.602 174.333 91.370 2.111
-84.218 27.145 133.044 2.022
171.088 -37.905 113.894 1.924
135.771 155.158 -71.469 2.004
224.540 -143.551 46.750 2.006
-64.190 41.597 56.402 1.976
-202.706 -75.819 -103.029 1.881
-7.641 -70.281 50.416 1.912
-27.336 -102.856 -158.532 2.106
-138.681 -44.260 -39.772 2.065
162.779 43.502 51.011 1.932
211.307 50.344 114.475 1.918
129.341 -122.047 -30.216 2.026
185.425 -184.062 -7.561 2.008
-157.087 -169.945 -191.352 1.910
172.915 169.963 83.381 1.956
-101.205 55.660 89.037 1.996
196.844 44.159 105.107 1.851
-132.434 65.057 122.887 1.782
-170.767 110.792 -193.635 1.963
-16.107 -37.688 45.604 1.992
180.973 -24.386 31.773 2.022
-210.558 148.439 87.922 1.857
30.584 -56.438 42.393 1.862
-118.443 123.986 -73.999 1.867
-160.320 0.722 -105.501 2.015
-27.950 41.906 -195.160 1.961
-147.402 83.964 106.120 1.864
96.820 149.405 197.039 2.109
183.402 -7.588 89.472 2.100
-194.644 -108.468 -183.581 1.771
71.387 70.285 -46.532 1.876
191.823 148.782 -16.508 2.087
94.591 -104.417 -83.017 2.008
108.090 -123.904 120.324 2.015
-127.481 98.616 -57.433 1.990
14.411 77.957 175.106 2.080
-150.773 1.472 94.851 2.185
130.106 -169.017 -68.558 2.069
-77.106 63.113 67.201 1.973
166.137 89.601 -37.494 2.197
-148.049 -37.052 -72.245 1.885
190.784 144.131 -32.344 1.919
-135.614 -36.696 -119.795 2.069
-188.930 -180.864 -143.031 2.068
122.991 143.425 -66.227 1.981
-87.811 -65.783 184.459 2.003
-41.961 105.780 -166.869 2.160
43.022 -93.550 65.252 1.890
87.961 -25.415 -96.927 2.019
-215.217 51.537 -187.638 2.158
-6.603 138.054 194.527 2.042
79.431 -65.891 114.504 2.181
-76.629 150.522 176.951 1.929
-174.962 -5.443 8.839 1.975
102.995 70.047 -187.054 2.026
-159.097 -43.169 155.524 2.165
77.041 7.515 66.116 2.225
-153.177 155.422 11.956 2.068
21.660 -40.787 163.548 1.925
34.478 -17.656 122.026 1.937
-139.391 -102.220 -24.891 1.987
-39.083 68.673 -158.151 2.049
-166.020 89.124 -81.563 2.021
-219.736 -100.519 -65.434 2.075
-81.217 -17.066 -130.058 1.972
-13.343 155.006 54.519 2.288
110.989 110.182 -156.042 2.136
-0.162 67.664 -113.872 2.007
53.033 9.205 -143.186 1.944
-140.094 -89.308 26.594 1.929
92.674 -45.960 -18.343 2.058
-117.195 148.895 -104.109 1.908
-85.643 -91.312 -53.342 2.085
152.299 -97.541 -69.448 2.102
-74.027 -170.990 157.471 1.957
77.244 -130.274 183.397 2.106
-13.950 11.695 195.059 2.118
-82.341 150.853 188.141 2.078
206.425 -103.075 149.755 1.970
107.349 81.674 -73.252 2.058
160.571 -58.642 -39.585 2.034
140.910 -16.167 -0.938 2.094
-212.979 -147.721 -68.111 1.911
-33.514 73.334 -190.575 2.170
-176.121 51.131 -78.381 1.988
-74.675 -176.519 48.302 1.975
-153.689 135.574 -119.786 2.038
-141.599 -8.576 -21.584 2.097
-112.532 128.328 -122.595 1.808
-141.229 62.590 63.114 1.874
41.496 -136.522 53.414 1.862
39.349 111.136 161.844 2.077
-192.648 12.131 75.421 1.930
-16.063 -177.503 -15.989 1.950
-195.747 75.253 140.049 2.096
30.407 -118.694 -139.400 1.887
-153.222 -64.351 -152.486 1.899
-197.907 -11.619 172.901 1.883
-123.805 132.585 -173.107 2.096
-166.218 36.337 -140.569 2.114
-186.097 -80.840 -68.079 1.990
-165.813 31.043 75.558 1.978
159.255 -117.998 -192.840 2.147
-122.803 76.942 66.711 2.096
-0.304 110.538 81.877 2.034
110.823 -42.078 19.873 2.110
-17.260 -123.883 139.095 2.016
-184.007 175.254 159.049 2.036
214.516 151.198 -62.626 1.939
-156.614 -113.578 -98.870 2.031
-69.486 -23.579 157.500 1.972
-180.455 181.649 59.317 2.222
179.762 134.560 34.225 1.936
-28.613 13.931 83.137 2.037
-4.098 40.498 -53.958 2.033
127.408 -76.980 -135.535 2.106
134.764 -107.742 159.638 1.986
133.608 61.561 115.850 2.019
-93.193 -5.643 18.555 1.993
83.487 48.681 -61.994 2.035
-174.241 -151.296 -144.055 2.005
-154.143 127.743 17.007 2.010
-135.454 72.276 -189.366 1.943
-64.441 -24.845 -58.601 2.051
55.365 -178.412 13.988 1.951
34.584 71.252 22.136 1.904
223.908 100.110 102.646 2.141
-67.489 -11.908 44.091 2.232
-129.828 14.397 24.282 2.095
158.565 164.289 -114.857 2.001
-93.745 -83.248 45.741 2.052
195.801 127.826 -84.460 1.878
-103.982 -189.550 48.965 2.193
-221.802 188.589 -12.431 1.984
-29.325 -79.768 48.132 1.881
120.140 125.575 111.970 2.041
-55.420 83.491 1.657 2.036
42.655 159.551 129.948 1.987
20.221 32.915 -141.653 2.018
-143.125 51.485 -47.517 2.122
-39.403 -92.155 121.731 1.861
93.884 182.105 -189.452 1.911
10.036 22.967 104.122 2.033
-20.541 -111.007 133.554 1.998
154.688 -168.357 197.109 1.922
-173.618 167.851 37.670 1.880
135.129 142.783 22.950 1.850
205.050 -182.934 34.357 2.006
114.828 -42.720 127.050 1.868
38.067 176.755 -7.525 1.920
153.383 -188.096 -175.618 2.020
84.556 -178.914 -70.862 2.016
135.004 -126.108 -193.696 1.912
135.140 95.064 -65.841 1.935
-206.401 -130.248 -172.735 1.956
27.221 182.809 189.033 1.898
-199.506 34.711 -47.709 2.029
85.444 175.186 172.040 2.049
170.186 101.302 -145.051 1.942
-192.080 140.213 95.957 1.940
-71.989 129.526 -178.692 2.090
-24.192 100.313 124.013 1.913
123.987 -120.892 -104.636 2.068
-205.640 108.359 54.678 2.034
56.728 87.873 57.039 2.103
-217.795 111.385 -135.282 1.847
-146.716 68.524 192.397 1.959
88.645 -55.232 98.373 1.990
-14.429 136.516 117.859 2.035
-191.691 122.111 -53.767 2.119
76.933 -78.829 -57.206 2.092
-161.313 -78.402 5.150 2.170
-171.902 128.850 133.999 1.989
95.450 38.626 -25.526 2.050
-47.184 11.768 57.162 1.948
-24.702 -107.389 -178.641 1.858
221.214 -170.362 -179.011 1.974
-50.091 -181.363 129.573 2.039
17.706 26.031 -27.496 1.941
101.603 162.259 47.906 1.877
64.128 77.747 -65.674 2.112
1.254 -155.178 -122.126 2.003
16.204 137.644 81.003 2.036
224.063 -182.913 -179.098 2.017
-216.402 109.457 -162.282 2.147
91.015 155.435 -104.621 1.966
-107.326 170.678 -170.540 2.092
33.347 137.094 139.401 2.010
-193.697 -57.396 -196.393 2.005
114.467 -32.160 43.870 2.114
134.266 -40.738 -185.021 1.937
-50.781 -111.106 8.518 2.080
38.922 50.450 27.861 1.995
-22.945 -97.334 15.534 2.015
-218.898 -88.175 -70.755 1.841
-139.113 -128.702 22.977 2.035
-157.263 -171.135 46.201 1.914
-81.546 94.361 47.293 2.017
124.371 -170.890 -191.181 1.952
-197.767 117.983 192.201 2.022
-170.481 -2.313 20.196 1.911
-33.231 -107.795 -6.710 1.856
-195.259 -85.507 22.480 1.920
-22.099 -155.245 89.255 2.034
35.543 -146.692 38.700 1.976
89.920 -6.912 -145.501 1.958
15.368 157.834 90.945 2.103
149.731 -75.282 49.633 2.100
-124.275 168.052 -69.404 2.058
35.188 -108.956 -98.576 2.143
-110.548 -95.994 55.183 2.102
12.536 -185.157 -2.517 2.123
-32.099 10.397 109.357 1.975
221.759 -4.361 -72.846 1.965
146.361 105.996 -134.021 2.114
-114.399 -95.611 -92.090 2.096
131.489 -162.019 -18.410 1.895
-141.692 72.952 172.174 1.999
170.318 -108.631 44.191 2.104
45.309 145.896 -187.849 2.128
154.747 36.667 24.596 1.944
142.892 130.820 52.867 1.993
-141.952 -163.588 -117.763 2.053
-10.049 50.217 58.788 1.881
-14.885 -66.906 -191.899 2.150
34.778 58.825 -32.120 1.931
147.920 32.432 -48.746 1.958
96.996 163.427 -122.030 2.051
-0.877 -54.105 -148.586 2.084
102.115 140.535 -155.623 1.982
-96.213 56.127 191.840 2.092
192.103 188.691 58.936 1.939
116.027 52.737 -21.247 2.083
51.510 -147.182 -146.299 2.045
140.048 -169.822 161.360 1.887
124.857 160.424 104.664 1.756
-27.892 18.232 -61.594 2.022
-171.780 -146.082 -17.245 1.925
144.403 -120.665 -80.590 2.155
127.207 -73.704 -112.977 1.953
-34.609 -47.061 -123.214 1.904
-97.905 149.552 105.187 1.881
198.753 6.627 123.137 2.018
210.599 -23.622 181.807 1.986
-121.138 -7.182 -120.813 2.037
191.715 160.309 -147.342 1.982
-116.928 -35.059 -29.391 2.081
-32.800 -73.747 -112.331 2.015
-75.676 -16.831 183.253 2.090
-77.780 -41.623 -28.682 1.930
-103.669 -84.190 -55.071 2.219
73.102 -137.698 39.994 2.041
199.102 -54.935 -69.814 1.950
-179.123 -127.761 52.632 2.067
160.495 -56.719 37.893 1.972
-46.559 -87.804 -119.608 2.041
0.533 -178.732 -130.651 1.888
-171.942 123.230 -165.938 2.012
-218.681 -130.450 80.074 2.024
-27.976 -141.542 82.303 1.829
132.093 113.530 -163.350 2.132
7.298 -165.590 -28.127 2.079
-125.494 -54.678 73.917 2.029
152.784 26.610 7.352 1.916
42.861 36.863 155.503 2.125
-147.611 -10.185 122.137 1.921
104.437 -50.205 118.956 1.868
-129.821 91.881 110.200 2.078
-199.239 20.729 128.359 2.044
-94.550 -103.005 181.376 1.934
41.028 158.674 43.402 2.070
-129.721 -25.101 196.894 2.012
-185.196 120.859 -4.567 1.883
217.231 -52.673 -49.276 2.008
-105.195 160.244 134.039 1.940
32.999 75.364 -121.790 2.025
17.416 76.305 85.363 1.787
-27.577 169.600 -174.600 1.836
-222.441 94.793 162.670 2.043
148.973 -108.610 -50.985 2.239
152.593 106.806 93.398 1.994
106.183 -22.491 -103.770 1.861
185.280 21.929 90.012 2.008
-111.348 84.725 -48.011 1.885
-216.480 108.374 -69.091 1.860
-77.577 -50.939 -94.301 2.094
189.641 -100.010 152.552 2.073
138.061 189.351 -119.269 2.122
168.333 106.432 30.821 2.071
-72.193 168.746 132.824 2.023
-177.938 152.841 -169.867 1.895
201.742 182.259 -118.856 1.953
-14.315 -98.141 162.739 1.880
125.623 165.936 -168.635 1.943
110.922 -43.373 -26.909 1.936
31.930 141.026 12.860 1.889
-212.306 28.140 -170.362 2.166
136.168 45.238 -31.373 2.122
-2.219 122.331 30.224 2.011
-206.100 -160.766 81.608 1.928
141.510 53.313 -6.827 2.107
-18.899 109.932 108.683 1.877
-165.977 182.088 2.977 1.995
115.677 -98.339 145.704 2.159
-37.049 -15.841 -82.294 2.055
72.344 -183.728 -55.171 1.855
16.974 -171.398 17.416 1.921
193.345 36.986 166.909 2.061
176.612 -168.137 147.899 1.908
-10.450 31.664 -99.544 2.133
101.327 50.011 33.670 2.109
24.455 102.661 -148.840 2.090
39.042 -188.502 -118.886 1.978
214.870 90.145 184.890 1.955
82.661 131.830 10.106 2.021
87.346 -126.956 108.674 1.986
210.490 56.089 -112.639 2.024
-119.519 134.670 10.873 1.957
-9.921 -107.394 -12.744 2.042
-7.620 -121.311 75.807 2.149
26.031 111.733 143.508 2.019
97.985 153.189 104.684 1.949
157.509 143.516 -24.963 1.964
161.714 49.656 191.820 2.043
201.989 -182.087 88.618 1.955
-72.593 61.526 -98.374 1.830
-154.865 -136.308 73.314 2.003
-10.111 -34.614 182.344 2.240
133.563 -81.130 -44.090 2.047
-82.176 109.497 108.606 1.947
-72.624 57.524 -2.641 2.147
79.509 18.684 -19.401 2.020
-0.165 -0.517 -168.773 2.140
-103.283 129.902 59.566 2.075
-71.784 -99.717 -162.603 2.154
-93.885 -173.483 -196.312 2.029
-189.923 -73.877 55.639 1.909
-99.052 180.164 -35.739 2.041
-92.717 165.165 -186.123 1.821
-88.939 47.420 36.891 2.095
150.662 -148.489 -53.032 2.074
-12.312 -149.988 -90.925 2.041
-18.498 -175.897 141.185 1.961
155.743 -80.550 154.863 2.074
92.677 2.484 -41.117 1.973
-112.634 46.202 -100.295 2.047
90.663 -38.665 -126.467 1.901
-79.080 -146.952 -64.854 2.082
33.967 2.831 118.399 1.955
217.856 170.045 125.349 1.995
-14.930 17.284 -65.517 2.022
-1.541 -163.339 -26.024 1.910
-194.165 61.713 -121.232 2.029
-159.077 -153.914 -40.739 2.080
116.166 -169.750 -84.874 2.103
-117.066 -151.665 -159.537 1.986
16.605 183.351 -160.199 2.032
-111.270 -53.942 -167.520 2.170
93.931 -189.567 117.627 2.088
138.944 -38.379 184.510 1.983
171.102 90.318 4.910 2.190
-115.221 77.803 -134.937 1.931
-125.677 95.774 147.165 1.911
78.400 -67.612 -182.996 2.117
-27.515 94.919 -125.484 1.895
-210.130 105.625 -110.305 1.940
-97.508 -132.937 -136.190 2.062
-62.173 -170.695 -149.519 1.894
118.387 -58.596 -149.605 2.000
-197.229 101.196 -46.937 1.875
-70.980 115.509 162.321 2.023
56.433 -80.222 -125.023 2.187
-188.481 69.350 111.973 1.993
115.257 168.226 97.324 2.022
179.532 -185.533 64.742 1.983
43.724 -181.045 42.582 2.069
-205.778 -186.667 -95.909 2.079
-17.645 154.320 -120.715 2.174
219.755 20.154 171.378 2.012
-150.651 29.207 -47.312 1.879
40.701 38.784 -97.493 2.142
-199.294 14.845 -78.509 2.080
-95.721 155.390 62.019 2.007
-78.987 65.090 -176.312 1.838
-194.666 -133.427 -2.767 2.010
-4.320 -124.176 -134.581 2.226
-184.554 -58.178 182.834 1.917
-89.249 -130.109 164.874 1.918
11.933 165.355 -164.318 2.181
-90.811 -81.695 -132.406 1.958
182.556 -91.430 176.886 1.903
-87.039 -34.081 99.896 2.161
-138.185 42.457 -169.657 2.099
-76.385 -68.572 -142.454 1.985
122.194 41.310 131.224 2.015
58.715 -28.317 64.432 1.882
-123.680 33.487 90.397 1.973
-39.056 -55.574 72.199 2.045
-120.917 -188.728 -182.090 1.913
-218.477 130.113 113.902 1.900
-66.489 131.700 -28.697 1.913
55.997 34.728 12.605 1.898
18.187 153.788 152.287 1.998
-26.226 -189.483 152.461 2.028
-92.559 -26.814 -172.888 2.188
-164.669 -180.945 168.890 1.929
-204.137 -49.072 49.537 2.085
151.288 -77.791 161.572 1.908
52.190 -102.088 -14.417 1.993
-115.360 -33.892 -100.111 2.067
-210.603 -144.509 187.081 2.095
-216.177 151.786 -79.378 2.046
-12.265 -144.376 -138.060 1.774
44.672 -46.755 166.897 2.096
-124.419 148.231 107.114 2.007
190.673 112.492 161.574 1.818
-146.243 -7.008 -15.667 2.092
-206.566 59.267 -36.906 2.020
8.034 182.824 143.153 2.011
-180.773 -120.461 -74.151 1.910
34.560 -54.897 -116.248 1.953
39.061 -134.381 44.818 1.899
-35.057 -146.806 -138.831 2.067
211.665 -186.491 80.259 2.016
175.133 186.884 -162.598 2.031
-224.779 -30.176 197.891 1.903
-208.760 100.866 33.495 2.025
116.172 53.286 2.912 2.083
-149.273 -69.299 34.297 1.894
215.118 -45.134 149.134 2.022
177.013 44.434 84.442 1.950
85.351 52.522 -22.670 2.016
-0.475 48.945 64.067 2.006
75.269 -182.498 -13.974 2.096
118.138 147.211 174.869 1.945
-213.611 36.365 -21.755 2.049
29.310 -96.287 18.862 1.914
215.520 101.257 179.510 2.199
1.480 60.423 -23.372 2.057
168.354 31.816 -158.888 1.996
48.455 93.034 86.219 1.995
-65.433 176.757 -38.127 1.875
-179.229 62.450 170.713 1.921
-54.695 56.200 -52.464 2.007
-172.228 50.411 19.780 2.056
-198.533 -158.777 -10.947 1.980
73.480 -45.657 -74.374 1.923
214.715 168.426 -22.066 1.786
-108.198 -171.182 -180.667 2.170
-154.816 76.115 -91.932 1.922
54.040 131.896 25.676 1.918
171.350 131.914 -1.195 2.013
220.695 -113.484 10.360 2.039
-129.769 125.487 164.711 2.023
19.355 118.610 103.699 1.884
14.476 -151.228 168.583 2.176
56.353 -38.888 83.603 1.896
-211.132 153.758 -35.214 2.055
-21.589 22.177 -129.909 2.043
-194.194 149.607 -83.006 1.875
111.406 -33.406 -99.492 2.085
-124.275 -54.624 -58.943 1.965
94.037 17.206 -130.041 1.838
-209.861 -156.467 170.549 2.069
72.892 -20.243 14.148 2.061
144.133 -182.858 -119.448 1.985
168.233 -137.022 89.509 2.040
-109.344 130.364 161.710 2.015
-45.969 -159.724 170.209 1.959
-87.195 -105.158 153.489 2.005
113.917 63.434 81.523 2.013
-56.456 74.068 -148.626 1.905
195.803 30.970 18.790 2.081
-170.839 127.024 -145.821 2.053
-77.071 84.153 52.861 1.843
-202.763 -23.323 66.210 1.922
179.525 -165.151 79.202 2.122
-156.933 -169.230 70.889 1.976
-105.487 183.804 -132.568 2.027
-36.515 20.002 148.738 2.070
-161.353 42.230 115.020 1.883
2.498 129.017 170.421 1.878
123.732 119.522 -114.941 2.104
87.599 142.762 67.055 1.976
155.197 39.914 161.631 1.947
-119.620 121.159 94.789 2.029
106.989 46.712 189.652 1.955
79.440 3.453 -144.152 2.068
-81.636 42.796 67.216 2.049
31.369 169.075 72.398 2.151
132.744 6.968 -36.406 1.823
216.542 104.487 -0.468 1.972
111.332 -6.646 -177.222 2.056
23.787 178.811 95.816 2.098
158.458 -62.353 -173.399 1.985
-153.868 -118.626 -66.625 2.038
-67.943 116.836 -126.465 2.136
222.672 63.892 153.034 2.018
60.014 -81.248 -42.942 1.922
132.396 53.112 45.889 2.171
139.846 38.409 143.599 1.958
-184.808 9.072 -34.360 2.070
-195.229 -156.041 -121.034 1.896
-201.232 68.254 -64.653 1.895
-172.998 -155.742 -185.325 1.969
-215.287 -0.967 -3.443 1.964
116.255 -71.488 -28.851 2.084
165.182 -66.555 -89.417 2.070
74.357 124.428 -31.329 2.018
90.902 -131.386 -96.519 1.853
-120.570 -63.970 -95.933 2.038
-101.099 -90.901 -118.098 2.109
159.876 117.826 125.123 2.009
-50.193 101.271 48.756 1.941
-162.343 121.887 -17.359 1.938
-147.391 -141.204 -118.471 1.815
-224.519 -35.149 54.297 2.134
2.790 72.765 50.028 1.909
-15.824 9.252 -115.604 1.943
175.323 -172.422 -102.716 2.228
-38.767 -151.620 -179.271 2.020
-107.108 25.156 196.150 1.951
-15.771 65.334 -82.209 2.191
-129.024 -163.696 142.565 1.791
185.705 92.745 0.028 1.871
-121.510 13.887 -102.544 2.054
-187.523 -39.730 -144.225 2.086
-12.868 -137.191 184.331 2.062
-95.024 -159.863 -158.475 2.076
-206.989 7.251 142.938 2.146
-194.499 69.333 114.165 2.019
-128.811 6.600 -116.110 2.005
56.714 -132.491 187.098 1.969
-191.415 -90.489 -96.702 1.958
-2.648 168.850 -181.720 1.990
-162.159 172.323 -27.823 1.910
17.277 -46.677 -9.962 2.060
156.676 -26.272 169.551 1.943
138.047 -103.529 -165.208 1.899
59.709 -123.493 32.307 2.096
128.885 107.084 110.222 1.965
93.131 52.954 59.919 1.793
-104.340 92.112 167.419 2.082
73.450 30.986 88.169 2.124
-194.310 183.746 -155.655 1.976
104.877 143.945 99.903 1.971
73.256 -141.593 -109.420 2.158
-145.677 -38.672 -130.806 2.051
215.723 80.862 25.235 2.260
-57.023 -61.610 -71.755 2.081
159.083 -106.226 72.065 2.154
-63.016 -188.028 171.988 1.961
-70.135 -17.314 111.728 2.202
-93.586 -24.863 145.416 2.025
121.951 166.953 -121.078 2.019
-183.931 35.923 -143.520 1.994
64.452 -141.667 161.233 1.965
69.488 153.478 197.155 2.193
-168.817 -169.793 -151.991 2.148
-11.536 98.564 118.862 2.038
197.524 -151.314 74.362 2.002
-145.494 -137.658 0.257 1.999
103.807 -139.962 190.139 1.888
-212.123 -165.719 90.143 1.946
134.694 -70.879 40.688 1.987
-172.274 -82.180 -34.483 1.841
38.309 75.456 161.714 1.992
132.655 -36.626 -11.472 1.895
-138.413 -122.826 -196.433 2.007
96.889 -19.947 119.792 1.967
189.775 -174.669 61.545 1.924
-42.446 62.601 -133.689 1.871
-92.095 -89.231 -62.045 2.180
-44.930 -45.649 57.799 2.121
6.597 83.684 -5.775 2.083
32.708 -73.663 -14.429 1.951
-52.814 39.878 165.439 1.958
162.907 8.461 19.584 2.121
170.593 -172.546 -190.253 1.907
-119.562 -186.000 -121.206 2.027
-106.711 -4.774 -158.923 2.036
-89.678 -23.750 53.190 1.942
-38.008 109.943 -66.726 2.046
127.801 129.162 148.581 1.879
-66.223 97.154 114.196 1.981
-170.494 116.760 187.896 1.982
90.094 174.658 -2.645 1.986
220.097 175.334 -164.125 1.895
-16.633 27.038 37.470 2.036
-65.809 26.384 -168.967 1.881
84.263 139.817 53.402 2.107
-197.801 136.439 60.102 1.986
-171.268 106.955 -37.640 1.997
194.408 130.572 30.368 2.055
75.669 -49.556 -5.814 1.996
-47.029 159.664 -180.955 1.888
71.064 54.827 4.558 2.098
-61.021 8.438 -39.794 1.861
37.730 38.537 123.457 1.968
-123.053 25.244 -60.250 2.071
181.226 24.007 -2.843 1.909
110.427 -82.433 -92.999 1.962
175.563 -174.193 38.595 1.989
-77.983 -154.109 83.740 1.983
-100.290 -187.870 58.289 1.952
165.559 -12.960 12.774 1.957
16.595 -129.336 -159.230 1.931
80.897 46.004 171.132 1.986
193.749 -156.305 68.634 2.056
-113.026 172.732 -25.358 2.119
15.760 -33.406 -44.528 2.047
2.866 -36.712 -53.845 1.656
44.929 -10.434 -181.292 2.014
131.187 3.094 -187.007 1.888
127.658 -49.944 -0.373 1.988
66.227 14.600 -139.944 2.000
124.735 113.046 -163.102 2.149
-54.423 98.175 -10.917 1.951
131.867 -187.445 -95.083 2.168
12.808 187.307 -196.644 2.125
89.834 181.559 -147.730 2.061
80.204 -134.547 123.844 2.018
58.136 43.336 37.966 1.961
148.687 -114.957 159.206 1.801
-102.308 70.087 183.456 2.052
-188.279 -120.466 109.008 2.011
177.167 -175.158 150.293 2.024
32.503 81.516 13.278 1.990
-198.889 43.144 -150.917 2.038
-69.348 -50.033 74.376 2.061
80.975 -75.564 14.699 1.897
220.221 82.659 199.550 2.095
36.026 -90.761 -114.331 1.759
75.375 -86.297 -55.695 2.094
-209.584 187.065 -198.727 2.058
-18.541 181.399 -57.592 2.163
67.590 133.087 -149.245 1.786
86.567 -72.785 -2.176 2.034
-162.591 22.100 -132.541 2.124
-139.034 7.650 -35.593 1.912
209.860 -16.376 -189.949 2.012
