136.609 180.342 123.873 2.169
-23.840 -189.122 68.211 1.935
21.013 -159.195 -153.836 1.906
-187.859 -127.740 167.088 1.792
141.579 -188.462 54.188 2.070
207.491 12.249 -64.247 1.963
-180.030 -44.029 76.848 2.032
185.740 174.307 49.851 2.049
135.342 178.279 -23.071 1.856
124.340 26.722 151.887 2.116
106.416 172.170 54.395 2.025
139.643 -97.591 95.584 1.812
-219.088 20.090 54.438 2.029
118.201 89.995 19.898 2.218
-74.879 182.785 145.290 1.896
57.576 -170.363 145.073 1.867
150.010 155.230 6.217 1.870
-70.030 -87.354 190.050 1.867
99.866 181.384 131.137 1.968
-16.279 -93.442 158.370 2.025
-208.963 142.908 65.294 1.915
-119.488 -170.661 -91.745 2.029
160.692 60.533 -159.546 1.949
162.515 -105.877 143.846 2.083
153.298 151.134 -126.919 2.144
114.101 -189.962 -33.266 2.165
-6.046 147.964 29.443 1.867
1.113 -62.513 -100.191 1.984
79.745 -20.671 -86.849 2.002
36.835 -130.299 -193.822 2.038
10.309 -128.309 -45.358 2.227
-220.585 9.712 135.469 1.912
107.626 -28.925 175.436 1.912
33.410 0.130 -81.856 2.210
-125.455 -59.241 -93.687 1.896
-169.989 -137.868 86.871 2.015
33.865 -97.716 -144.362 2.229
-63.575 -67.025 181.405 2.029
7.625 53.951 64.081 2.030
218.350 -16.111 84.979 2.079
-79.311 129.545 46.844 2.087
-53.946 -162.166 54.969 2.176
128.841 44.224 -145.520 1.868
-121.875 170.504 180.784 1.875
158.639 55.022 43.548 2.153
82.140 -168.660 -44.475 2.036
49.945 -159.401 12.493 1.949
-189.467 -124.004 63.083 1.879
-36.691 30.190 -89.080 1.998
119.836 66.312 -190.213 2.111
121.064 -33.356 -26.004 1.915
23.212 168.508 -51.870 2.063
99.250 188.155 167.995 1.945
-89.993 -42.107 -92.868 1.996
57.678 -116.293 -183.675 1.881
-140.153 116.671 43.335 2.214
141.904 -3.317 139.391 2.081
115.956 60.245 -13.381 2.047
-195.346 -98.838 100.083 1.997
-167.860 -40.734 157.981 1.908
-128.769 80.128 73.260 1.759
150.793 -92.794 -101.526 1.889
167.502 108.888 114.030 2.004
-117.580 -88.275 108.755 2.040
-160.155 -82.429 -166.834 2.034
29.107 99.893 -10.258 1.986
143.284 -101.514 78.555 2.144
-6.136 93.532 125.941 1.969
211.261 -179.255 83.042 1.954
-141.781 -63.882 62.204 2.081
75.201 -151.032 17.850 2.098
90.520 60.062 48.728 1.996
-46.182 -145.869 -87.510 1.889
-104.693 39.325 -119.596 1.936
-124.160 -26.383 11.148 1.693
30.974 -181.814 -116.614 2.066
-77.331 -96.568 -40.247 2.127
46.631 -189.073 66.580 1.891
151.987 -25.738 97.726 1.948
151.800 56.846 -78.784 1.917
47.496 -168.056 -20.473 1.895
138.787 -162.283 -136.152 2.091
27.016 179.014 29.192 2.055
172.952 -185.511 98.817 2.146
-216.354 -160.387 160.478 1.841
-47.694 -2.129 182.679 1.938
160.023 12.836 -98.448 1.833
45.311 27.908 -154.876 1.889
152.482 176.186 150.708 2.117
107.800 122.486 -126.861 2.041
-104.222 3.253 -142.207 2.210
97.817 -121.003 -96.988 1.961
131.507 27.159 107.433 2.139
-82.655 42.153 -71.190 1.911
76.292 -154.795 -93.088 1.885
26.093 -70.371 83.095 1.998
173.622 -43.759 -96.035 1.945
81.951 9.018 -131.611 2.031
-31.490 13.610 51.823 1.972
-14.368 44.110 151.907 1.917
135.035 187.981 138.842 2.095
-167.840 168.414 -168.727 2.005
129.861 186.162 86.984 1.827
-193.329 72.050 -102.443 1.889
45.156 55.663 -25.546 1.997
105.332 -168.889 -13.011 2.018
-3.654 47.183 181.990 2.194
217.999 -133.550 157.434 2.117
-65.383 -158.957 137.331 1.932
191.783 -36.997 -35.310 2.220
98.495 -32.110 -174.791 2.008
-203.288 -71.569 41.996 1.805
-116.519 81.911 120.009 2.120
-134.510 -19.054 -101.260 1.737
100.961 -52.574 55.060 2.067
22.137 -66.165 -196.758 1.851
104.469 128.257 125.955 2.159
31.297 -140.421 95.269 1.930
-108.393 -36.936 -172.220 2.026
-76.641 173.564 -100.950 2.173
76.517 -31.965 125.569 1.891
195.238 28.049 54.475 2.009
-145.599 138.313 -178.667 1.979
99.028 -35.934 51.404 2.048
162.075 164.018 73.397 2.152
-26.217 128.663 -17.441 1.799
195.241 124.681 -36.326 2.098
40.865 41.105 44.678 1.973
43.044 -54.944 82.771 2.117
6.992 153.816 -161.003 1.990
-217.776 -117.556 3.067 1.964
0.292 140.914 99.876 1.962
-180.164 31.199 -30.799 1.959
129.253 157.480 147.309 2.008
-76.945 -179.673 185.676 2.066
-159.068 176.150 52.962 2.004
185.712 -150.686 21.375 2.072
159.859 42.721 69.372 1.992
-36.957 132.407 33.955 1.936
87.639 188.704 -112.805 1.851
-146.256 -180.776 -110.848 2.011
139.415 -70.589 49.305 2.030
220.887 -59.349 196.483 1.939
221.444 79.443 -18.068 2.075
150.643 -11.519 -93.737 2.097
-215.078 108.131 -179.573 2.255
-109.516 -174.365 -39.104 2.077
-133.574 7.534 -83.544 1.909
-38.138 167.508 175.006 2.183
-99.718 155.408 155.699 2.100
58.862 -6.122 155.328 1.998
-79.107 189.123 89.618 2.081
122.243 -106.205 153.826 1.834
66.044 75.755 -132.324 1.981
-138.667 50.623 -27.589 2.051
-156.414 177.181 187.092 2.061
175.069 56.487 87.381 1.944
173.702 99.830 2.785 2.041
-195.642 -146.212 19.440 2.046
173.675 -72.043 -115.308 2.209
209.488 18.815 -168.589 1.902
-2.348 125.935 -159.472 2.018
42.151 142.374 167.212 2.031
180.198 -104.002 93.249 1.883
-101.403 -2.727 -36.305 1.963
-23.444 102.781 193.656 2.212
184.931 -126.451 -175.414 1.889
72.152 3.759 167.688 1.939
169.204 -76.036 -91.103 2.002
-3.148 -144.597 -24.570 1.935
-158.619 137.368 171.570 2.031
-176.848 -184.137 142.899 2.128
223.319 23.640 18.636 2.064
-189.600 174.645 -77.263 2.037
-18.478 160.482 -185.615 1.799
140.024 4.705 14.888 1.953
-93.082 12.413 -157.403 2.215
21.861 -135.107 -40.524 2.047
210.764 -19.978 188.488 2.151
-38.599 179.337 -180.950 2.038
-203.527 -116.466 -74.048 2.018
-29.573 1.502 73.111 2.043
156.021 -164.705 181.934 2.032
-167.013 -128.638 38.156 1.990
224.519 -182.913 -147.024 2.000
-173.385 50.875 -52.543 1.789
143.763 95.643 186.013 1.946
-11.464 116.099 135.551 2.005
126.419 162.965 7.583 1.905
-109.763 -108.668 8.899 1.934
-182.342 52.118 -139.067 1.981
206.549 89.314 -55.751 2.031
-151.390 55.141 -67.217 1.969
215.484 64.602 -156.225 2.127
-158.058 -142.612 173.885 2.189
25.342 120.528 -191.648 1.903
-178.993 -57.840 -170.018 1.975
-207.613 -80.638 -97.961 1.897
-48.874 65.651 -72.802 2.015
215.379 -138.342 -65.286 2.151
170.653 -53.710 120.237 1.844
-212.350 22.702 -175.221 1.963
210.319 109.601 56.197 1.930
-209.222 8.342 -143.910 2.180
55.145 -146.390 133.691 1.890
48.464 157.667 -197.679 2.259
93.514 113.467 84.496 2.029
-26.317 11.614 85.993 1.953
-49.793 36.228 76.218 2.080
68.118 15.419 -129.284 1.980
-115.553 -174.273 167.441 2.233
180.529 -56.988 72.764 2.000
-93.585 -52.512 -67.265 1.716
-86.991 180.364 108.473 1.940
-42.852 -110.530 -96.591 2.104
-186.230 87.107 -176.052 2.170
-115.832 77.484 -58.016 2.083
-24.864 41.668 -183.308 1.900
184.940 109.334 174.813 2.041
-83.626 116.042 2.522 2.133
-5.932 44.472 81.918 1.914
129.534 90.047 -134.735 1.888
97.593 -18.218 -90.416 1.969
-215.138 5.512 -17.404 2.004
-117.797 78.397 155.104 2.162
-155.054 177.871 9.564 1.759
164.525 -157.099 -55.764 2.002
203.698 -20.340 -62.102 1.991
-147.466 151.277 94.132 2.055
-118.304 -148.669 41.046 1.933
-73.150 -83.255 63.923 1.950
3.983 -182.098 -133.087 2.011
119.946 -144.999 -26.201 2.101
205.197 75.171 -116.288 2.013
204.165 -102.585 -70.562 1.980
-133.593 -45.216 -113.220 2.131
48.769 -47.535 153.745 2.097
138.145 -22.790 91.290 2.010
-165.700 95.795 -185.736 1.790
179.233 -183.309 86.306 2.001
109.152 165.517 23.256 2.042
-177.381 88.374 182.799 1.995
2.548 -50.529 172.949 2.072
175.628 -117.092 53.376 2.039
-107.565 184.822 184.086 2.054
81.658 47.117 88.141 1.899
-36.787 58.889 89.500 2.020
73.481 70.293 -124.042 2.026
-43.975 -52.569 130.611 2.024
148.044 -170.746 130.958 2.038
-219.567 47.681 -80.275 1.894
189.822 173.524 -25.615 2.038
-202.388 126.207 191.903 2.048
-80.342 158.854 19.390 1.961
-92.601 167.160 14.271 2.127
94.848 97.683 -102.621 2.035
75.682 -122.057 142.342 1.994
-134.955 151.320 190.603 2.016
-55.344 -186.502 -122.148 2.064
221.627 3.661 72.620 1.821
-94.694 89.347 -14.009 2.002
-24.046 -67.977 109.704 2.113
88.005 -115.739 37.020 2.021
-112.441 13.089 178.122 2.073
43.480 49.817 194.903 2.037
-100.120 -2.312 126.717 2.229
58.580 59.999 70.683 2.160
-101.052 -83.736 94.425 2.065
-204.680 71.323 -77.815 2.059
-45.600 -25.782 30.808 2.015
153.078 100.093 125.510 2.016
-19.738 -27.769 182.416 2.178
18.872 77.264 106.394 1.881
-62.003 20.585 108.280 1.967
-163.657 126.154 189.726 1.998
116.309 174.748 89.933 2.017
160.133 152.907 136.731 1.959
130.000 93.992 180.095 2.043
3.982 -25.946 42.076 1.871
-128.847 -139.983 156.196 2.040
112.743 -185.850 100.458 1.839
-195.816 137.497 -1.352 2.030
-138.756 140.676 -176.179 1.916
-87.170 121.363 132.136 1.830
164.734 -6.289 127.258 1.910
67.987 -169.153 86.516 2.014
178.108 139.284 -59.145 1.790
-74.358 149.036 -36.746 2.073
122.398 -26.530 27.574 2.130
106.556 -11.135 46.847 1.798
63.803 116.500 -182.553 1.909
201.921 57.473 -14.722 2.098
-167.021 -109.571 -163.003 1.867
95.226 162.896 -63.018 2.003
212.082 126.296 27.594 2.088
116.191 25.099 -122.685 1.993
48.585 60.830 142.507 2.171
174.123 30.319 -166.790 1.983
-213.981 86.246 69.213 1.860
110.245 -51.617 148.754 2.268
-22.626 -66.613 42.206 1.794
-204.336 24.058 -183.515 1.957
31.678 114.534 120.285 2.086
120.024 -100.689 81.128 2.092
3.360 -180.559 187.962 1.969
180.639 122.936 -104.374 2.067
129.660 -72.306 115.576 2.031
191.170 158.925 -197.206 2.140
-55.201 124.632 133.595 2.073
221.185 -162.732 -122.766 2.098
-208.984 -98.568 83.659 2.026
-121.621 109.167 -136.040 1.986
205.704 -92.522 -126.561 2.117
-40.034 113.815 115.348 2.253
-201.024 -64.829 -183.362 1.978
-11.485 54.868 40.279 2.067
-26.048 93.674 66.525 1.969
168.835 -120.143 177.857 2.041
-67.046 21.613 97.553 2.029
131.583 -142.980 -96.239 1.826
36.298 134.426 154.770 1.939
113.605 1.524 174.470 2.001
-60.672 149.155 63.925 2.010
-61.271 -14.860 90.564 1.997
57.381 -167.645 -140.211 2.091
27.506 -181.593 -90.960 1.869
-169.893 -16.117 16.973 2.066
-77.043 -149.545 -170.235 2.042
-148.936 -189.517 113.172 2.019
218.381 -19.390 76.195 2.042
159.848 171.130 24.377 2.285
-123.280 52.727 -136.283 1.977
-208.274 -90.726 -159.571 2.081
38.315 85.711 46.325 2.117
-182.951 -20.687 82.043 1.936
-131.732 -91.377 193.481 2.013
-177.391 104.521 -35.884 1.908
35.002 -117.664 -34.343 1.930
110.073 -147.100 162.429 1.917
-223.191 116.644 -141.110 1.931
53.535 124.651 -9.942 1.988
-88.889 -132.476 76.429 1.947
-24.582 158.301 154.853 2.020
104.653 -13.038 196.610 1.859
3.904 -89.485 173.399 1.963
170.549 139.735 -98.089 1.933
37.709 45.280 70.990 1.835
-4.662 96.798 116.507 1.875
89.047 -115.733 -168.011 2.011
-149.342 187.667 127.202 1.951
93.473 84.282 -70.798 2.044
199.088 144.994 145.879 2.067
170.935 7.098 167.995 2.174
-95.630 -141.110 -166.882 2.156
-156.010 47.926 56.187 1.885
16.326 -40.017 172.932 2.173
51.405 44.839 -88.660 1.920
-20.597 78.787 3.578 2.018
57.122 -107.904 -120.390 1.977
12.605 162.163 90.315 1.849
-117.199 -13.302 -83.417 2.054
139.274 -54.238 -193.093 1.890
192.026 -35.148 128.110 1.988
177.943 75.128 126.878 2.001
2.334 -158.042 63.376 1.833
30.689 -63.705 62.613 1.883
100.795 -40.964 -52.422 1.997
-154.431 -132.756 133.142 2.203
69.106 -185.194 123.958 1.988
-141.165 -180.471 -1.923 1.891
201.638 7.697 46.421 2.001
60.036 3.738 133.377 2.036
-128.056 7.725 -193.835 2.040
117.340 -20.054 16.135 2.047
199.518 -94.781 -130.817 2.059
62.072 56.173 -119.472 2.048
-219.278 -68.007 5.167 1.873
-176.621 -20.668 129.647 1.947
10.310 11.320 -115.453 2.176
-63.838 -92.074 106.689 1.809
-91.107 23.277 167.454 2.083
-21.617 1.363 -154.490 1.879
137.165 79.030 150.842 1.966
23.770 -26.431 106.082 2.134
101.585 -52.814 81.976 1.921
149.447 81.690 -4.425 2.114
86.227 -86.896 -95.605 1.925
49.848 -121.655 149.195 2.007
156.801 -101.570 115.451 1.920
-4.219 -120.263 -130.705 1.947
74.948 119.374 30.907 1.944
21.444 -133.678 99.148 1.967
179.787 81.078 113.131 2.058
32.260 42.183 -127.674 2.028
47.658 -20.716 -189.283 1.971
-57.345 -66.222 -107.270 1.958
-112.483 -16.218 -110.341 1.953
138.156 1.430 137.873 1.981
39.618 -131.435 41.022 1.912
73.761 -167.421 132.802 1.989
44.323 -88.496 -46.520 1.974
160.588 188.651 112.395 1.847
-61.382 -116.730 -41.926 2.020
-220.790 -45.309 90.826 1.899
-132.803 90.109 114.531 1.865
-9.177 34.330 -179.648 2.338
-32.096 38.411 -164.366 2.158
149.819 117.121 125.058 1.880
105.632 182.170 92.273 2.062
-61.006 -48.352 -141.614 2.089
-57.127 -11.457 195.181 1.718
-89.918 -39.499 199.110 2.040
-92.604 132.108 183.591 1.886
-121.341 -128.598 168.745 2.126
12.833 122.244 -2.420 2.042
104.413 -10.936 -3.425 1.927
-160.274 65.331 -41.410 1.823
-205.307 140.889 129.710 2.084
151.057 -19.720 87.454 1.873
89.683 7.030 -18.755 2.232
82.084 5.057 -68.288 2.011
190.636 92.228 77.980 2.103
-95.233 144.295 81.368 2.036
61.043 58.672 135.791 1.949
-144.749 184.774 -66.848 2.024
193.744 144.485 111.373 1.972
217.574 94.644 4.208 2.104
-23.740 14.520 -144.917 2.188
-182.998 170.135 78.628 1.828
217.522 -63.184 101.182 2.059
70.508 41.072 -67.169 2.110
195.327 -121.113 -57.657 2.015
142.294 153.507 10.090 2.055
126.352 -4.489 -101.535 2.188
43.568 8.609 135.605 2.100
-112.721 -159.801 10.829 2.037
-114.611 99.018 -44.879 1.934
150.458 -158.630 -188.830 1.923
185.182 -157.119 66.373 2.007
-151.063 80.647 -72.294 1.856
66.870 -144.971 53.976 1.995
-32.838 -53.092 147.332 1.973
201.552 -49.550 112.063 2.030
-91.376 91.665 -77.685 1.856
-3.768 132.398 -191.450 1.934
44.198 39.512 10.592 1.993
4.179 143.610 106.712 1.991
-179.745 -57.053 -126.203 1.959
-120.366 27.301 -38.854 1.919
60.521 -122.521 -43.652 1.947
83.591 99.937 -5.245 2.083
177.991 -121.384 83.013 2.142
-220.916 -92.963 -185.581 1.999
168.900 112.295 -164.653 2.214
-78.027 -31.982 -149.487 1.962
-43.960 77.842 -59.566 1.986
-39.003 63.637 -196.945 1.931
189.905 170.053 168.812 1.914
-190.086 -172.393 -176.783 1.863
-26.860 -149.353 41.467 2.059
202.505 144.550 94.712 2.015
219.785 97.141 -185.648 1.943
119.915 -88.397 -95.108 1.941
138.785 -129.084 169.502 2.106
110.760 -49.966 -77.938 1.967
177.875 151.838 -113.506 1.933
-150.302 -109.832 7.266 1.951
92.433 -162.253 -131.959 1.956
181.801 -7.737 -14.857 1.913
-124.057 126.315 -48.553 1.897
-222.166 152.998 66.633 1.989
56.658 164.535 127.415 2.192
-43.139 -165.789 -149.367 2.099
-123.351 -175.371 96.889 2.118
-19.580 20.597 -54.981 1.945
-126.539 -41.440 43.528 1.939
-104.052 86.612 182.217 1.921
91.135 -134.415 -111.653 1.866
-206.735 10.363 -24.519 2.035
-166.414 144.124 -129.515 2.021
-125.998 125.462 -4.218 1.984
-198.574 125.836 175.140 1.964
81.560 60.389 118.858 2.047
-68.537 45.769 46.104 1.896
-110.220 -111.848 127.528 2.197
-94.626 -34.413 19.132 2.098
108.891 154.274 100.200 2.138
-169.625 79.002 -51.774 1.916
218.562 12.150 -100.180 1.949
-33.968 -169.588 -48.246 2.004
78.344 -119.981 -93.504 2.078
-108.202 -148.695 -182.483 1.970
-47.797 -96.890 -116.370 1.912
-90.537 113.772 -57.669 1.877
-132.082 64.367 -27.622 1.830
-119.292 91.426 -8.076 2.019
80.046 16.426 -68.075 1.950
-75.544 69.526 -194.110 2.105
179.969 84.765 60.768 2.101
-111.198 -153.512 -49.530 2.039
-205.293 -163.553 -161.368 2.055
151.586 -64.089 130.739 2.096
65.800 -51.790 134.345 1.841
-61.667 -15.965 -81.937 1.944
-198.582 152.078 136.408 2.060
0.759 68.712 154.905 2.167
9.593 -74.314 122.927 1.985
8.061 15.110 -195.838 2.281
-136.574 -28.135 95.553 2.130
-168.830 -3.409 -191.705 1.937
-33.048 -46.196 -190.594 1.944
-92.350 46.987 -50.124 2.016
-96.839 168.254 10.026 1.861
-44.218 79.453 -48.630 2.185
-125.640 -2.865 -11.544 1.820
78.098 -167.567 131.780 2.151
-49.281 169.058 -118.884 1.830
-65.245 129.378 -129.401 2.043
-198.618 -151.541 -31.819 1.833
64.316 8.753 140.703 2.138
-94.838 -118.712 83.225 1.927
-203.722 16.155 108.478 2.084
-186.350 4.336 47.410 2.015
211.044 -48.841 77.284 1.993
182.479 -44.638 -137.679 2.060
-145.449 -100.197 24.411 1.914
160.577 63.327 -26.364 2.101
94.461 181.814 -100.970 2.067
-20.278 -167.553 -152.718 1.885
-145.436 -14.591 97.034 2.119
79.374 7.769 -33.426 1.855
188.171 135.985 79.523 1.864
67.802 85.962 -195.000 1.689
221.564 26.074 18.588 1.919
-164.636 66.140 -83.096 1.976
-202.230 -131.965 164.331 1.980
54.816 163.352 -72.478 2.130
-156.514 156.850 174.314 2.038
-199.858 108.598 98.839 1.852
-61.033 45.911 -150.941 1.913
213.664 23.121 -182.243 2.017
-223.486 -26.334 143.237 2.100
-81.335 -54.799 -12.878 2.019
-65.996 73.196 -167.966 1.988
94.549 85.472 42.767 1.943
-145.821 -96.984 -72.094 2.023
-201.420 -96.478 163.475 1.881
-68.248 12.929 -55.081 2.034
-194.788 -103.171 100.526 1.915
-205.797 126.427 -30.575 2.115
107.197 -101.273 -109.791 1.984
-175.186 161.537 127.688 2.010
54.483 -28.468 146.015 2.014
50.077 31.097 86.533 1.991
133.757 129.976 -51.406 2.044
15.588 -91.482 0.867 1.948
-150.350 21.327 48.579 2.005
185.614 -19.206 60.198 1.777
58.721 124.740 -54.792 1.947
-73.715 42.135 -55.797 1.966
59.939 107.015 169.009 2.133
120.738 -42.866 5.636 1.952
117.022 -97.500 -129.623 2.137
100.957 44.282 -45.615 1.965
-174.611 164.163 19.308 2.073
-13.519 95.768 -179.393 2.118
215.425 174.542 134.337 2.221
140.999 38.595 -108.312 2.074
-197.240 168.617 51.747 2.015
192.782 -14.968 160.088 1.965
22.969 -125.528 -188.707 1.894
-63.284 102.762 -156.124 1.967
212.914 -79.670 -183.856 1.951
-217.105 -89.855 138.020 1.935
54.361 65.670 182.612 2.008
72.444 -27.648 -157.245 2.110
-115.520 -22.236 98.946 2.124
81.220 104.844 -151.744 2.022
-15.177 32.101 14.754 2.061
158.811 -174.875 54.799 2.098
-136.458 183.529 -190.397 2.083
-35.087 -148.451 3.877 1.963
141.287 113.908 109.880 1.889
-137.088 -51.897 -43.543 2.066
150.788 152.429 -163.521 1.892
-114.400 184.583 -134.093 1.849
-71.802 -74.899 -168.140 1.867
166.399 -36.326 -22.302 2.033
-46.872 -7.086 42.681 2.083
-8.727 148.512 -57.208 1.937
117.252 -64.063 45.075 2.017
-44.612 187.840 74.295 1.652
-140.535 52.774 98.472 2.038
202.368 -37.573 14.892 2.046
-168.634 -38.253 153.873 1.803
79.598 -80.020 154.217 1.982
-172.865 123.599 68.447 2.161
-137.470 101.360 -154.469 2.103
187.271 22.891 -179.059 1.815
-45.142 -5.344 -2.015 2.009
4.312 39.211 -59.537 2.100
-161.451 45.079 -89.169 1.818
67.925 81.960 78.920 2.008
173.779 63.047 197.649 2.063
-107.544 43.201 190.195 2.090
-139.928 -23.099 192.496 1.931
22.160 -62.748 -149.416 1.914
-72.797 115.491 51.907 1.933
-21.377 138.114 -52.866 1.977
210.415 -91.267 144.920 1.935
-114.954 -6.506 -14.325 2.024
201.859 96.924 12.392 1.897
-103.057 87.326 137.034 1.947
-218.066 48.565 -124.048 1.992
171.050 -187.688 -193.583 2.002
-130.846 96.261 -194.468 1.840
-8.797 27.829 -115.662 2.049
-217.147 187.392 -137.849 2.121
16.222 152.073 -84.968 2.017
-224.800 -18.412 118.300 1.842
62.285 -29.382 -21.872 1.936
-142.299 -47.704 25.776 1.810
167.007 158.688 56.471 2.104
18.192 17.047 96.727 2.062
-77.834 -162.382 192.599 1.995
59.410 58.557 -124.253 1.905
219.676 104.978 -118.693 2.132
28.164 -35.528 -188.024 1.782
202.103 188.448 -99.172 2.176
-58.026 -91.455 146.689 2.058
220.870 2.067 175.171 1.924
82.064 -167.911 -103.334 1.796
208.872 147.752 58.408 2.089
110.747 88.490 129.792 2.045
126.661 -23.961 -10.113 2.086
56.974 35.992 -9.192 1.966
-78.232 -90.107 -63.363 2.101
189.006 107.059 -147.115 1.884
-157.188 77.956 185.110 2.051
-35.846 -142.638 5.404 2.106
-141.365 -156.018 -23.130 1.840
206.914 180.668 149.566 1.873
-6.246 32.026 48.408 2.043
-17.670 140.561 126.800 1.923
98.952 -101.611 42.962 1.942
15.971 -84.011 -43.949 2.009
-222.515 140.028 -20.141 2.043
108.960 46.061 88.947 1.981
39.814 150.968 -70.146 1.924
-42.294 -103.064 -39.682 2.004
67.836 94.554 8.325 1.928
189.971 -23.261 38.688 2.072
-77.767 124.355 -81.905 2.044
-21.192 -71.706 -77.441 1.825
182.306 41.411 -151.216 1.915
63.896 23.966 -199.009 2.189
129.390 19.415 65.014 1.942
146.333 -43.482 171.410 2.187
104.705 89.027 -101.683 2.092
212.571 24.776 177.413 1.992
-146.129 -11.981 -184.602 1.748
58.780 -138.796 -88.493 1.787
-106.605 -44.335 -158.164 2.112
-219.513 -182.641 142.710 2.037
85.702 61.725 -152.463 1.856
142.409 166.858 -44.415 1.817
-183.873 -86.374 181.723 2.075
-101.291 12.808 -24.360 1.915
-130.183 -178.471 72.009 1.964
161.637 -0.954 49.626 2.035
51.447 20.590 -78.957 1.900
143.465 71.874 35.064 1.891
-138.947 85.054 -107.092 1.962
185.434 -78.125 -106.980 2.013
202.477 -44.246 91.199 2.131
18.372 -50.762 -24.484 2.079
-192.162 -95.724 -8.107 1.850
81.516 -156.376 -24.055 2.019
213.400 -106.591 176.206 2.103
178.981 66.739 -41.741 1.996
79.340 156.520 -86.989 1.999
5.194 180.604 -162.708 2.029
35.692 -0.050 21.087 1.881
205.038 -150.572 105.524 1.910
102.497 1.907 134.393 2.021
201.852 36.665 -94.309 1.758
103.872 -158.722 -186.831 2.044
21.300 -55.715 192.175 2.022
-202.119 124.967 180.910 2.059
-110.175 72.404 18.219 2.080
19.406 163.050 -174.760 1.844
-43.465 -151.826 -60.132 1.951
1.102 7.319 120.815 2.076
146.042 56.312 -141.586 2.131
32.380 -89.167 -11.514 1.853
59.706 74.009 -127.116 1.936
-3.466 -146.564 135.710 2.024
120.513 63.202 58.311 2.194
-24.391 -7.054 111.517 1.996
-105.103 145.967 105.043 2.033
-150.744 -142.520 -22.965 1.810
-210.967 -127.552 -190.212 1.920
81.129 122.110 -75.041 1.956
-59.374 53.071 139.621 1.933
116.845 -149.332 64.249 1.854
125.227 -10.391 -161.590 2.050
20.123 -70.369 -110.351 2.074
-62.843 153.352 72.447 2.245
104.336 118.928 196.974 1.812
-219.295 -70.702 148.620 1.951
102.708 0.613 109.678 2.025
-155.941 22.682 172.964 1.943
62.877 5.774 -38.179 1.896
175.831 -78.372 57.388 1.924
-9.738 -1.169 13.596 1.907
-76.150 95.532 12.091 1.922
44.442 -92.073 -182.192 2.062
-44.645 -115.049 6.872 2.080
-191.844 143.663 149.059 1.980
-117.317 -179.123 162.376 1.869
199.502 73.587 -19.395 1.987
93.184 -80.541 -133.920 2.137
-201.515 -120.055 148.888 1.889
-127.295 -151.765 183.814 1.985
98.211 -100.859 -122.440 1.944
27.680 -91.172 79.267 2.052
3.271 -12.618 -122.291 2.201
-153.871 -32.366 180.773 2.144
-70.100 -81.220 104.296 2.118
21.552 -49.929 110.991 1.892
-145.029 132.783 -64.597 1.892
-201.913 -120.917 163.184 2.037
-80.064 -72.815 193.385 1.929
213.996 103.968 186.256 2.088
-133.215 81.820 -33.268 2.044
183.309 -184.393 -149.039 2.012
127.281 30.905 150.172 2.114
27.941 179.036 -170.600 2.214
69.067 165.754 -52.095 2.113
137.446 161.310 0.640 1.993
91.369 -82.554 103.831 1.930
-13.150 42.211 197.034 1.896
220.254 68.296 163.416 2.243
-139.679 -150.771 -179.895 2.061
-212.383 32.748 136.605 1.933
158.145 75.485 -20.936 2.112
219.398 144.658 189.005 2.037
-223.482 -91.138 -138.371 2.117
-78.285 -33.391 -147.877 2.028
-17.275 153.854 -126.897 1.890
26.239 -105.032 122.288 2.225
-53.952 -176.326 19.195 1.999
151.524 -174.356 -154.187 2.073
-179.742 -164.327 -81.224 1.872
136.509 -131.111 -95.820 2.074
-53.696 89.215 16.509 1.965
223.339 -105.740 16.365 1.935
211.643 61.116 -71.755 1.821
-119.985 -44.415 110.137 1.974
-85.122 -102.224 168.625 1.959
-78.060 -188.345 -79.740 2.157
-134.588 -38.428 -179.907 2.015
-67.671 -114.435 -112.809 2.050
-41.339 -87.042 124.516 1.992
-61.910 82.293 -82.201 2.127
217.705 171.770 -90.585 2.007
169.435 -136.111 76.412 2.025
-147.598 158.317 4.705 2.069
138.251 -96.038 176.508 1.892
-111.638 -25.618 -153.628 2.134
122.993 -129.586 176.241 1.807
-169.360 150.038 -35.486 1.877
-165.280 -100.796 -136.017 1.965
197.793 48.431 148.673 2.035
137.613 -26.637 -196.317 2.076
-185.363 -3.474 4.335 1.978
191.369 113.009 -73.027 2.024
38.857 -59.277 -138.484 1.930
-66.049 -167.353 -57.460 1.992
-162.445 63.664 -45.972 1.946
-133.641 -179.251 43.303 2.075
-158.171 30.286 43.482 2.021
38.433 -74.370 -7.205 2.138
-32.721 24.011 -89.960 2.039
197.291 67.845 33.091 1.946
112.775 -175.418 60.965 1.940
211.727 -52.940 199.186 2.002
180.585 -150.247 -1.989 1.845
-221.352 188.733 126.206 2.021
-77.050 58.939 45.393 2.090
-203.050 102.425 129.849 1.956
-142.014 45.743 133.794 2.084
-200.197 -56.632 -173.905 1.907
209.181 1.289 154.764 1.972
120.810 88.577 190.648 1.971
34.287 -128.872 138.339 2.056
-38.206 -93.712 -185.488 2.036
-45.272 -43.963 152.055 2.131
115.403 -138.139 89.040 2.067
45.677 -154.931 109.589 1.948
-146.723 -121.966 38.569 2.173
80.534 183.701 -23.199 2.029
77.783 9.217 104.369 1.957
207.571 122.583 -152.577 2.069
-42.083 -142.543 2.428 2.054
112.864 52.710 184.331 1.945
-99.371 -110.074 -47.326 1.856
-100.400 141.645 -159.565 2.051
-102.199 161.820 178.082 2.051
0.480 136.164 -77.004 2.083
-77.818 -76.987 69.701 1.844
69.312 -158.622 116.279 1.960
52.366 -184.668 142.803 1.887
162.723 -3.037 54.814 2.080
129.977 65.524 -173.136 2.014
38.287 -84.680 190.750 2.123
67.720 -85.360 -161.708 1.915
-8.237 -157.390 172.701 2.087
-64.334 -2.937 39.874 1.999
-116.297 68.629 -23.532 2.034
27.555 -26.467 9.112 2.115
-219.236 114.028 -129.216 1.914
-29.474 65.134 -5.984 2.170
113.257 167.395 145.569 2.034
-105.414 35.108 196.314 2.007
209.267 -47.342 101.968 1.952
-118.420 -25.957 21.117 1.979
-107.293 36.999 150.975 2.090
-33.904 -74.192 -14.581 2.296
53.911 162.788 -88.519 1.972
61.766 141.199 -94.793 1.896
-97.213 98.233 36.868 2.075
192.143 182.266 -48.525 2.106
135.807 104.419 -43.269 1.932
-102.733 -79.549 -146.650 2.005
195.002 16.906 122.904 2.165
104.613 -11.045 -18.670 1.954
39.762 -126.825 124.095 1.903
-57.521 136.218 -199.359 1.851
221.465 134.220 -37.953 1.962
-25.877 136.253 171.740 2.045
125.878 177.594 -91.150 2.007
-95.286 -85.195 -186.403 2.088
10.518 54.165 -47.618 2.027
17.600 -184.695 115.468 2.006
129.668 46.910 4.557 2.051
85.667 -124.500 -51.472 2.009
2.970 -107.266 -43.613 2.013
-144.840 69.291 172.285 2.055
-178.157 -124.867 81.672 1.905
43.740 45.878 138.117 2.125
197.408 -48.269 -127.753 1.970
205.141 -44.950 44.189 2.011
-210.059 121.272 149.508 1.957
-91.920 -4.907 -8.706 1.871
-18.054 -92.868 -145.197 1.912
186.119 -148.788 -45.089 2.025
195.064 44.385 89.933 2.137
-37.178 141.493 91.106 1.980
-146.484 40.041 132.551 1.920
62.777 156.090 49.935 2.195
181.349 -12.604 -113.112 2.079
-31.557 -100.768 -0.126 1.966
58.240 -151.166 177.917 1.960
191.220 32.647 -191.711 2.067
-62.829 40.436 112.878 1.853
104.207 -166.871 68.513 2.074
-25.845 94.466 -127.206 2.108
-80.610 10.434 178.511 1.982
-103.939 -139.662 -154.279 1.868
1.113 112.326 -169.016 2.208
103.892 79.721 21.034 2.051
32.317 -51.054 64.709 1.836
-10.199 -27.056 -47.867 1.904
162.029 55.875 76.651 2.028
-18.591 142.869 105.865 2.069
162.632 157.590 82.726 1.981
188.319 -87.433 -5.628 1.868
23.600 -34.671 88.649 1.974
173.051 117.314 171.427 1.968
199.314 180.213 199.816 1.950
-0.268 -186.484 26.675 2.190
34.359 -25.133 -193.388 1.931
-196.646 -79.173 131.397 1.822
58.936 -143.000 41.371 1.996
-188.808 31.661 125.929 1.976
94.229 38.857 162.982 2.001
140.665 170.652 54.826 1.951
41.010 -57.560 160.486 1.938
-200.657 90.553 143.270 2.063
55.455 -106.295 -8.977 2.112
17.125 122.985 132.211 2.095
181.643 -38.238 51.754 2.032
118.306 -60.776 101.841 1.934
117.084 18.532 -177.885 1.843
-73.446 -173.592 56.923 1.954
15.301 181.752 11.487 2.138
-198.219 -181.932 136.439 1.990
17.022 1.086 -59.233 2.057
-70.229 57.575 198.819 2.033
-212.183 168.456 142.374 2.079
10.792 139.861 108.300 2.094
-179.011 -95.087 29.128 2.007
200.227 -9.610 -25.584 1.961
-131.947 15.152 135.784 2.170
193.270 34.358 -48.367 2.163
-114.672 116.098 64.987 2.081
164.847 99.450 180.312 2.022
76.813 -39.363 58.235 2.091
20.893 -128.266 130.914 1.941
7.069 -139.072 -103.877 1.758
172.835 -76.792 -12.148 2.007
-217.279 -132.334 -131.541 1.865
51.446 -98.646 143.217 1.978
-18.021 -124.452 132.339 2.123
-108.941 111.103 -149.996 2.038
73.129 136.379 146.714 1.900
-46.109 -188.700 -41.600 1.963
29.911 -185.850 -124.552 2.084
-116.692 78.298 -156.339 1.917
-80.976 108.909 70.102 1.966
210.384 -110.618 -152.419 1.831
151.699 36.562 6.939 1.886
7.288 125.748 176.127 1.883
-138.859 121.421 -90.078 1.962
-109.027 9.490 -50.369 2.069
217.391 22.782 -54.546 2.098
-180.930 -55.561 73.848 2.133
-9.958 -140.389 127.062 1.833
-102.843 125.650 13.586 2.051
60.156 11.843 -18.339 2.181
-46.936 132.748 36.329 2.000
-65.952 -45.433 30.992 1.958
-144.025 133.540 -58.259 1.926
47.100 -94.015 172.487 1.909
-188.356 113.080 -145.570 2.230
-19.765 184.095 173.395 1.850
49.742 109.419 2.309 1.818
-103.347 -106.751 59.451 1.790
-25.052 -140.126 33.451 2.123
-57.687 65.539 113.843 1.923
100.574 -4.641 -93.753 1.778
76.887 -98.506 141.063 2.126
72.744 -179.849 -56.672 1.951
45.078 -145.415 -50.139 2.025
75.451 -114.928 -185.403 1.834
180.801 -84.941 187.908 2.024
-103.633 63.321 -52.553 1.959
126.726 125.102 -114.693 2.034
100.124 61.300 -57.918 1.986
-224.624 185.029 -55.723 2.132
91.278 -127.601 -11.352 2.015
-188.775 -46.932 161.152 2.046
70.328 10.288 32.357 2.062
-24.477 120.199 196.239 2.025
25.675 21.346 -65.299 1.846
-193.144 -72.128 96.194 2.116
-50.208 173.449 -180.380 2.136
-107.789 -150.572 -188.493 2.143
30.030 -183.301 -144.495 2.087
-26.543 -175.503 38.226 1.878
-178.718 -26.071 -74.691 1.927
7.907 -155.296 -190.557 1.969
81.154 165.735 88.624 2.056
-179.278 180.183 -190.170 1.954
135.370 8.410 -118.882 1.959
-81.537 38.732 114.503 2.096
-219.571 52.270 126.172 2.013
81.635 3.886 -5.527 1.873
-120.970 -35.561 148.442 2.127
-39.092 -106.421 -96.653 2.115
0.424 122.259 -81.275 1.833
-29.874 -120.259 -4.235 1.748
-221.732 -158.555 156.121 2.036
-108.898 48.313 41.850 2.009
-165.841 -153.031 140.746 2.154
-211.149 -126.172 60.077 1.994
-189.117 145.239 152.609 2.037
24.538 -37.376 -98.952 2.072
-94.186 -154.327 -190.755 2.087
120.388 -173.078 44.365 2.042
-149.231 -17.079 -182.149 2.020
178.835 -7.895 109.735 1.978
134.030 184.983 153.518 2.054
-213.898 40.092 27.701 2.112
-149.359 -80.721 169.567 1.974
179.512 134.107 62.761 1.972
6.938 185.071 175.779 2.110
-154.056 -45.494 -65.880 1.961
-84.401 136.796 -90.146 2.002
165.533 38.141 -191.781 2.055
-117.619 69.973 -37.507 2.046
-49.981 -42.515 -181.185 2.136
-12.025 53.297 102.382 1.980
24.606 -182.473 -34.212 2.108
18.639 125.779 -94.163 1.947
150.634 157.028 -36.248 2.086
-2.661 78.180 -55.818 2.037
12.102 -147.756 125.074 1.896
169.585 141.132 118.073 1.989
