106.901 41.236 -30.260 1.989
25.765 174.237 166.665 2.092
157.413 -74.962 51.899 1.946
-157.128 115.987 -119.202 1.918
-98.348 110.191 -17.504 1.938
114.110 38.603 42.064 2.080
21.403 71.022 -3.454 1.874
60.031 -184.699 -65.891 2.043
-133.062 37.153 174.276 2.090
126.849 117.303 159.402 1.713
-63.531 171.854 99.825 2.083
-11.661 -122.420 -61.247 1.939
129.327 19.476 136.559 2.137
213.790 188.830 -30.956 2.090
215.620 124.455 29.316 2.000
207.676 105.700 198.627 1.987
53.345 -150.788 -140.335 2.070
-195.248 16.445 -25.031 2.145
-75.271 15.642 21.272 1.890
-113.545 -82.473 134.396 1.900
54.863 -5.738 -127.709 2.142
-193.589 -101.607 112.540 1.960
3.223 121.622 -186.631 1.938
217.113 -7.907 127.172 2.094
73.284 -104.936 165.220 1.900
32.396 -135.328 37.875 1.950
64.520 42.637 163.189 2.140
76.286 130.889 -102.631 2.008
-80.022 -140.608 -48.286 1.848
-154.957 -27.085 -185.561 2.018
208.097 -70.632 -85.724 1.900
125.176 -70.186 62.322 2.086
-91.763 41.725 -10.674 1.907
-164.660 -84.530 77.671 1.971
-208.096 98.072 -180.790 1.909
28.619 -119.354 -166.392 1.965
39.128 115.850 153.276 1.979
111.789 -149.664 -33.141 1.941
-8.822 -40.070 16.292 1.943
-110.379 -99.754 41.105 2.055
161.584 -113.970 -99.595 1.968
-215.783 46.008 98.546 2.044
22.102 24.036 -191.807 2.090
-188.565 -66.694 -139.964 1.881
84.762 -124.602 -89.770 1.947
-89.475 -116.853 6.753 2.067
127.644 95.948 -183.518 2.122
-222.871 -181.253 -95.937 2.247
126.285 58.860 -66.012 2.043
124.010 -70.961 168.174 1.979
-166.645 -101.710 -147.219 2.038
-157.915 -12.067 -106.043 1.919
-157.163 -12.786 174.803 1.955
126.704 -131.127 -174.479 2.066
130.285 -167.919 63.655 2.089
194.451 168.139 -183.396 1.891
-31.608 -98.452 112.927 2.068
-54.528 -15.302 114.602 2.015
54.488 -82.219 18.288 1.930
-76.877 -55.052 -182.850 2.034
123.416 -137.200 81.472 2.076
-20.815 -181.229 -34.712 2.035
104.995 -157.759 43.267 1.938
-162.943 38.173 -194.869 1.988
29.732 28.940 -197.720 2.066
-54.871 173.870 -138.578 1.915
12.362 164.502 44.294 1.936
152.240 188.674 32.078 2.045
-151.899 75.136 181.542 2.030
-147.065 169.293 174.440 2.040
149.596 -129.056 41.193 2.010
62.374 1.035 126.308 2.062
-13.947 -31.334 -106.517 1.925
-105.701 -85.855 82.164 1.905
175.956 51.030 -24.189 2.161
33.397 91.590 90.887 1.887
126.138 91.254 7.656 1.801
-45.410 135.814 79.599 1.713
201.289 -48.080 183.853 1.866
21.344 -135.757 -196.827 2.059
220.545 129.114 -198.328 1.966
188.262 -98.004 -147.061 1.993
-143.038 -141.445 16.918 2.064
6.893 89.570 36.898 2.094
116.583 -183.573 15.714 1.688
210.006 167.493 -158.146 2.063
-197.624 -29.319 -155.639 1.979
-127.830 -41.120 -84.784 2.184
-115.777 42.438 164.929 2.093
162.673 46.331 13.094 2.185
-125.485 76.761 -139.529 2.178
-28.652 176.564 -97.724 2.073
-55.371 151.183 95.440 1.962
-200.770 -92.459 23.929 2.131
-20.879 -168.513 101.287 1.889
-183.460 26.943 -85.429 2.051
-24.356 -178.104 143.194 2.096
-20.291 172.251 115.729 2.115
-217.536 -82.227 -16.501 2.071
-169.466 157.546 -43.856 2.072
18.997 150.723 -14.682 2.084
48.689 -93.495 117.810 1.933
-50.880 -149.692 110.528 1.818
-55.173 -109.845 106.280 2.098
-84.833 -117.458 -39.413 1.901
186.710 -139.202 167.121 1.921
77.193 -24.530 -79.392 2.009
-7.087 17.787 146.654 2.028
86.278 -187.553 31.459 1.992
124.075 -172.000 -162.206 2.036
-33.682 -148.486 -190.697 1.960
102.171 120.572 11.505 2.192
87.493 74.887 -67.440 2.196
183.784 -2.209 117.351 2.117
-192.091 -180.412 132.856 1.930
-222.237 -79.649 -57.404 1.904
-115.807 11.943 -155.437 2.042
-79.635 -25.994 21.250 1.984
104.041 149.616 78.881 2.195
-90.253 72.225 -29.132 2.089
200.380 109.257 27.186 1.952
149.952 184.286 180.878 1.977
-26.144 174.971 -72.639 2.009
94.460 -36.976 -167.923 2.239
-134.921 -152.127 10.631 2.097
-40.874 -180.118 62.202 2.173
-222.699 -121.268 109.588 2.032
-15.904 81.901 -1.162 1.823
-217.384 146.774 -119.601 1.948
-103.051 -61.057 127.921 1.871
153.537 84.456 -160.747 2.102
-84.229 73.212 -73.949 1.985
-181.007 -5.088 -149.379 1.971
-177.990 52.538 -179.309 1.901
98.394 -175.450 -99.172 1.989
136.015 134.764 -105.838 1.833
-2.239 34.772 105.814 1.810
200.678 -103.169 66.559 1.969
200.198 119.157 88.525 2.039
-67.570 29.483 -172.735 2.003
215.615 -67.333 -187.855 2.022
-102.161 -2.933 128.238 1.932
-199.443 126.540 138.763 2.013
-24.498 -50.620 -74.790 1.999
97.903 105.898 148.537 1.928
-203.423 22.924 21.559 1.999
-85.467 19.055 -193.305 2.169
44.045 40.696 -143.769 1.964
19.604 -84.883 -168.199 1.888
51.160 -93.409 42.028 2.096
-24.327 -67.240 -104.732 2.151
-4.704 95.543 -4.862 1.964
72.591 -141.940 161.650 2.132
162.513 -82.782 -88.723 2.110
24.610 155.785 26.347 1.948
-61.143 -71.344 170.602 2.204
-102.237 77.977 -22.531 2.089
-175.192 -160.314 -7.536 2.040
218.096 51.420 184.218 2.020
-76.736 -167.644 109.230 1.916
-30.771 97.310 127.510 2.018
61.370 63.239 -102.269 1.954
46.723 -61.285 -105.247 2.003
27.994 118.965 -111.296 2.045
191.689 58.549 22.164 1.845
-171.580 -63.726 158.693 1.981
-157.026 45.834 113.203 1.931
21.435 101.933 -168.959 1.911
23.316 141.200 42.117 2.096
152.736 94.969 41.115 2.025
-162.773 -181.755 -190.156 1.931
-104.643 102.654 147.127 1.970
-212.173 -185.268 46.718 1.978
-21.255 -17.187 49.127 2.191
-129.681 -39.258 1.751 1.829
-151.879 -6.792 -119.512 1.973
-215.485 88.645 -63.230 2.035
102.134 -4.102 3.302 2.110
49.014 113.215 130.276 1.961
112.405 -66.089 -192.916 1.948
-17.717 169.175 -20.909 2.092
-151.534 171.014 -127.893 2.098
224.939 -181.218 94.313 2.045
116.846 -94.457 -26.226 1.846
15.289 134.622 54.129 2.027
-61.022 -140.915 -18.505 1.959
122.059 46.448 -71.102 1.905
17.712 -176.168 130.830 2.001
-27.383 -50.469 -72.559 2.039
-112.484 -173.124 2.252 2.050
122.322 59.984 34.054 2.088
-7.933 16.398 40.309 2.060
-200.467 -189.998 196.622 1.968
67.754 125.528 133.852 2.099
165.772 -107.569 -181.471 2.015
-195.015 -81.753 47.632 2.044
152.587 96.559 -190.949 2.087
58.916 149.448 41.815 1.900
13.903 94.701 158.761 2.096
4.758 -72.483 64.694 2.076
-11.247 -74.826 -106.265 1.945
-154.018 -37.897 91.777 1.964
44.240 84.926 -28.617 1.901
111.594 102.289 -133.264 2.039
-186.137 125.842 165.101 1.896
53.203 33.560 -137.649 2.045
-55.007 70.320 -31.694 2.038
113.415 -117.872 -144.656 1.826
14.027 -137.853 28.435 2.037
97.372 123.547 -154.424 1.907
15.129 114.525 124.015 2.057
-183.687 172.352 116.345 2.065
94.878 54.504 102.456 1.954
-94.573 22.838 -176.967 2.131
-185.603 -120.172 101.430 2.023
120.231 -2.817 99.748 2.088
112.300 174.866 -49.384 1.947
-12.927 -138.413 -82.216 2.127
-81.945 -49.470 46.447 1.792
-34.527 -33.751 76.187 2.000
89.373 -54.564 -41.420 1.931
98.810 -82.809 69.498 1.937
165.250 13.116 -76.783 2.113
-91.441 -176.522 -85.677 2.064
32.864 -1.941 195.382 1.950
35.487 -125.034 -53.761 2.052
-180.095 151.706 162.464 1.997
1.176 126.933 89.547 1.898
152.606 -88.272 161.466 2.129
158.501 27.332 114.973 2.051
204.319 -74.731 -103.416 2.050
136.376 -25.484 112.593 1.939
42.476 48.690 104.163 1.828
47.007 28.180 20.849 1.984
101.501 16.684 -193.554 1.893
-111.766 116.715 -34.826 2.065
-5.453 77.996 -178.642 1.968
149.988 -101.795 105.146 1.917
-88.473 -41.862 -83.515 1.834
-180.365 -112.777 197.851 1.999
-136.796 -186.315 53.351 2.011
-90.944 -115.229 -83.211 1.969
134.999 -177.086 11.078 2.199
-188.984 81.535 27.677 1.917
-3.885 128.363 26.401 1.933
65.780 107.930 119.660 2.086
160.533 45.772 19.726 1.997
-166.292 -33.764 -184.648 2.122
-33.287 88.684 149.976 1.889
-168.443 -124.067 4.358 1.939
80.492 169.566 15.541 1.787
162.783 -151.039 -16.249 2.111
-173.237 110.644 74.005 2.069
214.823 160.948 15.052 2.096
-128.342 15.673 -57.462 1.931
-35.290 -36.268 58.241 2.059
-170.287 -53.788 6.841 2.109
-171.325 -54.299 -22.504 1.822
-175.699 -124.165 163.835 2.091
195.962 37.530 94.400 2.016
-181.879 -84.843 94.711 1.881
-200.490 109.445 -103.815 2.301
-123.989 114.151 174.522 1.947
89.958 189.943 -85.393 1.772
-55.764 15.879 -65.208 1.924
-144.727 68.535 80.915 1.986
1.897 163.122 65.308 2.060
-96.307 78.435 159.766 2.078
-158.130 -133.492 -67.804 2.110
178.182 -121.719 137.403 2.019
-95.276 -110.509 -123.442 2.083
-181.825 -154.299 186.616 1.992
97.724 -87.081 193.339 2.212
198.331 45.004 -126.188 2.021
76.557 25.232 -59.190 2.013
-118.655 128.180 -110.303 2.070
-73.871 -4.870 80.221 1.828
91.923 65.720 177.511 2.003
-61.150 -179.373 89.172 1.934
-35.188 -165.581 -48.967 2.162
-11.319 189.761 -183.283 2.181
144.589 -167.811 137.937 2.107
185.909 111.720 -141.475 1.890
-35.594 -180.157 106.614 2.002
88.344 -90.827 -37.034 1.984
-67.188 55.024 -173.050 1.959
-202.975 -11.097 -161.388 2.018
-164.222 -23.684 -170.246 1.853
-154.020 74.067 115.660 1.878
-59.409 11.734 95.831 2.076
134.240 112.929 177.046 1.908
191.629 51.635 -13.479 1.959
35.085 -69.518 -117.651 1.962
73.110 115.105 12.541 1.916
-126.189 -93.371 25.299 2.044
-126.697 35.226 -190.360 1.856
138.546 70.560 -29.917 1.754
155.269 -109.770 5.591 1.919
115.388 45.204 157.649 2.155
109.430 8.328 24.568 1.982
175.396 -10.825 118.451 1.974
207.137 -50.910 104.131 1.974
-179.810 139.019 52.337 2.251
200.100 -187.821 185.626 2.009
183.972 180.395 117.838 1.866
94.257 59.741 168.668 2.050
10.257 -115.023 -142.828 2.071
-89.399 43.164 15.227 1.920
136.802 86.740 -18.086 1.856
-17.965 -179.178 -159.980 1.821
110.154 36.693 132.874 1.960
181.771 -153.564 -163.712 1.859
145.835 -23.977 -123.475 1.842
52.737 145.953 -96.247 1.779
29.767 -120.415 70.166 1.958
25.482 -2.968 107.192 2.002
-177.606 59.689 152.687 1.975
-51.857 -123.546 -108.145 1.885
-151.131 -13.566 30.204 1.994
-185.292 -65.995 109.665 1.951
-90.869 -129.208 183.075 2.090
158.885 187.383 -2.286 2.057
223.338 112.663 -180.210 2.026
-67.078 -18.472 -124.443 2.054
20.813 -139.902 -36.451 2.029
109.872 -131.006 157.213 2.004
-43.363 90.463 161.776 2.009
222.989 4.624 100.727 2.006
188.270 -144.597 -75.874 1.866
176.606 -146.617 199.573 2.050
172.483 118.235 63.203 1.969
-160.197 -147.227 -186.411 2.113
77.498 164.637 53.627 1.919
94.113 40.923 30.458 2.124
-169.840 67.831 40.349 2.015
-98.247 149.441 120.207 1.887
215.562 32.935 22.630 2.138
-98.268 188.729 -64.252 2.138
-128.030 44.098 136.361 2.026
-48.020 -179.284 31.116 2.135
16.668 79.461 90.712 2.072
-130.298 40.476 -108.793 2.033
-47.969 180.847 163.276 1.962
142.729 -78.541 -156.742 2.057
-136.009 -188.653 -13.438 2.173
190.588 -124.167 38.896 2.042
-67.923 -59.493 41.037 1.804
-166.219 -75.560 -96.563 2.043
-89.727 -161.113 181.769 2.037
-14.268 153.651 11.522 2.025
-33.177 -95.936 7.452 1.879
-56.904 21.560 -197.376 1.971
-180.016 124.703 127.584 2.089
57.071 -69.628 -38.593 1.965
119.952 149.553 63.192 1.895
-209.563 82.394 -106.504 2.033
51.313 79.148 146.821 2.094
-70.837 -131.460 -145.643 1.950
-169.628 -12.219 -99.125 2.036
77.773 172.188 -143.290 2.108
-146.997 -23.973 63.197 1.922
111.711 17.657 47.906 2.222
87.933 -45.435 105.259 2.105
201.285 -106.311 132.477 1.937
-15.095 -29.890 63.853 1.876
9.807 183.249 108.462 2.181
-171.234 -71.982 -20.373 2.039
-30.706 100.454 -107.853 1.868
-82.830 10.212 157.547 1.940
-198.803 143.080 -155.670 2.026
210.988 -62.672 -105.223 1.880
190.919 153.790 93.939 2.070
-140.077 -158.520 45.619 2.230
67.518 105.630 -130.127 1.865
-66.251 106.418 129.338 2.200
101.137 -4.718 -106.045 2.000
167.523 -95.127 147.708 1.997
205.124 174.211 -68.416 1.902
127.085 -58.662 -156.072 1.827
43.244 53.244 126.580 1.998
42.513 -42.564 111.910 2.168
-89.485 -162.910 -65.176 1.983
-64.821 11.363 -144.759 2.167
163.701 -47.897 -75.275 2.070
7.935 68.309 -166.850 2.082
-194.220 -0.381 103.820 1.809
223.646 -75.811 -64.430 1.902
-135.111 34.897 -6.633 2.120
-39.361 -88.310 10.872 2.063
193.519 23.400 103.976 2.101
-14.919 -28.180 -157.898 2.009
-215.386 33.154 -11.410 2.138
-152.533 130.513 -102.858 2.121
84.312 -164.782 -170.266 2.186
-155.989 -87.391 -135.672 2.067
-23.677 163.738 177.296 2.078
61.353 -101.611 102.006 2.190
-16.122 -145.285 -193.644 1.772
-119.612 -61.059 -20.309 1.807
-23.206 2.464 -3.722 2.017
-101.877 118.528 -182.871 2.022
145.597 79.756 160.054 2.092
-163.910 -18.461 -88.000 2.039
221.083 117.278 -172.620 1.874
-218.988 -5.236 115.184 1.982
-213.920 111.247 1.307 1.972
19.927 -10.057 -82.219 2.234
121.664 129.939 192.904 1.944
-157.316 -62.108 -21.736 1.914
97.339 -86.529 -81.974 2.053
-55.143 166.319 119.320 1.893
-10.216 -41.746 54.069 2.047
-0.458 106.819 -137.433 2.012
0.032 49.226 94.464 1.980
34.291 -138.551 -137.439 1.926
-188.234 37.526 78.946 1.930
-111.428 -56.245 121.053 2.075
86.468 -151.595 -175.066 2.003
-44.789 132.414 123.729 1.821
163.032 -53.727 65.293 1.963
-45.657 -173.895 191.213 1.953
164.034 9.947 27.864 1.957
52.645 -43.549 -161.556 2.023
204.697 51.283 -2.323 1.856
160.377 -10.531 -42.843 2.065
108.517 159.849 45.781 2.081
56.183 120.165 -17.296 2.100
-208.267 181.794 146.673 2.012
-122.395 -93.848 199.812 1.851
104.413 157.909 174.103 2.008
117.959 -132.994 76.597 2.032
186.366 -72.733 196.275 2.083
46.560 -184.316 -199.566 2.016
-112.019 157.138 189.981 2.043
-116.557 77.460 -13.440 1.889
22.275 -105.031 66.162 1.883
-0.748 136.306 -44.463 2.035
61.262 178.511 53.311 1.956
-211.204 74.699 -41.979 2.040
178.125 109.749 78.110 1.979
-103.178 -115.394 166.332 2.055
48.614 -136.008 -134.819 1.970
161.988 -3.102 -10.946 2.046
29.122 -99.505 132.988 2.040
-160.374 160.773 -189.511 2.022
-203.004 72.219 -168.246 1.985
-43.035 -166.339 -12.427 2.119
88.386 172.115 85.989 2.127
47.789 -184.843 -45.212 1.892
-90.348 -10.177 125.914 1.993
46.141 -117.071 22.604 1.927
-59.408 82.846 35.696 1.910
-59.191 -93.473 -105.963 1.955
-58.714 162.086 -42.353 1.881
-134.866 41.313 154.448 2.116
-38.842 -104.693 76.427 1.896
-190.364 89.914 -84.280 2.059
88.122 -113.711 145.602 2.086
147.846 -137.101 -30.509 1.960
47.140 -154.256 -46.375 2.047
-221.713 -42.749 -36.729 1.984
-183.507 -92.260 -87.169 1.812
-184.984 -103.416 -92.618 1.972
191.161 -64.138 -145.827 1.912
-97.827 11.600 85.436 1.892
-204.204 -140.488 122.431 1.736
121.580 117.840 -76.473 1.923
94.883 157.572 43.536 2.078
159.089 140.237 -116.044 1.977
114.099 -51.063 -140.705 2.154
-124.744 97.391 136.967 2.170
93.812 -11.306 -58.042 1.856
-127.750 -62.037 -125.324 2.073
-196.970 -148.312 17.181 2.045
18.660 105.785 -89.481 1.836
-71.157 183.659 -134.942 2.060
25.568 -142.301 13.922 2.110
115.726 2.203 123.495 1.877
-164.472 -74.825 24.532 1.918
-162.825 174.507 34.933 1.990
170.464 177.763 -157.414 2.071
-91.984 -60.735 -131.852 2.016
-87.910 182.035 -100.110 1.999
-7.885 -32.284 -135.935 1.989
-115.169 -99.267 27.270 2.026
-117.758 -124.205 -155.814 1.825
-179.898 -88.684 135.076 1.819
-204.407 -83.694 49.592 2.020
-182.497 62.293 -100.446 1.739
-34.925 -103.845 84.805 2.188
117.456 -162.857 134.559 1.874
-149.843 -186.207 88.405 2.149
-210.018 -136.934 134.651 2.036
150.368 174.871 28.333 2.262
-95.206 102.676 138.694 2.025
-67.384 -22.377 190.761 2.059
1.890 -143.718 -123.568 2.041
178.292 130.960 -123.789 2.076
-201.145 174.438 166.734 1.916
-0.749 -184.250 34.554 2.029
-154.857 -35.879 92.182 2.087
-17.448 125.120 148.007 2.052
-20.293 103.565 158.440 1.905
124.273 148.583 -106.733 1.838
33.252 169.673 183.775 1.902
210.075 -102.148 109.899 2.056
131.464 -112.749 -167.013 2.112
-58.547 74.316 -182.866 1.908
105.930 6.088 121.188 1.956
9.211 -37.623 14.308 1.966
-197.822 -12.061 -119.711 1.847
-142.797 -14.637 -154.393 1.981
176.943 -165.353 -168.677 1.954
187.457 -156.652 -199.370 1.987
-190.624 122.747 34.165 2.137
-64.117 -83.653 -23.022 1.966
84.320 49.401 -50.708 2.114
-145.266 122.109 62.064 1.979
-17.002 -133.435 -164.737 2.028
-30.748 81.844 -161.297 2.029
-175.067 -23.916 7.195 2.154
-174.848 72.876 175.016 1.960
130.795 -24.138 163.308 1.863
-8.064 -3.788 13.704 2.014
-150.243 -51.520 -163.823 2.097
-26.836 126.586 69.980 1.933
116.825 -152.550 -180.553 1.948
-207.953 65.269 109.755 1.958
128.604 66.386 14.424 1.920
-132.095 -140.397 -65.796 2.043
35.715 90.653 68.094 1.976
14.003 23.801 188.149 1.847
-116.488 34.001 187.212 1.983
-205.033 174.279 74.238 1.875
56.304 186.586 -66.786 2.032
3.733 85.738 -97.115 1.972
220.698 -128.570 -158.346 1.898
-110.731 148.819 -15.515 1.998
-70.958 158.385 145.229 1.865
-117.956 104.310 -146.561 2.018
31.041 7.180 52.747 1.994
-18.615 -166.359 158.931 1.952
-95.135 -99.572 115.892 1.961
-181.804 92.590 -106.589 1.976
104.466 165.308 -193.317 2.132
-58.873 168.365 -148.676 2.010
-69.771 178.965 -129.635 2.217
111.896 116.593 -154.112 2.001
-175.490 -174.223 -113.236 1.963
170.277 48.442 36.881 2.000
-182.397 128.696 -66.050 1.932
-20.014 59.797 -156.463 1.957
-81.629 187.525 154.423 1.873
-211.670 -174.471 -22.166 2.122
-83.266 172.338 124.762 1.995
-177.202 -86.067 -1.228 1.971
205.485 -89.809 -38.263 2.118
-37.293 -124.217 -178.965 2.006
-71.248 -1.575 135.762 2.157
-10.733 -144.326 -98.158 1.903
-176.056 -36.817 -59.086 1.896
127.872 98.543 145.937 1.830
130.624 64.712 170.147 1.990
52.346 32.690 -25.617 1.873
163.677 102.201 14.422 1.764
127.040 92.930 -193.485 2.018
-39.495 181.498 -111.995 2.050
186.264 -58.392 71.765 2.099
0.344 -153.017 155.762 2.040
15.494 187.482 -176.751 1.983
143.147 150.009 97.013 1.789
-189.727 14.628 -158.853 2.088
-23.558 154.432 171.258 2.173
57.363 -123.581 -49.532 2.021
-173.150 -7.210 193.091 1.823
-1.853 101.613 -152.203 1.999
-170.432 36.112 74.719 1.946
-14.057 106.953 19.182 1.977
-113.405 -130.066 -117.420 1.850
12.249 -67.453 126.800 1.988
5.553 -42.663 112.584 1.924
-110.620 77.537 186.864 1.888
162.191 -102.434 191.740 1.985
-151.360 49.433 -159.908 1.953
-191.655 -59.626 101.753 1.973
-65.210 178.938 -14.702 1.835
58.328 150.061 -156.169 1.924
-41.579 -81.509 -184.487 1.986
-212.704 -177.530 63.847 2.053
95.521 -87.528 -173.124 2.156
-33.548 146.519 -179.171 2.149
-48.758 -165.794 115.122 1.953
-136.107 -133.405 23.764 1.997
-31.812 -27.961 194.895 1.938
-31.535 19.837 -182.584 1.847
-157.173 173.989 -134.968 1.960
73.669 -31.521 -69.806 1.820
67.616 63.252 -71.420 2.084
-188.413 -87.193 45.218 1.974
-137.137 92.547 107.410 2.084
130.242 27.495 -32.236 1.960
138.980 -166.917 -106.698 2.042
193.316 164.646 -18.569 2.216
-171.931 -59.268 -112.969 1.850
-119.800 -170.198 167.173 2.106
124.726 99.106 -59.697 2.027
-204.859 49.706 -182.826 2.072
1.839 148.735 53.412 1.913
32.935 188.229 108.142 1.879
184.740 58.030 -26.316 1.837
-1.316 -133.266 190.561 2.055
-119.162 -102.059 -74.172 1.849
-186.992 177.583 196.619 1.792
-53.944 78.743 98.251 2.090
-153.148 79.899 -86.474 2.123
-5.588 -158.601 130.419 2.012
-104.384 131.200 31.418 1.909
211.708 135.091 -6.447 2.049
-83.980 -161.071 -129.866 2.145
-42.337 50.504 61.002 1.962
99.032 145.351 30.131 2.054
205.485 -152.426 -139.504 1.994
184.471 -171.277 164.637 1.957
-76.923 -81.979 84.936 2.072
-66.932 184.475 189.581 2.005
-121.568 76.033 162.234 1.988
-36.208 178.219 -80.430 1.808
-74.398 129.522 -197.658 1.941
-130.305 -24.031 195.260 2.030
138.636 -66.211 -162.514 2.075
-154.092 174.890 78.530 1.993
156.949 -149.826 198.850 1.912
99.736 -115.133 -199.369 1.706
-106.256 30.364 103.955 2.059
85.974 -149.313 -91.003 2.019
-118.279 -59.662 -78.651 1.937
201.871 141.385 100.878 2.033
-22.910 -95.602 -46.990 1.765
-148.900 -76.101 -23.416 1.853
-119.106 -175.515 184.420 2.097
60.688 154.244 -191.685 1.861
-31.894 148.642 -63.516 2.004
66.717 -122.759 39.999 1.863
150.005 30.584 177.269 1.982
51.694 38.998 -173.359 2.046
98.230 -18.181 -34.336 2.032
209.787 -159.560 -167.665 1.981
94.427 -136.088 153.734 1.875
-201.710 -182.558 -142.411 2.089
-164.585 -5.945 188.359 2.049
-66.410 -127.484 -34.069 1.878
221.240 -39.472 -26.390 1.917
215.401 143.911 189.349 1.787
218.856 -77.879 38.265 1.867
-8.295 -129.149 -37.587 1.945
-113.001 -46.381 193.923 1.804
60.696 4.051 -120.608 2.009
56.054 64.539 -142.700 2.104
193.627 48.072 -199.168 2.123
195.310 -151.189 133.962 1.878
-22.300 -172.260 58.131 1.854
-124.133 72.859 34.195 1.875
-157.385 -35.361 -40.761 2.035
-105.875 -153.186 -144.643 1.979
-10.019 118.386 102.381 2.148
129.055 13.991 -6.284 2.015
73.930 23.017 161.556 2.116
153.358 124.118 32.104 2.015
182.585 46.565 -128.014 2.054
22.429 -98.814 70.451 2.150
-3.055 157.820 199.068 2.006
219.228 -127.740 -39.288 2.118
150.480 6.368 -46.404 2.005
-144.716 59.285 -107.275 2.031
-153.800 -95.003 66.042 1.927
210.357 -20.401 23.556 1.956
-70.097 -178.659 -93.382 1.986
-197.822 47.096 -150.317 2.052
-78.230 133.598 65.646 1.953
80.727 -60.757 18.973 2.067
184.832 -146.740 103.539 2.041
-130.494 8.377 142.389 1.891
27.310 -83.856 119.672 2.085
117.326 -122.577 131.674 1.850
181.190 -114.806 44.506 1.998
74.232 -86.063 -76.979 2.109
80.881 -79.427 52.650 2.093
126.247 51.532 -151.813 1.968
-104.124 105.637 -49.278 1.941
-147.100 -48.013 -185.463 2.108
-127.776 -114.138 -6.885 2.045
101.817 -116.698 78.228 2.029
203.137 132.767 160.545 2.134
-197.163 -81.525 -9.693 1.932
164.309 -158.296 -104.888 1.947
24.338 130.887 -166.546 1.940
-19.087 -182.505 65.140 1.986
223.627 -69.568 -154.872 2.028
-86.752 5.586 36.880 2.023
-124.324 -95.982 -12.545 1.792
213.803 -178.614 113.157 2.028
-142.795 -15.345 -171.072 1.948
-33.720 121.494 148.645 2.038
190.649 -173.721 -167.844 2.016
210.731 -158.365 70.478 2.089
-198.602 180.352 -161.193 1.903
-166.426 186.587 -65.124 2.013
-221.084 96.145 49.870 2.093
222.311 1.558 62.654 1.927
-201.319 -114.392 -186.433 1.958
157.943 -115.761 -110.452 2.025
-70.299 -51.866 144.672 2.056
121.417 48.517 -75.969 1.882
-194.168 4.256 -87.686 2.224
-121.403 -24.137 -55.945 1.977
96.349 -22.695 69.574 1.916
-224.598 -104.087 192.911 1.726
100.817 -33.639 106.763 2.004
167.890 1.148 195.271 2.059
-80.582 -102.381 110.353 1.980
-160.215 -180.039 117.918 2.156
144.682 141.738 46.481 1.888
124.129 137.173 69.546 2.078
32.653 174.121 189.504 1.904
-200.278 155.106 122.977 1.846
126.090 144.037 194.876 1.929
208.517 142.590 41.652 1.931
-141.297 -51.810 -51.951 1.971
-177.593 -148.717 31.555 2.149
-100.386 138.099 100.872 1.829
49.874 104.963 -83.287 1.991
-107.303 172.601 107.778 2.003
-192.468 -40.885 -51.674 1.964
-98.021 -32.866 194.823 2.081
183.103 -94.306 -95.427 2.077
194.015 99.083 14.650 2.018
48.257 -49.316 -13.732 1.797
-193.276 39.170 -93.277 2.094
-69.625 82.025 166.515 2.100
-0.853 109.867 -15.159 1.933
220.663 52.599 -25.785 1.908
139.617 -171.324 190.220 2.027
115.951 52.233 -1.135 2.096
-80.270 121.557 -49.238 1.985
8.213 -154.314 175.444 2.036
76.805 -157.868 -190.433 1.896
-118.967 157.409 189.724 2.196
-165.410 -39.955 -180.988 2.114
158.385 19.921 -178.238 1.888
-27.749 158.292 20.969 2.027
4.496 -55.471 -177.017 1.873
-102.018 -115.725 -13.300 2.014
203.855 -171.263 -126.480 1.995
138.939 -84.281 142.498 1.924
-69.940 -120.956 -106.750 1.991
-167.491 56.923 23.722 2.033
-146.485 -13.259 -39.822 1.963
-156.619 -77.393 158.265 1.937
43.371 91.287 -140.370 2.193
63.415 99.355 23.507 1.862
141.055 161.317 -56.839 2.120
-213.668 -86.818 99.035 1.966
-96.622 75.992 -55.963 2.038
55.966 32.455 97.520 2.050
19.456 46.238 -49.453 2.065
166.905 25.496 52.965 1.990
17.029 -128.277 -6.822 2.016
93.124 -13.956 -97.241 1.867
129.615 -130.625 84.324 1.999
94.441 109.669 -94.608 1.984
166.772 -82.370 -161.962 2.258
4.070 41.733 100.072 2.170
63.455 -115.592 186.515 1.989
203.034 19.213 111.732 1.911
-198.685 155.494 -92.035 1.872
220.064 -30.633 30.211 2.094
-43.295 168.508 115.496 1.970
-212.249 -143.262 -25.387 2.002
188.321 -16.935 -34.152 1.924
-93.414 -158.320 48.764 2.023
-26.618 120.249 111.214 1.956
-218.861 73.863 191.111 1.868
180.920 -30.867 -22.827 1.906
193.647 -35.014 -10.589 1.894
185.436 157.923 98.275 2.015
80.670 -62.649 67.993 2.162
-146.713 -95.131 -14.675 1.783
-13.586 -168.910 164.713 2.231
-106.682 155.847 36.218 1.947
-84.153 180.530 -177.906 1.932
200.114 -38.932 6.846 2.049
48.903 110.030 -116.526 1.855
61.654 -172.671 -154.308 1.938
39.622 -12.101 26.046 1.950
64.669 36.230 -110.473 1.937
60.382 134.751 159.392 1.885
-7.853 -118.347 -96.115 1.832
-143.915 148.349 94.894 2.082
196.165 76.992 -190.479 2.009
-55.415 117.992 164.836 1.988
-102.658 66.330 45.089 2.084
207.479 125.212 67.345 1.968
204.561 97.769 -75.833 1.946
-212.587 -37.873 73.103 1.901
44.156 -161.610 107.243 2.147
-22.268 55.249 -101.072 2.020
79.322 37.817 85.727 2.021
-169.487 135.044 148.030 2.054
-36.831 55.184 88.812 2.017
34.420 -69.868 -33.483 1.985
123.479 -76.155 -93.402 1.844
-159.462 -177.115 -72.111 1.914
21.785 78.098 165.498 1.844
-132.620 -14.973 -81.995 1.906
146.334 -2.818 -111.835 2.092
22.282 119.472 -25.730 1.944
-197.191 -94.790 -78.287 1.811
-39.454 -182.496 -169.691 2.030
10.578 -87.204 13.717 2.089
214.113 -90.124 -178.347 1.954
130.076 167.924 111.193 2.032
-131.424 2.739 29.576 1.980
-13.169 -102.919 160.476 2.133
-2.960 86.001 57.639 1.957
-160.787 50.628 -100.105 2.149
76.549 -32.983 -116.273 1.996
95.027 -34.945 -120.295 2.067
-213.526 80.575 -143.947 2.053
14.497 28.909 149.615 1.848
-29.176 -98.061 -164.420 2.014
-49.641 -134.205 -76.375 1.951
-102.753 -87.454 39.398 2.074
-201.368 171.491 -86.458 2.250
-80.130 93.551 133.081 2.232
-32.320 174.822 174.410 1.987
-171.244 -104.859 -198.841 2.149
154.513 165.596 16.020 1.788
-177.219 124.167 -180.117 2.074
-112.769 -68.364 158.785 2.063
87.234 67.056 -18.629 2.014
142.499 -137.332 69.345 2.106
50.197 -89.642 -54.852 1.899
-164.807 -38.991 40.571 1.976
-35.860 -35.820 76.768 1.974
154.616 -176.560 -46.489 1.836
-52.551 -104.561 64.150 1.868
-57.137 -160.801 119.320 1.949
178.443 -123.916 135.341 1.969
151.693 -74.356 -137.053 2.137
106.299 54.542 -102.879 2.129
135.225 -188.045 168.876 1.862
86.492 159.992 -169.181 1.926
-78.193 177.139 -32.023 2.021
-152.537 188.080 -192.485 2.013
37.015 49.145 198.070 1.852
-205.359 -1.509 -85.193 1.944
155.319 70.079 54.629 2.060
-33.549 22.335 49.554 2.040
-93.323 6.205 -67.942 2.016
153.526 69.245 -124.800 1.995
-219.505 -11.549 -187.314 1.946
127.574 -51.045 27.953 2.023
26.362 -29.412 20.101 1.921
187.368 120.126 81.022 1.790
-188.987 30.593 171.264 1.927
-108.869 -24.584 93.524 1.934
-214.433 -150.512 81.150 2.109
-211.696 -109.029 -69.564 2.071
-100.863 -174.504 169.628 2.047
3.259 12.845 180.871 2.021
97.618 144.019 -40.275 2.007
190.190 68.616 -163.825 2.088
-46.419 75.833 -40.496 1.937
-133.061 87.814 -164.460 2.122
-111.432 145.092 75.390 2.146
187.778 140.749 -2.402 1.875
5.737 -141.956 -87.454 2.125
-164.205 5.639 63.843 1.653
108.842 35.437 102.524 1.902
-20.677 -108.431 -155.846 2.018
-141.039 -106.936 -57.142 1.984
-168.639 137.867 -62.662 2.052
-167.483 155.047 165.625 2.022
-139.731 -108.576 186.123 2.124
-37.524 -154.042 -6.040 2.028
169.432 23.813 162.717 1.967
-129.044 131.495 191.063 2.156
92.070 172.212 192.085 1.869
130.015 -18.116 -173.895 2.053
-201.381 -122.512 193.972 1.894
-185.191 -172.417 7.753 1.961
193.263 -14.808 -19.330 2.040
38.236 -19.098 -13.216 1.939
18.516 147.139 95.407 1.946
135.831 -14.934 -157.921 2.221
72.227 -72.594 36.273 1.909
-174.933 -182.786 -167.208 1.998
49.993 95.632 159.348 1.942
-224.382 52.347 92.746 1.990
196.672 179.308 -179.989 2.149
-118.076 -142.123 -73.142 1.933
76.292 172.629 -76.651 2.081
-76.508 49.219 -82.785 2.080
208.671 -74.726 -150.551 2.011
7.573 -163.647 112.908 1.972
-222.480 103.860 44.865 1.893
61.619 -16.369 -15.045 2.003
-13.200 112.293 -53.836 2.120
-112.550 -172.678 -27.271 1.983
0.595 79.149 116.988 2.165
162.317 132.616 -103.387 2.209
-100.803 118.892 106.078 1.989
11.042 57.544 -101.137 2.165
198.588 156.324 -124.740 1.965
159.873 -30.506 84.874 2.091
112.267 74.638 112.372 1.940
139.122 -66.992 -191.023 1.911
-108.138 -76.192 -101.181 1.932
-105.845 96.550 -77.131 2.195
149.320 22.516 20.031 2.053
204.350 -168.470 -173.838 2.094
89.680 -28.184 83.178 1.991
189.256 -167.901 -47.601 1.891
-216.060 75.632 12.644 1.790
212.481 1.743 -145.929 1.983
-21.364 72.379 -43.076 2.065
-27.401 117.184 -197.633 1.945
-9.726 -82.869 136.821 1.831
1.759 -29.257 104.434 1.829
170.587 -185.676 161.976 1.995
17.958 -46.140 -133.772 1.952
161.183 185.399 -47.731 1.831
13.291 -91.903 1.575 1.963
-20.843 -154.727 -128.442 1.960
79.099 -61.191 -60.877 2.147
120.512 29.608 -151.358 2.052
-102.967 -32.467 153.443 2.092
185.652 -150.472 -112.882 2.016
30.223 85.099 80.518 2.109
10.308 -54.296 -47.030 1.978
110.604 -74.271 -150.534 1.898
-73.088 140.920 147.830 2.039
-176.749 -51.133 -57.405 2.046
-98.983 113.707 136.470 2.002
-9.294 30.054 102.580 2.196
112.985 -58.133 -100.212 2.075
-30.147 -110.907 -31.248 1.987
-71.515 -36.686 197.303 2.107
36.828 -80.091 -199.866 2.049
-49.797 64.327 119.859 1.990
-101.649 71.516 -190.290 1.957
105.712 152.545 -21.088 2.103
-57.237 56.662 115.837 2.039
-78.591 93.503 151.431 2.156
-42.282 60.640 -47.732 1.938
-82.478 -121.968 162.794 2.058
-214.024 -81.772 -195.448 2.065
182.211 169.223 -156.900 1.870
-125.603 -139.436 -105.200 2.018
-217.546 -47.802 -74.881 2.045
92.544 -7.232 -47.327 2.025
-47.892 -115.277 -189.819 2.073
-121.644 -137.800 119.746 1.922
105.014 162.708 -15.957 2.077
-68.270 143.004 87.592 2.007
15.806 -7.012 70.590 2.008
-176.655 131.984 -181.255 2.059
155.061 32.137 182.760 2.160
-76.017 -130.417 -55.320 1.859
-182.146 16.759 -106.785 1.891
12.628 -113.108 19.012 1.965
157.490 53.756 146.373 2.212
197.514 -136.994 29.406 2.009
185.770 -27.309 -61.685 1.869
16.170 -32.620 -42.194 1.831
216.178 32.036 -33.735 2.009
-137.882 -24.470 107.855 1.977
55.308 -154.254 156.782 1.977
-66.086 -52.464 72.640 1.896
-121.884 -155.021 -20.953 2.093
-137.383 21.296 -163.105 2.047
209.867 -115.196 96.942 1.930
-75.364 -39.857 27.032 2.020
-223.422 -52.881 16.435 1.975
-214.725 -7.805 121.086 1.994
-10.568 -23.849 -26.602 2.096
94.542 25.758 -116.871 2.020
-30.809 41.933 -93.435 1.992
58.345 158.479 -6.998 2.092
-66.272 -128.552 -70.092 2.101
57.536 59.819 112.677 2.078
178.728 25.971 101.204 2.012
55.999 -58.580 -77.403 1.940
-92.677 -102.618 -182.449 2.019
0.244 127.138 166.413 1.955
-77.146 -142.189 -34.710 1.964
-66.457 63.331 -185.164 2.062
-46.936 128.699 41.590 2.131
126.445 27.036 -97.915 1.882
-158.272 168.623 -126.676 2.109
