186.362 118.883 184.500 1.898
-182.763 29.373 121.950 2.013
133.297 4.173 148.879 2.026
-50.468 182.408 -1.188 2.062
-172.944 -28.716 196.204 1.927
-101.811 154.715 26.443 1.982
-107.113 -146.178 -106.709 1.940
148.643 87.129 -149.314 2.080
-31.135 -7.806 71.139 2.112
-222.247 140.018 115.905 1.904
-30.844 -72.955 -74.495 1.983
-50.494 35.183 -3.946 2.024
-152.913 53.979 68.623 1.982
183.031 185.243 -193.178 2.035
-103.517 149.812 -62.374 2.017
-200.945 -174.126 74.475 1.894
-217.281 29.759 -183.166 2.048
-90.378 -160.922 -170.876 1.980
-165.050 73.615 -90.888 1.872
-221.894 127.645 147.485 2.049
-44.738 -144.071 87.059 2.043
28.206 -162.060 153.621 1.858
-105.439 -170.443 -181.978 2.025
-11.339 35.106 119.571 2.035
76.950 -59.152 141.358 2.032
201.996 80.350 -31.586 1.931
-109.694 150.004 70.404 2.015
5.458 -184.174 176.389 2.065
-217.979 -174.026 -8.355 1.918
-37.706 178.035 52.359 2.068
51.793 130.489 112.187 2.000
144.101 -62.344 -12.263 2.029
-203.756 -144.376 -178.088 1.900
-43.116 25.135 -170.048 1.939
-79.738 179.249 6.578 1.936
27.099 110.682 69.593 1.954
-128.196 36.281 178.573 2.054
-146.003 -149.998 132.749 2.159
197.685 -60.960 193.301 2.079
-175.194 -2.641 145.914 1.917
-102.433 83.180 173.689 1.870
187.174 135.913 171.348 1.965
-139.454 45.551 -139.738 1.759
30.314 188.658 -196.243 1.943
173.453 -47.957 79.288 1.750
-70.155 -134.227 75.962 1.840
46.613 -50.270 67.391 1.973
-217.365 -101.937 33.184 1.894
7.137 -107.784 -0.296 2.063
-141.378 130.260 -8.160 2.049
169.806 -58.248 131.589 2.076
-101.513 -8.697 194.706 2.064
-107.154 38.406 64.293 2.069
25.454 -51.229 62.668 1.765
105.991 -4.528 -198.183 1.932
95.902 -83.759 167.976 2.023
60.997 -148.462 -8.634 1.804
-180.352 61.027 111.010 2.079
-35.005 -184.159 -16.059 1.912
-185.679 182.646 96.651 1.961
156.116 -110.749 -60.037 1.877
140.462 -124.034 181.427 2.101
-146.570 116.648 -89.188 1.881
-177.062 140.493 55.260 2.133
50.332 116.654 164.481 1.956
149.284 144.699 -133.771 1.957
96.204 31.097 128.373 2.038
25.187 -168.346 -37.563 1.971
-218.203 -40.374 -107.844 2.229
-59.371 135.657 199.213 1.952
193.254 -30.170 165.072 1.939
-58.877 87.764 -64.727 2.034
-180.479 -42.760 -107.578 1.936
-63.058 107.796 -191.557 1.921
212.021 -114.617 57.754 2.013
-144.825 -32.346 -106.262 1.872
179.383 -131.602 -157.289 2.022
204.510 79.674 -175.982 1.995
-16.719 -160.970 -181.416 1.915
-103.891 -32.854 -137.017 1.992
-166.684 -159.217 161.068 2.046
-8.621 128.969 193.414 1.995
-202.639 156.556 110.886 1.881
114.766 149.012 -35.543 1.960
16.013 -137.767 161.842 1.865
-83.908 -38.620 -39.510 2.065
-25.431 44.126 193.849 1.886
192.838 146.062 -98.346 2.050
-21.799 -170.267 21.014 2.172
148.590 40.325 167.274 2.145
110.310 -172.148 -26.115 1.955
-198.993 -129.555 160.881 2.041
-43.358 -122.546 43.608 1.883
-120.103 52.859 -66.516 2.073
216.722 77.122 191.805 2.008
210.044 -44.963 -157.861 2.025
109.787 -123.936 -80.334 1.919
176.593 98.900 -55.340 1.985
191.202 -8.090 -63.351 1.887
-179.941 170.409 134.368 2.161
60.019 66.925 -178.546 2.011
212.437 -153.446 -17.474 1.968
189.393 -1.421 -15.255 2.043
188.207 128.379 15.862 1.875
190.038 -106.047 -19.015 2.147
-182.591 -120.138 179.598 2.033
61.754 175.422 21.937 1.968
-196.172 -113.833 -67.069 1.950
203.355 -125.863 107.365 1.961
-68.326 27.486 169.091 2.141
170.322 172.008 14.733 1.931
-28.510 13.002 -86.702 2.000
-193.704 8.436 26.183 1.858
-9.772 164.361 -158.766 2.054
64.198 110.855 81.561 1.961
167.041 58.863 164.798 1.990
109.560 125.631 187.429 2.119
28.424 1.881 -137.558 1.980
62.925 143.418 -132.318 2.012
218.094 -172.829 54.102 2.063
-91.028 -98.141 -21.543 1.987
8.873 -129.540 -123.322 2.026
-129.541 101.207 181.855 1.926
-154.446 -65.616 -39.724 1.915
-32.574 112.351 101.524 1.962
-89.007 -150.688 185.198 1.764
160.762 -57.733 114.326 2.063
162.761 -133.273 148.935 1.982
89.847 -181.540 184.392 1.962
-139.026 -158.899 -60.517 1.872
196.184 101.993 28.783 2.031
82.161 103.192 -7.738 1.977
203.111 -143.283 -177.226 2.028
-14.507 -40.063 118.338 1.919
128.321 38.449 142.212 2.112
-138.592 43.010 -116.396 2.201
-191.404 171.159 106.751 1.924
-193.485 26.528 -57.510 1.976
188.167 -52.412 -24.968 1.926
21.637 -79.065 -60.785 2.044
-160.196 145.079 -57.949 1.879
187.789 -108.687 -75.514 1.823
123.775 -83.250 189.514 1.887
-38.614 -167.308 19.965 2.222
26.759 -154.659 50.504 1.981
122.868 83.005 -89.043 1.912
-34.948 -46.488 145.736 1.905
-205.487 -150.111 157.689 1.953
-12.905 40.442 170.615 2.015
-140.243 72.207 -178.977 2.219
-220.093 87.791 51.034 2.173
101.847 -98.794 -115.560 2.108
72.006 -83.307 -125.924 2.116
-70.791 -103.497 145.044 2.067
162.489 -49.764 -10.430 2.059
23.081 79.316 106.123 1.974
214.446 75.221 -173.509 1.970
-54.450 40.133 101.351 2.078
-98.134 133.176 -50.188 2.070
-85.927 -86.763 31.887 2.130
-113.251 -139.186 -81.325 1.918
119.564 -95.423 54.982 2.043
83.895 -23.884 -99.738 2.041
-69.993 13.333 110.905 2.004
-5.369 -9.298 -165.475 2.143
93.514 20.244 138.157 2.120
-37.832 -20.029 -70.436 2.019
-112.477 146.162 67.030 2.050
-185.224 4.381 -170.641 1.975
-186.252 -176.421 -133.608 2.101
-90.665 -92.786 -9.852 2.123
137.386 104.454 133.617 1.943
218.598 93.701 62.540 2.072
-2.624 -2.510 -87.034 1.904
-187.187 46.834 79.664 2.008
210.020 37.237 -90.656 1.898
31.945 141.640 79.167 2.071
146.060 -53.224 -116.057 2.235
-96.972 -115.967 -134.319 1.964
-14.330 155.677 19.947 1.905
-207.480 36.550 -180.440 2.092
154.883 107.010 -103.907 1.922
-71.504 -12.180 120.162 1.935
-145.421 91.243 183.390 2.099
120.934 131.361 -67.689 2.146
-6.668 -15.111 -135.683 1.987
-45.614 104.142 51.876 2.108
38.118 114.376 25.019 1.916
103.434 -123.004 159.531 2.106
61.568 -9.855 112.902 1.954
89.796 -93.505 -142.160 1.889
141.321 113.455 24.743 1.959
-142.725 -175.945 13.532 1.974
136.315 161.116 24.905 1.935
-140.631 -50.549 180.654 2.081
191.511 -6.726 49.278 1.877
-27.317 -105.868 -183.904 2.101
-193.816 -161.949 -58.082 1.942
-163.400 63.177 152.186 2.087
-133.387 69.990 80.746 1.923
-98.778 -51.162 173.359 2.141
205.238 113.780 -30.013 1.948
-134.284 -45.622 58.754 1.898
165.188 -115.344 -135.096 1.919
91.698 170.062 48.861 2.089
-134.499 6.433 141.229 2.064
-194.729 -123.155 -42.967 1.946
-41.438 106.215 137.232 1.979
43.117 -105.472 -128.387 2.098
71.548 -136.422 159.666 1.958
31.550 82.019 5.680 2.186
70.047 34.258 85.644 1.933
-184.841 -9.030 -134.576 2.065
217.584 -177.280 86.337 1.993
-201.612 11.140 67.399 2.071
24.552 82.300 121.076 1.869
-50.816 -97.898 149.451 1.965
103.531 51.291 61.896 1.844
223.763 -105.277 -90.709 1.838
-42.161 -150.003 4.038 1.986
-122.225 -56.317 126.963 1.792
-112.577 53.267 120.798 1.892
-176.289 -97.181 105.467 2.039
25.920 -13.360 35.149 2.023
187.212 142.961 78.086 2.080
76.564 17.942 -110.203 1.896
13.730 21.395 -120.862 2.074
109.130 -143.520 -85.890 2.095
215.158 -121.854 106.800 2.058
27.332 -75.939 -24.237 1.802
-38.389 -27.296 -87.047 2.018
-90.697 104.228 -94.690 1.912
217.163 -166.483 96.157 1.983
38.526 -35.594 -194.531 2.126
6.947 147.277 -85.402 2.135
66.191 7.841 112.723 1.941
-80.226 -163.166 196.773 1.971
-149.346 -85.120 172.567 1.985
104.942 100.934 -169.834 2.043
-199.676 -119.542 107.346 1.875
-123.223 182.893 -198.184 2.161
6.433 -171.263 -112.333 1.990
-187.171 -50.837 117.978 1.879
53.125 -117.433 -71.261 2.072
72.603 113.310 -27.776 1.963
-188.108 -80.468 -39.745 2.208
192.030 -145.414 -146.742 1.963
19.866 -107.236 -181.349 2.065
221.454 -46.858 -157.037 1.960
149.577 -23.665 63.546 1.931
205.232 96.173 162.616 1.997
59.329 -13.603 -107.509 2.003
-145.696 -51.446 -71.942 2.156
69.695 162.368 -142.183 1.967
164.701 -179.938 166.461 2.139
67.896 -20.872 -28.281 1.940
-147.602 -149.741 141.315 2.165
113.007 11.541 35.938 2.059
147.313 75.166 -21.956 2.007
-92.162 175.520 81.493 2.100
-56.211 129.664 5.867 1.916
-209.614 -70.143 62.279 2.000
-107.907 187.252 -136.373 2.070
-17.466 161.704 -172.993 2.043
-49.804 -46.793 -112.136 2.010
-191.132 -7.161 -40.006 2.073
-0.922 45.752 94.585 2.070
-69.547 -6.884 92.639 1.965
172.600 113.779 -44.236 1.944
79.788 129.958 9.132 2.136
70.617 -187.462 -65.551 1.945
17.339 183.903 165.495 2.085
112.725 116.155 136.608 2.092
160.497 102.514 -194.877 1.930
198.016 -92.824 -62.898 2.027
52.311 -38.115 125.028 1.816
101.661 -109.137 158.834 2.040
220.819 -35.410 -97.219 1.955
-149.293 -150.553 95.507 2.046
-220.955 -94.046 81.845 2.169
-119.659 -134.262 -52.980 2.029
-152.424 27.954 -2.125 1.980
18.026 -36.726 -96.002 2.086
-116.721 -128.842 -130.109 2.085
193.756 119.829 -102.777 1.858
-86.398 -188.982 -121.134 1.821
-125.305 10.885 9.204 1.807
13.594 -119.448 53.061 1.831
148.598 -120.007 -132.043 1.724
-160.116 45.675 137.352 1.970
-189.254 -89.858 -27.962 2.110
35.033 73.312 -188.339 2.077
-39.340 17.881 -161.434 2.117
52.934 -7.541 35.201 1.976
-203.701 105.432 -161.551 1.918
-0.225 -132.675 -59.340 2.133
132.326 165.742 -187.592 2.029
-21.814 140.975 89.955 2.033
-126.612 135.825 55.225 1.973
108.632 2.462 -70.134 2.068
103.370 -90.003 -25.014 1.855
63.877 6.988 71.445 2.125
-196.894 81.148 -166.662 2.219
134.290 -58.977 145.863 2.091
25.428 -68.516 150.726 2.114
157.285 -109.610 55.848 2.200
186.852 -16.156 -196.000 1.878
-86.795 -42.290 142.153 1.975
29.586 172.689 -183.200 1.917
18.179 -171.783 -177.964 1.879
54.782 49.092 -8.564 1.960
-163.709 -51.784 -19.364 2.128
-7.067 188.357 108.825 1.870
-193.928 31.326 164.104 2.021
-35.215 92.842 -183.913 2.057
-50.977 160.887 22.070 1.954
145.279 43.958 6.917 2.010
-117.812 -139.114 43.043 1.956
12.970 -174.491 185.587 1.981
198.215 -98.096 -77.739 1.876
-9.028 -40.325 117.768 2.046
-214.930 -74.519 147.602 1.830
6.935 -93.572 56.133 1.896
-20.190 -27.943 46.469 1.910
-151.078 -96.021 39.744 2.030
-96.386 -71.963 111.396 1.962
-95.055 -56.383 16.090 2.055
132.843 -136.584 -192.466 1.950
-70.281 117.197 -27.881 2.068
152.893 -132.888 -42.042 2.046
-37.746 117.338 81.312 1.922
-96.849 45.247 16.166 2.036
-143.932 21.103 -124.817 1.954
-71.404 -120.162 -42.733 2.028
67.356 65.801 178.257 2.085
-93.902 12.222 -170.327 2.018
-211.152 5.065 -119.570 1.781
113.614 179.585 -74.410 1.977
162.893 189.897 -113.407 1.975
-1.962 -104.397 -110.546 1.842
67.178 -82.044 -183.395 2.034
58.999 -6.247 -21.584 2.007
113.198 145.014 -144.181 2.060
-130.811 -63.880 29.412 2.204
-25.198 182.028 -38.550 1.922
110.484 122.777 125.341 2.065
13.675 -133.514 78.073 1.983
213.756 -115.953 117.955 2.033
-147.593 -125.478 44.377 2.222
-18.199 -180.151 193.462 1.953
-31.258 -142.174 -109.926 2.134
93.217 1.140 -167.699 2.048
-213.713 133.496 9.500 2.061
-220.216 77.126 62.777 2.003
176.298 -160.400 -124.320 1.984
-20.093 114.788 -63.610 1.981
-52.323 -34.844 133.568 1.948
224.087 -167.703 62.689 1.900
-30.628 187.214 -151.772 1.974
-90.918 100.288 174.023 1.951
15.340 130.364 187.183 1.769
-75.971 51.262 -2.928 2.127
2.590 168.239 -197.239 1.903
180.812 153.690 24.247 1.956
198.094 -84.767 -122.621 1.984
209.742 -95.325 -38.209 1.772
137.415 -111.738 160.168 2.057
26.243 82.613 -186.798 2.041
-171.730 83.828 128.584 1.887
-61.332 189.502 166.066 2.001
-43.755 -66.536 -3.174 1.942
101.248 -46.392 -126.179 2.017
1.372 -86.267 -153.751 2.054
-94.443 -99.820 -5.102 1.969
92.790 156.126 -106.849 2.077
-161.490 143.393 25.233 1.888
36.362 -43.686 128.143 2.063
-23.316 48.040 -12.777 1.962
-165.242 33.550 -154.455 1.840
-114.516 177.500 -50.908 1.996
-117.512 -58.789 -149.978 2.056
-52.584 -8.310 32.165 2.059
-83.884 -62.603 -56.316 2.162
138.444 11.299 -102.671 1.904
-113.841 -65.330 146.251 2.169
58.837 -182.331 53.543 1.896
-195.269 110.873 85.283 2.077
132.542 4.939 104.148 1.980
-49.075 134.370 178.478 1.770
135.824 -91.173 82.194 2.065
-102.360 -20.484 69.555 1.838
160.019 -183.529 7.923 2.118
180.841 -62.440 -96.116 1.957
-93.618 -183.475 16.220 1.906
220.295 150.605 176.084 2.032
75.101 74.857 107.626 1.960
-43.476 -144.724 -170.911 1.956
-182.767 -121.836 -1.500 2.054
-206.146 -75.974 -182.105 2.027
-153.431 31.857 -63.336 1.943
214.588 -183.352 -174.745 1.904
207.603 146.508 196.460 2.028
-224.783 -63.355 150.758 1.881
-119.004 -132.559 -148.080 2.051
117.346 11.595 -129.289 1.809
-148.569 148.399 125.455 1.919
224.075 47.584 9.933 2.155
-202.156 137.664 -105.375 2.174
57.286 -3.216 -11.829 1.938
31.240 52.996 -18.091 2.063
-50.803 169.504 13.788 2.000
77.766 26.031 -155.858 2.115
-76.086 -101.068 -150.018 1.893
221.340 133.308 161.636 1.990
-54.316 72.584 -163.579 1.920
69.801 -11.658 152.711 1.983
-202.084 -156.821 -86.603 1.963
-181.924 -12.681 -93.134 1.859
-200.831 118.431 109.539 2.064
24.934 -12.973 -144.214 1.905
78.878 -174.311 60.380 2.034
-66.734 95.575 194.157 1.998
134.771 0.247 100.336 1.993
6.249 -137.043 -174.506 2.041
94.504 139.877 -191.536 1.984
40.550 74.840 190.618 2.040
91.366 162.940 -131.846 2.036
-11.980 115.753 174.776 1.983
116.370 -35.295 -142.062 1.906
-7.003 0.577 -166.488 1.983
-77.887 -158.995 109.397 1.980
201.102 -55.234 -14.178 1.889
-93.630 140.849 35.720 1.982
12.146 -61.096 134.882 2.049
-82.331 -62.894 -185.969 1.993
34.098 21.778 -54.172 2.053
84.587 155.541 42.828 2.011
171.245 -50.068 -167.590 1.989
-26.538 -181.144 -141.504 1.999
-78.981 -117.844 -56.024 2.011
65.781 173.442 -39.564 2.083
149.085 -43.996 -78.202 2.119
48.054 12.192 -16.093 1.980
-108.676 -145.322 142.111 2.018
89.675 164.373 42.874 1.880
-141.994 66.862 -113.057 2.002
-104.991 -165.925 -28.276 2.092
173.682 150.421 72.266 2.006
-83.003 -158.140 183.944 2.110
109.102 -0.132 55.581 2.047
-63.856 189.206 -79.093 2.039
-58.984 137.502 118.533 1.856
214.396 -99.545 -115.037 2.133
209.995 -88.126 -105.623 1.980
-210.529 -106.969 -109.571 2.052
43.095 -136.784 -65.320 2.038
14.353 149.210 -141.046 1.891
-116.488 35.420 -139.427 2.013
-79.882 83.589 -171.118 2.035
164.929 170.438 -88.021 1.981
216.776 71.369 167.917 2.043
-56.301 105.760 -125.575 2.040
79.240 -75.438 -150.094 2.055
-60.493 178.706 -6.521 2.144
-85.673 -147.190 168.100 1.933
-38.961 -63.031 152.219 1.948
-0.365 -131.274 7.523 1.933
224.966 36.474 185.096 1.994
186.568 -32.520 64.335 2.134
-184.329 -9.475 -50.143 2.045
150.760 -65.705 -137.386 2.006
97.580 30.129 147.931 2.075
207.252 -28.760 1.655 1.972
64.566 62.272 -23.831 2.036
138.839 126.818 -182.497 1.997
169.369 63.912 145.419 1.924
-103.223 60.241 70.360 2.072
200.182 -70.504 -140.582 2.179
191.887 99.422 128.992 1.895
112.957 -72.513 114.890 2.039
215.487 -95.698 70.514 1.932
102.500 176.724 165.104 1.889
-122.309 25.490 -10.726 2.006
183.801 -174.845 3.865 1.968
-184.900 8.399 -153.507 2.119
62.782 -181.703 -12.746 2.200
82.390 175.886 -166.737 1.983
64.418 -99.640 54.190 1.972
128.284 132.719 -96.790 2.108
-184.660 -63.800 -189.227 2.198
43.534 -5.123 45.093 2.060
-116.267 156.286 119.081 1.953
-166.266 49.956 -175.756 2.147
-39.368 142.929 -63.238 1.975
-128.544 -79.827 113.040 2.063
-125.106 -132.138 -126.382 1.985
-181.985 -13.490 193.117 2.021
224.225 -136.974 -172.329 2.115
223.152 168.676 168.471 2.058
197.060 112.319 61.880 2.010
-189.894 171.856 63.727 2.091
-1.033 100.891 -108.627 2.132
-74.415 120.226 194.971 1.950
136.266 -37.848 4.664 1.985
-112.781 -78.993 -132.686 1.969
-107.514 -165.124 -35.837 1.855
-8.918 113.609 -166.839 2.048
-203.620 -86.226 127.011 1.870
-129.874 106.639 37.227 2.004
83.686 -57.704 141.573 2.126
39.077 -10.498 111.486 2.079
214.069 18.083 190.789 1.989
207.660 39.563 -93.341 1.910
-217.082 -6.863 156.310 1.989
165.956 95.158 -177.994 2.084
30.766 -37.129 37.980 1.963
135.264 11.373 129.058 1.940
220.914 -74.926 -39.820 2.128
-197.151 186.904 -60.311 1.938
89.633 179.085 1.963 1.955
-88.144 91.909 49.255 1.993
162.341 138.398 93.932 1.945
-94.015 17.724 157.724 1.987
158.023 119.558 155.778 2.004
176.508 -145.886 -144.450 2.057
-7.554 -31.704 -158.166 1.854
-66.757 189.928 -58.442 1.989
-212.162 -158.066 168.753 2.043
131.622 29.611 144.921 2.053
-15.974 -18.950 136.860 2.170
-224.177 147.702 41.026 2.099
-178.864 -99.467 -2.781 2.085
-124.267 61.066 -6.736 1.889
160.267 -79.162 117.157 2.018
164.700 -145.887 -7.262 2.043
219.335 -143.160 153.253 1.833
-18.903 -89.120 8.661 1.903
88.804 158.896 -184.007 1.904
-20.063 -105.978 -85.030 1.972
68.647 -179.002 98.437 1.952
21.037 89.378 -173.920 1.782
130.848 -35.911 43.719 2.040
-203.238 14.793 69.464 2.137
-33.595 -98.337 183.450 1.963
-156.455 185.506 17.491 1.956
-112.802 58.923 189.920 2.051
-15.371 74.372 -196.457 1.860
-211.141 105.433 -188.765 2.143
198.195 -93.273 -33.754 1.924
46.926 91.732 103.427 1.961
200.682 -111.955 14.810 2.117
-150.301 -62.732 -175.675 2.066
161.020 -50.446 -67.500 1.919
-44.061 111.198 -100.580 2.083
39.753 -16.901 95.971 1.914
-30.545 44.982 107.369 1.857
130.982 158.203 -125.684 1.917
-50.081 -81.043 -12.148 2.076
-214.344 71.813 63.749 2.162
-205.188 -123.783 -48.332 2.103
-22.218 -70.768 -89.767 2.058
164.702 113.443 29.675 2.074
128.197 -140.004 63.800 1.992
170.595 158.406 114.376 2.059
-32.578 -28.066 28.592 1.864
-23.860 126.300 129.111 1.975
-73.961 147.546 47.778 2.118
160.421 -50.023 77.581 1.936
-74.802 46.190 -159.185 2.127
-14.422 131.307 -60.154 2.025
58.334 -30.733 76.685 1.893
212.950 -37.372 135.307 1.953
-131.201 -96.884 -97.159 1.934
157.666 169.632 -29.687 2.015
170.796 -180.814 197.977 2.082
-136.741 -136.136 176.352 2.121
-161.412 -37.260 19.404 1.967
-93.405 115.508 66.530 1.912
-48.084 -145.457 58.820 1.909
-103.267 -29.916 6.317 1.939
-43.850 -74.173 123.099 2.070
187.531 -188.725 -6.411 1.867
-30.403 80.909 -18.726 1.927
-153.581 -87.392 175.709 2.079
-36.113 170.375 -46.735 1.869
-97.966 -35.479 140.620 1.814
79.978 148.660 106.160 2.216
-10.598 113.212 110.927 1.795
114.976 163.796 -51.354 1.914
-205.162 47.682 110.820 2.169
145.213 -115.041 -168.361 2.136
-190.476 102.269 173.955 2.039
223.429 58.411 115.404 1.932
159.122 47.673 -13.653 1.990
-66.727 35.846 100.682 1.919
-31.686 -76.953 162.984 2.111
215.287 22.455 165.972 2.050
66.168 -187.827 83.741 1.857
-51.580 -150.521 -52.790 2.098
-10.989 -157.981 -196.089 1.954
-119.622 -2.386 -197.263 1.948
163.192 174.183 -4.484 2.060
-161.660 -127.049 -172.005 2.083
5.273 -38.554 10.351 2.139
-8.149 -69.752 -61.984 1.856
-136.481 21.272 -173.505 2.008
-218.462 136.574 90.324 1.970
79.232 -110.437 -199.491 2.016
-91.027 132.761 -8.622 2.005
139.380 174.801 -35.134 1.963
23.041 -62.520 -88.794 2.084
-14.590 -21.133 199.842 1.971
5.371 -51.383 176.239 1.900
62.702 -170.811 -33.413 2.242
-180.235 89.378 -73.406 2.003
-72.691 140.452 -72.302 2.031
-3.283 -74.310 160.275 1.850
83.618 -125.322 23.642 2.095
-214.360 42.141 31.677 1.812
171.462 -153.459 -88.467 1.888
-216.316 -12.953 151.476 2.048
-9.721 116.713 75.722 2.210
134.022 138.327 175.768 2.043
16.548 33.314 197.050 2.020
113.329 -82.520 198.922 1.856
-120.249 -29.180 52.349 2.051
199.015 38.917 109.036 1.898
17.104 161.558 173.329 1.955
-206.742 -189.759 100.045 2.052
153.704 -66.801 -177.804 1.992
61.414 -32.341 -46.976 1.940
8.561 -38.967 -140.622 1.964
-108.911 -188.399 -51.619 2.163
-14.142 26.350 -191.279 1.879
133.193 29.957 112.619 1.937
-158.830 -55.609 -59.656 1.975
-17.367 -44.305 109.410 2.051
223.734 41.537 62.667 2.173
-56.769 116.847 59.048 2.277
-163.571 -32.403 9.057 2.040
-88.037 -71.597 -131.011 1.851
193.119 60.499 -30.346 2.083
-140.804 -50.447 -142.424 1.898
46.541 -162.039 196.494 2.009
-149.087 47.132 -30.009 1.914
-139.043 -78.295 -134.548 1.971
212.221 -167.761 163.116 1.927
208.064 -174.439 -37.609 1.751
-22.844 28.904 67.546 2.127
139.999 -30.212 60.617 2.052
218.553 55.666 3.712 2.155
-158.140 -148.501 179.649 2.054
-140.930 58.563 -24.315 1.850
193.663 149.840 27.751 2.102
-220.879 76.500 86.656 2.001
192.293 -94.027 151.661 2.042
159.922 79.128 -192.254 1.935
-206.283 8.156 4.301 2.160
-40.732 66.081 182.581 2.079
-45.756 -128.210 9.385 2.178
-59.943 14.301 104.602 2.037
204.974 -48.134 -156.246 1.979
-215.109 31.984 -176.797 1.801
-184.137 -149.007 -14.382 2.187
-121.226 -129.653 -33.813 1.952
-34.432 -133.064 -57.673 1.992
-26.872 -71.864 -178.245 1.952
18.977 -37.166 -160.092 1.870
20.029 -165.052 -17.081 1.977
-188.490 -65.080 34.238 2.053
144.902 114.185 -32.485 2.003
-67.910 -100.704 112.256 1.969
-141.651 -35.230 -116.280 1.887
-96.156 -123.193 63.745 1.953
69.031 -34.948 170.823 2.023
31.229 -158.731 -110.248 1.985
-122.662 -175.894 142.094 1.977
-24.606 -68.370 -5.223 1.968
-38.617 -137.939 63.940 2.050
54.596 -119.514 -42.981 2.063
-100.212 -48.020 112.910 2.045
98.390 69.325 105.957 2.113
-174.234 -83.017 -87.691 1.985
215.822 93.950 -82.769 1.975
189.592 -33.045 -132.343 1.957
-12.638 0.378 150.684 1.861
192.867 -95.551 111.887 2.038
-146.199 -83.324 -26.160 2.043
220.368 29.880 -179.753 1.902
155.397 -106.851 -13.466 2.063
-15.145 -141.451 5.653 2.013
-127.957 -38.597 0.690 2.006
151.660 94.226 -63.896 1.950
211.760 -97.304 183.239 1.975
-129.577 -147.440 -49.636 2.050
-183.326 -42.905 68.694 2.061
-24.288 48.258 -67.019 2.015
14.780 120.121 -86.319 2.046
119.484 182.627 -134.048 2.052
123.159 -88.378 163.808 2.076
-80.326 19.687 21.376 1.913
-151.104 158.813 155.505 2.010
138.018 49.049 121.498 2.267
71.060 -85.637 38.584 2.172
107.541 64.165 -158.693 2.026
65.844 135.379 -27.950 1.812
-84.818 -175.213 72.436 1.891
-65.512 167.064 199.358 2.143
-2.325 177.177 -91.338 2.016
2.908 112.401 -124.946 1.889
63.867 159.462 89.517 2.084
-162.517 29.938 -108.917 2.062
-180.960 -59.950 198.024 1.844
-105.729 -134.172 162.472 1.967
7.136 58.414 124.105 2.002
8.113 180.333 18.673 2.043
-144.597 63.309 68.876 1.857
164.975 19.766 -59.711 2.116
40.775 48.991 187.368 1.921
-20.721 -21.979 97.865 1.922
-131.499 5.269 83.801 1.958
-157.921 138.289 -112.366 2.146
-105.380 47.739 -150.223 1.992
-65.466 -96.448 -116.010 1.904
82.381 150.397 -95.809 1.927
-86.541 10.173 43.613 1.921
-104.333 31.847 -54.594 1.968
177.550 -160.020 162.682 2.000
113.588 -17.036 57.398 1.906
93.808 -26.411 2.089 2.057
209.310 126.527 12.915 1.726
-67.016 107.950 197.839 1.998
-22.210 98.793 -69.550 2.113
47.830 -71.003 -19.973 1.990
136.220 -148.522 -121.621 2.120
118.825 159.221 98.274 2.018
216.893 29.915 162.337 2.012
63.823 -89.895 26.003 2.207
177.273 137.088 17.409 2.116
97.278 -179.282 -188.522 2.059
-89.038 -50.461 119.971 1.906
-12.829 106.717 154.047 1.997
189.233 -176.565 -160.999 2.154
-148.576 -154.105 132.230 2.120
218.876 172.772 46.954 1.868
129.683 156.106 99.017 2.057
-168.057 -86.476 -19.995 1.995
-134.723 60.577 152.471 2.016
-9.692 94.370 4.454 1.944
-216.930 -176.461 44.148 2.111
-28.739 154.950 188.154 2.063
-122.994 -66.901 40.681 2.068
93.336 39.715 -179.993 2.032
-16.227 -154.676 165.934 1.826
28.779 64.873 190.592 2.065
-38.955 79.970 46.071 2.032
-134.473 106.566 -102.530 2.064
126.243 -81.835 -68.385 2.005
181.437 68.412 90.319 1.879
112.078 -174.846 -103.187 2.016
-163.330 24.404 -123.996 1.866
-68.007 -23.110 191.430 1.885
150.926 87.800 12.477 2.099
166.684 -0.610 98.752 2.212
128.859 -53.674 -40.574 2.185
-147.634 17.784 -110.325 1.808
18.683 47.754 151.643 1.683
-16.204 -80.000 -8.078 2.029
79.506 133.252 194.262 1.984
91.042 -185.186 -133.808 1.886
-198.994 -125.390 -43.972 2.112
20.822 106.205 63.347 2.208
186.824 38.389 -75.325 2.099
151.465 -41.373 -38.528 1.938
6.927 185.927 -45.241 2.096
-18.295 22.190 -164.585 2.056
14.196 102.872 118.016 1.813
121.617 186.322 -140.898 1.898
-207.229 -99.912 -192.536 2.087
-17.819 -178.642 -91.551 2.127
-63.842 -32.800 -161.077 2.049
-137.862 15.859 -58.984 2.048
155.786 86.507 -16.670 2.032
-8.576 27.083 -188.134 2.060
-82.141 106.133 97.693 2.155
141.210 91.185 41.448 1.808
101.314 179.220 -125.779 2.039
215.545 -29.213 47.841 2.095
-106.573 -36.388 70.731 1.921
-213.792 -3.682 -108.234 2.106
-161.706 -188.231 -90.090 1.938
72.262 15.134 -83.057 1.947
-73.562 13.984 125.549 2.083
76.429 143.504 175.746 2.052
-2.811 -90.609 51.372 1.886
10.850 157.751 100.136 2.116
-203.234 0.669 162.598 1.864
207.017 -50.648 -174.517 2.046
113.850 119.965 -195.401 1.878
23.798 -93.652 -38.774 2.150
-139.070 -186.271 60.443 1.996
157.035 16.427 180.030 1.981
68.391 -176.964 -37.439 2.018
114.302 30.060 157.129 1.892
192.168 0.642 -28.241 2.077
-117.845 105.823 183.867 1.873
19.622 -89.703 -59.708 2.008
-87.920 74.771 142.815 1.944
168.742 -96.749 106.115 1.980
8.245 -179.350 -102.862 2.015
19.795 142.927 -199.225 1.850
112.855 177.338 -123.957 2.094
-5.286 31.519 -157.430 1.812
4.285 82.967 112.652 2.097
-139.524 67.233 -176.536 1.938
47.517 158.184 -189.928 1.956
150.445 -26.019 -43.853 2.030
211.801 -80.291 69.140 1.818
208.062 143.708 -18.273 1.751
-50.779 -0.406 16.899 2.108
-120.779 149.335 -170.088 1.965
-64.877 -35.080 146.756 2.044
187.254 -120.098 69.111 2.186
65.099 9.423 101.138 2.117
-208.066 -34.096 195.471 1.851
186.808 -148.561 -70.347 1.914
-104.785 -73.511 -175.120 2.188
-119.471 -162.269 -168.143 2.097
-166.811 86.675 63.887 1.814
55.550 102.613 53.656 1.937
100.998 71.230 -179.019 1.932
135.956 149.653 -16.644 2.017
-191.157 -87.800 -108.659 2.224
-73.649 114.646 -179.802 1.938
-129.909 155.138 195.303 2.110
93.674 -0.693 115.719 2.049
216.868 69.202 185.609 1.984
-77.777 0.080 151.162 2.063
-85.894 61.430 -99.073 2.006
209.327 154.040 198.436 1.997
151.318 66.168 49.081 1.972
18.111 -159.819 -174.174 1.995
207.848 136.709 107.164 1.822
-35.449 129.700 -90.461 1.983
50.379 77.863 43.828 1.966
-109.400 -131.128 -98.374 1.885
106.518 -90.938 -25.286 1.985
-132.674 -164.406 -142.888 1.919
33.312 -4.044 -115.406 2.024
98.867 -95.969 -72.564 2.046
-144.366 -147.322 -134.978 1.954
8.197 186.640 68.426 1.960
188.251 -75.940 -36.474 2.045
-211.958 7.215 -77.046 1.922
141.507 38.152 -107.388 1.862
-64.025 138.705 37.268 1.944
206.661 98.569 -60.412 1.972
-90.520 -11.667 38.084 1.947
41.753 -182.852 14.568 2.041
-40.251 -51.350 -8.137 2.066
-180.495 152.178 162.346 2.001
155.523 142.902 -28.733 2.209
185.663 13.849 18.504 1.934
114.736 -55.037 194.276 1.999
100.293 37.439 118.359 1.986
-100.385 -19.071 174.987 1.855
-117.068 -170.152 -189.051 1.857
58.334 18.390 112.312 2.093
52.894 -69.808 -29.271 2.065
-55.580 -2.717 -54.356 2.001
115.676 -109.203 -147.510 1.857
122.645 -2.806 -25.347 1.784
20.212 -27.139 -44.117 1.888
-218.940 57.757 121.586 1.942
-188.478 -36.785 -147.867 1.864
174.202 174.573 -151.584 2.225
133.542 -133.140 106.783 1.997
31.969 -116.297 -189.544 1.969
-192.508 56.686 42.514 1.933
154.393 -106.467 141.039 2.135
77.800 -140.534 -20.442 2.192
52.813 -59.434 96.475 1.956
-215.652 -69.222 182.124 2.015
68.972 72.426 -62.100 1.906
-198.166 -78.976 -78.116 2.046
-211.769 16.084 -196.002 1.991
-168.748 -49.261 -139.006 2.113
176.495 52.335 -164.211 1.953
-87.801 -67.815 122.028 2.004
-145.371 154.666 85.842 2.032
-198.311 -69.995 -47.297 2.119
131.832 -100.726 103.482 1.952
116.748 73.770 -42.335 2.065
-113.026 91.205 118.821 2.051
113.301 -148.133 174.961 1.970
212.054 115.921 141.457 2.103
15.499 -12.354 189.033 2.044
-177.665 51.559 -131.488 2.023
-188.893 46.358 113.090 2.185
-32.964 109.789 46.092 2.207
-116.249 -178.607 -174.283 2.040
-94.826 97.086 -189.076 1.947
-218.960 120.195 -190.249 2.059
131.913 -136.676 -36.753 1.897
82.060 -1.835 144.245 2.066
117.258 -163.007 -92.265 1.964
-133.963 14.670 98.600 2.042
-0.457 -116.986 -161.033 2.055
-117.960 -39.254 135.217 2.121
102.153 -142.444 -8.659 2.099
-80.730 -168.366 64.760 1.815
-84.422 -80.877 -36.159 1.812
36.539 -162.459 -40.055 2.046
128.067 106.833 -171.391 2.097
149.955 73.383 -127.055 2.000
152.690 77.979 114.624 2.058
-25.796 -87.908 176.592 2.035
-46.919 123.854 -179.027 1.890
58.238 -123.818 -199.458 2.025
82.613 -3.333 -4.439 2.052
65.170 -171.093 130.962 1.998
-108.374 173.036 -36.980 1.978
217.298 -40.293 -2.344 2.152
-96.203 -58.264 110.984 1.755
80.785 -17.625 -176.839 2.033
69.846 -103.944 -82.872 1.752
20.689 -4.749 -138.389 2.031
-79.523 -68.701 -68.084 2.141
-65.369 75.070 -44.155 1.984
-208.365 -57.699 100.358 1.871
17.235 -172.897 -166.594 1.898
-180.791 95.837 -40.712 1.791
-167.978 98.209 192.553 1.914
179.547 -162.020 -68.576 1.945
7.654 129.217 143.994 1.958
-110.016 180.079 -192.296 2.139
-182.161 10.998 59.120 1.999
-101.001 102.628 -158.374 2.041
81.150 3.098 -131.793 1.827
-65.647 72.298 -91.586 2.174
-87.106 -39.851 -188.913 1.996
27.195 -90.766 178.362 2.089
-185.191 -163.709 -44.115 2.227
-134.716 -122.462 -62.888 2.105
65.305 76.888 50.112 2.113
-142.949 -54.046 55.658 1.987
-38.927 -164.734 43.807 1.961
46.321 -67.998 128.211 1.996
-59.337 -186.376 114.374 1.976
-20.571 122.684 11.534 1.992
167.707 129.338 -76.255 1.919
-31.007 107.835 -11.241 2.003
28.917 -56.231 -50.615 2.078
-90.234 52.658 -179.916 2.013
191.082 -29.837 -189.442 1.911
59.841 96.318 -45.086 2.009
-50.107 83.350 -114.598 2.014
-189.395 -155.044 -166.739 1.960
134.270 66.708 134.643 1.954
-221.516 118.515 -166.134 1.920
217.044 -180.993 85.265 2.165
178.264 -99.178 133.301 1.907
-79.042 -84.889 56.293 1.741
202.621 -101.127 185.570 2.082
-59.760 -47.073 -143.779 2.049
-175.053 23.076 9.445 1.965
-212.908 -187.489 -156.399 2.055
-164.004 20.769 151.788 1.797
33.134 -91.041 159.096 1.958
-175.918 -52.174 -35.086 1.830
-89.823 24.739 91.746 2.078
-164.058 -76.611 98.530 2.247
81.430 164.435 -38.283 1.956
162.908 152.377 -92.290 1.887
-55.291 -104.747 -76.703 2.050
190.837 -61.589 -86.286 2.091
81.523 108.769 159.472 2.044
-99.447 -67.369 85.550 2.025
-96.780 83.786 -67.421 2.031
-184.037 -153.145 178.119 1.983
-39.009 -103.798 159.476 1.891
-113.689 -105.725 47.609 1.861
-125.514 -57.312 -178.079 1.844
-92.403 -70.427 -97.444 1.893
48.184 -131.812 78.755 2.070
-4.520 86.711 -73.103 1.907
-26.097 66.689 85.628 2.069
-125.517 -36.976 187.549 2.021
204.792 -103.156 57.442 1.824
-119.681 -187.357 12.672 1.908
186.534 -4.063 102.607 2.062
208.650 -71.353 33.884 1.966
112.382 130.207 -66.591 1.975
-53.744 -94.031 -52.897 2.052
-143.621 47.369 -4.814 2.015
12.348 -130.714 88.651 2.013
-199.308 147.017 -80.663 1.952
-92.373 129.786 -108.801 2.055
117.929 -187.971 -147.524 2.121
-221.148 54.335 35.523 2.177
