80.944 -46.865 144.108 1.898
167.759 -40.338 67.674 2.004
-86.420 34.610 -64.968 2.022
-35.858 -2.886 190.775 1.965
166.489 71.434 22.078 1.871
195.845 -123.030 -127.661 1.996
196.172 9.899 -21.812 2.185
-50.418 -30.775 -108.066 1.981
-14.166 -37.158 145.963 1.976
223.797 37.252 -130.075 1.989
163.068 13.487 64.819 2.136
5.288 189.578 -8.294 1.998
115.523 -123.932 -78.658 2.131
44.797 -121.171 184.764 1.930
-98.068 -122.423 159.091 1.909
-25.727 -140.864 -173.281 2.092
-106.789 -117.907 -182.508 1.913
-54.211 -164.916 182.707 1.968
6.294 -27.377 -93.952 1.980
204.833 95.943 -100.422 1.948
-118.982 2.245 -158.091 1.994
52.701 114.379 -83.269 2.090
10.168 130.411 157.508 2.067
-153.231 35.895 -197.680 2.085
170.345 -154.254 -156.062 2.134
-162.523 169.490 -178.836 2.000
67.502 165.599 60.731 1.988
78.564 180.795 43.319 2.071
-49.266 -146.423 59.066 1.860
49.809 -113.810 -3.858 1.985
184.109 10.748 152.566 1.916
-213.530 -65.434 163.989 2.083
-210.495 85.491 69.221 2.001
98.171 -112.617 55.259 2.184
-44.701 -96.181 -99.314 2.070
142.654 121.995 -160.582 2.085
209.981 120.589 -136.051 2.069
-171.357 188.272 153.598 1.867
-163.491 -59.727 -76.241 2.002
63.072 -152.266 44.854 1.861
-103.627 148.560 -23.737 2.044
-126.937 30.805 -54.736 1.957
-165.468 -73.084 -111.926 1.960
-209.297 69.002 -114.979 1.853
44.677 88.320 -146.960 2.124
18.701 182.588 -163.573 2.049
-100.482 136.739 -13.789 2.018
145.190 180.960 -191.539 1.833
-146.236 186.850 -87.241 2.113
68.706 -132.075 -7.971 1.978
-88.901 74.540 75.679 1.837
-99.356 117.581 51.768 1.912
150.382 -146.957 145.673 1.845
134.428 161.608 9.676 2.186
83.125 100.528 -90.889 2.012
214.311 -15.705 -32.974 1.948
187.515 25.459 -134.594 1.936
128.311 -115.076 -180.805 2.018
-59.399 -159.004 -151.239 2.100
-116.442 143.653 104.610 2.045
-126.218 7.590 -155.229 1.940
-220.959 -155.935 101.994 1.972
44.986 -133.205 147.739 1.940
-5.850 -153.727 146.717 2.145
67.070 153.390 8.884 2.040
-163.403 -106.343 -177.941 1.807
-214.757 78.149 83.782 2.095
-55.662 23.214 -45.782 2.125
-35.807 -102.109 -124.514 2.150
31.691 -131.783 67.559 2.061
209.084 130.945 -183.448 2.150
-162.845 -18.714 -177.716 2.055
74.227 142.125 -128.233 2.044
-98.963 82.934 -162.439 1.897
-140.983 -19.145 168.425 1.889
-167.837 -140.549 -177.312 1.878
51.850 -13.026 -42.409 1.928
53.270 186.731 198.509 2.069
139.164 77.404 196.780 2.054
-48.508 45.160 51.769 2.175
-34.806 110.918 126.282 2.085
192.620 6.519 -54.559 2.106
179.099 159.065 158.914 1.906
-122.321 -187.687 -120.913 2.004
156.498 -91.583 -86.995 1.978
-180.148 -7.504 -174.175 2.086
-5.094 -61.049 -69.305 2.111
-101.668 -29.553 32.080 1.983
19.328 118.689 23.450 1.911
-190.650 37.063 45.037 2.014
-6.425 -28.530 -87.201 2.006
1.892 56.706 -68.397 1.906
-69.728 -109.971 48.112 1.797
-187.194 -117.990 -162.477 1.862
-15.465 -4.422 91.058 1.878
-77.727 -55.006 66.722 2.172
171.451 -13.933 -132.703 2.063
-23.599 121.994 73.158 2.117
-73.870 73.783 -123.364 2.045
-188.499 178.900 177.168 1.815
174.187 136.119 66.771 1.892
185.468 126.138 179.760 2.102
206.167 10.313 -56.859 1.979
-188.743 -170.241 62.233 2.076
170.843 166.217 -32.438 2.133
-70.774 -165.400 170.457 2.020
-55.640 -115.336 -96.094 1.870
-26.418 -120.927 151.652 2.058
-14.252 155.810 -5.711 1.778
35.012 -66.301 165.143 1.905
-7.898 -92.923 -127.817 1.926
5.114 -150.391 6.666 2.257
76.419 -3.718 -75.491 1.956
50.947 55.390 72.809 1.857
-87.664 -59.617 21.256 2.007
126.255 -163.025 83.361 2.091
-68.774 -97.236 199.360 1.885
100.159 8.712 -113.303 2.012
2.452 117.933 -181.585 2.114
-211.957 -3.675 80.799 1.896
197.674 -146.868 35.336 2.010
-221.165 22.120 -45.963 2.214
-140.405 -146.439 -151.393 1.918
169.977 56.312 162.277 2.033
203.559 -83.109 164.769 2.108
-136.083 -124.284 32.617 2.052
-183.340 142.377 110.106 2.049
-25.536 145.961 18.656 1.868
120.144 139.608 -76.952 1.906
-18.781 116.898 -117.712 2.208
36.216 150.713 -123.488 2.050
93.072 85.385 121.515 1.840
-9.974 -172.911 -24.771 1.990
166.302 169.114 -147.405 2.082
-138.293 -177.895 -19.546 2.057
-59.339 105.859 -76.200 1.989
80.257 -74.216 97.035 1.848
72.411 29.896 186.971 2.040
135.242 52.772 185.554 2.024
-162.911 129.496 -172.573 2.098
-216.783 83.615 -186.593 2.120
-76.440 -75.897 196.355 2.136
-8.816 47.419 131.639 2.058
-216.663 8.793 91.417 2.130
-37.515 -19.933 3.125 2.002
183.562 -108.827 -93.869 2.025
10.291 -26.836 -145.545 1.945
-128.225 -98.286 -63.321 1.691
145.627 -123.032 -178.401 2.152
-41.532 27.383 72.878 1.911
-159.148 -37.516 114.518 2.066
-60.520 -116.655 -73.962 2.076
25.576 -58.786 69.525 2.031
-181.570 -91.844 144.308 1.914
224.763 171.135 34.078 1.969
-84.908 65.277 192.132 1.985
-193.524 132.597 81.342 2.043
-224.011 20.831 91.517 1.995
44.975 -66.432 29.683 1.986
-125.456 10.218 -68.932 2.031
29.500 168.418 -120.774 1.998
-211.813 178.080 -106.326 1.938
-122.067 -58.962 -46.462 1.920
-55.621 18.332 32.792 2.121
187.111 -161.004 37.987 1.815
101.237 74.833 -156.381 1.946
34.987 -104.043 100.038 1.962
-96.501 -178.569 158.639 1.960
143.918 13.501 59.722 2.067
-130.256 -57.194 -4.101 1.849
192.256 7.975 -183.876 2.212
92.689 -110.161 21.653 2.026
-111.940 19.777 134.184 1.988
62.441 64.308 91.257 2.031
90.727 -46.907 -179.942 2.004
-85.744 -160.821 20.670 1.895
216.662 3.819 162.719 1.917
93.469 42.480 -7.074 2.062
46.802 88.598 171.550 2.002
105.253 -30.031 126.834 1.930
80.427 -176.740 -96.209 2.025
-21.256 -14.353 47.665 1.922
4.352 -144.001 -32.360 2.119
-161.577 -181.023 94.166 2.078
38.230 -155.631 159.481 1.992
83.833 -48.313 -42.234 2.081
-93.479 -148.022 14.522 2.122
-95.125 -173.592 -166.639 1.972
-195.302 -109.073 -158.560 2.083
191.709 145.813 10.185 2.061
56.376 -106.823 -148.259 2.257
208.223 70.951 9.841 2.132
202.153 -108.684 -196.138 2.031
-101.916 84.326 164.155 2.100
76.927 -115.161 -153.920 1.982
-89.678 -151.903 -114.048 1.948
-140.810 -145.769 -104.935 1.959
-130.362 -181.983 149.165 2.099
-194.805 9.733 44.430 1.906
206.728 -11.537 -113.417 1.804
-48.194 110.638 118.135 2.016
86.225 97.049 146.070 1.764
14.110 -15.122 -158.321 1.982
176.747 85.627 60.702 1.893
-218.123 -90.660 79.483 2.126
178.222 101.828 46.675 1.912
-128.764 -71.312 111.562 2.118
47.972 39.478 181.173 1.945
117.550 84.785 93.977 2.105
-143.776 147.051 -70.858 1.909
123.174 -22.238 -98.219 1.909
164.621 -96.897 -179.636 2.034
-188.014 -138.957 153.867 2.101
-67.550 -35.026 -120.835 1.951
160.429 -102.479 28.513 1.900
151.119 -148.877 174.544 2.119
218.652 148.000 74.598 2.110
-75.997 179.461 175.591 1.932
-40.900 -16.230 -154.546 1.854
167.853 100.142 184.397 2.136
-157.876 162.936 148.092 1.982
9.342 43.566 -106.007 2.083
180.898 -38.213 -59.109 2.067
156.477 84.556 -109.593 2.001
-108.271 74.949 72.901 2.123
190.676 -142.575 158.383 2.023
19.642 131.604 -116.996 2.049
-85.633 -171.499 -43.524 2.010
-133.520 -104.309 56.176 2.111
121.354 -37.804 -33.193 1.997
-104.847 26.487 1.955 1.987
78.539 139.252 -23.561 1.920
25.927 1.569 -98.628 1.898
-76.911 148.491 -149.949 2.075
-9.708 -111.830 -92.569 2.030
-119.512 158.807 -49.641 1.968
-216.938 -63.355 172.320 2.011
66.776 -189.532 -25.371 1.964
123.522 -36.881 -137.777 1.882
-34.129 -8.571 87.771 2.061
-221.423 -139.231 105.892 1.922
24.383 -103.993 3.877 1.897
142.998 -60.817 164.495 2.191
-208.702 -86.975 130.681 2.080
-28.757 -34.354 130.291 1.773
-120.855 -62.087 -99.588 1.978
-67.542 -111.464 -45.882 1.972
-96.720 121.995 -17.888 2.135
199.825 -39.913 174.774 2.032
-60.042 44.400 -6.302 1.976
-179.978 -5.649 20.533 2.102
-24.857 157.132 92.910 1.883
-145.392 -60.815 -78.668 1.970
211.820 41.907 181.088 2.067
-129.113 67.318 -131.098 1.915
-222.773 158.146 70.142 1.927
-193.885 47.449 -39.566 2.059
139.035 -21.592 64.690 1.978
-109.125 54.895 -138.375 2.002
220.242 84.480 -59.387 2.101
136.639 49.031 68.358 2.083
-63.789 6.595 73.817 2.045
-186.397 -152.302 99.415 1.966
157.813 -138.198 195.064 2.055
135.718 148.960 -129.916 2.119
-138.610 -106.408 -36.043 1.853
97.125 33.352 -146.419 2.195
222.440 99.356 136.792 1.934
-147.361 -80.688 -22.474 1.981
52.859 -111.979 149.117 2.111
-151.222 48.737 76.344 1.950
-7.884 17.107 -193.494 1.922
88.497 105.426 195.865 2.054
-146.516 32.064 -179.142 1.862
179.816 130.463 -165.725 1.864
-17.470 -161.066 -92.923 1.943
-112.360 -59.725 107.412 1.900
17.647 -88.998 42.462 2.116
46.253 -142.497 -69.238 1.997
53.498 -20.208 115.261 2.043
107.529 149.822 -145.315 2.005
111.850 43.098 3.049 2.184
93.555 -29.377 174.182 2.162
-23.778 41.650 -109.220 1.999
101.012 -72.604 20.658 1.743
181.124 72.337 2.646 2.125
5.541 184.448 116.257 2.030
-130.939 -27.834 186.730 1.979
205.215 -38.558 116.418 2.091
-111.432 68.311 102.674 1.722
-109.158 -7.414 40.972 2.057
61.110 -168.130 85.063 2.184
48.307 57.679 -87.701 1.931
55.277 -48.600 125.825 1.845
57.370 110.544 70.609 1.982
-122.253 -91.670 -107.765 2.081
193.029 -7.520 130.773 1.901
-190.575 -45.923 113.248 2.120
-31.667 115.590 27.920 2.096
-73.676 61.971 52.183 2.104
-211.640 103.862 -163.272 1.868
-193.146 63.924 -169.392 2.075
119.160 -56.763 87.710 1.990
92.774 87.402 -43.303 2.099
130.830 -165.325 -27.263 2.060
-17.668 180.785 190.924 2.128
-120.530 -188.304 92.157 1.988
-176.998 12.480 40.287 1.932
-184.234 -165.083 -81.628 1.961
-86.233 -177.666 -187.703 1.971
185.438 -177.278 85.342 1.975
95.747 -8.549 84.107 2.040
-186.547 14.094 -28.591 2.189
181.890 185.015 -82.041 1.966
114.712 70.027 -140.538 2.164
42.767 -68.356 -190.483 2.041
210.943 97.641 197.163 1.910
-30.369 -26.231 17.609 1.883
153.587 93.484 62.205 1.985
-177.974 29.055 -113.883 2.156
-50.977 32.727 96.847 2.049
-148.658 -170.678 -159.622 2.063
-53.910 21.228 -129.762 2.040
-31.743 -11.405 -152.740 1.968
178.490 10.210 25.689 1.996
-140.124 153.761 119.413 2.054
212.008 -89.670 -48.964 1.962
-189.289 -100.710 155.879 2.016
135.753 -92.770 85.952 2.038
83.555 112.441 -33.243 1.970
137.861 -15.799 96.850 2.133
122.161 144.695 -120.888 2.160
-0.785 -80.224 -67.493 2.035
-137.985 34.763 76.829 1.936
130.149 103.258 -76.778 2.092
-147.358 162.182 -194.536 1.970
-153.921 29.040 -90.095 1.972
210.836 103.026 54.727 1.989
110.695 -80.614 -22.908 1.912
169.750 132.826 2.665 1.962
-129.125 -35.128 31.253 1.995
188.208 178.424 -181.087 2.038
-84.200 4.571 -119.319 1.935
-132.508 -133.208 -41.549 2.033
73.158 47.812 87.844 1.824
92.694 58.807 -198.081 1.927
-147.745 82.500 -22.825 2.061
103.549 -46.000 187.807 2.029
-52.208 -51.268 27.321 2.047
-203.688 -48.577 186.012 1.873
94.354 66.501 29.063 2.019
77.479 115.376 86.842 2.031
106.570 78.226 -168.349 2.056
177.395 -103.786 77.946 1.839
-183.129 68.919 194.888 2.102
-47.304 -149.148 133.680 2.052
-173.520 -127.742 44.638 2.102
157.528 156.756 -74.953 1.989
208.536 -153.312 -83.253 2.047
-153.352 -21.465 -15.043 1.835
-222.968 -15.669 -167.825 2.045
-126.621 85.836 114.856 1.975
45.846 -51.157 145.695 1.880
180.607 -173.723 95.023 1.933
81.911 -35.497 -60.183 1.983
179.246 123.237 39.825 2.015
48.769 -149.105 90.123 1.995
-20.593 -183.602 -162.417 1.932
-168.041 28.580 186.443 1.878
-69.691 -0.012 1.523 2.196
20.006 5.998 93.015 1.726
81.225 -62.236 -138.695 2.043
19.633 128.005 155.976 1.922
-88.240 -81.607 -110.599 1.913
-18.629 -5.068 -94.418 2.141
79.560 -8.635 98.660 2.011
94.123 -168.600 -12.644 1.811
-66.350 75.339 178.703 2.034
-4.226 163.892 171.236 2.064
5.406 -25.337 125.552 2.024
129.576 -50.743 12.174 1.993
-41.838 -179.646 92.157 2.004
36.941 -69.520 86.144 2.038
183.163 177.900 180.469 2.027
190.458 114.584 74.911 1.853
126.415 -49.558 29.588 1.856
-60.178 -80.615 170.229 1.909
173.850 -178.106 -197.644 1.940
120.827 -8.161 1.528 2.139
-162.504 26.932 -99.240 1.995
-68.747 -63.112 23.125 1.975
131.091 164.387 22.676 2.008
75.059 60.762 126.160 2.134
-25.008 -117.466 -158.095 2.003
15.338 -129.274 -103.190 1.958
-139.227 173.018 -147.700 2.150
-202.002 -169.172 183.174 1.948
133.787 143.443 -112.826 1.982
200.928 77.939 -99.049 1.987
-123.753 82.535 184.983 1.966
-211.270 87.537 -187.774 1.809
108.407 179.785 -198.394 1.967
-208.545 32.766 82.596 2.089
64.827 -88.373 -68.191 1.921
-151.727 64.611 108.887 2.103
-64.571 186.526 -123.111 1.931
-126.816 62.687 -40.151 1.849
-29.413 122.626 -87.824 2.013
-173.599 -187.965 139.310 2.144
12.857 58.115 54.807 1.993
124.793 89.108 142.159 2.094
-34.673 -16.882 99.087 1.972
-45.296 24.501 -168.720 2.073
170.414 -113.653 -186.333 1.923
195.273 -87.204 -30.971 2.000
-88.668 166.065 -49.914 2.023
-45.743 -137.754 -12.053 1.978
-195.334 -152.941 155.557 2.221
-158.589 -48.960 -9.395 2.046
168.981 -108.435 93.348 2.155
-219.255 77.469 -19.792 1.895
128.707 64.614 80.917 1.935
-3.540 -127.126 154.562 1.915
-53.254 171.353 -92.789 1.966
-155.184 -101.443 122.633 2.028
-140.101 84.209 -126.046 2.190
144.292 -139.842 -136.730 1.770
96.229 -50.049 -112.521 2.024
-130.928 -16.240 2.459 1.999
120.203 -48.007 176.814 2.087
-84.521 -66.761 -112.251 2.011
31.099 -106.490 -165.778 1.895
24.382 -27.271 25.432 2.033
-81.986 58.893 57.607 2.022
-109.134 -110.922 43.584 2.096
-98.736 9.851 74.652 2.017
-27.170 -179.920 -87.457 1.919
-146.559 88.093 172.196 2.136
180.920 60.690 54.174 2.081
-150.411 121.689 102.987 2.004
57.543 -6.638 71.987 1.960
-46.506 -41.978 191.325 2.123
14.727 -163.336 21.883 2.045
-93.685 -56.647 175.420 1.933
-167.050 -2.546 -79.882 1.888
-209.543 17.976 -116.875 1.883
-149.529 8.913 -99.403 2.078
40.296 -144.944 29.202 2.027
7.120 78.974 -71.689 2.178
-53.731 184.383 2.529 1.950
84.563 -186.595 65.460 2.144
-215.257 99.973 -171.985 2.071
30.562 79.884 35.894 2.109
52.706 35.053 39.211 2.120
42.784 -109.668 196.539 2.027
-141.683 -177.620 -164.275 2.218
220.586 -38.582 -126.855 1.855
99.170 -32.004 98.143 2.027
190.306 176.428 56.095 2.020
172.152 99.177 -36.900 1.902
87.146 -36.472 161.662 1.948
-214.651 54.807 -125.939 2.099
69.159 -39.210 -55.595 2.018
-42.295 -111.559 24.167 2.070
-178.969 125.113 -13.600 2.180
-46.541 -146.649 40.950 1.999
-41.645 -141.976 -79.695 2.108
39.983 -59.844 -14.400 1.996
-58.857 98.996 -152.046 2.059
-66.184 43.999 19.615 1.971
-160.070 -84.586 105.028 2.138
136.732 5.772 -70.404 1.829
-156.437 160.892 150.782 2.021
75.970 137.087 -122.040 2.038
7.758 64.091 128.872 1.937
159.418 144.987 8.098 1.926
-8.411 143.107 -61.895 1.996
106.022 95.959 62.681 1.984
110.743 112.018 112.276 2.106
192.804 39.172 -85.956 1.953
90.080 -178.374 88.584 2.023
-117.314 -30.576 -155.835 1.936
216.462 -162.812 -18.991 1.992
-81.990 107.192 130.954 1.976
201.331 47.570 166.274 1.920
222.239 -69.357 144.432 1.804
43.686 -179.056 84.705 2.080
-134.277 72.835 -54.404 1.900
-48.513 184.424 -193.128 1.824
193.655 -178.621 43.585 1.984
168.347 -72.578 164.270 2.017
-63.940 -56.296 114.785 1.920
-77.392 -55.143 126.204 1.886
190.783 -189.952 -103.867 2.046
-98.674 -73.214 125.076 1.972
28.325 65.397 -41.479 1.874
31.551 -16.477 -56.289 1.934
-149.333 125.694 -155.607 2.045
-29.480 -137.179 91.406 1.965
217.766 -53.742 163.036 1.928
-108.058 9.862 -159.400 2.026
10.932 -108.497 115.651 1.938
-63.962 71.612 -96.171 1.714
-16.147 108.190 160.326 1.981
-97.860 -125.694 -147.904 1.928
188.229 113.285 -33.437 2.076
197.550 -157.400 138.840 2.059
-114.789 -21.173 -172.512 2.053
-83.976 52.926 -1.064 2.062
189.451 49.602 -70.071 2.020
-58.273 73.831 141.793 1.901
115.527 50.446 -68.466 2.112
-76.455 21.405 69.914 1.863
212.791 38.564 25.498 2.038
-197.881 -12.239 -96.901 2.035
-81.960 169.882 -176.800 1.917
-210.954 -139.118 -81.592 1.839
71.063 -148.111 -103.528 2.011
-144.996 -93.632 32.574 1.960
212.407 91.073 -68.806 1.932
-116.201 188.161 177.464 2.002
-189.603 -113.212 -23.018 1.912
-51.905 -32.315 -47.441 1.903
158.953 153.001 117.411 2.065
100.324 -27.829 138.422 1.952
-55.955 -110.893 176.287 2.024
171.640 171.423 80.478 2.003
106.928 -18.772 -94.494 2.188
-191.370 42.240 -81.956 1.939
-137.719 -24.574 -83.703 1.985
180.777 180.381 1.760 1.947
138.674 -33.813 -59.261 1.965
-116.320 56.454 180.527 1.985
46.413 135.226 -155.129 2.046
-218.371 141.658 -0.516 2.039
-66.531 67.372 -21.243 2.010
47.958 -129.611 -143.946 2.224
152.119 -57.173 95.558 2.104
-158.421 -144.065 -73.227 1.957
133.475 -50.440 -142.040 1.964
-162.725 -38.961 -113.139 1.789
-46.169 -138.461 160.084 2.124
126.176 -125.176 16.726 1.922
-147.081 26.366 -76.074 1.926
-29.432 -26.685 -198.212 2.064
-166.519 -47.764 68.361 1.882
-106.639 27.839 105.543 2.006
-144.167 184.995 -9.323 1.987
179.874 83.070 -84.369 2.062
-197.273 21.623 -182.436 1.959
-136.080 160.642 -144.234 2.089
-139.207 -56.844 -166.058 1.887
-215.810 -125.596 29.323 2.148
-150.559 -118.971 -79.712 1.933
-79.819 -34.310 105.943 1.824
56.656 185.369 176.022 1.939
181.461 58.585 170.702 2.179
-211.942 141.340 -192.705 2.015
-189.720 145.416 -74.092 1.866
8.772 -123.185 188.317 2.117
-218.839 -47.443 125.921 2.136
-213.464 -6.472 -34.793 1.960
-198.653 153.148 -7.180 1.966
-104.720 85.783 -68.359 1.941
192.648 130.272 12.082 1.857
185.026 -89.422 -176.048 1.861
-185.479 52.494 178.709 2.106
-32.695 -117.436 194.074 2.207
130.193 -92.832 129.608 1.949
85.319 103.632 -87.481 1.870
167.788 -184.616 159.498 2.117
171.478 176.216 -55.015 1.970
185.035 -111.193 16.733 1.933
-168.114 85.810 -107.907 2.008
-46.761 86.055 -116.502 2.195
-189.653 -127.275 128.132 2.152
-183.758 31.065 146.252 1.889
-135.671 -67.586 45.927 2.105
-52.941 -115.171 -134.609 1.988
191.233 -164.736 -28.514 1.909
-15.405 0.595 56.120 2.076
155.061 110.749 83.582 1.919
-191.511 146.451 113.012 1.823
-164.223 185.846 194.202 1.900
157.012 33.624 36.117 1.920
-90.020 142.728 4.445 2.014
100.612 -124.421 24.366 1.917
134.000 -181.000 56.283 1.938
-34.901 -114.774 -69.640 1.867
195.994 -27.132 -90.929 1.978
99.483 10.325 114.602 2.043
-159.633 -184.573 182.098 1.923
-11.716 40.147 -118.041 2.045
-132.337 -13.199 59.814 1.984
-123.944 40.181 -4.200 1.954
-210.440 131.592 57.969 2.036
23.595 164.549 -94.485 1.999
160.613 106.471 -118.065 2.101
-88.860 124.985 38.748 2.219
125.457 177.211 130.287 1.902
-101.578 -178.818 93.454 1.968
-42.088 83.487 52.124 1.953
30.008 96.949 20.993 1.933
80.063 -128.063 83.965 1.976
155.266 131.082 -155.797 2.061
-16.407 -85.531 -55.369 1.903
-157.030 144.667 -29.872 1.980
121.114 26.218 -142.606 1.960
-73.059 55.899 186.774 2.104
151.282 -27.618 -70.271 2.057
-99.457 -163.465 -188.698 2.071
172.730 -61.522 -141.800 1.971
98.523 43.516 76.569 1.966
-40.266 -91.533 -24.794 1.991
82.237 88.596 -10.227 1.910
158.362 -115.749 -68.808 1.907
62.772 122.962 194.683 2.009
-38.069 178.308 -13.873 1.976
-34.721 -72.161 191.142 1.834
220.818 -163.600 -68.511 2.115
176.426 101.206 86.626 2.077
151.718 2.824 -29.721 2.059
-139.975 -12.115 -54.309 2.029
-79.420 -52.896 173.691 2.063
-108.309 26.112 66.609 2.127
157.712 126.759 -65.256 2.204
-202.773 11.737 -42.068 2.062
222.129 12.488 -54.254 2.076
142.165 -182.839 -121.776 2.049
-198.407 138.880 107.632 2.092
84.023 159.150 -181.899 1.942
79.255 -51.985 -153.059 1.962
-114.702 153.565 -43.547 1.827
-24.259 -131.166 -56.567 1.982
-89.833 -23.728 118.597 2.035
-38.744 -122.092 -184.171 1.989
-10.305 159.404 -180.098 2.038
-171.368 161.946 -161.688 1.927
77.487 73.658 127.142 1.852
99.588 75.240 -138.002 1.978
195.485 -31.373 12.507 1.869
-50.218 4.927 183.510 2.033
-187.849 -14.908 -139.664 2.062
-93.219 -176.429 131.794 2.112
197.124 2.977 195.677 1.938
-154.550 -137.370 -10.936 1.958
-145.823 154.935 -7.653 1.964
74.941 -101.403 92.652 2.099
37.971 188.293 -134.457 2.162
198.143 -115.656 -160.067 1.949
-22.840 -92.310 -53.509 2.140
-44.820 -59.174 92.051 2.028
-174.070 62.168 -198.644 2.160
-186.539 -51.981 -93.956 1.922
67.358 177.925 103.777 2.034
-220.564 128.544 10.640 2.133
-92.926 -26.796 -141.098 1.871
118.102 -71.958 -170.949 2.169
-95.714 137.396 8.246 2.031
-78.044 -108.635 97.318 2.174
-31.113 -57.832 197.211 1.982
-129.085 67.323 97.924 1.920
200.484 -121.383 4.827 1.920
-125.487 42.926 107.232 2.050
-11.613 -111.699 65.922 1.999
-38.412 82.115 131.968 1.917
179.466 113.322 -70.327 2.022
11.365 -41.657 136.074 1.928
88.567 -43.519 -22.414 2.296
-32.725 -41.260 136.569 2.083
216.394 -121.071 83.289 1.807
101.238 163.756 -99.828 2.038
-119.609 -116.200 -0.675 2.052
-212.756 -107.081 157.780 1.848
45.440 -169.105 -25.629 2.089
0.512 -144.104 162.709 1.819
131.085 48.399 -180.201 1.961
-77.902 80.061 -196.311 1.987
-164.835 46.914 100.934 1.974
-221.566 -94.125 78.972 1.979
-62.038 -136.712 -32.677 2.134
147.753 30.781 -152.110 1.917
-133.322 -57.145 -112.944 1.965
-48.662 41.318 -89.204 1.882
-36.688 -177.626 73.718 2.118
-75.227 -119.572 2.978 1.916
-86.564 5.749 199.054 1.898
149.946 12.094 166.660 1.966
139.106 83.585 -191.615 1.984
-82.873 -60.841 -159.081 1.909
155.485 125.747 -17.778 1.815
107.781 118.093 -1.680 1.972
111.364 -80.855 7.718 2.068
151.472 -106.610 46.260 1.846
219.657 -12.253 91.163 2.004
-155.338 174.740 123.455 1.938
174.499 -165.304 36.094 2.120
10.330 -104.231 -172.011 2.050
-198.650 -135.685 134.289 2.234
77.517 0.796 -142.430 1.937
95.238 -70.370 151.078 2.036
-189.546 -138.601 62.602 1.986
-107.057 -20.327 -110.093 2.026
156.720 -186.208 -23.108 2.086
-148.463 36.688 -62.609 1.962
-157.307 110.035 67.145 1.989
-120.228 -87.473 -18.036 2.057
-221.292 -28.128 -48.151 2.077
-126.596 11.389 -4.648 1.951
201.360 116.771 -86.892 1.993
-192.945 168.765 -157.876 1.907
-199.619 -153.144 163.095 1.959
90.260 -30.830 173.504 1.988
-77.613 185.912 196.493 1.954
-109.058 -184.053 -115.277 2.041
108.263 -117.892 -190.747 1.879
33.981 -174.336 150.758 1.918
-41.413 -87.460 -114.243 2.045
219.104 102.133 -154.063 1.950
-142.384 -33.924 171.946 1.999
-75.074 -158.814 -116.379 2.080
50.766 -97.080 -194.575 1.823
-135.583 -55.883 -22.393 1.791
167.383 169.858 97.866 2.054
211.118 182.682 2.770 2.053
205.881 135.880 181.143 1.977
68.951 6.483 -156.953 1.971
-4.734 -166.980 66.031 2.079
-16.105 -3.205 -54.387 2.028
-70.322 80.345 -34.939 1.944
210.164 73.012 -52.234 2.063
41.002 9.218 -48.758 1.965
-69.735 -123.644 -48.122 2.168
59.014 -150.975 84.728 1.992
23.716 -121.133 -93.036 1.995
107.595 146.122 -71.430 2.141
-136.522 -141.203 -126.509 2.235
204.208 -4.740 -8.486 1.969
107.955 -60.491 11.127 2.044
54.625 3.243 -20.538 2.010
-151.011 26.438 -52.814 1.824
126.083 17.794 119.766 1.973
-79.554 -161.366 -75.775 2.050
-96.560 -109.460 -4.992 2.037
-203.416 -115.169 -86.299 1.974
29.987 36.335 31.960 2.074
24.245 -71.974 39.749 2.082
133.327 -53.754 -183.486 1.867
145.454 -126.194 -126.232 1.946
185.682 -25.109 51.036 2.020
33.659 -1.856 3.091 2.018
91.050 -143.983 -175.288 1.893
-167.033 157.509 132.825 2.208
-87.052 -21.087 154.412 2.123
-50.550 130.343 109.004 1.980
60.148 7.251 -88.236 1.807
21.247 -107.336 -123.227 2.068
-66.803 -184.991 -163.487 1.933
-112.693 132.034 -95.410 1.965
46.145 -164.170 -3.867 1.943
-112.957 67.655 129.211 1.904
87.075 -166.859 84.206 1.953
206.859 146.502 -123.549 1.770
-199.064 -86.796 -171.574 1.946
141.152 -32.298 77.547 1.951
-179.007 -20.341 122.050 2.002
74.312 -43.500 80.303 1.911
-16.110 15.629 -193.022 1.824
22.825 -53.674 -134.906 1.995
-157.096 -84.226 148.316 2.131
0.342 -73.839 181.135 1.979
-109.089 120.431 51.383 2.013
-193.457 -67.483 42.532 2.137
-119.191 15.824 75.879 2.077
-161.055 21.824 62.501 1.891
-209.141 -114.372 -124.753 2.073
81.376 -81.163 -109.831 2.005
-209.184 -92.673 -149.437 2.010
38.519 112.846 156.110 1.950
-165.308 184.500 194.931 2.148
18.806 -83.263 36.701 2.100
218.731 148.065 105.953 2.051
37.209 -172.118 -44.693 2.137
-163.139 -152.526 157.531 1.888
159.050 39.227 130.831 1.889
3.126 -169.719 142.698 2.097
43.250 132.350 -67.069 1.945
-127.233 -104.895 162.470 1.982
-70.442 136.320 -9.203 2.012
-208.589 -95.475 103.648 1.857
187.857 -43.624 -198.701 2.118
77.256 -146.232 -121.596 1.838
-54.914 185.530 138.163 1.965
22.597 -26.452 185.710 2.189
-20.635 -105.487 57.266 2.039
-84.666 111.375 68.191 1.970
57.745 -25.300 0.859 1.873
35.955 -169.348 133.178 1.797
211.157 -48.335 -68.202 2.004
203.999 -83.116 -61.671 1.903
145.901 61.060 -184.677 2.102
-122.266 -57.245 114.625 1.929
135.284 89.586 -191.198 2.011
-87.989 102.261 94.461 2.046
-69.044 -40.766 117.233 2.111
-68.144 54.799 132.554 2.176
-89.454 184.532 -187.323 2.122
-138.521 26.253 48.244 2.032
-118.587 -124.720 119.280 2.224
4.222 -151.616 118.550 1.970
163.756 159.309 114.737 1.948
-106.273 -175.112 -23.470 2.177
42.775 121.109 -110.886 2.158
-152.682 85.141 -161.506 2.010
139.368 -60.787 -134.401 1.903
176.096 -21.186 -39.026 1.968
-20.814 -124.790 131.553 1.702
-183.931 -147.782 -124.399 2.043
-130.456 -122.350 108.385 2.107
86.057 52.617 187.352 1.881
-21.237 -70.184 -121.627 2.032
-179.087 -33.855 161.868 2.006
-147.733 -35.464 -63.996 1.861
204.427 -91.970 8.247 1.785
188.783 -171.935 -141.469 1.765
183.812 -67.722 66.035 1.950
55.778 31.710 -152.269 1.846
-170.403 68.032 -25.035 2.091
-181.574 -109.018 164.295 2.050
81.247 33.769 72.740 2.031
12.420 -25.796 166.701 2.156
76.207 -43.776 160.029 2.034
-222.604 18.620 -36.375 1.966
54.468 -128.990 -111.252 1.975
181.525 90.994 55.256 2.121
34.685 32.830 115.083 1.889
-7.055 156.199 -123.271 2.021
132.679 66.681 182.546 1.997
-194.580 -9.359 -88.670 1.950
65.513 13.586 46.336 1.802
-84.454 -126.362 -160.479 2.130
-43.206 -38.938 -3.140 2.021
-74.915 83.836 -53.597 1.949
100.314 -139.099 -186.970 1.984
70.193 -83.783 -164.188 1.823
-21.155 -127.551 72.197 1.982
-22.601 -188.786 -187.580 2.140
20.031 78.786 76.575 1.970
-65.430 -25.468 154.288 1.820
-28.008 -82.382 -125.709 2.017
120.531 -62.674 -121.584 2.108
-17.015 -142.491 31.723 2.014
-133.139 -183.516 -19.520 2.098
88.904 177.767 -26.339 1.917
8.774 -120.568 -50.252 1.951
-182.930 -128.384 -36.665 2.097
64.576 184.224 148.293 1.989
75.760 102.730 74.359 1.904
176.776 -114.688 -185.961 2.037
124.593 -66.446 17.015 1.701
-78.650 138.957 31.897 2.064
109.054 -143.361 109.442 2.197
-157.789 122.572 -138.821 1.964
-183.755 -117.946 109.209 2.116
72.330 88.400 -135.904 2.078
100.346 -88.141 92.757 2.029
-161.589 114.011 -85.404 1.937
-100.489 168.389 -6.172 1.962
80.239 -58.028 -49.469 2.169
-112.272 -42.972 -28.929 2.141
-6.459 -41.452 -138.417 1.906
190.381 34.437 -43.449 2.090
154.505 99.617 100.446 1.870
154.654 -108.158 56.475 1.970
197.107 -84.946 -7.458 1.852
-99.495 -81.844 -98.799 2.017
-45.615 30.202 60.385 2.017
193.586 126.115 185.620 1.968
113.398 -9.708 173.809 1.895
155.336 168.288 -39.999 2.008
224.249 -167.149 -175.199 2.099
-82.403 96.015 29.232 1.941
3.209 -58.522 168.498 1.950
111.727 80.269 -112.356 1.857
-28.435 -59.820 -79.899 2.168
81.115 -33.352 -138.336 1.988
-199.464 -162.848 -142.571 2.071
-181.038 99.272 162.498 2.025
177.786 -70.040 -40.983 1.770
-86.770 -124.388 146.092 1.959
-127.273 -73.226 -42.717 2.024
-190.651 -46.907 -61.068 1.966
-147.150 72.626 -190.882 1.963
89.691 40.300 105.552 2.059
-155.956 -81.493 191.474 2.025
-78.283 2.104 48.693 1.990
-157.911 107.660 88.827 2.187
36.823 66.290 -91.327 1.765
-11.822 106.003 -171.723 1.996
-166.716 156.312 -93.896 1.933
17.841 4.993 26.661 1.941
-1.418 127.446 7.103 1.945
-104.304 133.539 -135.335 1.894
-49.102 -144.555 -12.383 2.270
14.610 -68.941 -184.929 2.090
-220.557 -90.930 -197.000 1.892
201.053 -75.621 -123.338 1.929
-192.363 -182.189 165.342 1.891
-135.573 82.082 98.696 1.944
-124.692 -81.499 -45.366 1.918
138.800 -189.444 -4.829 2.173
-209.406 110.260 -98.655 2.091
-165.751 81.610 48.183 2.176
161.544 16.124 165.450 1.947
-205.422 102.215 17.754 2.065
16.095 -44.468 159.129 2.082
-128.356 -128.098 94.108 1.914
-42.675 -120.573 110.977 1.881
158.475 81.431 17.688 2.049
-94.217 -126.399 -152.859 1.900
-81.231 -134.447 -19.842 2.015
-130.090 173.299 57.301 2.085
-186.219 186.788 -95.298 1.988
-126.164 -126.182 44.781 1.864
-125.735 -21.486 -6.923 2.084
-215.980 189.466 -148.396 1.954
-114.395 -178.156 -129.391 1.964
123.053 -138.621 -145.020 1.996
-111.937 121.489 61.716 1.933
125.554 -10.804 6.730 2.009
90.526 -179.549 -171.312 2.014
-216.022 19.847 -0.830 2.041
188.081 -91.670 -109.230 1.813
-56.068 -152.646 -172.055 1.980
-124.186 125.638 -141.435 1.809
136.075 -12.736 153.717 1.947
216.060 144.198 -24.491 1.881
159.148 -10.977 -162.271 1.916
-209.189 137.476 -157.955 1.881
-27.457 100.405 18.081 2.043
149.251 -14.900 126.914 1.865
36.880 -120.007 -90.371 2.041
-172.114 176.747 -68.024 1.893
-9.894 31.289 123.784 1.975
6.107 -47.683 192.895 2.006
-50.019 147.574 -173.218 2.224
-80.684 -139.526 -129.681 1.930
-87.840 159.725 37.353 1.915
118.064 158.721 194.235 2.001
-67.697 -130.490 -35.297 1.902
-217.736 141.041 -176.173 2.102
166.466 89.032 -0.123 1.903
56.284 153.355 12.018 1.842
174.398 127.878 89.398 1.994
-77.141 -56.127 80.340 2.097
124.605 -140.996 101.224 1.894
56.327 189.760 102.541 1.931
130.205 -50.486 196.607 1.964
102.529 -134.510 132.122 2.084
58.651 30.124 165.863 2.033
-105.437 64.032 198.824 1.891
-199.001 179.886 49.561 2.038
147.180 156.828 -113.387 2.040
-36.304 -36.465 -110.129 1.783
-77.184 147.890 181.131 1.969
114.023 145.941 118.742 1.969
-117.886 133.450 -157.427 2.045
71.058 108.198 163.925 2.167
144.590 -153.254 -161.503 1.886
-122.047 -33.913 -7.271 2.012
126.082 174.733 -29.766 1.984
-71.109 126.357 17.652 1.932
174.130 -87.942 -193.294 2.045
-90.815 156.560 48.352 2.094
180.559 -90.975 -164.287 1.932
-100.752 -87.452 -106.465 2.006
61.829 88.396 -185.075 1.955
-27.890 -3.516 -137.318 1.997
136.272 -85.767 130.317 1.866
163.088 -90.821 -36.947 2.134
-41.188 -102.773 69.960 1.939
-23.503 -86.002 -185.233 1.988
57.874 2.329 -107.765 1.843
-75.989 26.012 -156.450 1.977
0.993 -131.131 -88.541 2.001
-40.626 119.869 157.894 2.171
-49.117 28.058 -161.375 1.964
208.030 120.162 -186.682 1.922
-94.192 58.306 -192.125 2.159
-222.996 19.009 -30.467 1.918
88.843 -72.822 64.739 1.776
135.829 101.024 -145.566 2.122
103.324 23.272 -129.784 2.063
178.197 -40.317 -175.948 1.853
-168.029 -184.322 -35.405 2.120
58.314 -4.683 188.825 1.958
-55.721 92.348 40.614 1.957
190.446 -14.780 95.098 1.932
-127.000 -76.965 67.277 1.981
209.694 178.671 -1.682 2.046
