-71.185 -68.522 -15.396 2.056
-36.533 11.276 -69.199 2.132
-144.443 -177.215 -120.511 1.929
170.311 -58.118 -150.678 1.948
-181.917 126.542 69.702 1.918
-115.175 31.626 185.448 1.987
54.999 -106.584 194.490 2.057
19.078 -145.974 -24.245 1.790
-73.163 36.528 -121.221 2.069
-134.005 -133.306 94.775 2.288
-121.506 -80.536 156.062 1.919
46.014 92.221 -96.163 2.000
192.905 34.759 -165.573 1.973
-83.635 -79.348 -168.539 1.842
186.866 148.429 46.795 2.065
152.693 -80.760 55.752 1.892
37.773 -61.723 115.257 2.042
-56.247 132.097 46.177 2.078
101.447 -82.259 -111.013 1.930
54.628 170.011 173.100 1.866
-21.902 -17.019 54.323 1.984
-77.668 -96.946 -187.591 2.006
-68.848 -128.081 -76.302 1.984
-57.847 -84.373 -179.894 2.048
143.437 -7.771 151.925 1.908
-20.465 -106.175 108.985 2.012
49.565 11.723 -39.383 2.071
-8.832 34.492 176.108 1.984
206.986 -37.422 173.667 2.116
129.795 9.049 -113.770 2.051
-24.685 44.129 74.846 2.158
-119.245 148.609 -141.648 2.218
0.937 -91.595 -162.112 1.975
141.336 -138.614 -152.363 1.898
134.676 186.979 181.924 2.120
-4.088 62.268 176.721 1.879
119.939 -150.211 146.592 2.072
219.662 -122.938 44.222 1.952
-121.502 163.176 127.842 1.995
133.535 -18.579 112.915 1.983
112.066 -29.170 111.773 1.977
52.852 -75.297 -150.384 1.903
53.819 -23.193 -57.600 1.895
105.000 -160.246 -85.479 1.852
-89.113 -115.296 -89.673 1.915
-168.803 -79.339 118.689 2.008
11.188 -38.228 -20.243 1.783
178.772 172.987 80.203 1.983
178.632 76.594 148.832 2.067
134.718 143.618 16.095 2.087
95.582 56.043 -169.753 2.054
182.789 14.323 12.565 1.839
114.848 160.939 -74.231 2.076
58.010 22.239 118.791 2.035
122.258 -41.247 180.029 1.971
106.639 -133.921 2.537 2.121
-54.851 110.658 -91.637 2.053
189.490 -136.417 41.920 2.000
-22.734 -1.550 93.350 2.021
143.311 -10.667 -60.321 1.973
142.375 -163.965 182.328 1.986
175.240 60.717 75.987 2.077
-171.601 -187.421 17.359 1.834
159.356 57.111 -197.548 2.064
-45.155 156.480 -183.902 2.023
64.475 6.556 74.155 2.057
213.608 72.551 -100.639 1.965
-108.093 122.363 -69.713 2.115
77.570 10.906 -192.023 2.100
-121.185 -130.077 106.762 2.005
153.173 171.479 -115.850 1.870
98.783 -145.299 -163.089 2.056
56.155 -144.130 -165.707 2.131
79.981 69.755 -47.934 1.836
-153.026 -6.827 -3.061 2.128
-169.661 105.762 -148.312 1.987
-55.643 -188.760 -193.227 2.242
-210.294 -17.964 -197.300 2.072
14.001 -181.462 -178.537 1.912
-43.977 -39.637 -119.258 2.060
26.789 137.092 -70.611 2.127
83.055 -0.401 -90.154 2.140
-219.828 -96.152 -51.315 2.033
63.251 88.540 -139.397 2.006
-81.772 -85.294 9.546 2.217
216.957 -177.981 28.988 1.956
0.301 118.824 26.996 2.024
151.450 94.286 -127.563 2.093
70.918 3.413 -176.960 2.103
177.740 118.698 23.853 2.131
-199.427 -116.639 -191.168 2.025
116.754 27.907 -193.146 2.041
-15.891 128.715 151.033 1.766
-30.942 -5.346 64.774 2.202
33.847 139.368 179.047 1.853
120.014 -76.294 -174.210 2.139
12.815 53.096 -31.178 1.964
-134.028 77.110 -22.625 1.977
-80.586 17.555 -147.228 2.125
-188.723 83.968 -116.111 2.042
-188.966 -0.089 132.542 2.286
-13.629 -188.043 102.397 1.822
23.016 -135.114 -119.941 1.964
-223.203 12.635 148.723 2.061
-10.963 -169.076 -147.294 1.953
211.278 -163.343 72.478 2.069
146.983 -22.144 -173.378 2.043
2.106 -6.383 154.960 1.958
-72.387 -14.214 175.598 1.843
64.191 166.422 19.133 2.056
106.946 188.201 -146.841 1.811
188.266 -180.428 -116.497 1.932
-93.658 97.904 11.984 1.870
171.863 111.609 135.711 1.967
-214.435 -132.140 188.740 2.158
16.739 -20.200 -75.018 2.286
59.505 47.553 -193.823 1.806
125.183 42.216 64.778 2.037
-143.501 90.148 59.163 1.853
186.295 0.959 -162.712 1.937
-41.985 87.369 175.276 2.110
135.116 152.044 -145.576 1.947
-220.926 108.749 -191.540 1.958
1.198 164.941 -1.769 1.998
-23.385 68.837 65.788 1.985
-130.176 78.743 62.091 2.119
-107.405 -138.827 -113.672 2.120
8.831 -72.786 110.007 1.906
-20.113 -96.405 142.949 2.267
26.406 173.186 124.169 2.139
208.347 88.226 -65.846 2.064
-49.305 59.333 -70.649 2.063
24.287 -112.303 -176.394 2.164
-27.019 80.077 70.378 2.096
-150.316 -148.704 123.959 2.019
197.034 -109.225 -121.829 2.061
-224.785 -45.557 95.494 2.027
23.174 -72.380 55.248 1.900
-14.441 49.988 188.701 1.823
120.627 35.853 -157.547 2.205
156.880 -186.847 -44.552 2.017
4.923 66.297 5.330 2.094
-61.026 143.000 -165.575 1.925
-150.728 166.430 -141.325 2.048
-145.178 23.291 -91.757 2.207
36.893 -130.212 59.058 1.960
-126.774 21.683 -154.362 1.999
-88.967 -124.253 84.260 1.942
36.844 -153.735 -28.886 2.072
-87.283 60.803 -59.814 1.979
-143.337 43.257 -10.394 2.078
114.273 -63.257 -83.493 2.007
158.646 -17.883 179.777 1.852
119.560 -122.597 55.978 1.971
93.181 -5.311 -137.675 1.959
-146.445 -131.854 -134.363 2.023
-47.410 -15.912 138.296 2.265
182.772 -112.038 57.613 2.124
-122.258 -146.623 -48.814 1.995
-147.817 -71.457 187.370 1.966
208.867 66.459 -163.309 2.082
-82.929 135.876 21.754 1.953
29.803 -168.799 142.666 2.111
101.695 -100.892 -121.427 2.006
-149.545 103.451 185.543 1.882
-197.567 -42.561 -95.641 1.860
192.462 -153.178 46.045 2.030
102.616 -153.934 -61.029 1.967
-123.721 -5.295 -74.699 2.108
139.332 -128.383 -185.056 1.983
47.770 -103.692 156.376 2.028
17.335 145.498 -45.436 2.145
-94.455 -26.796 -85.002 2.012
-118.273 100.192 15.695 2.091
-27.590 -60.107 39.368 1.962
104.725 69.496 114.867 2.125
64.865 -21.658 -58.008 2.194
1.174 -177.351 -54.659 1.887
-109.309 33.728 -125.424 1.840
120.794 97.416 113.006 1.939
-133.863 -58.007 74.892 1.993
-137.940 27.160 168.167 2.095
190.598 -132.434 186.582 1.993
-204.912 80.020 -56.900 1.894
-62.783 93.505 86.510 2.044
-45.419 -37.136 18.914 1.923
122.495 128.364 61.504 2.130
213.484 189.805 -140.554 1.941
136.555 -53.081 -68.840 1.950
151.110 -84.142 135.253 1.980
115.211 -118.304 104.991 2.103
36.478 -102.139 52.119 2.063
-121.251 148.284 -67.227 2.066
-108.130 -159.825 -51.550 1.876
153.231 -140.847 164.461 1.930
-136.516 126.192 169.514 2.067
-159.769 -138.739 -76.770 2.124
187.553 -52.247 -192.110 2.218
11.101 -6.873 -25.534 2.249
-56.517 148.241 104.204 1.930
-64.677 161.802 156.990 1.928
-4.085 115.836 -102.995 2.106
81.217 -14.901 63.049 1.953
-11.066 63.243 78.544 2.128
-150.998 46.445 172.723 2.002
22.001 -139.382 -148.065 2.055
-164.980 3.046 -116.383 2.037
-168.327 16.132 -140.716 1.946
-49.534 52.576 -137.073 1.946
162.229 -15.126 167.277 2.027
-5.341 15.432 143.982 2.073
203.354 -144.182 64.494 2.020
62.911 4.448 151.469 1.976
26.414 -14.103 -152.556 2.019
-150.251 -111.206 -96.524 1.882
-183.628 151.267 41.935 1.885
-106.886 0.171 -64.597 2.297
79.267 187.753 -192.848 2.146
-131.353 187.251 -117.039 2.072
-187.383 -114.499 70.953 1.886
74.933 91.514 78.985 1.920
17.376 -1.941 61.629 2.166
171.131 104.391 -15.993 2.028
-81.340 143.557 157.255 1.892
-160.563 177.130 50.297 1.993
76.167 -95.212 19.762 1.991
-204.335 -63.901 89.282 1.965
-165.072 164.002 -41.683 1.941
-194.107 183.527 -90.434 2.077
-136.962 -94.721 -62.007 1.935
-114.091 -169.338 -162.635 1.991
72.195 -147.714 -59.673 1.648
21.994 37.920 124.168 1.811
-195.723 -40.945 -120.089 2.033
-200.572 140.839 25.439 1.913
-154.743 -72.280 -31.221 1.979
39.627 59.574 -187.942 2.065
164.272 170.705 90.916 2.088
148.138 -87.326 -87.435 2.069
157.275 -20.481 144.917 2.080
-166.597 11.398 175.480 2.222
159.571 -185.466 -123.152 2.207
27.765 -33.748 88.081 1.866
-185.433 -33.936 -180.126 2.140
-204.752 101.169 58.646 2.159
124.221 -70.744 -192.245 1.820
145.856 -147.737 20.749 1.843
-103.400 -38.964 151.625 2.038
-90.068 -84.927 -68.879 2.195
-182.130 79.454 37.496 2.004
-26.687 188.428 181.047 1.886
156.754 -34.355 -118.263 2.083
151.402 53.613 -157.104 1.907
24.673 -181.632 6.956 1.921
135.213 -114.302 -71.978 2.194
-181.064 177.279 -39.387 2.047
-173.654 -43.289 180.800 2.088
-5.310 -143.303 -185.610 2.125
14.567 -103.135 99.878 1.843
98.442 34.311 35.156 1.724
-116.839 162.086 -72.983 1.998
-172.870 73.858 165.214 2.163
99.149 -52.950 -2.425 2.015
7.251 -30.191 163.871 2.000
-18.444 92.367 141.677 2.006
11.214 -37.247 -63.988 1.881
-60.969 187.192 2.740 1.865
-156.807 -127.997 -187.757 1.986
139.524 31.955 154.720 1.908
-67.493 166.133 88.624 2.014
186.392 -29.948 101.223 1.968
-198.311 130.631 83.420 1.787
3.129 -140.201 -192.952 2.020
155.219 -20.401 188.507 2.033
211.589 34.098 -16.800 2.019
177.251 -109.316 -100.375 1.824
150.927 86.083 -135.500 1.911
-18.734 183.004 -31.593 2.027
-190.997 -97.492 -190.451 2.014
33.062 -58.781 19.302 2.168
151.677 99.382 -157.821 2.039
180.155 -184.962 78.156 1.945
80.873 29.487 -173.485 2.015
217.467 119.092 23.330 2.021
49.002 -22.174 -175.351 1.849
38.445 -116.904 163.060 1.848
-157.333 64.624 145.965 2.046
-28.611 150.339 -124.137 1.796
191.097 100.276 175.444 2.017
-46.800 18.298 -44.458 1.861
97.290 -154.249 128.976 2.201
100.479 179.189 154.271 1.974
85.204 6.713 -182.055 2.173
-27.111 18.179 -92.700 2.142
5.423 -10.816 71.260 1.968
-142.828 97.439 48.760 1.853
-86.217 -130.988 -163.602 1.847
203.353 45.447 -41.065 1.816
-216.428 17.242 73.726 2.174
1.419 2.498 140.633 1.868
-44.612 -114.671 -94.810 1.995
-157.652 41.672 -25.094 2.117
-155.673 101.098 157.000 1.970
-66.169 51.633 -83.287 2.063
128.637 132.297 33.187 2.013
-93.667 7.995 183.221 1.914
-44.257 177.123 -51.993 1.809
125.146 63.520 -152.282 2.145
-126.182 51.383 111.766 2.102
-196.598 99.007 82.487 1.879
130.850 144.843 112.142 1.911
204.168 -175.585 100.881 1.931
134.224 -132.228 -111.944 1.790
-45.284 110.246 -190.141 1.854
39.241 -102.520 61.710 2.065
-62.618 -159.910 -30.748 2.127
-113.368 154.724 -55.665 1.966
-88.373 174.805 -139.618 1.979
138.021 -63.465 -192.846 1.915
-197.549 62.591 178.010 1.871
11.499 50.099 -130.226 1.929
-157.927 22.347 -182.359 2.079
-200.295 40.480 126.247 1.995
-146.678 -161.356 -104.929 2.083
-222.672 -96.531 51.623 2.146
-184.478 44.633 84.399 2.101
5.116 114.902 19.005 1.912
216.085 -36.703 -72.610 2.028
-219.234 86.426 -147.277 1.928
-198.529 108.726 -91.406 2.110
3.139 58.475 -140.370 1.962
-208.583 133.923 49.993 1.964
94.536 77.372 -90.731 1.968
130.335 -112.872 -136.362 1.818
-4.990 -60.594 59.303 1.908
130.680 -29.567 -122.452 2.151
-191.921 48.431 149.832 2.113
-184.015 69.479 -161.091 1.993
-223.993 -58.889 148.057 2.037
169.622 -50.113 164.288 1.830
79.014 -90.349 -87.895 2.093
14.036 -74.087 21.658 2.027
13.605 -12.220 -39.562 2.106
-7.684 -68.627 5.909 2.054
-1.516 -110.405 -166.361 1.904
-172.487 133.155 -30.099 1.796
-0.843 6.904 -148.891 2.056
132.412 -188.281 -164.920 2.257
151.008 143.710 76.286 2.126
190.260 120.381 -46.849 1.964
-8.187 -30.358 104.617 1.941
-60.924 33.844 152.165 2.098
-38.330 -130.370 54.691 2.046
-191.733 151.897 177.342 1.904
192.641 -148.811 -132.590 1.892
-195.043 -89.474 2.234 2.021
-60.922 124.481 37.828 1.862
106.003 -91.033 -35.357 2.079
-35.694 167.765 149.767 1.948
197.855 187.718 11.548 1.814
67.842 111.297 43.064 2.012
215.952 -136.918 -50.574 2.039
75.329 -117.779 -48.276 1.931
215.376 168.347 -91.143 2.085
161.426 -9.160 19.027 2.078
-123.636 176.275 -182.638 1.940
69.196 21.194 -154.505 1.971
-13.399 128.115 -156.544 1.990
74.380 43.983 -58.725 2.069
-178.204 159.190 26.389 1.959
171.092 147.273 108.044 2.106
-6.454 -130.382 45.284 2.102
178.009 -135.452 37.073 1.883
-44.124 89.571 21.938 2.296
8.294 76.626 -56.293 1.913
-92.980 105.138 -102.923 1.984
-54.397 -58.739 181.494 1.994
-80.359 -183.164 148.139 1.881
9.300 -28.800 -9.526 2.006
223.999 -102.235 177.387 1.986
-45.324 95.028 49.442 1.955
-47.481 83.682 158.403 1.944
-42.317 100.960 -44.686 2.142
-77.322 172.653 -40.881 2.082
-43.455 135.818 39.245 1.909
160.310 -169.919 -26.226 1.940
-145.360 183.660 96.080 1.927
68.539 155.159 195.533 1.948
96.809 -66.437 -167.311 2.014
-152.747 96.225 -177.516 1.960
149.833 129.608 53.530 2.027
-7.953 -66.848 -36.758 2.029
215.159 94.031 -111.877 2.060
-142.663 -169.908 21.514 1.969
206.773 45.858 21.899 1.983
-18.022 37.271 -184.416 1.845
4.611 -155.288 67.893 2.069
37.181 -61.748 91.732 2.086
0.454 -28.253 79.885 1.752
7.374 -43.784 194.113 2.064
162.393 -4.021 14.249 1.947
-31.898 -89.304 144.154 2.039
-49.656 -97.548 70.279 2.098
20.173 -92.100 183.903 1.832
-117.546 -142.339 133.066 1.870
-22.771 -52.686 105.853 2.033
-201.739 82.121 79.603 2.057
-79.859 119.261 106.092 1.860
95.335 92.403 -4.392 1.999
-192.819 -53.770 -15.657 2.079
107.783 -161.953 103.009 1.946
-153.250 125.719 -89.365 1.860
30.771 -113.537 -157.997 1.974
-203.491 -157.120 -58.168 1.941
11.797 46.548 -86.109 2.036
-89.178 51.535 -41.387 2.053
69.230 -170.952 -199.423 1.932
5.610 116.801 46.473 1.997
61.929 -19.559 105.633 2.095
-150.790 117.557 -41.539 1.978
-29.732 -177.935 -135.062 1.978
126.252 100.526 -34.373 2.128
149.178 87.703 17.724 2.030
214.607 60.922 76.500 1.904
126.907 -164.390 167.760 2.043
117.558 167.104 -182.831 1.832
141.027 108.172 -37.652 2.044
-207.845 -119.361 61.867 2.026
-2.506 148.699 156.408 2.011
-134.782 -127.085 0.768 2.039
136.022 -164.119 -47.302 2.057
90.112 73.424 -182.174 1.846
149.437 112.760 134.206 2.150
104.079 -15.406 -110.896 2.101
-64.523 181.878 65.039 2.057
142.513 4.973 -73.926 2.064
-92.388 -54.635 154.701 2.063
-91.645 144.408 17.953 2.152
-36.221 -76.057 157.163 1.970
-48.406 33.537 -144.078 1.891
-63.889 166.155 -184.648 1.908
-151.452 -36.664 62.847 1.945
-219.304 42.661 122.008 2.106
74.161 102.768 -132.501 2.038
2.522 -93.588 33.834 1.924
-155.539 -121.172 128.899 1.870
-162.977 21.378 -147.389 2.194
-180.308 -67.507 62.729 1.788
-101.112 -154.977 -171.965 2.059
-93.160 -146.870 167.875 1.909
211.529 176.209 -94.080 2.089
126.862 -186.961 129.596 1.983
41.299 74.849 16.068 2.105
140.630 -107.793 -21.364 1.927
128.464 -169.022 -26.428 2.029
99.401 -25.057 -127.125 2.009
-62.714 -59.938 41.822 2.003
215.786 -168.153 -20.860 1.987
-195.434 188.640 -48.251 2.042
-117.099 103.179 45.621 1.981
-5.312 51.217 74.042 2.133
133.298 -155.796 -146.680 2.069
-212.242 -138.216 -175.103 1.879
-51.836 171.998 162.137 2.190
131.632 130.860 154.361 2.151
173.403 39.022 -171.942 2.003
137.476 162.989 -155.838 2.194
-113.525 -41.690 -107.172 2.127
-27.294 -99.230 132.585 2.076
202.705 -87.451 69.206 1.940
175.295 -30.857 -197.247 1.867
-206.052 -100.150 33.176 2.067
149.047 -160.580 177.206 1.903
-46.574 150.898 -25.209 2.028
-206.060 -48.715 30.468 1.939
112.113 -169.140 126.239 1.879
187.858 -144.510 96.220 1.953
201.185 -145.650 -75.718 2.092
217.117 -0.600 -73.345 1.907
221.347 124.932 -7.342 2.033
164.586 -122.410 -141.234 2.003
-7.632 -113.627 -199.856 1.964
-83.004 -135.921 152.748 1.860
77.135 -63.857 -171.272 2.068
182.943 -186.960 -156.696 2.018
122.325 44.292 146.212 2.000
128.465 -189.536 85.955 1.858
196.150 -135.498 175.787 1.962
21.549 71.185 40.160 1.948
-126.942 -61.401 -161.732 2.049
-80.439 135.578 -186.933 1.988
-31.075 117.750 79.894 1.985
125.030 -20.373 -51.298 2.046
192.207 134.606 197.996 1.953
-78.975 -49.729 -98.609 1.981
-91.436 -121.113 -109.994 1.941
-38.522 -180.849 -90.584 1.797
-41.997 -55.800 -97.919 2.036
67.117 -137.164 180.208 1.991
98.608 -4.713 -122.483 2.184
-10.059 109.605 -36.686 2.000
-209.183 127.460 64.249 1.927
-224.091 -84.563 172.081 2.043
-42.900 -45.269 -77.606 2.031
139.956 172.493 78.179 2.013
68.965 184.513 -103.429 2.063
-41.875 3.948 -170.299 2.128
174.655 -75.596 104.393 2.086
-93.458 111.183 -107.056 2.012
-211.052 -42.755 -79.011 1.957
-201.297 -141.166 129.147 1.864
-19.736 -77.447 -138.437 1.954
-155.823 56.411 197.515 2.086
-187.149 26.205 112.908 2.064
172.395 52.935 -143.556 2.177
-131.631 -144.633 68.242 1.866
-158.307 49.003 -123.470 2.206
89.448 131.749 -101.577 2.274
112.390 -80.245 -42.365 2.065
-35.677 108.477 -118.157 2.114
-142.059 57.983 75.558 1.933
50.022 -78.288 176.212 2.133
-90.135 85.414 -115.070 2.107
194.335 147.080 -77.212 1.956
166.355 17.922 82.938 2.166
103.651 -31.119 71.514 2.116
108.925 -30.751 168.006 2.063
143.073 -25.535 191.952 2.005
215.398 -135.010 24.524 2.112
-145.058 -116.147 146.134 1.869
52.260 88.956 -139.718 1.902
-130.487 -97.901 68.555 2.004
93.104 -51.372 -70.206 2.029
106.428 4.059 12.913 2.193
-105.290 188.052 89.295 1.987
-4.629 90.071 1.249 2.007
192.606 88.436 180.833 1.909
-143.912 148.227 -58.610 1.833
193.278 -143.838 -80.467 2.016
187.104 -5.277 0.780 2.002
139.153 -92.534 160.467 2.109
-63.963 -182.324 -74.945 2.084
0.810 113.379 127.582 1.896
153.777 -35.816 140.641 2.020
111.078 -2.104 9.574 1.990
-44.126 -80.941 -35.230 1.827
-17.088 73.369 -111.534 1.900
-66.060 -5.948 66.348 1.984
112.632 33.396 196.110 1.848
-111.279 6.790 68.965 2.054
-205.642 25.310 -96.361 1.863
63.373 48.415 75.532 1.957
-154.372 -110.771 43.662 1.900
116.194 -90.913 -62.467 1.923
-209.836 187.948 -67.086 1.961
6.362 -59.725 65.411 2.222
120.416 8.012 -81.825 1.991
72.427 34.069 11.506 2.094
-214.474 -124.920 -163.971 1.724
-89.917 33.210 105.534 2.099
-181.680 -81.133 -113.358 1.951
-182.569 128.052 33.526 2.079
171.184 150.661 94.786 1.902
-114.110 -51.131 -58.727 1.762
140.167 141.762 -56.670 2.023
-217.929 -4.700 176.581 1.924
135.349 -28.306 102.111 1.978
136.820 -153.365 34.654 1.839
-90.801 119.274 98.537 1.991
-222.222 175.512 21.541 1.823
55.658 23.021 -100.850 2.096
40.040 136.315 26.764 1.903
-107.299 68.906 18.329 2.107
-133.366 121.986 -7.143 1.845
185.307 150.629 33.931 1.965
-195.615 109.367 -92.570 2.048
-28.241 -36.600 120.909 1.977
-209.583 152.412 20.490 2.049
197.694 178.878 3.857 2.135
195.282 -99.452 -188.725 2.007
-223.730 76.190 39.542 2.001
60.119 -151.196 -126.711 1.898
79.860 -55.910 32.764 2.086
113.612 111.119 133.970 2.154
-109.049 -96.508 -149.507 1.889
-180.628 116.551 -13.651 1.970
-184.727 -39.947 -97.274 2.006
-137.701 -53.246 152.723 1.970
1.587 185.895 -48.076 1.928
208.459 -158.288 153.831 2.003
62.295 -27.093 13.372 1.799
-68.445 -37.168 -164.798 1.962
-166.186 -120.662 -23.087 1.793
32.245 -9.075 -194.237 1.936
-17.640 -110.419 40.419 1.955
-32.775 69.151 192.773 2.003
-19.319 56.871 -122.487 2.077
74.564 115.318 34.190 2.261
-168.394 -187.986 -40.336 1.952
-58.358 108.667 -190.810 2.113
154.748 126.618 149.974 1.892
-66.827 -82.013 15.176 1.933
-98.974 166.894 -179.098 2.054
158.163 -72.658 61.550 1.940
-149.372 -3.336 -15.081 2.107
14.642 9.136 199.339 1.967
88.747 -36.677 105.367 1.876
212.289 133.138 -168.117 1.999
176.170 69.562 -79.285 2.012
-145.160 -81.739 84.787 1.976
-59.325 24.456 -41.366 1.969
147.765 82.503 86.828 2.074
57.726 -99.128 16.373 1.926
14.038 -144.321 -119.330 1.955
-218.728 -21.987 -136.854 2.090
-142.743 111.276 38.333 2.012
194.702 22.988 -186.057 2.049
105.204 -172.419 -46.766 2.036
62.677 -147.481 -168.147 1.906
-156.740 117.296 -21.166 1.904
221.854 -37.607 162.723 2.263
-179.062 -137.150 -35.607 1.971
77.426 -118.702 12.442 1.880
-101.985 37.218 -67.824 2.153
160.001 35.781 -172.020 1.806
-59.248 169.057 -82.007 1.999
-83.456 134.883 8.670 1.838
-70.071 93.927 -64.649 1.995
-1.234 -140.481 141.767 2.211
-45.016 13.673 -17.080 2.075
143.535 73.076 37.843 1.882
-61.255 171.200 -182.936 2.122
-95.721 -113.334 8.874 1.950
41.296 -43.489 -47.222 2.042
-70.356 -97.847 -92.291 1.942
-58.934 -165.720 181.270 1.949
-159.690 -21.354 44.396 1.949
-148.713 -180.038 139.813 1.989
-66.447 -87.251 -188.361 2.228
-109.848 54.382 151.291 2.019
120.781 163.389 161.317 2.026
-158.978 -168.911 76.208 2.019
107.897 -27.659 170.574 2.092
-114.617 151.916 -39.164 2.011
-50.404 93.664 144.710 2.028
-1.896 -121.801 108.348 1.936
71.341 -105.411 -162.336 2.156
-181.291 -100.043 77.823 1.951
51.117 -26.591 -164.287 2.069
180.523 139.899 -80.220 2.119
-8.976 179.660 -23.196 1.933
171.279 131.554 184.151 1.799
47.394 -92.859 123.847 1.947
114.980 -169.613 -173.481 1.948
86.579 102.888 -156.515 2.011
-28.050 130.307 -59.950 1.874
-81.380 -129.558 143.947 1.922
-12.483 -15.862 99.191 1.953
-165.079 157.123 124.951 1.783
-41.146 -145.128 -129.163 2.043
-97.102 130.160 -149.846 1.891
-116.268 89.021 -36.181 1.725
109.715 123.958 82.881 1.947
179.040 -164.441 -195.633 2.030
43.399 -134.802 -76.036 2.152
60.629 -172.814 101.932 1.844
69.264 -91.853 15.959 2.129
-49.741 -8.549 -170.999 2.008
-13.051 5.402 98.759 2.031
-175.078 136.981 123.837 2.011
43.332 -175.348 -22.093 2.130
116.167 33.785 -95.083 2.062
-16.208 152.080 101.348 1.900
-86.118 -17.164 -4.360 2.179
-206.429 -186.077 193.961 1.927
134.751 -143.298 93.844 2.177
96.034 125.915 107.099 1.993
62.918 96.569 -3.871 1.870
-41.759 -104.266 -169.567 2.013
206.187 23.164 -153.099 1.973
-40.546 143.015 29.805 2.120
96.678 9.698 -21.950 2.125
-182.566 127.621 58.391 2.025
-116.920 6.461 -68.334 2.019
-34.596 83.390 97.115 1.997
-0.181 -180.310 -8.751 1.902
94.626 -110.255 152.601 2.056
-85.662 -77.912 -190.899 2.074
-99.326 141.510 -195.066 1.986
160.005 4.554 -159.191 1.996
213.782 -84.667 107.853 2.096
-218.122 -112.101 -137.188 1.983
-81.149 17.810 80.201 2.077
-98.791 -8.177 167.138 2.085
-63.069 -77.834 72.084 1.983
91.961 -33.122 3.117 2.106
29.481 -84.169 107.899 1.944
90.971 -44.379 177.516 2.107
-89.816 -91.105 64.443 2.145
-113.785 -171.800 -139.012 1.919
-66.372 82.114 122.046 2.141
80.078 -147.067 158.371 1.977
-77.728 -142.501 -160.540 2.172
96.788 0.891 188.016 1.901
-95.449 -116.894 -64.919 2.177
215.866 173.055 120.883 1.965
-139.734 -110.226 -108.885 1.978
-33.298 -107.623 126.288 1.892
36.283 -132.511 54.594 2.242
124.408 73.909 198.172 1.865
3.061 -169.591 -45.969 2.038
163.127 -13.137 28.524 2.031
-62.026 103.785 -146.872 1.881
-121.592 -116.700 26.853 2.148
121.154 53.194 27.556 2.122
-113.418 -165.087 -62.746 1.969
99.789 69.429 52.640 1.855
139.752 99.343 -110.514 1.958
69.050 179.154 167.559 1.966
21.657 43.680 171.473 1.835
-178.310 -132.293 -158.556 1.999
61.643 -89.755 -199.812 2.142
-61.775 160.829 15.499 2.084
-67.755 125.185 -192.135 2.084
44.387 60.728 165.069 1.880
-154.484 34.210 -153.168 2.122
-214.578 18.731 -73.258 2.004
64.262 -97.617 159.576 2.067
9.874 -51.861 133.370 2.072
-118.023 -13.554 65.821 1.956
6.347 114.940 23.323 1.968
141.320 -99.147 -5.253 2.067
-75.115 100.067 -44.176 1.865
173.671 -166.357 142.028 1.907
85.696 -102.138 172.509 2.162
-50.214 141.035 -106.475 2.102
-32.924 2.355 190.467 1.887
176.066 -77.162 -130.192 1.987
29.054 144.661 69.515 1.698
-68.593 145.461 -159.366 2.099
-200.923 38.026 11.804 1.960
165.610 -153.811 63.445 1.941
119.354 -29.206 -56.559 1.959
-61.766 -43.692 -140.969 1.976
197.863 3.601 30.859 2.011
-111.456 147.717 -129.918 1.902
190.689 -64.063 143.389 1.971
-95.005 -147.808 -103.160 1.791
169.564 103.009 98.334 2.135
133.506 -9.656 78.729 2.026
25.063 157.597 31.506 1.982
-99.427 -63.661 -134.278 2.008
-184.740 -181.975 -192.252 2.003
-119.251 -92.337 -173.467 1.916
20.440 159.713 182.886 1.886
-87.145 -28.699 -23.379 1.998
-56.672 103.334 -188.084 2.136
-55.152 -92.101 152.057 2.104
157.398 -79.661 -67.101 1.999
-56.905 -130.723 128.411 2.075
-13.381 -156.871 166.000 2.047
119.578 51.089 -128.997 1.864
171.835 -158.670 -41.731 1.885
-58.964 127.190 -86.209 1.870
-180.607 107.052 -93.848 1.962
157.250 172.905 156.393 1.863
-188.810 9.940 -5.480 1.900
1.100 98.191 -166.043 2.072
47.819 -126.673 -175.781 1.912
179.389 -17.322 68.527 2.064
121.062 51.961 -38.587 2.077
-203.687 171.155 92.217 1.903
-24.753 87.225 -103.336 2.039
-28.979 16.644 193.638 1.994
-28.908 170.002 196.815 1.930
-106.215 -85.129 -38.857 2.025
-187.897 -58.854 58.482 1.996
-187.578 53.613 6.873 1.879
172.159 -5.089 -48.810 1.977
-140.919 94.109 16.728 1.907
209.691 168.028 -10.767 2.029
-111.385 47.768 -196.055 2.119
16.388 69.687 48.876 2.166
-4.587 153.004 -174.638 1.987
-221.663 -42.953 63.294 1.898
-39.242 76.450 153.152 2.042
189.724 -44.888 162.433 1.967
-212.027 112.573 -164.229 2.106
81.575 69.454 167.000 2.193
197.443 94.505 196.106 1.963
184.794 -166.947 -24.869 2.034
11.139 -141.742 122.238 1.898
216.203 -39.569 -71.081 2.160
173.162 51.407 169.681 1.975
209.013 -120.689 -190.322 2.245
213.498 120.656 -39.959 2.107
167.582 167.332 22.524 1.975
-181.961 15.654 124.517 1.836
53.870 106.640 26.263 1.860
-86.848 -55.002 -93.468 2.119
171.040 -22.213 90.524 1.954
211.701 -155.578 -27.997 2.112
-133.451 82.883 28.186 2.132
186.697 -24.652 40.361 1.992
189.327 -152.956 -110.131 1.916
67.466 60.447 161.181 1.934
-80.792 -108.691 178.879 1.946
158.436 -140.000 2.558 1.929
-218.552 96.683 137.031 1.958
-133.454 -114.816 81.262 1.891
-17.146 151.192 55.549 1.995
-2.182 -5.788 -89.743 1.932
-24.790 148.601 159.045 2.109
131.806 188.685 -31.441 2.082
205.500 -21.656 2.572 2.024
71.660 99.026 -199.666 1.853
-176.208 -116.163 122.714 2.043
-193.626 116.720 193.863 1.849
-15.183 -40.878 -38.520 1.996
168.645 45.472 -117.396 2.046
163.591 -184.268 -79.400 1.952
170.498 74.102 179.287 2.134
176.061 1.241 -54.177 2.009
-214.858 -120.074 -108.491 1.962
207.213 59.888 125.294 2.076
180.626 115.176 -185.671 1.958
-222.496 11.952 -119.767 1.995
-213.746 -186.100 -33.952 1.830
58.519 133.644 92.425 2.058
47.829 -61.010 -192.940 1.985
-162.462 108.964 -162.418 1.945
-52.453 -116.292 116.904 1.862
-136.409 -189.303 195.903 1.922
-195.494 154.877 -35.767 1.965
-162.104 134.688 -6.776 2.050
-63.368 -174.857 -163.188 2.029
224.145 -161.054 103.941 2.077
158.344 86.457 87.678 1.846
-29.283 -138.883 -159.738 1.948
61.425 -169.661 -32.707 2.036
26.065 170.044 -161.411 1.966
177.821 74.219 -140.547 2.168
-130.153 -71.362 -171.007 2.092
137.500 -100.168 -29.513 1.922
168.716 84.503 128.990 1.991
61.689 83.364 -149.117 1.999
166.208 64.933 130.368 2.041
-115.477 42.160 -106.257 1.851
-15.949 -33.853 52.780 1.868
118.326 -38.190 -54.566 2.004
148.141 143.789 58.215 1.842
169.318 164.065 -107.232 2.066
99.015 -63.009 72.917 1.921
203.853 -13.267 -129.963 2.059
-154.901 -80.697 23.638 2.157
-220.233 121.453 136.010 1.917
74.252 -111.157 137.003 1.981
-137.464 -172.926 159.986 2.249
28.347 67.377 42.091 1.895
37.929 124.437 16.573 1.956
29.402 -130.138 158.532 1.965
-215.592 135.547 83.294 1.993
104.126 62.527 172.457 1.945
-99.759 51.904 -83.297 2.200
112.339 12.512 194.433 2.038
-219.287 131.865 -66.758 1.826
167.401 17.904 167.613 2.090
64.569 89.549 144.679 1.850
136.410 -99.172 55.919 1.983
44.253 -142.463 -132.721 1.871
108.175 -50.702 -110.343 1.818
91.301 93.856 -174.216 2.083
172.409 132.701 -68.810 1.917
61.672 118.249 -68.422 2.053
-43.484 92.813 9.167 2.156
154.298 76.549 -162.513 1.997
-194.304 53.156 180.245 2.140
157.554 120.510 28.781 2.066
-212.537 -21.076 -122.560 1.964
-55.056 135.449 -109.024 1.795
-84.519 180.660 4.846 2.125
119.201 -21.838 98.111 1.907
177.872 -50.546 141.053 1.858
-141.514 -50.398 197.108 1.972
-8.715 -156.741 -5.790 1.811
198.471 44.628 -26.697 2.106
30.418 -176.989 187.979 1.981
170.512 173.099 -170.194 2.004
-219.692 -11.628 -190.345 2.037
-26.164 -37.332 -64.389 2.084
-49.782 12.193 -82.910 2.068
35.002 169.038 -134.509 2.123
39.441 180.176 -85.184 1.849
24.410 -99.499 81.669 1.951
81.969 -147.582 -49.044 2.006
22.840 171.732 -33.400 2.011
-111.905 23.312 -175.016 2.097
-221.168 -5.982 45.076 1.946
-137.664 99.824 33.136 2.069
218.113 184.190 -30.138 2.151
-154.060 132.728 -193.405 1.973
-186.514 115.233 -18.585 1.942
70.366 20.574 151.322 2.018
57.810 103.308 -118.486 2.083
-87.566 -120.291 64.215 1.810
-170.267 137.504 175.333 2.082
204.930 115.707 111.465 1.840
219.786 183.841 144.990 2.146
-207.987 -175.624 -1.424 2.037
-166.473 85.304 74.854 1.984
-65.878 171.715 -86.899 2.023
8.724 -75.855 -39.756 1.874
-102.788 -68.227 -125.264 2.012
-134.460 188.758 -94.058 2.153
140.405 -165.979 -10.038 2.100
19.747 114.091 -18.882 2.113
-172.931 53.732 51.633 2.078
-136.795 -43.163 -43.246 2.068
175.552 71.389 -90.996 2.160
-122.121 114.529 143.395 1.891
59.499 -103.224 167.649 2.181
-202.468 -66.521 29.774 2.134
-136.954 174.141 -45.915 1.993
-126.324 -91.715 -94.501 2.001
-65.832 -41.795 135.952 2.008
-69.054 107.445 -69.945 2.066
139.769 179.702 41.382 1.978
-186.965 48.007 -99.750 1.984
-141.175 -113.088 -53.373 2.160
-213.589 -186.898 -93.057 1.878
-136.574 23.343 52.394 2.122
121.185 174.923 12.064 1.961
139.538 -127.810 1.155 2.009
-195.676 72.260 -131.489 1.977
84.461 -7.180 -123.682 2.057
29.884 -91.024 158.873 2.102
-191.612 -58.536 -182.497 1.978
-142.276 88.953 -49.209 2.000
41.929 -77.212 64.532 2.231
105.116 145.579 -161.183 2.065
-121.570 112.690 183.000 1.975
-82.167 -106.288 123.803 1.936
-210.316 -7.538 -190.613 1.985
69.590 -172.934 -54.339 1.989
86.619 171.161 -50.504 2.111
-18.883 -76.156 59.575 1.932
-114.448 -122.601 26.693 1.933
221.289 113.580 190.769 2.029
-158.950 -61.955 14.552 2.324
-10.642 138.704 -11.668 2.114
151.116 -70.796 161.397 1.930
89.581 -69.576 -82.507 1.946
-190.495 183.116 -172.045 2.077
154.259 -138.050 -62.675 1.962
-28.628 -121.609 56.292 2.066
196.962 -102.110 3.453 1.791
166.446 86.021 47.824 1.915
5.781 46.207 -32.503 1.964
181.947 115.805 163.383 1.936
-139.298 54.548 -95.005 2.095
83.417 181.219 0.374 2.084
-73.822 -128.477 130.446 1.955
68.970 -53.011 168.630 1.960
-148.573 72.316 31.621 2.020
217.289 99.631 -78.651 2.066
-67.336 118.790 -157.919 2.096
-126.839 -166.142 178.228 1.923
5.635 -97.952 48.401 1.997
-122.171 75.665 166.288 2.013
-172.672 -40.367 -135.954 2.015
11.018 -129.095 -79.118 1.991
-18.352 93.756 -36.742 2.105
-35.464 149.235 -149.679 1.881
-23.984 91.991 39.321 1.825
111.373 122.440 -1.689 2.002
-170.521 -69.427 14.183 2.071
64.176 59.299 -22.540 1.858
-206.404 70.526 29.862 2.095
207.876 -186.304 -144.612 1.990
88.786 112.380 -48.243 2.037
-92.801 -62.995 -83.405 1.942
25.479 -146.534 -7.434 1.863
140.925 67.129 -128.598 1.885
200.624 100.531 31.315 2.026
5.584 -22.555 -198.718 2.086
184.262 -12.065 0.320 2.044
170.740 -178.052 -16.390 2.058
155.829 152.423 -59.417 2.132
-51.724 -126.720 -145.240 2.002
171.825 -81.376 -27.231 2.179
-16.114 7.863 18.334 1.809
42.751 -147.043 21.424 1.932
-43.725 148.094 -180.609 2.039
204.583 -67.107 34.815 2.095
-167.014 62.063 -8.711 2.029
33.085 109.943 158.515 2.140
188.327 -143.292 38.403 2.127
74.587 -164.588 185.943 1.991
-64.208 163.762 76.410 1.839
124.308 -30.721 -127.299 2.070
