-96.047 -157.080 -38.385 2.079
-60.812 -140.326 -8.944 1.993
167.999 14.302 108.157 2.041
-168.429 160.391 97.572 2.061
100.500 53.777 -113.431 2.157
117.869 144.924 59.503 1.964
174.904 1.016 177.037 1.937
189.984 138.372 -157.054 1.940
-120.900 -109.684 -35.582 1.976
-151.133 -60.559 144.904 2.226
-21.325 -35.890 154.454 1.901
31.138 139.799 -40.162 1.926
-147.939 48.892 100.023 1.943
-117.010 -78.194 18.965 1.939
-125.000 -57.949 0.406 2.031
-105.664 2.027 83.746 2.060
-39.961 -71.116 -64.194 2.032
173.260 -151.056 -60.957 2.063
-155.406 -70.231 -172.883 2.033
-174.274 -27.713 62.104 1.890
-100.606 55.848 -181.703 2.152
-79.650 37.846 -167.546 2.094
-73.290 48.645 188.454 1.901
-146.370 -112.177 57.370 2.086
-129.518 -4.395 -131.365 2.235
204.629 60.515 -7.784 2.074
-42.240 -171.226 143.589 2.089
-97.431 178.785 -69.649 1.946
-191.055 114.568 -63.072 2.243
107.630 173.435 99.753 1.947
136.743 -152.690 115.063 1.946
-196.795 -46.326 52.174 1.995
172.559 -100.136 -63.632 2.017
39.957 25.932 114.406 2.155
-27.380 4.607 -125.792 1.939
-46.952 54.101 88.737 1.943
200.625 -58.664 -34.875 1.846
86.026 30.308 -24.859 1.995
126.436 97.152 -74.687 2.069
43.817 143.402 54.219 2.091
-169.942 100.029 -103.507 2.010
-106.545 -149.291 -51.516 2.020
-82.268 -37.528 -20.141 1.765
-33.653 91.745 -67.234 1.963
116.684 -7.385 -41.623 1.950
-188.407 -109.707 43.565 2.091
-91.606 -136.065 150.403 1.948
-67.779 -134.118 52.234 2.013
42.969 -70.178 -95.579 2.046
-176.136 56.139 -164.332 1.859
-160.508 112.199 -94.526 2.009
-34.156 -84.885 -53.027 1.937
75.632 -130.027 -57.902 1.931
-126.794 4.090 -96.203 2.025
-117.390 188.961 -157.037 1.961
-165.119 156.458 121.334 2.069
-67.664 1.235 -6.589 1.899
-64.778 -66.813 9.777 2.107
-119.262 -35.195 -143.110 2.088
-51.829 -73.291 -119.935 1.861
5.879 35.029 148.396 1.860
35.986 -126.162 81.432 2.043
-105.215 17.498 3.711 2.189
-190.406 3.792 -10.601 2.036
-204.079 -56.903 72.757 1.908
-17.500 -32.117 -39.654 2.087
-139.868 162.909 188.590 2.047
-80.920 -14.195 192.455 1.825
-182.408 150.971 101.533 2.057
88.967 15.612 92.448 2.146
-85.916 88.962 165.136 1.853
-160.101 188.979 181.994 2.095
-67.231 111.824 165.433 1.970
-200.270 -28.727 153.761 1.804
53.518 -45.112 19.067 2.078
-69.453 97.719 -94.491 2.063
161.755 154.400 82.201 2.163
-135.119 -112.509 0.289 1.890
89.846 147.489 -83.989 2.080
30.798 -142.303 -43.535 1.807
59.723 -109.456 -139.863 2.010
140.452 179.634 7.883 1.896
9.381 -0.172 20.428 2.066
-115.632 114.768 -141.278 2.059
-122.503 -172.257 196.545 1.901
-157.731 -123.815 91.597 1.930
-143.235 -31.393 -31.995 2.062
150.392 -34.693 -91.835 2.041
-152.578 167.648 -17.616 1.893
-55.829 -129.288 -55.329 1.955
201.902 -81.165 199.859 2.061
-137.958 57.809 96.299 1.751
-180.954 52.187 -126.918 2.077
158.442 167.295 -141.693 1.984
52.983 71.910 -62.938 1.978
127.269 -109.398 -21.864 1.895
-41.352 -125.193 127.087 2.108
-139.209 -24.339 198.395 2.048
-214.585 126.354 191.676 1.975
197.150 -93.877 -79.696 1.978
-20.051 159.338 50.512 1.999
-38.641 -134.202 -11.123 1.988
-27.873 -37.920 -186.428 1.914
-29.021 142.662 30.601 1.982
-0.984 -135.526 -196.754 2.005
-80.071 170.309 -37.016 1.829
200.675 63.855 37.425 1.982
191.616 -172.851 102.898 1.943
-169.381 184.210 14.973 2.052
197.366 -53.794 121.886 1.904
68.394 -34.597 30.881 2.134
-45.503 21.223 -176.203 2.189
136.804 54.461 -107.347 2.230
197.169 122.470 -187.071 2.060
-204.605 97.684 -35.357 1.945
-214.911 -95.338 78.064 1.915
19.136 39.734 86.781 1.990
138.789 167.488 25.842 1.948
129.086 23.080 59.257 1.871
-217.526 -183.866 -84.867 1.739
-13.593 -75.995 48.002 1.799
178.552 65.891 -31.552 2.040
134.781 -135.932 159.555 1.875
124.479 111.191 -19.623 2.029
92.049 125.704 35.527 2.026
-172.578 86.745 61.152 1.930
-122.968 94.125 -6.309 1.876
18.900 -51.710 -0.113 2.072
-190.367 159.396 12.024 2.143
67.426 -10.587 -198.752 1.793
177.127 1.377 -20.390 1.987
-210.670 -175.918 28.085 1.952
28.704 66.698 -163.918 2.200
98.004 36.619 77.366 1.901
-101.532 174.474 -149.826 1.899
221.031 75.375 -23.864 2.125
37.101 -156.896 -48.104 2.057
214.220 -30.599 123.598 2.089
22.316 -188.165 25.709 2.331
73.756 12.043 124.709 2.091
-129.618 -93.322 -65.045 1.979
30.374 -74.499 -182.527 2.034
-135.804 -128.472 -63.227 1.976
20.217 -158.574 -85.537 2.167
-161.586 -33.652 -102.000 1.956
41.064 -134.543 -67.173 2.011
53.159 27.580 32.282 1.930
208.855 -147.421 -125.352 2.071
-10.304 -139.183 176.245 2.049
100.084 -79.236 -63.180 1.941
-23.836 -120.962 36.534 1.998
114.456 -184.675 70.904 1.863
-4.398 -12.325 -89.329 1.920
-70.632 74.996 86.790 1.964
142.824 -26.112 74.148 2.076
129.535 -161.008 148.221 1.940
-193.867 34.797 -147.903 2.080
-158.557 -118.917 124.009 1.902
214.203 111.970 168.775 2.043
163.585 -132.815 27.040 1.947
186.226 73.393 70.422 1.966
-45.535 137.167 104.261 2.012
12.111 -81.150 -195.860 2.000
114.190 -86.791 101.680 1.944
65.355 64.445 -183.698 2.071
-19.097 96.939 -148.153 1.900
-38.854 -124.874 -108.712 1.917
-14.813 -53.526 132.885 2.000
186.621 -90.675 28.513 2.102
-105.483 94.144 -97.287 2.152
14.178 108.252 -198.593 1.861
-58.218 -71.141 -38.160 1.975
-221.401 -188.253 -5.197 1.944
-195.769 120.746 71.000 2.038
196.801 -85.949 143.324 1.964
182.917 93.704 64.961 2.078
-140.625 92.631 -68.913 1.893
-107.139 -32.616 -7.305 1.989
-97.390 11.527 41.809 2.076
-135.905 38.960 193.603 1.976
161.360 -96.481 -162.030 2.206
111.198 -89.816 -113.732 1.857
175.422 10.974 -162.558 2.071
169.984 -5.552 46.428 1.954
-54.270 -148.498 -120.083 2.151
-131.964 8.356 125.153 1.952
198.034 -10.908 19.551 1.971
-183.345 -146.267 -81.082 1.962
-50.052 128.864 34.807 1.890
147.554 53.130 11.965 2.047
-77.290 -175.807 -37.385 2.039
-145.535 7.249 179.387 2.083
-221.746 -74.726 -81.612 2.041
201.063 -34.665 11.067 1.974
-209.871 101.283 73.420 1.986
221.413 -79.210 -125.437 2.003
-1.573 167.156 -88.751 1.950
200.714 -59.525 93.939 2.031
-175.328 -83.341 29.720 2.121
99.004 2.334 -150.486 2.103
137.392 140.009 109.389 2.066
76.309 -32.055 87.100 2.061
29.887 -1.176 -159.857 1.949
65.718 157.158 196.586 2.104
-172.504 -43.876 -161.635 2.065
-134.528 -44.432 -75.583 2.140
107.579 -69.730 189.537 1.943
-2.929 -3.587 8.040 1.923
74.167 136.535 -132.093 2.054
7.688 -25.770 -110.054 2.070
-41.540 -169.425 -168.550 1.935
108.551 34.914 45.447 1.972
195.290 -159.835 -40.941 1.910
-92.274 147.588 39.999 2.158
-50.237 29.753 27.931 2.062
194.746 -64.420 -194.940 2.074
122.376 72.483 -122.631 1.956
69.104 -108.552 156.063 1.859
107.800 -136.778 171.199 2.062
131.191 -111.265 -69.026 2.027
136.679 -124.539 -123.558 1.910
148.646 -91.057 119.542 1.751
-143.344 45.607 187.535 1.811
-120.600 -130.215 -3.769 1.997
-114.782 6.430 -107.487 1.839
-6.043 65.795 -128.698 2.030
81.285 -12.900 167.118 1.786
139.085 -88.283 159.674 1.882
212.675 -80.105 -43.678 1.921
221.962 0.073 -155.749 1.998
197.256 92.545 -103.174 1.973
-12.255 -97.583 161.261 2.194
99.533 27.565 45.902 1.953
-111.716 151.052 100.768 1.870
53.582 -138.501 -48.596 1.806
219.205 98.933 61.507 2.142
-72.105 30.537 -197.051 1.771
50.746 -51.679 71.251 2.000
-62.167 99.565 182.626 2.080
-100.921 140.769 -19.052 1.852
-70.574 119.167 -116.047 1.955
-52.659 -137.310 -132.970 2.013
191.339 73.203 136.162 1.942
-24.326 175.097 -142.844 2.079
-93.165 101.778 -174.330 2.222
-118.401 61.325 147.168 2.195
-71.962 121.332 35.467 1.936
218.128 82.146 -83.185 1.918
18.954 107.369 71.313 2.058
-218.897 -22.046 -104.934 1.799
-42.679 119.424 53.377 2.251
132.395 166.878 -161.844 2.044
38.550 -119.000 33.237 2.213
151.140 -147.099 131.634 2.120
87.286 136.121 -145.988 1.862
63.170 -31.137 155.424 1.921
-35.387 69.940 113.443 1.805
45.479 -44.773 140.820 1.870
14.848 -137.645 -159.556 1.917
-212.338 120.900 -6.975 2.087
81.023 -29.592 -159.181 1.817
119.198 79.867 69.035 2.059
-126.152 135.170 56.036 2.005
162.061 -13.940 154.489 1.969
139.340 -40.796 75.012 1.934
171.555 54.811 64.970 2.206
149.545 -166.078 138.933 1.940
167.389 -103.103 -139.661 2.021
214.477 -162.275 33.335 1.830
32.948 -146.558 -18.335 1.969
26.514 -35.297 118.576 2.035
-176.023 177.359 -127.109 1.981
222.556 -103.914 113.521 1.873
101.441 -158.010 39.576 1.920
133.898 128.723 -164.236 2.048
137.636 -44.402 71.009 2.047
-143.349 -95.869 38.455 1.873
52.001 24.601 114.340 2.035
140.221 23.728 196.835 1.886
-193.217 65.595 -189.500 2.074
-200.701 -91.558 -145.749 2.095
-132.374 185.160 -96.893 1.992
-115.772 185.702 13.271 1.992
151.832 -96.042 112.033 2.083
-88.095 -102.956 -48.199 1.768
-135.414 61.912 48.450 2.073
-149.824 -57.407 -27.338 1.985
74.197 38.544 191.608 1.915
-46.895 56.940 197.358 2.041
-223.246 27.047 -157.225 1.972
220.568 47.312 165.073 1.968
127.765 -164.193 42.963 1.897
-187.796 -3.653 44.766 2.106
-121.175 157.341 -2.486 1.864
-158.863 21.246 -122.460 1.982
-94.694 160.775 49.365 2.084
-143.786 -104.371 -43.481 2.110
171.325 -132.318 9.410 2.083
14.183 -154.338 -182.980 1.978
-163.566 189.735 134.193 1.882
93.043 -96.908 -186.921 1.989
-159.281 173.992 -111.567 1.884
-4.184 -48.035 -65.784 1.959
90.733 126.993 82.648 2.152
177.628 4.245 52.906 1.855
133.431 104.419 -37.449 2.098
-190.163 -131.865 -182.151 1.925
224.535 -7.290 74.164 1.836
-73.644 141.756 174.146 2.102
-223.538 148.859 82.668 1.979
-171.366 -100.004 -83.568 2.015
122.702 -133.846 65.471 2.123
-215.950 -67.529 -0.041 1.973
-178.847 23.523 -121.721 1.951
-193.308 -91.073 5.642 1.897
65.409 -127.434 82.411 1.809
0.341 -76.747 -33.503 2.060
4.534 -121.304 174.827 1.900
115.799 66.052 61.979 2.013
36.063 141.003 -153.740 2.152
50.939 -105.636 179.310 2.103
-131.505 -74.894 -89.710 1.938
144.292 56.646 -58.997 1.928
8.442 -7.676 38.066 1.978
4.111 39.197 -58.493 1.858
146.401 67.699 -1.844 2.144
-36.718 -44.679 163.616 1.998
210.945 -178.326 -129.016 1.908
-205.970 -105.871 -10.345 1.819
191.564 -85.994 -145.856 1.783
18.547 18.716 106.243 1.777
125.509 47.899 -49.524 1.993
-140.322 -92.442 161.761 1.877
126.063 58.180 -142.656 2.022
-193.622 86.187 -62.442 2.025
-102.337 55.950 29.279 1.844
-147.054 4.139 118.922 1.855
-162.383 22.794 28.201 1.772
72.243 111.091 50.429 2.077
29.054 98.477 75.283 1.950
-68.496 33.549 -96.250 1.916
181.510 100.184 -161.263 1.941
124.964 -73.815 -188.595 2.144
120.986 84.686 144.800 2.150
220.038 59.695 -38.097 1.967
-172.828 -51.556 189.729 1.922
-119.934 41.127 -82.184 2.135
-118.094 20.440 115.870 2.127
-18.797 -23.085 175.024 1.991
-192.569 -123.285 -179.937 1.969
-199.058 -32.870 -28.253 2.037
-207.720 187.131 -122.753 2.077
30.267 -72.246 174.433 2.077
-16.973 -26.409 -104.235 2.028
149.307 106.235 13.540 2.032
-47.836 -179.863 185.763 1.990
-172.279 -89.542 151.519 2.027
-202.516 182.682 -112.022 2.043
-134.710 51.748 23.520 1.893
-9.445 51.185 -95.401 2.118
-87.900 -27.932 -160.071 1.949
-56.288 152.820 -48.110 1.829
92.881 62.653 -164.312 2.096
61.304 67.557 61.130 2.077
-120.679 -44.123 181.573 2.053
212.428 -67.831 -111.774 1.946
-160.644 -120.425 -75.745 2.004
14.452 136.593 -108.978 1.985
95.494 65.607 -110.980 1.961
-180.637 -158.064 -66.331 1.953
65.021 15.440 -178.450 1.992
90.780 98.174 -197.671 1.928
-45.967 -129.944 49.725 2.136
47.652 141.809 -153.180 1.998
-213.153 150.857 130.711 1.974
148.557 126.707 -69.942 2.188
-104.314 -143.617 -156.854 1.870
-153.499 -67.164 121.879 2.044
223.236 -143.496 56.094 2.014
-205.682 -108.184 -54.482 2.014
-29.105 13.828 131.761 1.944
-99.381 -134.782 -140.013 1.968
-43.631 -51.348 -148.474 2.029
156.055 -172.982 93.176 2.017
-160.019 103.947 -38.096 2.065
-209.346 139.437 167.334 2.187
18.293 161.337 -129.968 2.055
-197.920 168.784 198.048 2.069
0.237 86.091 91.124 1.975
-132.368 -37.528 170.779 1.971
-24.212 -126.755 -176.342 1.844
219.553 151.248 139.898 2.004
179.996 -33.863 -8.508 1.998
-60.839 -100.630 -175.174 1.975
-177.158 -29.654 133.294 2.002
56.517 131.362 -84.350 1.823
-103.320 -103.433 -174.941 2.086
-89.947 -101.143 -141.368 1.999
106.515 -174.929 5.477 2.020
211.539 -112.965 99.049 2.040
-4.313 83.581 68.285 2.048
135.113 2.809 53.392 2.102
87.390 179.355 80.574 2.017
97.027 82.796 -12.758 2.049
-69.250 120.269 64.831 2.034
-163.546 126.071 175.598 2.020
-97.078 -165.850 -197.652 1.923
-44.063 46.053 -92.907 1.908
79.840 105.635 129.494 2.008
144.416 -90.333 -108.165 1.918
-2.720 172.290 -181.820 2.010
73.997 -157.889 72.652 2.019
44.239 -47.490 12.814 1.893
194.660 96.606 -45.452 2.024
176.493 -121.949 177.327 1.867
164.843 -0.245 -26.818 2.126
173.932 -16.469 -148.521 2.060
190.873 51.462 -5.243 2.114
212.294 15.097 -137.816 2.078
150.510 -115.713 -35.368 2.030
151.640 -71.011 24.907 2.049
-173.632 -177.847 -169.593 2.041
-163.583 113.120 -115.819 1.975
218.143 -38.407 -130.254 1.839
-55.197 -181.238 -102.253 2.063
129.558 48.268 -186.686 1.841
-93.451 -178.579 -160.609 1.932
187.831 -64.689 -108.002 1.961
-69.675 22.908 90.800 2.141
-144.540 128.889 -115.939 1.920
117.305 130.577 40.418 1.976
46.662 -41.787 -48.696 1.985
5.340 -122.001 13.169 1.843
162.371 74.302 -48.270 1.851
86.477 -56.870 -130.234 2.232
154.732 -93.568 -144.131 2.006
191.318 -104.170 -22.531 1.933
121.496 173.502 38.176 1.978
86.648 -39.364 -16.449 2.012
116.692 107.775 -82.219 1.871
82.870 -85.539 -16.485 1.893
-154.539 18.310 117.237 2.030
121.406 -20.361 197.293 2.000
217.034 -15.451 100.025 1.946
-183.439 -103.748 197.192 1.992
48.748 -155.975 -105.553 2.078
112.165 90.447 -134.093 2.139
59.912 59.987 -133.026 1.939
-207.163 -88.148 115.929 1.927
16.199 -101.143 50.830 2.018
-80.270 85.155 -190.980 2.086
100.471 -35.637 30.960 1.981
162.014 187.179 62.958 2.000
160.083 -116.795 -162.539 2.033
-58.604 -156.644 -51.661 2.027
-179.024 48.214 172.117 2.078
-4.980 183.055 89.639 1.895
-171.477 50.376 179.903 2.111
24.545 -132.942 87.054 2.102
9.122 72.986 -177.465 2.130
-93.592 -156.958 23.170 2.148
48.339 35.164 64.651 1.985
-69.534 161.990 -72.997 1.943
-189.577 -34.874 -15.743 1.898
223.839 31.428 89.605 1.763
189.551 102.429 8.906 2.004
71.098 -40.525 160.582 2.093
-34.982 -10.127 118.522 2.052
95.568 57.416 -128.375 2.022
-43.813 102.127 119.039 2.205
1.480 -60.353 152.723 2.124
40.608 -63.574 63.864 1.994
6.985 -4.373 1.158 2.177
-190.787 -145.567 -98.250 2.036
123.050 -90.438 -184.426 2.082
-26.396 -111.246 -86.895 2.010
-137.640 176.071 102.861 1.999
219.178 129.745 -116.758 2.086
-191.272 -10.154 -112.719 2.096
-102.360 -89.685 11.953 2.095
70.486 53.852 -151.760 1.804
-223.663 -174.276 122.571 1.917
59.503 102.715 -166.300 2.116
-42.723 80.213 167.702 1.956
-114.846 165.754 29.951 1.870
155.989 -66.161 9.462 1.995
-64.224 188.750 168.717 2.102
125.524 -146.521 111.636 1.977
-123.490 98.353 -2.574 2.041
-70.865 147.388 51.483 1.979
-42.381 172.369 148.421 1.968
-152.890 -19.627 165.764 2.029
74.396 109.011 93.029 2.073
-91.647 29.696 -50.724 1.931
79.687 -30.925 49.672 2.024
194.249 -187.299 123.020 1.921
-79.386 177.672 68.932 2.036
-175.448 -174.802 -77.931 2.022
-212.002 -86.123 63.421 1.991
-17.294 -127.239 -17.282 2.022
-48.341 125.618 38.905 2.089
-58.783 -32.807 -57.362 2.032
164.047 187.893 143.443 1.960
-91.475 -158.483 -110.213 1.874
-29.059 103.432 -58.122 1.993
-5.175 29.538 -161.440 2.083
140.894 -106.803 139.138 1.939
-158.700 -126.255 -4.879 1.927
97.605 -105.798 155.039 1.923
113.925 98.228 59.410 1.961
-215.017 166.946 -114.990 1.907
55.478 -33.004 44.768 1.851
178.462 -84.370 -138.318 1.854
180.317 -147.921 -16.663 2.082
79.982 139.693 13.375 1.988
31.308 -6.258 24.570 1.994
162.554 -138.655 107.130 2.133
6.129 147.887 -27.405 2.095
-92.869 67.056 -147.593 2.035
214.398 168.647 195.373 1.949
120.122 131.312 -94.863 2.031
-118.689 -71.984 -113.280 1.876
-153.969 -162.936 132.287 2.139
190.585 -131.860 -196.488 2.003
50.233 46.230 82.276 1.974
16.912 21.799 33.090 1.948
-206.719 126.739 -190.239 2.020
-140.632 45.164 -173.658 1.959
76.615 137.960 130.340 1.799
-0.842 -141.409 -39.472 1.861
-79.248 -86.994 171.578 1.813
121.091 28.954 -123.754 2.107
-33.086 -156.055 185.391 2.105
25.789 90.730 78.883 2.052
-111.821 73.955 -47.740 2.116
-130.625 -61.489 140.255 1.868
-50.526 153.587 -65.824 1.864
129.767 -59.670 1.492 1.995
1.754 -172.011 -50.067 2.069
-25.473 89.282 172.640 1.997
30.766 -33.283 103.869 1.938
-101.566 141.100 -158.302 1.979
-150.934 65.490 -82.426 1.975
-31.309 132.553 87.205 1.750
-157.722 -65.741 -34.001 1.904
-45.452 -185.091 -133.257 2.023
180.677 -181.672 2.500 2.149
180.934 -148.423 131.696 2.004
44.541 -17.492 -78.389 2.125
-7.558 -2.705 -81.679 1.789
44.044 -164.191 -85.364 2.043
20.219 166.540 -156.752 2.109
-145.700 -146.635 110.618 1.947
125.501 96.421 130.899 2.034
139.939 -173.309 -108.002 2.113
-20.903 -27.182 97.970 2.081
15.069 182.298 53.643 2.096
-197.980 75.112 -2.963 1.881
-156.663 -1.034 -174.960 2.130
-188.579 93.089 -135.790 1.957
-179.348 -173.490 -93.717 2.003
104.817 17.383 101.551 2.030
-62.917 85.459 -56.710 2.125
7.177 -125.346 -75.227 2.063
19.487 14.744 135.471 1.990
51.138 -52.983 190.034 2.067
44.620 180.404 74.024 1.869
38.888 -161.944 -17.170 2.112
199.625 157.384 132.111 2.005
-108.813 -137.858 -78.383 1.858
220.293 -174.041 18.805 2.020
-30.065 99.783 144.912 1.853
-105.089 26.900 165.600 2.022
-108.928 17.311 -158.773 1.857
-172.500 -33.965 -76.264 1.928
-168.857 130.944 -24.343 2.018
141.383 66.210 -138.703 1.960
-224.231 -152.366 -121.151 2.176
75.051 -161.049 -51.241 1.840
142.493 -80.025 -164.485 2.226
-79.110 -41.107 3.516 1.909
-198.495 53.471 -57.108 2.075
8.587 183.846 199.027 2.018
-155.151 90.533 -50.646 2.022
30.202 -35.785 -171.105 2.118
223.161 -168.288 -18.438 2.060
9.351 -174.658 3.805 2.012
119.033 37.930 39.121 1.909
-207.574 23.956 136.158 1.996
64.646 -153.657 69.365 2.056
30.761 -163.555 130.155 1.935
-42.676 -74.738 -64.842 1.950
-202.988 -150.912 -6.005 1.912
158.333 44.074 167.302 1.962
-98.536 175.220 198.222 2.033
-85.076 -136.774 -92.653 1.859
135.635 121.014 52.220 2.047
74.877 159.230 -15.601 1.964
158.850 9.269 182.223 2.072
-181.408 141.946 -23.938 1.993
8.765 18.898 -10.159 1.937
136.650 -56.752 -30.048 1.832
-16.377 160.840 -150.455 2.058
214.534 -70.932 -29.395 1.967
-212.858 -139.159 107.010 2.049
131.507 150.626 24.688 1.900
-114.737 -136.051 123.320 1.902
173.781 -85.822 -3.858 1.957
23.910 174.924 -145.990 1.901
-39.548 -171.234 149.900 1.929
114.668 -38.531 29.614 2.102
-4.147 -152.036 171.038 2.020
217.594 158.053 80.083 1.895
124.273 21.612 -162.776 1.987
158.563 -37.623 42.794 1.950
36.347 18.088 -51.885 2.165
82.289 124.851 -10.307 2.233
136.475 -174.695 -158.950 1.966
182.764 158.794 -38.862 2.132
-73.138 -19.258 36.709 1.881
-88.449 -135.827 86.818 1.977
-149.469 -60.979 -119.827 1.992
-111.377 -71.348 -114.978 2.001
-115.280 32.316 -23.666 1.941
-89.042 51.872 -40.866 2.086
29.522 -27.962 183.442 1.896
-91.817 -53.938 -35.630 2.040
-8.000 -124.141 157.581 1.909
174.906 35.177 -144.546 1.914
-130.856 -19.766 -29.532 2.146
30.845 45.219 0.719 1.881
-177.078 58.970 -80.035 2.033
-178.263 -123.823 192.134 1.934
-117.995 124.411 166.047 2.133
161.869 65.546 -160.470 1.959
144.459 -22.165 -153.552 2.091
-193.895 75.913 -93.775 1.962
-129.472 40.142 -66.634 1.967
-4.497 -125.512 -186.460 1.973
-95.847 43.170 94.438 1.973
-32.034 -84.493 -170.422 1.872
-171.286 -43.544 -175.905 1.940
64.993 -112.696 -100.352 2.056
38.195 3.326 150.756 2.006
175.344 -80.740 61.818 1.898
210.392 -79.441 24.854 2.129
-75.560 -14.845 99.460 2.040
-12.481 -161.319 -98.673 2.036
-180.555 31.792 -113.649 1.911
-114.305 135.546 -14.163 1.953
88.863 109.729 -111.482 1.925
102.188 106.331 12.958 1.950
114.876 169.576 -94.709 2.042
-213.536 -100.181 -151.599 2.004
-17.528 -11.677 21.860 2.344
-24.892 40.016 163.385 2.005
-8.124 175.258 28.715 1.951
-46.506 -102.545 85.343 1.890
-140.660 167.387 10.371 1.928
-15.644 90.219 178.750 2.086
116.808 -63.639 -39.445 1.844
52.579 103.539 176.479 2.136
-14.032 -28.951 134.958 1.961
110.521 140.020 65.736 1.983
-42.217 55.154 -188.894 1.798
1.327 -50.686 -168.158 1.897
144.322 42.318 -145.006 2.061
-175.253 -141.725 84.052 1.952
170.398 96.073 -115.850 2.134
97.273 -172.316 184.450 2.048
-77.733 176.495 39.933 2.220
-222.515 164.014 29.116 1.830
-196.959 79.343 135.604 1.942
113.883 58.744 -182.596 1.775
-174.720 -103.145 179.329 2.008
129.580 121.382 32.470 1.886
131.854 92.879 33.263 1.970
-120.925 -152.143 23.579 2.092
-100.161 116.451 -74.434 1.899
128.401 -75.961 -147.205 1.830
-156.407 163.862 191.690 2.035
32.759 188.623 51.654 2.111
-210.334 -20.665 -28.612 2.006
11.827 164.505 144.333 2.067
30.644 -139.573 115.521 1.979
77.055 3.315 -10.865 2.195
-0.831 -65.491 151.591 1.816
212.770 40.382 41.237 2.102
-14.554 108.156 -103.764 1.990
-197.246 100.774 188.373 1.958
36.717 -163.815 -166.113 2.131
201.511 -75.311 92.096 1.906
136.052 -80.423 173.963 1.810
165.348 64.914 -88.952 2.109
-38.371 -171.884 -32.366 2.001
193.673 73.721 49.303 2.002
30.919 -120.950 83.415 1.861
217.623 -123.442 -88.352 2.182
-181.440 5.577 -149.712 2.113
30.225 98.563 174.970 2.162
215.279 -20.018 -125.314 1.888
-167.875 -91.280 -18.461 2.128
-115.041 153.443 137.321 2.120
47.833 -86.929 13.852 1.935
-123.552 -170.089 -28.556 1.814
-92.889 -173.357 -53.645 1.867
28.332 -109.115 -182.030 1.956
-139.990 37.294 -148.490 1.950
-163.716 -103.266 -1.128 1.889
-73.137 -30.684 138.213 1.926
-68.011 95.328 -101.847 2.132
203.054 -144.001 -79.878 1.839
-54.944 175.438 -15.585 1.937
-113.277 -19.160 -117.788 1.836
37.467 111.119 14.369 2.150
187.406 -153.565 -78.067 1.933
-173.430 55.794 175.816 1.877
-127.565 -125.099 34.588 1.885
-11.995 78.105 179.464 2.020
13.140 -113.027 -91.228 1.981
124.077 -31.118 -110.047 2.060
101.460 73.237 -113.260 2.183
-105.679 75.092 9.068 1.949
150.743 -89.723 -183.948 1.791
24.853 -44.409 -84.920 2.141
-81.793 51.437 -108.426 2.057
34.253 -20.369 68.585 1.843
-149.269 35.432 -85.888 1.812
35.548 -176.119 30.480 1.929
116.004 -134.786 -192.466 1.977
211.482 -118.565 92.927 2.018
20.124 -174.357 73.444 1.858
157.518 -42.844 -111.079 2.090
-191.391 -6.151 -100.339 2.071
168.643 132.952 -3.483 2.093
96.770 -162.982 -82.459 2.111
-189.185 134.806 9.967 2.137
23.003 -9.796 194.349 2.046
-52.177 20.940 -120.293 2.061
-194.170 42.435 -100.072 1.947
-29.174 6.850 -87.063 2.161
173.568 155.235 187.315 1.790
103.262 -46.453 -35.603 2.055
-65.681 64.409 145.915 1.912
109.123 -51.147 114.700 2.092
-6.511 -104.692 20.759 2.158
31.868 -89.812 14.244 2.004
-145.963 -64.874 -38.608 1.857
-217.030 -41.733 -173.050 1.968
-16.027 129.530 195.583 1.946
128.767 15.691 96.582 2.083
186.508 83.252 -183.098 1.980
26.691 187.559 114.034 1.960
131.993 -115.332 113.969 2.077
-135.126 173.224 24.267 1.947
-148.327 144.318 -174.319 2.064
-182.611 -174.514 -47.839 1.835
41.996 63.858 -78.383 2.024
35.502 -57.121 142.398 2.065
66.793 77.520 191.051 2.136
-55.732 8.704 -109.943 1.863
101.496 -122.584 -190.267 2.073
6.257 155.703 -185.886 2.064
-208.738 -60.544 -39.541 2.062
-198.288 -6.894 -135.730 1.942
71.556 71.132 -43.874 2.004
85.720 -120.148 -174.982 2.083
133.002 126.090 154.520 2.080
185.687 -174.444 136.430 1.977
-39.746 169.966 145.041 1.907
24.428 118.595 22.546 1.960
-137.384 -74.804 0.151 2.112
-64.308 -154.479 105.759 1.950
222.870 75.558 42.406 2.014
179.310 -151.316 -114.926 2.071
41.448 -6.554 109.806 1.919
8.803 -181.259 198.339 2.029
141.212 -169.906 102.672 2.012
99.632 113.215 -34.339 2.004
-15.299 82.413 -141.442 2.065
-116.862 -133.776 67.364 1.921
104.415 42.257 -196.663 1.963
36.192 -117.648 145.257 2.213
17.687 -115.593 -28.800 2.161
25.773 -129.978 40.951 2.051
181.503 89.324 -63.649 1.959
-206.676 15.000 -95.696 2.133
-80.749 81.420 188.597 2.082
-224.529 137.805 32.432 2.079
-97.992 89.314 186.055 1.996
135.042 174.885 -170.647 1.921
24.419 175.121 -80.195 1.983
-26.123 130.333 108.834 1.930
-107.504 163.119 30.459 2.104
189.228 181.260 -38.891 1.784
-26.613 -85.228 80.961 1.929
102.247 63.206 -192.829 2.014
74.794 94.163 -62.488 2.041
130.912 -98.914 102.641 2.064
-19.324 -82.017 176.229 1.903
66.168 104.289 144.869 2.052
-207.439 71.040 95.683 2.067
-0.817 70.266 -112.280 1.997
-61.366 133.064 -51.475 2.020
-106.608 -103.803 123.023 1.939
-180.522 56.251 145.865 2.074
96.030 108.819 -22.137 2.099
-75.793 -62.448 -36.623 2.035
-77.126 8.166 163.439 1.969
-71.075 12.084 110.465 2.017
38.824 126.235 -98.815 1.991
51.023 178.274 -123.495 2.068
-15.581 134.851 7.182 1.904
-115.119 155.780 12.033 1.939
-179.313 74.557 183.014 1.949
72.112 189.006 143.732 1.942
208.436 149.116 6.032 2.019
111.721 -32.251 -98.334 1.940
155.335 -119.801 140.460 1.963
69.317 9.018 104.633 2.025
121.423 122.649 173.661 2.069
-18.937 -49.064 -75.435 1.985
77.655 39.218 -118.772 1.917
64.773 6.506 115.199 1.961
-44.613 17.589 -71.354 1.835
-41.319 -3.987 -175.931 2.005
15.949 171.266 22.537 1.940
-31.582 -170.324 -134.012 2.079
-58.445 -40.065 -76.741 2.014
9.871 -173.930 132.346 1.763
65.110 167.366 -75.334 2.069
208.663 7.127 178.212 2.036
-102.350 -104.723 -30.883 2.115
149.313 -151.396 75.491 1.896
156.614 -74.472 -132.199 2.128
48.439 -74.323 102.002 2.121
-162.467 -184.017 -157.329 1.971
34.100 -25.624 174.856 1.902
-91.237 178.841 -101.429 1.889
-20.007 -32.418 -186.455 2.042
156.339 34.752 -19.306 1.861
101.391 -76.066 -164.375 1.843
-141.739 -117.986 91.059 2.252
204.004 29.012 10.826 2.087
100.211 -139.535 -165.479 1.804
100.782 -28.665 -32.972 1.985
-5.441 173.787 7.266 2.006
-223.822 -144.498 99.352 1.797
-156.053 -177.926 133.524 2.070
-25.965 -56.422 -162.753 1.995
-188.581 -69.334 175.023 2.089
12.514 -121.113 -132.850 2.014
18.101 141.472 92.561 1.883
-137.312 60.794 -129.290 1.963
110.584 -184.515 -29.495 1.930
-123.657 -63.148 -82.136 2.131
202.851 111.214 178.914 1.887
-160.321 -15.996 14.609 1.982
-205.690 -34.272 196.584 1.838
167.186 120.446 -169.488 1.918
17.535 141.217 152.612 1.959
-80.531 33.524 -138.055 1.962
-95.407 -124.825 98.052 1.851
138.502 69.011 124.402 2.048
79.003 48.812 -149.910 1.957
162.161 -112.265 -60.898 2.047
95.980 -167.707 -55.963 2.078
-78.670 174.508 35.761 2.056
-199.802 -158.728 -113.161 1.855
155.455 -124.121 31.363 1.983
89.657 -69.204 114.117 2.018
157.515 135.045 57.854 2.104
205.430 -39.912 -165.596 1.940
127.024 -48.384 -11.019 2.085
-84.779 58.829 -169.547 2.102
7.161 -110.647 106.738 1.999
-163.182 103.587 28.958 2.109
52.398 58.027 19.680 1.720
-102.562 168.637 -175.204 2.149
-120.019 166.527 -194.309 1.943
27.647 102.054 142.106 1.962
104.928 132.778 -75.415 1.932
-71.264 -127.517 -72.661 2.032
206.188 141.750 -166.702 1.999
-122.210 -48.702 112.188 1.948
-70.251 -146.228 176.552 1.927
14.085 118.555 -30.398 1.989
133.828 -107.661 -107.371 1.916
168.488 -103.866 -54.720 1.869
-171.332 102.700 192.420 1.812
-100.966 41.219 -7.776 1.916
-74.457 -146.116 6.543 2.009
-183.188 -0.408 -48.898 2.237
-104.416 -144.410 -31.185 2.034
129.928 185.028 -65.681 2.115
180.574 41.489 172.863 2.123
-218.564 10.576 -35.594 2.087
135.307 -2.826 -12.518 2.058
185.429 -172.130 -41.278 2.119
10.473 -167.976 -96.417 1.895
-114.319 -43.816 -64.706 1.995
46.721 117.645 124.313 2.132
147.013 -38.594 130.285 1.998
-214.554 179.008 -20.800 1.973
191.627 -97.115 54.345 2.085
-47.771 25.951 -185.734 2.126
115.084 61.817 -45.041 2.056
-219.024 -131.139 -178.975 2.011
96.657 165.942 197.237 2.049
-176.847 -34.238 -27.336 1.962
133.951 44.667 169.405 1.949
-39.273 90.288 -196.006 2.011
187.817 157.801 -160.314 2.005
212.210 86.766 -12.974 1.999
56.616 131.657 180.002 1.934
-161.317 -134.936 -33.481 2.105
-24.789 20.426 -186.940 2.086
-103.596 -52.943 199.762 2.203
-33.878 -164.168 -187.157 2.056
-118.973 -115.495 -82.593 1.788
4.778 -135.470 -81.385 1.861
-100.683 -127.521 -114.139 2.160
34.776 -153.921 44.738 2.071
171.420 -45.040 -158.605 1.978
-22.981 -50.245 20.491 1.879
17.304 -112.434 -114.819 2.031
-16.459 130.780 -189.850 1.865
-66.515 128.673 112.133 1.895
132.792 166.291 178.113 2.051
136.053 136.892 136.425 2.206
67.168 -182.027 -84.756 2.108
-125.286 -75.882 10.536 1.948
-154.966 -127.830 -120.105 2.112
133.241 153.689 190.274 2.041
170.859 59.425 179.583 1.886
-3.044 -50.983 59.407 2.037
83.706 -177.416 99.701 2.000
184.215 182.816 199.177 1.996
154.937 137.740 156.530 1.998
-9.405 -108.805 187.945 1.991
176.796 106.367 114.226 2.060
-138.049 -126.295 -53.657 2.012
170.758 -79.412 111.069 2.034
27.835 74.793 -76.477 2.131
-167.894 108.688 98.387 1.994
-98.715 172.978 -117.784 2.129
-26.408 138.150 115.262 2.083
27.090 24.253 -73.963 2.074
-124.809 -27.282 156.579 1.935
-69.984 -45.410 -4.012 1.963
85.838 -57.906 131.707 2.136
186.804 145.102 -157.876 1.914
-52.513 -65.846 -95.118 1.980
-68.731 158.983 -75.361 2.136
23.435 44.290 -85.581 1.998
115.628 -1.012 136.718 2.007
-85.393 -57.174 -196.428 1.966
-68.903 91.958 -171.989 2.014
-135.127 86.961 -30.781 1.920
-115.312 -109.956 -176.504 2.058
-183.616 70.304 -65.855 1.881
-63.427 -185.531 112.200 1.967
55.287 23.581 33.593 1.874
-162.188 63.561 -58.227 2.061
-109.527 135.450 -119.208 2.207
-11.169 -105.469 138.447 2.061
16.478 -50.611 -147.192 1.762
117.646 55.149 -165.215 1.813
210.705 167.201 -80.396 1.980
15.203 -107.310 55.112 2.041
128.224 -29.981 -134.678 2.178
217.606 144.549 170.880 1.820
79.430 147.302 47.306 2.002
-102.749 101.715 66.457 1.972
-81.658 63.872 -136.462 2.037
224.998 112.965 -4.737 1.810
-27.033 -50.240 42.098 1.855
-120.314 17.998 67.743 1.953
-139.195 -16.129 -69.804 2.015
-167.009 -15.319 -180.181 1.842
-20.854 160.889 -100.738 2.033
-111.510 -161.982 -137.074 1.835
104.868 73.520 -115.226 1.849
-217.868 127.867 179.708 2.099
-184.958 111.472 -65.431 1.955
-108.886 186.468 111.631 1.874
-187.133 -163.266 -42.183 2.049
23.965 -188.090 -4.775 2.081
-91.143 154.768 -172.028 1.985
216.907 -50.147 -41.082 1.879
-1.018 -136.607 -163.843 1.951
220.439 -170.463 89.565 2.036
-35.897 57.828 -2.773 1.909
-221.772 -48.798 47.394 2.032
109.820 -72.142 -94.330 1.785
142.049 187.254 23.842 1.885
-19.390 132.802 75.783 1.920
187.026 26.929 -121.541 2.087
201.034 110.706 46.329 1.851
106.451 183.798 -68.870 1.854
