107.929 -128.463 -146.458 2.088
-136.977 30.104 -110.180 1.921
-63.322 -139.603 33.357 1.960
42.821 169.379 -99.502 2.034
79.328 125.345 22.164 1.953
-194.221 -169.739 33.871 2.140
100.971 -40.309 -176.255 1.760
-79.798 -9.055 -100.145 2.041
-187.293 78.777 -182.331 1.907
54.433 110.875 -52.185 2.077
199.538 138.119 37.057 1.778
-107.641 -107.651 56.806 1.981
129.614 -176.098 -24.657 2.031
122.141 -112.657 -71.267 2.011
-190.769 140.954 -162.042 2.206
119.664 37.782 151.096 2.205
-137.846 149.838 -122.889 2.037
-28.936 -174.605 -171.142 1.841
35.501 -113.063 134.288 1.768
-107.864 -78.970 -40.566 2.047
-100.074 -151.900 35.365 1.926
-216.951 -110.111 -130.592 2.074
107.549 14.393 95.638 2.040
-113.368 6.022 -73.941 1.987
173.283 28.550 -163.143 2.058
-154.625 -98.162 -53.089 2.031
136.706 173.996 179.439 2.039
-100.155 -180.481 -184.471 1.896
57.846 -17.175 143.453 1.853
118.067 19.333 -120.252 1.951
192.034 -13.379 157.259 1.998
-62.031 10.978 -195.257 1.926
-157.825 -163.879 82.620 1.930
-150.772 146.236 -171.911 2.098
-97.051 156.840 179.807 2.020
-70.476 91.877 -129.353 1.968
223.906 88.177 -115.305 1.851
51.728 188.976 -55.513 1.920
-182.119 -19.560 58.086 1.920
-151.982 63.568 -129.788 1.876
181.774 -25.723 -78.200 2.153
222.525 48.193 177.388 1.938
137.822 -187.241 41.325 2.125
-157.961 -183.627 190.743 1.942
103.975 164.178 -140.905 2.055
-12.240 -77.021 107.409 2.144
86.319 -184.125 -68.414 1.970
-36.414 120.921 -70.983 1.934
-62.008 -41.460 29.999 1.927
-87.776 -109.558 85.587 1.967
44.312 -66.693 -26.312 1.977
-81.987 15.874 127.944 2.092
-146.130 5.093 -167.437 2.077
-100.710 -85.731 -59.712 1.828
-141.746 -189.711 6.043 1.865
-46.194 162.927 -96.897 2.058
-157.161 80.208 -98.695 2.035
-73.343 145.695 -115.282 1.971
176.772 -109.668 -148.096 2.010
-188.025 -104.343 103.628 2.032
147.794 140.438 -81.045 2.072
192.601 185.821 -34.252 2.057
29.086 28.992 -42.561 1.777
-154.406 116.757 28.272 2.118
-195.645 -104.717 171.138 2.115
132.885 111.328 139.220 1.969
93.470 75.117 187.481 1.962
132.881 -102.808 -128.864 1.915
207.202 136.855 13.075 1.965
-72.491 162.515 32.387 2.155
84.729 -4.060 -196.637 1.961
-74.833 -147.469 142.911 2.032
-1.781 182.712 77.113 2.023
41.631 -154.026 -120.861 1.968
202.706 31.871 -20.002 2.035
-180.607 -122.710 117.058 1.954
-110.700 -105.914 190.585 1.924
139.533 -98.226 98.634 2.057
-119.183 117.067 58.059 1.893
-103.201 136.089 -77.383 2.018
-152.101 -156.705 -196.358 2.181
-191.766 23.969 133.115 1.874
-209.862 2.469 171.536 2.201
-93.947 105.346 -135.070 1.994
-76.474 119.850 -164.656 2.106
-124.166 93.370 170.346 2.001
-31.010 -128.696 148.316 1.871
-6.586 103.156 124.056 2.023
86.643 -91.287 -155.647 1.939
-191.111 135.770 193.952 1.906
-137.757 -64.672 14.322 1.921
77.196 -20.053 155.890 2.035
-156.751 174.284 16.583 1.970
-173.864 -12.917 25.528 1.979
-40.393 -4.018 -4.068 1.881
30.712 67.101 188.641 2.060
-133.519 168.393 -89.706 1.954
174.799 176.273 -183.075 1.889
-16.206 129.030 -123.428 1.895
158.496 -181.708 -185.474 2.029
-87.260 68.410 51.101 2.023
5.924 125.550 144.111 1.965
124.896 -73.613 -72.152 2.075
42.755 -177.155 58.997 2.164
-118.492 16.772 190.471 1.953
-78.848 -47.569 90.413 1.991
-173.194 133.725 176.658 1.992
76.760 -155.373 -12.345 2.115
8.037 -136.385 4.576 2.014
161.010 5.681 138.654 1.917
-221.997 -127.854 -109.154 2.073
-223.550 14.815 -59.344 1.926
-94.592 -173.667 54.873 1.873
-146.250 -171.148 -35.628 2.023
187.706 27.782 -195.211 2.077
-112.186 -63.920 -95.121 2.074
173.128 86.217 -48.793 2.057
184.091 152.727 68.642 1.728
-173.330 -79.113 39.875 1.985
-192.678 -26.783 -132.866 2.068
17.250 -124.210 -160.781 2.178
52.714 -142.622 52.061 2.167
-120.314 -14.539 110.753 2.138
-0.881 -166.864 -75.972 2.017
-183.033 50.659 -66.877 2.096
221.208 -24.157 29.887 2.010
171.665 139.948 -38.565 1.905
17.782 59.605 175.549 2.175
-74.863 167.974 73.466 2.052
196.368 -187.707 -70.165 2.104
130.324 69.304 79.151 2.292
-215.017 112.345 121.017 2.089
37.392 132.998 160.677 1.849
-43.211 -47.490 -87.666 1.822
-129.889 158.553 174.412 1.988
102.570 -62.757 -120.374 1.962
113.307 -122.060 -138.476 2.163
97.539 -65.211 151.287 2.164
-110.980 -177.456 -121.947 2.056
-102.592 172.700 143.961 2.135
-38.635 -59.253 -104.291 2.012
-18.697 155.210 117.099 1.768
-222.586 -136.139 -83.392 1.895
209.287 111.075 36.654 2.014
-132.039 98.168 47.932 2.057
221.025 107.353 165.371 2.083
-219.749 -170.522 185.377 1.883
-39.803 -90.933 18.826 2.211
-62.304 -15.210 168.405 1.960
-2.308 129.095 190.461 2.063
-141.056 86.238 -183.728 2.121
223.573 -70.324 159.879 2.044
-195.022 -45.164 186.107 2.023
-133.056 116.176 -147.681 1.935
-124.772 82.482 30.529 2.114
30.269 -174.216 -25.228 1.918
34.831 148.839 184.721 1.908
186.270 187.643 10.847 2.192
-0.764 -13.428 193.020 2.083
120.211 -61.464 -146.641 2.123
50.216 -13.281 88.914 1.913
-103.866 168.827 -75.273 2.029
30.734 56.356 -96.327 2.134
100.112 160.986 -179.507 2.089
20.708 164.943 -32.570 1.995
123.348 17.096 -100.959 1.906
170.453 59.552 82.377 1.830
-51.421 -142.759 -64.591 2.110
53.188 -155.143 17.584 2.062
-95.528 122.607 159.048 2.119
-63.981 180.386 96.758 1.982
192.262 70.011 -71.259 1.818
76.189 26.442 -58.355 1.966
65.140 -167.963 123.980 1.938
224.081 99.321 37.016 1.959
110.857 -36.715 80.270 2.094
220.121 158.685 -87.394 1.942
77.629 -20.840 177.834 1.972
151.112 168.685 -14.855 1.998
216.461 -64.759 -160.833 1.937
71.909 174.688 181.898 2.037
143.072 179.837 181.472 2.103
-3.057 25.500 -81.916 1.907
-41.304 -103.866 -165.967 2.084
-17.277 9.675 94.940 1.970
-188.323 -134.434 -107.004 1.956
-61.813 29.887 -49.530 2.132
-145.859 -185.117 -138.144 2.019
224.362 14.714 -97.300 1.804
-35.507 18.221 -51.144 1.942
-89.082 59.948 -181.737 2.040
-122.173 106.922 59.271 2.019
35.810 64.661 -111.610 2.062
-194.808 -104.501 -16.877 1.950
110.363 -75.354 9.664 1.895
-221.796 12.215 -143.915 1.866
-94.636 -144.380 154.449 2.106
-6.951 149.151 53.243 2.009
177.435 120.930 62.714 2.081
78.678 120.366 -103.909 2.078
-37.218 171.717 112.942 2.107
-42.966 8.781 23.341 1.846
63.739 -100.092 92.397 1.881
-72.317 -34.689 -33.822 1.943
-85.073 -127.539 172.135 1.907
3.519 -28.485 -144.809 2.114
212.070 -38.682 -43.875 2.054
-213.376 8.567 40.052 1.874
91.859 158.279 82.420 2.080
-7.261 171.076 -65.138 1.908
177.185 -72.387 -179.841 2.094
-67.161 -83.021 12.412 1.946
200.054 60.466 79.826 2.285
221.627 129.404 166.795 1.996
-19.774 106.811 -158.531 1.924
50.562 77.876 178.382 1.933
26.373 12.536 -24.182 2.110
-76.216 -123.263 172.774 1.911
37.760 184.460 -62.566 2.012
145.675 64.320 -62.996 2.138
-221.093 -165.806 -129.541 1.925
224.864 146.190 -43.666 2.019
-222.464 -133.857 13.398 1.863
204.517 93.550 -191.719 1.969
-108.598 33.585 -46.136 1.980
-94.533 -45.905 -32.241 2.119
-42.329 -185.728 104.221 2.042
197.729 -138.277 -22.423 1.790
-134.337 -163.755 122.342 1.970
-183.467 60.657 -143.674 1.935
-49.026 132.609 -191.535 1.904
26.810 63.551 -192.216 1.808
1.575 -66.960 -83.961 1.921
-77.848 174.466 76.157 1.863
110.508 -31.827 80.193 2.065
133.173 59.771 -4.103 1.981
43.700 -10.430 74.749 2.151
-69.233 36.357 -41.189 2.031
149.756 -34.803 -139.207 1.982
-70.961 -144.917 89.877 2.001
-150.495 -9.607 -59.195 2.015
-146.009 162.400 15.140 1.926
39.808 86.250 111.338 1.924
-206.538 65.239 -17.746 2.220
-186.748 -133.703 57.509 1.848
-165.286 -24.304 -196.332 1.999
2.531 12.713 -24.896 1.893
-65.508 -105.873 105.504 1.889
-115.196 -176.400 -159.151 2.135
-196.565 15.043 -74.548 2.023
26.207 31.105 -4.751 1.986
149.423 129.860 73.568 2.087
-4.058 58.050 127.492 1.952
102.282 -40.950 64.596 1.982
137.091 189.472 -87.409 1.983
-206.764 -15.206 -96.585 1.983
-53.857 154.847 -10.787 1.960
11.005 -137.342 -196.242 2.154
18.669 -103.571 -86.603 1.961
-16.476 128.049 -150.590 2.056
-44.368 137.325 -106.141 1.802
160.005 81.676 -78.021 1.951
-128.268 98.735 -140.101 1.693
-199.286 -107.068 -9.911 2.059
-211.591 -187.896 -166.057 1.794
223.981 -45.408 140.931 2.054
-148.260 -185.458 95.944 1.920
122.349 -51.444 -149.134 2.096
-205.779 -167.494 36.793 2.117
-49.801 22.194 -20.126 2.063
169.478 -1.845 128.412 1.938
21.793 72.568 -172.737 1.957
-32.315 18.346 -82.543 1.858
-181.813 -38.433 127.857 2.011
145.555 84.936 -99.155 2.150
-63.596 -92.429 -118.852 2.084
-116.174 15.716 -137.328 1.886
164.038 -118.591 -35.397 2.036
124.637 -150.981 169.024 2.078
111.306 -8.293 -175.597 2.104
57.104 -59.439 -7.865 1.916
192.194 133.209 121.282 2.014
-189.934 170.357 -69.504 2.066
-32.368 142.757 166.001 1.932
-28.795 -189.039 5.483 2.118
107.535 96.992 -51.519 1.998
-154.640 -164.298 -10.929 1.971
182.084 160.041 149.098 2.017
9.971 -131.931 -63.393 2.020
-78.898 -125.041 178.695 1.870
-212.432 187.468 119.426 1.925
-204.583 133.231 -186.571 1.974
1.717 60.862 177.272 2.055
84.148 -14.344 -187.543 2.061
45.372 -2.602 198.286 2.169
-92.904 71.366 114.474 1.903
-40.276 5.813 90.737 1.965
-109.706 -42.411 -95.000 2.064
209.598 -174.795 -104.868 2.115
145.080 -55.302 22.052 2.024
-171.534 -46.440 -44.183 2.001
33.228 -136.053 62.388 1.960
212.536 22.644 -41.807 1.945
-32.174 28.042 -134.795 2.031
-179.160 -17.966 178.768 2.072
-78.886 12.122 -102.619 2.128
-111.845 -161.893 -189.397 2.048
-177.929 -112.681 55.943 1.977
109.826 75.364 -154.292 2.185
-155.635 163.520 -80.921 2.020
-43.829 -159.790 -66.901 1.886
10.754 -54.451 45.212 1.884
94.949 -54.378 0.832 1.923
-117.218 -160.318 -39.498 2.129
2.851 28.845 124.149 2.047
124.181 108.859 128.185 2.000
-57.057 2.230 164.760 2.001
-212.603 96.748 88.127 1.861
77.939 13.021 76.280 2.165
-58.560 -66.133 -144.837 2.066
122.059 187.490 -178.146 1.867
-120.980 19.711 145.806 1.862
-153.419 71.734 67.532 1.994
-171.972 -19.908 -11.059 2.031
145.460 137.891 -39.667 2.002
218.462 -94.117 155.374 1.936
24.606 -119.623 157.147 1.839
158.945 20.913 -21.319 2.084
-213.252 -169.584 152.914 1.991
-9.616 -126.312 129.506 1.833
-146.498 173.124 191.509 2.143
110.395 -11.691 -26.617 1.982
-200.877 -101.369 139.383 2.030
-215.378 -121.051 18.335 1.881
-224.950 -27.923 84.777 2.038
-14.953 155.446 -173.657 1.951
48.931 140.465 -94.603 2.127
-4.056 75.458 187.757 1.937
-18.679 -6.912 -83.344 2.060
-39.724 -118.157 163.797 2.054
173.333 26.509 99.995 1.854
-160.527 23.330 59.567 2.079
54.223 -42.864 91.537 1.980
102.415 -59.626 -15.438 1.952
183.503 151.004 -85.900 2.143
49.309 18.167 -198.577 2.051
-199.032 41.354 -6.562 2.000
-36.741 -147.452 -72.477 2.044
-57.969 -91.780 68.184 2.059
199.548 -100.053 -45.698 1.861
187.581 -125.671 -48.650 1.949
163.422 181.998 81.244 1.963
114.752 -175.341 -43.957 1.943
204.999 -104.000 21.812 1.961
-169.431 -117.951 60.531 2.048
-199.588 -85.216 -134.206 2.169
-3.338 169.162 30.019 2.090
-134.301 -111.744 46.391 1.953
102.369 -148.320 -52.434 1.950
-133.494 -48.096 38.711 2.015
131.690 -6.371 54.567 1.812
30.002 132.271 149.911 1.911
-208.139 -156.980 -137.342 1.963
85.257 -131.375 -61.381 1.838
221.768 -149.224 -140.845 2.019
156.309 64.240 -85.499 2.034
-67.918 -163.195 -44.417 1.791
-112.775 -9.340 118.929 2.142
-36.924 -149.634 -75.048 1.900
183.932 128.526 -23.616 1.935
-104.274 -73.346 -93.758 2.068
191.050 129.868 142.628 1.979
-108.870 -55.708 -88.870 1.966
194.564 -160.642 90.748 2.027
117.287 -87.358 -23.964 2.031
214.327 132.869 -193.126 1.956
110.358 -18.899 -186.349 1.858
103.205 117.063 -173.025 2.017
107.103 -77.588 -135.233 2.022
-165.957 123.759 -148.415 2.178
76.085 -39.646 119.143 2.049
-97.839 107.278 147.534 2.123
179.058 51.590 -129.622 2.141
-200.618 -129.443 77.859 1.913
-47.301 -47.276 160.276 2.152
119.477 -31.423 -94.464 2.166
139.010 105.721 -188.455 1.979
24.880 -169.925 62.913 2.148
106.418 89.807 153.430 1.912
-112.556 43.287 25.033 2.118
190.331 -131.413 38.876 1.941
37.736 150.490 -112.296 1.928
-176.648 -174.811 178.943 1.916
17.556 68.638 -138.878 2.088
-98.472 -83.675 -0.813 1.971
63.494 27.221 -46.062 1.948
-153.823 -149.447 0.916 2.106
184.247 -81.016 119.887 2.052
125.323 7.123 86.186 2.049
-224.707 -81.909 46.769 2.141
-32.649 -7.373 -139.304 1.951
-146.359 97.227 -139.564 1.829
66.007 188.750 147.371 2.123
-13.531 71.518 51.471 2.081
4.616 24.332 155.654 2.119
213.014 109.146 -91.440 2.042
181.370 131.972 -172.038 1.972
161.977 -104.444 181.601 2.155
-10.566 41.800 -25.746 1.915
75.657 -68.445 -37.706 1.941
23.461 166.779 89.997 1.900
-176.747 55.035 -89.790 2.123
95.818 -29.748 -75.849 1.941
116.793 120.231 -167.867 1.995
-189.970 132.215 186.563 1.874
-110.844 100.748 -115.868 2.046
-158.673 -68.694 6.560 2.076
42.967 183.174 105.769 2.034
-51.620 -77.654 -62.742 2.179
-98.114 -11.146 -176.696 2.166
214.139 95.064 136.926 1.941
63.226 -151.311 -30.824 1.921
-1.593 -64.869 69.607 1.971
3.443 -67.865 136.495 1.886
-15.726 -37.877 -19.020 2.167
140.309 -134.157 107.990 2.059
-127.144 -100.387 162.165 2.187
158.919 -43.484 -57.819 1.989
145.654 -45.242 145.878 2.013
195.699 68.324 167.232 2.193
60.419 182.252 31.990 1.939
150.736 38.171 -68.067 1.941
-127.107 107.032 -24.956 1.754
157.570 -150.923 -163.252 2.085
-207.925 -76.157 87.662 1.901
-178.455 20.003 -111.193 2.162
60.717 -149.934 -25.115 2.043
-202.094 136.322 84.374 2.150
-190.133 167.801 -44.621 1.970
90.521 44.851 -83.932 1.999
138.661 -69.110 -189.370 1.978
156.816 32.355 -45.587 2.024
-145.423 155.202 91.521 2.039
142.230 -1.378 119.201 1.861
122.363 156.240 -2.820 2.020
-200.684 -27.514 154.772 2.071
-25.632 -134.768 -39.481 1.929
-6.112 133.215 -67.340 2.059
91.324 -166.144 -62.063 1.976
19.198 130.342 99.707 2.049
-206.048 104.397 -35.450 2.132
94.257 -37.642 -59.042 2.059
-161.135 -106.289 -60.364 2.026
-131.668 -185.911 19.406 2.009
147.457 56.211 49.611 2.096
-58.545 -21.328 168.679 1.910
61.525 41.877 -1.401 1.987
-36.232 -77.959 -103.117 2.029
50.675 -134.082 -122.880 1.934
-207.151 -17.985 -117.694 1.962
-106.203 -156.282 174.635 1.892
74.952 -21.507 -192.106 1.974
-121.524 -39.337 30.464 1.937
-210.073 -8.851 30.311 2.072
142.415 -83.417 147.363 1.867
197.352 22.438 -35.151 1.882
18.243 -165.243 192.257 1.763
-81.485 -124.498 97.878 2.065
130.479 139.218 -185.907 2.171
-169.904 -70.856 -118.320 1.831
-146.029 64.119 -164.570 1.887
-158.647 187.075 -105.633 1.895
192.111 122.076 191.358 2.003
-76.992 -148.703 105.791 1.858
181.520 8.873 178.279 2.116
-45.530 -174.561 -76.250 1.905
146.518 120.551 -67.583 1.907
49.610 -41.876 51.808 2.135
-101.212 117.040 145.900 1.843
-176.485 82.520 -44.031 1.913
-182.115 105.901 -18.506 1.910
154.700 97.249 -109.871 1.999
169.950 148.283 -161.453 1.991
-21.573 37.330 -133.436 1.992
-91.954 142.295 -13.149 2.192
-77.912 6.686 88.204 1.958
-203.563 99.733 147.747 1.849
165.944 -35.940 34.182 2.131
216.686 -143.123 128.718 1.773
131.252 1.856 -118.664 2.047
158.177 -173.369 -62.817 2.075
-216.468 -69.679 -53.697 1.952
150.317 -25.235 -115.535 1.909
-215.859 157.717 136.668 2.094
200.364 131.021 -126.150 1.914
148.160 115.494 177.632 2.042
-203.684 137.590 180.593 2.022
-151.658 -19.942 13.579 1.808
100.328 22.994 192.792 2.037
204.881 12.532 -161.379 2.014
131.589 176.680 -42.085 2.116
103.491 -161.194 -60.327 2.015
91.030 109.867 62.141 2.039
-178.028 -189.395 -139.671 1.964
179.046 155.323 157.221 2.155
108.445 -9.068 130.378 2.007
220.108 157.756 -68.830 2.063
141.516 -78.434 -13.081 1.962
-63.801 -116.975 135.409 2.180
45.142 182.218 50.046 1.990
81.891 -23.220 -179.983 2.085
-191.789 -95.499 160.234 1.896
-18.037 -29.311 -21.397 1.946
37.852 170.174 129.199 1.957
121.749 -82.351 75.768 1.893
158.747 -27.788 -114.642 1.968
111.699 -188.718 131.546 1.982
-215.514 -143.874 117.143 2.076
15.760 25.770 -76.285 1.937
69.110 102.296 -196.043 2.175
148.751 -178.534 -34.378 1.952
166.103 139.591 -51.064 2.032
-33.316 -101.710 164.129 1.982
93.340 67.488 -129.370 2.113
57.687 -44.788 -15.398 1.901
111.246 -80.013 -41.760 1.845
-83.590 184.766 -110.726 2.028
20.181 32.719 122.818 1.994
206.147 34.980 177.111 2.037
177.115 58.156 139.444 2.086
-120.685 -37.194 89.948 2.133
156.564 32.654 -176.527 2.077
141.798 -32.071 84.095 2.175
202.924 -77.397 52.886 2.094
-146.835 160.640 197.435 2.207
35.649 -57.062 90.769 2.195
-181.477 -8.877 -35.606 1.997
-163.944 39.999 139.196 2.053
-68.523 -112.433 -98.133 1.949
-212.684 113.708 135.191 1.970
-207.377 -31.856 -14.171 2.029
38.575 -184.735 -193.614 2.005
16.121 166.359 -132.862 1.991
-169.954 -2.778 104.243 1.909
-121.036 92.255 142.212 2.061
145.233 -163.352 -123.509 1.987
-53.129 -1.270 -2.758 2.089
132.226 189.754 102.892 2.213
-125.554 -2.835 -162.565 2.130
84.976 148.694 116.433 1.880
206.838 -155.215 26.318 1.851
-185.190 178.747 3.647 2.075
101.309 -177.413 -158.981 1.814
75.006 22.844 21.596 1.759
-198.219 -144.700 16.839 1.923
48.017 -163.948 197.133 2.063
142.077 -116.060 -188.914 1.904
-150.543 60.135 91.884 1.989
-26.380 -124.368 60.150 1.971
121.450 167.194 122.534 2.095
174.538 116.764 -18.926 1.997
-13.006 -178.108 113.399 1.964
-67.495 -149.911 -112.900 1.980
121.508 172.160 33.572 2.144
206.985 46.425 -193.854 1.916
-79.938 184.198 75.976 1.978
-88.377 81.253 -91.789 1.814
7.487 -111.467 -27.742 1.872
77.138 90.658 -98.790 1.913
-32.761 99.985 153.932 2.034
-155.414 78.086 194.213 2.098
113.845 -49.862 51.546 1.923
-173.302 -119.996 -112.251 2.022
187.433 -133.073 -180.688 1.950
111.845 156.775 59.527 2.004
199.887 152.407 198.248 1.970
184.760 -103.421 -49.270 2.082
-32.415 -83.718 -137.318 1.821
-5.661 85.819 -98.565 1.880
-47.243 56.589 -188.316 2.023
167.773 68.054 -38.851 1.992
79.738 56.490 70.707 2.048
40.107 -114.539 177.589 2.084
44.551 -104.468 80.069 2.149
13.273 -37.846 -164.978 2.031
38.712 89.691 41.178 1.883
94.628 -98.531 121.290 2.018
98.881 55.325 187.748 1.794
84.788 -105.644 -170.329 1.928
-115.128 -151.211 -162.615 1.940
91.075 146.682 -42.363 1.922
123.611 73.082 -110.550 2.074
209.593 -27.087 25.318 1.886
-182.809 -87.653 71.656 1.918
-137.010 -175.003 -44.862 1.960
-91.559 -71.566 41.646 2.026
-103.616 -104.396 -16.308 1.977
-115.479 -90.923 143.698 2.045
-198.923 -126.846 -6.545 1.938
-30.849 0.111 101.685 2.026
-143.858 -15.581 -119.243 1.895
-133.101 4.125 17.499 2.074
201.656 -94.257 -105.338 2.000
56.336 53.185 43.863 1.841
57.620 3.558 -29.898 2.097
-70.151 -33.086 9.318 1.699
75.254 170.481 74.630 2.033
81.315 150.051 -174.875 2.182
112.047 14.109 48.305 2.058
-53.093 -132.868 80.304 1.985
-152.217 169.006 22.649 1.923
-192.221 44.294 138.297 1.949
-216.884 181.035 -100.315 2.022
-67.949 -87.271 192.875 2.185
204.792 -99.725 194.132 1.827
18.539 77.359 -139.793 1.871
-68.556 -77.060 86.709 1.985
162.047 40.165 -179.372 1.965
101.487 -7.991 62.482 2.042
132.524 56.203 -134.665 1.964
-3.389 60.955 185.044 2.093
-87.434 -141.943 31.888 1.794
48.795 -92.388 139.198 2.134
65.628 -27.402 -73.019 2.106
55.379 112.844 6.365 2.145
-74.379 -166.799 15.592 2.135
72.274 -159.428 -188.751 2.047
218.154 96.064 -124.611 1.904
25.173 -128.416 -73.183 1.897
-122.787 -58.147 78.800 1.789
110.184 -10.889 -89.205 1.914
-134.007 153.987 190.088 1.874
52.553 76.805 -134.892 2.205
222.593 134.611 -133.850 2.088
17.407 -72.550 198.969 1.945
42.740 139.057 26.573 1.956
86.309 15.265 -128.115 2.052
-133.319 -28.141 91.574 2.079
-120.673 -135.857 -84.913 1.912
-42.664 -98.658 -40.830 2.000
163.593 -178.057 -44.536 1.973
180.285 60.931 197.761 1.945
57.928 120.933 62.132 2.001
-59.072 96.783 34.711 1.951
-114.728 136.002 164.005 1.923
-218.011 12.696 -192.491 1.912
221.412 -98.553 132.524 1.985
-5.046 -155.077 -109.826 1.934
-207.492 15.430 25.970 1.888
-181.793 -187.779 157.907 2.105
-189.916 -146.102 -48.273 1.861
180.822 -113.678 -63.682 2.015
48.067 -120.356 21.994 2.154
79.984 15.974 -10.293 2.029
2.166 -5.378 134.454 1.965
-129.592 -37.785 -122.089 1.838
-136.038 59.710 -187.715 1.920
22.205 182.355 181.672 1.913
212.010 89.860 -189.745 1.837
214.803 56.317 -139.550 2.221
-92.636 -32.821 -81.703 2.077
155.753 55.966 93.180 2.099
-200.814 -181.309 185.853 2.031
95.994 105.545 70.330 2.035
-215.937 125.208 -76.636 2.106
-61.038 -162.160 -88.513 2.059
-116.051 -46.752 -152.613 2.051
13.269 132.579 27.285 2.098
70.283 158.193 50.500 1.935
-189.988 180.391 -37.671 2.013
-187.269 -67.714 189.468 1.984
-109.484 40.594 148.348 1.970
-161.398 60.871 -47.096 1.923
-77.529 -2.780 69.678 2.070
-114.412 158.976 133.089 2.159
66.898 176.734 -198.084 2.258
153.736 -133.534 0.468 1.834
-161.885 -18.411 -49.250 1.875
-65.079 145.597 4.900 2.142
-147.949 26.216 133.079 2.075
-23.319 -55.101 -191.710 2.177
155.874 144.758 -15.553 2.056
-10.146 -76.421 -27.795 2.047
210.331 -169.843 -129.939 2.006
203.043 -27.253 -159.429 2.005
6.901 135.794 185.809 1.994
179.759 -124.198 -50.808 1.918
-192.092 -138.593 -51.380 2.038
-6.066 106.730 -148.989 2.042
73.040 -114.968 -134.597 2.006
-65.122 24.380 -143.451 2.109
74.576 -16.132 -159.495 2.135
-97.852 179.676 114.740 1.784
153.425 48.416 75.334 2.144
118.733 -54.134 -95.390 2.007
-199.025 61.891 -4.183 1.947
-22.606 -145.714 -18.360 1.940
-118.872 -114.443 154.850 2.011
122.293 165.430 122.149 1.900
-45.083 -87.883 -86.309 1.854
164.418 104.048 -163.068 2.219
97.980 -15.227 60.203 2.036
88.674 -106.912 165.183 2.049
153.838 39.735 149.847 1.977
-205.247 111.089 -121.457 1.953
135.039 73.920 -69.827 1.954
150.532 -6.826 47.436 2.045
108.992 42.742 188.800 1.965
-155.459 -95.107 -26.618 1.977
146.888 -186.168 -33.497 2.077
-69.709 -77.534 -78.796 2.019
-157.597 124.172 -23.861 1.978
-143.363 86.444 -20.568 1.944
48.411 74.162 -14.098 1.930
188.910 -162.050 160.128 2.177
-58.037 -189.110 175.657 1.979
177.448 -102.043 175.846 2.087
-135.221 -90.599 -134.899 2.180
194.925 -69.111 -54.189 1.872
119.424 148.163 155.882 1.881
-150.179 -25.315 105.050 1.956
-52.422 112.152 116.752 1.940
-93.613 172.929 -86.570 1.984
9.161 164.276 127.776 1.932
208.396 187.108 79.386 2.038
-30.554 -86.943 136.090 1.919
63.520 -89.019 -8.965 1.589
166.656 18.683 126.413 1.931
131.169 -81.324 178.373 2.078
93.858 189.475 141.462 2.234
-93.601 -137.807 1.572 1.918
-123.186 43.569 -81.207 1.948
100.620 -15.252 42.479 2.068
-114.075 44.702 105.899 1.946
83.416 -149.499 -96.018 2.017
175.404 33.876 115.057 2.206
119.181 -153.000 -91.231 1.956
-182.872 140.522 -194.627 1.875
21.871 -146.200 -109.467 2.001
-207.953 143.809 132.559 1.892
154.467 -163.339 -89.866 1.954
-165.437 -167.352 194.144 2.092
-22.427 -69.716 198.901 2.107
-27.496 -63.454 97.931 2.069
8.356 94.004 -177.286 2.096
88.534 -171.475 128.899 2.101
-20.601 82.221 177.821 1.858
-218.956 44.480 11.342 2.018
-150.069 -178.975 -111.024 2.105
16.683 63.982 -82.037 2.142
-99.420 8.489 -45.569 1.944
176.652 -99.350 39.725 2.055
-18.841 -134.881 46.676 2.045
61.229 -27.931 33.646 2.002
141.157 -98.028 95.658 1.861
58.957 -103.305 -159.817 2.120
-84.983 155.534 43.351 1.923
178.188 -56.409 -186.439 2.071
-179.264 146.884 66.971 2.009
-7.761 -105.482 -14.748 1.839
89.945 -66.542 138.056 1.896
191.819 119.532 -17.859 2.098
203.720 79.660 32.109 1.816
-214.151 -92.849 -22.546 1.945
60.067 -63.299 97.237 1.943
-190.080 -47.402 154.065 2.047
155.009 -105.105 50.633 1.988
90.583 -33.004 -77.221 1.902
-112.268 -70.106 89.779 2.139
-160.625 88.406 -53.858 1.980
-60.755 139.360 -143.571 2.089
-182.096 -68.088 193.519 2.206
-62.931 85.404 134.861 1.856
206.460 53.085 135.742 2.188
35.560 -25.443 14.184 1.967
-33.669 115.801 -19.858 1.970
220.723 -166.695 -160.211 1.929
56.632 -141.616 195.119 2.174
-110.957 -7.181 -166.121 2.103
-34.874 81.801 -77.384 2.014
99.051 -33.067 -84.413 2.134
-41.298 138.019 -93.496 1.978
-40.702 -165.627 5.112 1.913
30.874 -71.136 96.653 2.045
-154.540 62.639 -85.539 1.885
-66.077 58.172 23.076 2.068
-89.065 151.164 115.084 1.912
55.297 -94.617 -173.893 1.949
213.302 -7.527 -72.294 2.025
150.200 -106.366 3.726 1.926
178.524 -19.877 -89.137 2.130
-202.854 158.664 127.230 1.898
-203.723 130.489 -16.568 1.913
114.116 -168.117 17.190 1.851
-94.699 -102.156 41.764 1.985
-174.473 -97.486 -38.245 2.007
-46.677 -38.075 -183.050 2.056
-103.871 -124.655 112.289 2.048
117.076 94.972 -156.129 1.695
-179.092 -98.583 120.973 2.054
-195.072 121.236 39.545 1.910
-215.830 -167.642 104.351 2.023
156.629 -50.346 125.174 1.879
68.246 138.136 -118.662 1.971
189.221 -25.240 -135.466 1.850
-77.735 -147.005 -66.761 1.876
-40.479 -75.732 -116.084 1.903
-220.669 -38.169 -137.507 1.996
-169.000 59.098 -130.888 1.972
-3.003 -114.930 172.680 2.072
104.175 105.266 64.647 1.966
167.068 151.088 -29.969 2.146
-118.371 156.293 90.013 1.992
-220.687 -141.092 -40.265 2.010
136.147 -183.443 -124.779 1.917
-72.291 -153.978 -188.621 2.145
-175.485 -175.767 66.213 2.209
-162.691 39.207 -149.130 2.098
179.268 -187.449 38.531 2.005
-94.453 -76.259 23.986 2.176
4.627 52.971 -93.172 1.922
224.885 43.728 -178.861 2.021
67.703 147.474 -191.000 2.000
211.638 -122.853 194.620 2.073
157.727 -169.544 -124.182 1.945
160.509 -119.888 -130.761 2.000
216.188 98.407 -162.621 1.988
131.665 -36.433 176.274 2.072
15.362 -36.192 -187.940 2.034
-83.860 -183.214 -153.061 2.130
-179.844 106.286 30.678 1.962
17.592 -128.937 -101.662 1.938
-58.119 73.779 195.005 1.942
52.245 18.017 117.070 2.009
20.282 184.490 -31.433 1.886
43.548 -165.868 -140.394 2.115
166.426 -37.491 124.049 2.004
109.346 24.470 162.673 1.880
95.890 163.356 89.821 1.979
145.451 -38.199 -130.758 2.025
205.944 2.111 190.676 1.956
-112.019 94.826 -44.106 2.101
-135.388 -137.449 162.186 1.789
118.069 -74.408 -157.622 2.073
-89.505 77.189 22.732 1.984
-194.356 -27.419 -75.708 1.909
26.802 -49.606 38.618 2.003
146.409 4.872 -160.451 1.953
65.004 178.812 -177.485 2.006
157.534 158.987 83.443 2.030
146.217 101.129 103.425 1.901
53.064 163.664 161.628 1.939
119.847 -30.679 100.492 1.989
51.503 158.126 133.371 1.872
202.010 -149.961 -139.275 2.056
85.704 -46.869 -55.478 2.006
43.067 101.483 -25.932 1.984
215.286 27.176 195.906 1.926
-128.235 -84.723 173.195 1.900
126.073 180.323 97.403 1.937
173.095 125.016 121.340 2.030
87.382 -44.223 54.425 2.003
152.508 103.344 131.633 1.970
191.551 183.080 -83.326 1.951
200.384 -186.837 14.042 1.956
150.622 -188.486 -17.613 2.141
-214.500 -116.892 -112.672 2.038
-150.094 69.138 44.661 1.964
114.194 19.093 -97.613 1.920
-224.843 -64.610 -46.688 2.079
-126.056 97.863 16.806 1.903
-8.960 146.105 -186.386 1.936
-218.951 4.421 25.654 1.899
-173.908 -142.727 24.172 2.120
47.034 -90.526 61.680 1.897
139.334 108.084 -58.325 2.129
122.988 -31.966 109.350 2.016
-151.300 -90.214 152.330 2.026
34.834 -133.242 -199.691 2.050
15.239 -180.458 13.324 1.985
41.705 -9.860 150.693 1.986
45.295 -40.630 -53.139 2.247
5.030 -173.137 195.955 1.853
-180.441 -8.169 149.951 2.036
158.464 111.891 77.998 1.968
-47.501 -48.397 196.266 2.096
-166.277 -54.587 96.416 1.958
84.522 -12.642 173.801 1.890
169.116 13.660 -92.779 1.984
125.532 184.671 178.790 1.739
107.485 160.026 39.983 2.017
107.597 10.856 112.653 1.986
32.106 -82.833 -191.375 1.961
-86.685 9.406 115.178 1.970
96.127 -141.602 153.232 1.973
137.723 -6.711 -80.654 2.129
73.167 51.302 74.955 2.105
137.586 152.477 -23.060 2.058
185.019 -7.113 -139.732 2.194
-168.599 -178.383 102.583 1.937
18.179 2.290 -177.684 1.803
-121.468 86.595 -175.966 2.163
-213.796 -25.658 -12.523 1.864
-210.366 143.673 -19.781 2.018
-160.666 178.332 -193.206 2.252
-80.420 64.509 175.865 1.805
220.659 181.312 180.829 1.959
183.238 -50.611 -148.941 2.035
-21.895 -19.447 76.820 2.025
6.357 -99.178 -190.253 1.878
-203.898 145.425 126.625 2.117
82.336 22.240 158.495 2.039
83.874 -110.469 -66.621 1.868
-221.882 -174.580 100.418 1.923
-121.416 7.814 72.443 1.909
-101.115 -185.261 -102.652 1.975
-169.235 -167.090 -69.251 2.134
-112.474 147.311 -82.819 2.113
-176.356 -28.874 13.168 2.084
97.940 -91.893 198.633 1.985
66.644 -37.794 183.109 2.013
111.064 22.473 122.847 2.052
156.888 -164.507 -183.222 1.989
161.465 1.629 3.580 2.029
66.008 67.374 185.446 1.921
208.577 -139.517 98.630 2.083
-54.011 -130.521 16.933 2.053
-165.749 -157.525 94.419 1.974
-85.892 108.956 36.235 2.090
188.143 30.562 113.862 2.173
121.305 -19.976 84.232 2.033
213.215 -144.535 161.748 2.039
218.724 -48.232 -78.583 1.972
-13.809 -8.891 -76.387 2.064
-2.993 -14.887 -41.008 2.073
-209.811 -42.520 30.950 2.039
-201.353 59.376 -101.003 1.956
-160.592 38.612 43.522 2.063
170.232 129.207 61.306 2.141
196.643 -186.279 -19.704 2.103
116.427 -150.648 78.534 1.953
9.400 -4.742 46.981 1.980
-99.971 21.382 81.826 2.014
181.466 -159.497 117.153 2.210
88.203 109.112 188.888 2.019
116.288 85.289 -157.755 2.014
-196.988 116.834 -191.671 1.952
-193.319 -70.083 159.415 2.055
19.813 36.811 -63.924 2.025
189.137 -96.899 -123.710 1.962
170.025 -110.439 -174.314 2.103
-5.370 135.126 -104.088 2.067
-72.098 12.467 0.117 1.993
117.535 -124.253 -192.354 2.165
170.364 183.353 137.942 2.104
50.300 -127.010 105.531 1.988
43.450 -180.906 163.301 1.989
189.040 -154.456 -144.587 2.071
46.564 -160.153 -158.163 1.859
-71.811 133.239 -6.413 2.106
-31.108 -55.274 -15.458 1.993
198.321 14.656 42.502 2.151
-13.345 100.466 123.953 2.057
-103.553 39.588 -40.601 2.009
17.934 51.318 152.021 2.070
5.156 178.268 170.958 2.099
14.059 37.844 -141.126 2.003
-88.875 -143.484 -184.474 1.954
-154.894 150.947 1.943 2.066
-79.629 -62.288 -186.396 1.809
-140.683 -128.401 152.262 2.020
-190.200 -62.457 -49.964 2.050
-54.013 48.354 -42.877 2.160
165.690 156.088 167.399 2.055
-143.257 -111.926 124.843 2.194
-180.532 -60.657 -21.148 1.980
-161.939 -80.478 132.426 2.134
49.268 -85.828 31.645 1.929
2.116 100.253 -184.847 2.069
99.595 -75.996 -123.803 1.994
198.703 12.930 51.852 2.059
-210.200 -186.608 139.783 2.193
-196.446 152.478 82.117 1.933
-96.218 -110.355 126.700 1.880
86.688 -160.494 133.137 2.242
5.847 134.751 194.215 1.977
-134.941 -133.414 -97.387 1.914
-192.312 -133.138 -87.453 1.932
120.508 -147.305 -95.929 1.902
-195.082 66.551 -58.173 2.031
35.957 -52.038 81.235 2.112
105.948 -126.897 111.591 1.949
-60.498 -130.878 -11.989 1.970
-26.885 172.449 -85.568 1.997
-90.934 64.766 12.811 1.890
-210.606 6.507 83.436 2.088
-8.391 22.458 -43.266 2.012
-90.655 85.360 172.614 1.860
-28.569 -161.206 83.064 1.994
-36.394 -93.110 -196.666 2.030
