97.713 130.762 73.614 1.922
-193.064 134.370 53.169 2.082
-103.184 93.734 94.872 1.944
-180.990 -108.777 -98.323 1.878
-207.004 189.929 58.905 2.066
-102.326 -171.877 188.222 1.971
-106.908 65.063 112.654 2.182
59.365 118.208 14.591 2.051
62.316 149.191 -50.441 2.007
89.455 -45.833 68.103 1.971
-8.601 -103.767 50.778 1.890
-32.757 148.435 -47.806 2.160
205.003 78.897 -138.375 2.150
103.910 115.508 -199.737 1.927
-222.027 -35.970 -152.500 2.118
-111.610 -147.905 142.394 1.951
149.439 -13.566 6.746 1.842
126.142 160.472 -193.654 2.073
-17.522 64.897 80.862 1.992
-3.177 29.315 132.134 1.952
158.297 -132.875 60.651 1.965
64.365 -140.161 -130.283 2.131
-9.661 143.944 -55.895 2.073
-143.871 -43.338 -191.838 2.009
115.389 126.241 90.238 1.879
133.949 136.992 31.102 1.907
-90.426 -41.849 -169.627 2.062
-70.404 174.234 58.527 2.049
-39.618 -65.008 94.024 2.060
-101.813 125.658 -22.032 2.073
17.176 113.323 -114.770 2.212
91.331 30.145 158.807 2.024
223.426 34.888 -88.460 1.901
-174.518 -176.347 50.905 1.748
-73.568 145.059 -121.282 2.019
-203.024 -14.384 57.536 1.971
-19.996 135.577 -145.535 2.034
-92.023 -83.365 172.733 2.020
163.951 139.069 -146.457 1.905
-173.103 -30.196 195.595 1.999
174.538 147.971 -41.177 2.080
167.441 -172.506 -75.742 1.964
-70.552 -77.029 2.404 2.096
222.371 -49.579 121.499 2.030
-200.860 125.031 84.727 2.045
129.734 -72.194 91.910 1.898
176.778 53.987 -137.148 1.948
-96.405 -28.926 86.777 1.972
48.772 -102.267 -174.305 1.996
-80.376 64.199 153.416 2.050
-129.238 113.063 92.100 1.795
100.466 -175.087 -67.892 1.915
179.808 133.420 -53.315 1.889
4.249 -105.607 18.710 1.975
20.146 -94.030 -7.650 2.001
-202.157 -165.778 -143.722 2.048
212.391 125.848 169.448 1.931
130.943 -169.939 -182.810 2.018
59.440 -156.841 9.966 2.141
14.261 23.994 -155.520 1.921
119.467 146.409 -45.152 2.099
214.315 -145.979 34.824 2.037
-135.631 134.023 82.423 1.875
-199.671 165.691 2.177 2.205
-6.811 45.878 142.920 2.109
50.906 116.212 148.194 1.983
-4.975 89.626 158.346 2.079
133.889 35.602 167.822 2.001
105.442 -88.009 -60.155 2.118
91.762 35.749 197.972 2.100
220.097 75.793 -24.626 1.893
105.866 81.753 165.542 2.033
161.188 107.904 152.433 2.110
209.009 -12.864 26.417 2.010
29.678 -173.293 47.778 2.059
115.449 20.317 20.241 1.967
33.519 -25.825 -168.442 2.041
-55.540 161.387 -17.744 2.028
219.726 24.549 67.983 2.030
26.689 47.648 63.093 2.096
-18.312 129.314 -94.469 1.942
-54.713 40.504 -156.114 2.141
184.840 -82.031 28.257 2.017
54.746 137.115 -48.295 2.006
-40.607 -90.175 -197.959 2.054
92.808 -5.183 -42.977 2.145
-134.814 34.078 77.050 2.042
-17.877 168.045 -11.367 1.936
-179.288 127.426 98.472 2.010
-11.999 14.884 161.308 1.846
182.252 185.453 133.497 1.805
166.772 -155.380 4.155 2.093
74.739 84.888 -123.576 2.075
175.846 117.130 -150.485 1.807
-179.646 -68.052 -195.109 2.120
-195.793 156.362 -161.895 2.064
-46.054 -28.515 176.837 1.956
37.984 -111.318 110.556 1.906
-111.759 -184.997 -116.435 1.876
-196.099 97.469 97.493 1.925
-178.187 135.033 -110.655 1.793
-130.426 -118.742 -53.560 2.154
220.080 -60.627 93.331 1.972
9.511 -86.606 12.035 2.036
40.055 -156.238 -67.580 1.997
126.253 13.792 180.556 1.979
-12.289 96.530 -67.483 1.889
74.432 189.788 -30.080 1.888
-1.840 -45.368 80.911 1.997
20.236 42.178 -6.560 1.961
-198.397 2.990 -50.493 2.018
-119.007 101.085 -63.478 1.932
-130.498 128.505 54.910 1.975
-108.314 -59.690 -71.517 2.182
-39.545 92.026 129.306 1.917
77.100 -50.258 1.983 2.091
166.535 -96.399 -27.138 1.949
202.868 160.911 -100.885 2.079
166.496 17.124 63.367 2.045
-143.425 -77.322 -122.171 2.020
172.569 114.426 171.883 1.859
157.029 -76.720 184.708 1.879
-189.083 -52.108 16.010 2.059
187.122 137.493 0.113 1.771
-83.354 17.577 86.797 1.937
-11.518 72.922 96.263 1.854
-125.406 -83.725 -140.358 2.011
221.181 148.476 114.871 2.067
-64.974 107.190 60.660 1.843
167.049 -157.919 -132.085 1.964
223.528 14.852 -91.217 1.801
170.622 -11.342 -162.546 1.986
159.308 -92.743 7.497 1.931
199.711 -28.245 143.702 2.010
104.489 -47.509 -100.127 2.045
-89.706 158.185 -70.734 2.044
183.714 -94.181 15.250 1.996
-167.830 85.678 -130.798 2.106
204.192 55.467 -163.239 1.792
29.922 -2.497 185.703 1.814
-188.402 -63.418 -57.730 1.917
87.899 54.904 1.194 1.843
37.899 -147.498 151.432 2.051
-209.063 -153.701 -37.691 1.926
-43.397 -12.584 -12.613 1.878
74.593 -162.785 -171.475 1.931
183.570 116.117 47.413 2.005
131.521 159.836 82.773 1.836
11.752 -70.773 37.964 2.012
217.318 -90.628 -2.230 1.857
-108.834 -97.379 140.443 1.955
-102.862 -123.905 -11.017 2.122
-83.264 -152.695 29.258 1.750
-126.452 173.588 -43.714 1.973
177.918 -120.254 -80.667 1.878
-70.625 -60.843 191.620 1.966
34.293 -32.435 -148.932 1.951
-147.887 123.759 147.134 1.990
14.811 19.226 -60.399 2.094
22.931 174.267 -10.183 1.889
61.840 101.877 157.775 1.970
101.356 -146.056 -42.488 1.876
-61.386 -131.632 0.438 1.923
129.563 155.364 153.561 1.870
88.056 56.711 38.905 2.031
57.455 24.896 79.725 2.030
62.587 0.738 28.236 2.127
-159.353 -18.116 -129.719 2.107
-219.980 127.280 84.142 1.942
-47.195 16.563 -114.376 1.897
24.291 -0.330 -19.844 1.956
174.286 -102.996 -6.565 2.138
-56.424 44.419 -75.382 1.897
48.795 -45.762 47.881 2.045
83.485 -26.868 -37.224 1.887
-187.850 -94.737 -90.532 2.059
-42.978 28.486 77.647 2.013
159.932 -50.210 18.974 2.130
-1.175 -16.888 -64.445 2.012
-180.765 15.939 -136.911 1.964
-102.117 18.783 78.297 1.949
103.795 152.000 -169.277 1.928
-56.133 133.199 62.062 1.971
-209.007 -109.166 0.324 2.051
-67.387 43.937 -92.349 2.095
18.792 -144.559 -181.826 2.076
214.435 -0.436 91.368 2.132
-64.561 140.084 -172.326 2.056
-130.506 -8.703 -77.174 1.978
-134.145 132.470 -16.562 1.931
157.503 -176.873 -80.449 1.857
47.376 -73.321 41.310 2.009
-22.242 130.794 -96.194 1.971
35.893 91.998 58.756 1.952
123.626 129.436 193.436 2.012
-105.181 123.563 -86.399 1.912
-120.654 107.879 3.561 2.051
82.980 86.013 -53.619 1.901
7.192 -104.785 -143.172 2.058
-184.352 -64.483 -133.747 2.096
-176.906 118.274 -44.247 1.830
148.282 -166.461 74.990 1.976
41.353 -44.736 -60.877 1.934
89.306 75.664 -162.745 1.816
144.463 -114.951 172.281 1.978
189.425 -160.247 188.211 2.198
-15.613 30.033 4.708 2.112
56.797 -96.651 138.576 1.765
195.570 -36.057 -117.767 2.033
1.035 143.211 65.860 2.181
-57.005 123.022 -150.832 2.056
-125.286 -127.544 49.309 1.907
147.844 153.935 56.373 1.970
42.314 104.118 -19.387 1.942
164.738 -169.821 126.631 1.985
-49.996 -116.327 -166.961 2.073
123.004 -116.589 151.198 1.937
-195.724 27.550 12.683 1.977
118.695 114.589 -138.045 1.958
-202.640 74.262 128.383 1.802
-166.424 -39.526 -87.122 2.037
70.083 -123.029 164.157 2.118
154.184 -156.690 -25.562 2.105
-46.246 82.565 -67.906 2.012
103.067 141.897 -161.423 1.983
161.019 -152.145 141.868 1.905
201.634 -66.052 -67.869 2.153
-123.799 121.391 -163.313 1.909
46.307 75.939 -21.528 2.255
-5.774 -116.580 7.880 1.870
65.926 -163.409 154.748 1.952
-127.194 22.241 117.093 1.962
152.044 64.339 108.158 1.980
112.957 -82.715 190.388 1.948
151.976 6.810 -121.999 1.908
144.427 -37.944 88.484 2.028
-58.406 -163.679 -176.149 1.914
224.543 186.206 114.867 1.995
36.823 -122.097 114.128 2.156
149.497 155.273 -96.341 1.893
216.256 0.493 -56.709 1.935
111.971 164.241 -16.650 2.117
-71.938 -181.912 -34.098 2.000
209.342 -135.338 46.796 2.075
98.699 -143.847 81.430 2.042
-39.979 149.719 168.100 2.046
-217.554 54.166 -122.282 1.998
91.870 15.970 155.133 1.982
105.042 119.309 64.159 1.956
-116.942 -99.608 -117.128 2.009
-89.773 -32.780 -195.394 2.129
141.294 101.098 90.393 1.904
189.017 -34.735 19.875 2.000
29.613 101.777 151.362 2.023
124.990 -124.184 -67.155 2.051
169.391 31.557 -4.534 2.019
39.405 -129.683 -105.929 1.961
140.526 14.945 -156.288 2.048
94.003 -20.451 -185.698 2.093
-29.407 140.973 175.040 2.325
63.745 -33.027 138.299 1.781
-77.696 2.727 -87.514 2.046
81.346 17.330 -45.537 1.940
-121.617 184.085 188.726 1.903
-37.161 116.703 13.975 1.966
212.443 -45.120 -154.374 2.099
146.799 -21.132 68.453 1.869
200.675 176.946 167.308 2.123
195.616 114.346 23.832 1.880
-105.614 124.014 67.474 1.987
61.376 9.642 -101.753 1.926
132.843 -71.345 50.457 1.942
122.577 -153.501 185.839 2.086
208.769 -33.710 -51.726 2.212
-159.481 -164.453 171.381 1.977
-184.674 -37.629 131.642 1.976
166.567 109.517 190.828 2.029
-215.095 175.809 -58.389 2.024
15.066 148.945 54.437 2.044
-48.328 179.869 -70.205 2.061
-14.806 -20.760 10.154 1.790
27.242 -152.131 163.953 1.886
151.609 160.505 89.462 2.048
-215.446 39.531 -34.496 2.027
35.503 -6.733 31.754 2.104
83.204 -89.945 -100.109 1.951
45.587 4.014 -141.137 1.934
-176.971 11.165 -83.269 2.032
24.168 -6.015 -170.448 1.926
24.539 72.004 68.745 1.885
61.365 118.136 134.787 1.841
-72.785 125.436 196.959 2.123
189.092 59.383 -192.261 2.034
220.316 -98.901 74.871 1.895
-95.333 -109.984 -71.792 1.978
-166.854 -184.493 72.486 1.876
-1.359 -96.413 137.677 2.080
103.044 184.561 26.356 1.945
-56.704 -57.452 196.566 2.169
67.965 -60.213 128.622 2.092
146.116 -93.805 33.988 2.065
-157.558 10.829 -41.980 2.195
-5.380 -17.040 136.314 1.905
177.864 25.262 -147.438 1.919
-195.642 143.271 150.310 2.144
61.331 -124.828 53.669 2.086
87.382 -81.885 125.285 1.887
-128.823 40.011 -20.956 1.905
66.930 130.462 6.164 1.888
-109.346 148.174 48.493 1.984
136.438 -175.584 84.072 1.997
176.965 -131.543 -63.053 1.788
83.774 70.248 160.964 1.982
-28.826 -175.002 135.793 2.088
116.375 -47.072 -49.563 2.124
54.806 135.867 17.626 1.960
101.986 182.060 -0.462 1.820
94.584 -84.892 107.432 1.980
-101.433 7.951 98.087 1.964
149.794 -139.864 140.454 2.002
-106.445 136.897 189.950 2.194
-51.745 11.141 23.470 1.882
-57.903 6.682 28.998 2.015
155.310 -111.132 159.247 1.990
-27.823 178.667 7.887 2.052
-188.275 -186.940 8.313 1.992
-191.991 186.488 -89.319 2.097
30.039 173.927 21.247 1.978
124.677 30.929 79.674 2.114
61.686 116.826 91.191 1.839
120.077 -50.342 199.980 1.946
70.885 -115.170 138.351 2.035
-201.183 21.934 23.363 2.029
-212.232 105.376 42.794 1.767
5.442 74.804 -96.117 2.054
74.410 -54.781 143.028 1.863
-58.453 55.217 33.358 1.997
168.058 -57.120 -162.770 2.091
162.508 -20.338 -194.688 1.794
52.810 109.402 -135.119 2.008
-53.082 -28.365 25.857 1.803
187.386 42.500 159.557 1.920
-75.875 -36.356 -127.967 2.082
-47.641 -159.671 158.963 1.976
106.606 -20.619 -100.649 1.938
-190.105 -63.884 -4.607 1.959
-130.974 -103.037 -55.837 2.061
-155.474 94.397 75.139 2.072
-7.291 141.726 -102.058 1.921
-54.306 49.452 -162.613 2.114
-15.023 119.049 -89.534 2.120
139.305 183.647 65.282 2.046
-61.709 -176.992 39.865 2.073
-173.612 53.495 -101.719 2.104
176.981 -137.398 128.393 1.983
-83.149 146.462 -41.701 2.002
161.093 122.827 31.936 1.825
181.086 119.075 175.756 1.970
16.470 126.419 -153.613 1.964
11.867 124.399 -33.451 2.225
-121.621 159.993 -16.776 1.861
-82.911 145.808 25.784 2.080
-125.024 -130.717 159.499 1.908
4.997 8.778 -146.718 1.970
-24.878 -123.436 123.566 2.074
-40.872 53.283 -121.103 2.139
-155.350 -4.063 -75.696 2.063
19.371 15.869 114.312 2.112
209.000 132.688 -64.068 2.034
-135.249 116.181 -118.690 2.071
26.134 -181.787 -155.043 2.049
130.943 147.620 11.629 1.874
-150.895 180.290 -60.918 2.032
-55.868 71.409 76.416 1.821
-56.609 74.750 105.465 2.144
-80.686 -140.518 181.417 1.917
213.751 14.244 -122.906 2.088
-155.482 141.818 -19.801 2.140
-24.587 -13.617 8.914 2.006
150.626 185.445 161.552 1.860
-203.005 27.238 -182.876 2.018
-136.828 95.277 120.567 1.947
34.482 -128.025 46.434 1.908
-218.203 71.892 151.571 2.238
-87.598 30.703 28.553 2.147
-22.506 84.435 173.036 2.024
-114.612 41.171 -31.158 2.045
-54.398 143.648 193.073 2.048
168.398 -1.662 106.903 2.026
-130.336 -110.898 52.465 2.045
63.962 -57.416 54.123 1.900
-211.019 26.344 -98.841 1.921
187.837 161.033 -44.279 2.011
-180.870 -75.181 -90.049 2.077
-200.083 -144.563 -111.099 2.078
68.328 -136.914 -160.280 2.130
-109.596 -164.329 192.378 1.965
159.942 -185.806 -155.517 1.916
215.346 -80.916 -120.099 1.833
71.936 0.672 -37.270 1.827
-89.250 -58.724 -111.558 1.993
197.505 -133.695 -191.690 2.023
77.391 -46.131 93.942 2.143
-142.348 153.741 -147.932 1.978
-97.384 -126.616 -92.974 2.067
187.185 -145.261 97.778 2.066
32.201 76.294 57.038 2.073
-222.760 143.048 140.423 2.118
-118.582 110.352 143.371 1.803
-37.034 -165.957 126.873 1.935
53.607 53.435 -149.688 1.989
-205.325 -130.926 -53.594 2.041
-174.912 -4.157 -19.144 1.969
157.910 -46.157 167.569 2.121
-19.698 97.137 -114.718 1.946
-87.121 -179.071 -146.308 2.087
-89.856 -58.508 31.057 1.967
-178.708 52.607 88.048 2.048
-153.050 -21.984 79.486 1.947
-156.443 91.540 51.212 1.986
59.633 98.848 17.733 1.977
-93.454 114.217 94.225 1.954
-67.950 -107.935 -142.089 1.892
-124.956 161.544 -0.788 1.950
72.222 138.048 -135.317 2.106
-98.328 166.781 -175.853 1.948
98.662 -76.946 98.337 1.931
-74.550 156.415 53.831 2.042
-175.652 63.964 -150.090 1.914
-137.797 -80.074 -91.241 2.172
38.738 -176.604 85.640 1.982
-139.822 -146.701 151.605 1.970
-4.096 184.822 60.077 1.867
-57.854 134.300 44.771 2.177
-66.044 -59.520 -85.823 2.020
221.584 86.375 -170.535 2.023
175.447 -71.764 -38.209 1.993
-207.921 -87.410 27.463 2.060
-113.156 93.896 117.797 2.152
-48.204 22.989 -14.579 2.020
91.166 -58.653 160.775 1.977
-216.285 -173.458 -167.035 2.190
-146.243 -126.252 -149.002 2.106
-125.961 52.340 -148.656 1.918
-14.432 -21.373 -148.278 1.981
-141.896 130.920 -55.992 2.160
82.035 -119.190 166.265 2.020
-36.570 26.896 3.779 2.002
63.466 71.773 140.192 1.954
-96.782 10.094 61.342 2.025
-210.765 -18.627 -51.768 2.007
-187.776 188.651 -134.054 2.066
173.004 -155.098 -25.702 1.963
7.036 109.404 -89.148 1.895
-198.169 12.501 -158.397 2.112
-184.678 -35.720 -86.847 2.118
199.112 53.899 -12.004 2.027
179.019 -167.024 -1.753 2.016
-97.419 -3.461 121.400 1.853
-5.404 -159.043 -86.461 2.199
-166.041 5.446 -94.560 1.926
23.854 -1.074 42.892 2.152
-60.336 68.789 -14.448 1.834
-213.566 124.426 -21.738 1.942
11.926 17.441 102.744 2.123
126.924 116.968 3.839 1.956
-1.306 157.493 -134.666 2.102
45.275 8.011 -68.305 1.910
-72.840 155.243 1.274 2.087
-169.035 45.160 -192.625 2.046
0.323 -84.480 57.599 1.851
-142.454 148.861 148.706 1.976
-200.361 23.357 -16.112 2.035
-217.232 3.693 -144.352 1.897
-187.298 180.237 -72.635 1.830
-7.913 -126.223 129.749 1.952
220.328 108.837 -69.816 1.854
-53.978 -163.735 132.883 2.068
127.932 -22.717 5.357 2.117
-153.390 183.792 122.349 1.803
-60.130 -174.247 14.738 1.990
55.057 65.932 121.912 2.033
-11.576 -37.723 -191.262 1.877
-201.261 96.904 62.830 2.013
105.611 -119.477 52.871 2.043
184.353 173.239 -59.253 1.979
101.714 -41.290 -180.598 2.065
124.820 -117.000 -116.166 2.019
108.080 91.395 74.879 1.983
-14.022 -91.550 116.605 1.998
58.498 -136.793 95.742 2.038
170.927 -58.726 -93.094 1.950
-56.172 -31.813 132.049 2.099
-62.703 144.360 169.436 2.000
-119.873 121.229 181.536 2.186
140.536 -177.769 -175.815 1.917
149.909 169.754 129.203 2.004
-119.896 158.172 -156.352 1.978
-112.904 180.337 197.133 1.935
55.472 -39.947 -11.138 1.869
-72.605 142.627 -128.924 2.181
183.315 -140.532 -76.551 2.103
-216.056 170.135 -78.783 2.066
-101.481 -39.318 -114.899 2.124
-194.737 35.874 -43.143 1.853
-37.030 66.661 66.570 1.876
160.048 118.735 -120.257 1.988
21.645 167.214 41.532 2.004
156.453 -164.039 111.779 2.064
-188.049 72.225 -39.995 2.016
-161.018 20.250 159.271 2.163
132.497 125.050 -113.417 2.109
201.946 -54.852 139.703 1.996
-12.786 -38.212 191.924 1.939
-200.626 -62.532 -73.761 2.131
92.068 -127.790 196.567 2.042
-146.375 -45.648 163.878 1.884
-184.622 -26.823 132.344 2.139
114.580 -79.851 90.577 1.997
-64.492 35.082 171.332 2.006
-53.230 110.703 191.282 1.928
-186.353 21.758 -175.688 2.077
58.528 -49.027 -175.014 1.990
4.826 -168.816 -5.737 1.964
131.583 169.076 -61.999 1.898
-39.896 107.238 22.272 2.148
-220.368 101.391 -51.158 2.113
-73.120 60.971 -75.587 1.866
-69.897 -10.245 -132.939 2.170
29.200 37.538 -106.626 1.942
-48.586 -127.098 -134.880 2.157
62.252 -105.840 -149.510 2.011
-23.065 -105.959 -189.750 2.061
-64.959 158.181 140.858 1.978
-113.798 49.454 -7.806 1.782
53.799 -97.161 -194.832 2.094
-69.248 21.443 196.140 1.964
-186.969 184.039 -145.854 1.996
-129.363 175.190 55.011 1.937
202.027 88.135 45.351 1.959
18.010 65.190 19.570 2.045
-142.769 145.438 53.157 1.990
115.506 167.980 162.376 1.791
125.520 162.715 28.149 2.004
164.660 -109.101 113.342 2.005
74.078 -100.565 189.012 2.015
22.951 110.055 178.163 2.121
-43.463 -141.708 -54.779 2.050
98.733 133.674 2.758 2.114
31.279 128.429 66.453 1.956
221.905 -113.701 126.410 1.962
155.082 -97.508 78.292 2.003
-115.672 -49.062 58.281 2.008
-124.391 -188.829 -144.837 2.073
-133.875 -24.960 -191.592 2.089
215.224 12.283 14.770 2.077
-15.581 -36.716 -9.494 1.873
-180.249 6.416 39.639 1.957
-209.615 -154.589 30.650 1.975
-7.197 -55.792 -141.856 1.895
-45.112 -48.319 16.090 1.873
212.446 -49.063 -154.063 1.899
188.028 -130.604 -134.876 1.933
94.419 -183.754 193.257 1.882
215.866 52.852 78.549 1.968
32.322 53.916 -155.324 1.980
52.153 -142.241 -85.094 2.006
81.404 46.232 130.184 1.920
17.531 134.067 153.409 2.054
130.938 13.331 -37.939 2.126
-54.608 -115.274 -11.415 1.952
178.713 -110.039 -54.853 1.991
-25.254 -104.721 -161.973 2.003
208.749 129.577 -156.100 1.971
135.226 80.543 -8.831 1.746
-130.481 -76.730 115.192 1.917
-23.943 -173.243 -115.931 1.989
23.430 -49.095 -17.072 1.942
-36.968 -125.133 -112.516 1.854
-151.433 153.580 55.248 1.945
24.011 -90.431 187.369 2.012
-9.901 9.836 -29.791 2.112
142.093 168.638 125.605 1.870
136.346 42.726 -55.774 1.947
-55.216 -185.798 -63.329 2.092
-97.797 -139.727 -126.532 1.990
95.220 -18.984 -154.834 1.975
-133.991 -38.888 -158.301 2.024
-189.528 -113.080 154.908 2.036
-92.276 -22.397 -32.586 1.970
-14.555 -25.043 11.543 2.012
-48.237 -179.437 54.298 1.839
185.478 -46.242 -18.694 2.045
15.837 179.996 -131.404 2.092
-107.393 124.600 99.650 2.130
16.204 176.879 -92.109 2.044
57.905 -73.247 150.933 1.905
-15.642 -96.109 -167.019 2.063
190.681 -85.836 -167.178 1.969
163.553 -133.845 154.379 2.032
139.108 80.837 -144.345 1.999
1.893 -56.163 134.549 1.956
17.207 -59.547 173.860 1.896
-160.959 103.617 -165.534 1.903
122.533 -134.648 -136.052 2.051
-145.405 157.967 126.073 2.019
154.472 -94.833 -8.575 1.945
174.843 -98.026 -110.674 1.987
-220.154 -95.476 -1.975 2.069
-196.991 170.362 75.972 1.859
-32.019 106.578 -116.916 1.935
-181.684 124.894 31.695 2.075
-116.026 -102.050 199.867 2.125
27.357 87.144 174.172 1.902
-80.595 43.267 138.611 2.015
94.467 93.253 106.630 2.118
-181.302 -87.567 20.724 1.988
193.192 98.931 87.212 1.969
75.568 8.206 169.495 2.118
-15.963 -163.640 145.191 1.854
-219.244 63.874 -166.931 1.968
25.443 149.233 0.250 1.891
-118.168 9.932 175.173 2.105
121.928 -80.988 35.877 2.048
114.267 -111.705 -124.677 1.861
-55.870 51.577 46.556 1.811
119.921 141.512 -106.828 2.068
-158.602 -144.659 101.746 1.928
213.136 76.139 7.041 2.186
-13.113 -147.274 -54.908 2.011
-27.447 11.922 -21.106 1.875
153.735 -102.937 -65.821 1.920
210.273 -121.992 7.945 2.136
111.348 20.043 7.920 1.946
54.773 -88.058 11.674 1.967
-43.046 154.837 17.888 2.027
156.606 -149.879 2.914 1.894
91.920 138.956 -181.594 1.770
163.625 -42.769 -20.617 2.152
204.813 -54.303 -141.430 2.054
206.390 -87.421 -59.598 2.102
-128.855 163.392 -82.815 1.996
-128.642 138.115 106.013 2.036
-22.078 38.113 88.554 1.914
202.918 23.173 39.089 2.152
-211.304 -150.876 -0.105 2.021
-85.451 -9.105 56.712 2.109
178.228 -74.520 -35.280 2.068
-190.398 75.415 107.202 1.966
-70.939 -152.438 22.882 2.161
-192.360 -44.232 113.498 2.068
-193.143 171.585 -187.640 1.988
37.652 78.036 172.109 2.004
114.448 -130.609 190.178 1.993
-89.078 -22.039 99.128 1.955
157.375 143.653 -61.808 1.928
119.268 -63.273 -132.038 2.181
-177.777 86.623 156.749 2.003
-28.250 85.694 199.880 2.045
165.219 67.026 120.887 2.161
101.511 -108.833 177.029 2.066
-162.213 -86.959 -30.445 1.951
-127.451 184.477 51.576 2.148
70.993 0.773 -81.785 2.009
-92.136 55.638 -198.925 1.795
81.081 -89.285 -79.086 1.860
-141.092 14.788 -69.444 2.055
-98.404 -181.086 17.190 1.933
-7.825 -26.896 -14.225 2.101
-195.534 164.070 -108.893 1.943
106.719 114.520 4.585 1.920
-150.603 -33.085 58.314 1.893
-184.653 -166.788 -134.966 2.094
-162.304 -156.591 199.125 1.872
115.286 -189.339 -160.427 1.951
13.445 -29.847 106.922 1.954
47.424 -16.944 89.970 1.953
-25.631 20.860 -103.111 1.960
90.614 101.693 175.879 1.958
211.217 -101.382 101.854 2.253
-186.105 -140.770 -121.330 2.037
159.056 88.024 -161.826 2.056
-45.768 17.777 -59.134 1.995
-36.704 94.903 -152.693 1.916
64.842 82.759 75.708 2.194
178.628 -5.320 -9.935 1.988
-54.123 44.294 122.665 1.910
-62.381 157.077 -59.167 2.198
-219.200 -92.615 20.109 1.887
180.007 151.504 -42.660 2.037
106.049 -166.926 48.218 1.993
177.529 -93.274 -36.332 2.014
-223.527 -172.184 -69.704 2.145
-58.997 -97.178 146.107 1.910
-37.811 157.580 -170.010 1.951
-209.876 -21.264 41.553 1.978
-89.404 -140.001 -2.326 2.015
191.284 -179.452 -188.702 1.968
47.007 -44.113 155.593 2.231
9.353 159.458 97.556 2.173
-124.124 36.649 -123.614 2.117
-208.175 -162.960 -62.454 1.926
224.286 -66.115 -184.555 2.028
176.847 -189.026 -108.526 2.070
13.764 154.172 48.602 2.111
219.891 -18.248 1.225 2.005
-217.721 -159.710 -80.881 1.894
124.890 -42.251 -144.545 1.874
222.369 38.531 -149.792 2.065
-215.083 -184.874 -137.608 2.018
-14.896 179.874 -135.330 2.074
-78.428 -126.690 -65.922 1.861
-200.491 151.153 103.096 1.996
-85.216 6.223 85.934 1.908
-151.690 45.575 48.755 1.971
224.203 -127.412 146.794 2.169
194.169 -2.576 -106.027 2.217
-161.639 -30.426 61.826 2.053
79.189 -106.629 -125.034 1.952
-12.916 22.478 -17.853 2.185
194.383 35.006 -1.238 1.996
161.585 50.338 -129.295 2.007
-203.355 18.476 -26.506 2.152
-166.030 -138.834 -192.895 2.026
-110.652 -157.298 143.967 2.140
-224.109 -166.186 -197.834 1.820
-97.976 118.256 -198.540 1.940
164.836 1.951 -163.657 2.066
49.284 175.140 125.981 1.963
65.066 -39.397 13.000 2.057
-153.114 -33.026 125.644 2.095
53.743 -1.725 -49.676 2.165
141.425 170.472 -44.234 1.997
156.932 -9.489 -45.032 2.095
155.636 -166.834 -178.981 2.275
-187.203 168.445 63.699 1.930
140.896 -49.196 -112.123 1.875
-48.605 -48.676 -29.115 2.085
72.065 -36.394 -100.434 2.079
-8.429 112.219 82.649 2.073
136.328 26.631 -69.419 1.946
-206.795 -20.968 132.544 2.039
196.078 -125.417 -3.748 2.068
190.307 32.242 -162.148 1.938
31.593 -189.830 -58.071 2.106
49.428 83.414 35.606 1.975
54.645 28.411 13.323 1.938
-106.600 52.920 143.161 2.068
84.637 65.257 -133.031 2.013
91.108 70.982 -115.435 1.896
61.186 122.143 -137.202 2.087
-92.330 45.810 103.318 2.008
127.485 -162.872 -64.054 2.124
-144.996 -23.963 70.405 1.953
-169.403 35.568 66.140 2.058
-188.203 157.818 -0.520 2.146
153.421 189.016 47.509 2.065
-82.777 126.542 -123.418 2.184
140.902 183.551 -97.532 1.997
56.865 166.271 -159.592 1.913
-0.442 -67.583 -166.899 1.966
192.630 75.743 58.499 1.893
-5.515 8.955 26.537 1.990
-98.282 -40.181 -88.123 1.906
-206.481 -43.270 -51.834 2.026
73.326 -178.611 -15.617 1.963
-159.632 155.561 -35.775 1.884
57.946 -93.859 -61.371 1.955
-58.737 -145.980 -100.656 1.740
143.143 104.710 69.308 2.022
183.600 -186.152 52.513 2.009
-57.926 67.347 5.590 1.935
201.319 115.472 -191.880 1.872
212.480 36.899 -15.770 2.121
43.432 7.552 -143.022 2.091
-190.798 77.113 13.634 1.980
-187.239 30.710 54.376 1.916
17.243 -18.794 69.829 1.954
188.946 -49.691 -11.801 2.162
121.781 -88.006 -79.243 1.955
-183.777 -93.105 49.977 1.973
-54.559 8.475 -193.733 2.032
152.360 -176.910 -116.017 1.993
53.412 -15.524 -115.996 1.851
24.461 86.467 1.864 1.984
-216.715 -15.135 -173.676 2.219
180.982 -153.326 159.220 1.820
114.317 -164.586 44.928 2.093
-101.603 111.829 107.426 1.959
126.069 -68.870 -114.466 1.961
-189.305 -67.124 178.932 1.882
-140.982 25.903 134.519 2.092
127.051 187.228 37.955 1.956
-66.773 137.534 -189.364 2.098
181.110 151.650 169.304 2.098
189.773 -6.884 -142.697 1.992
-13.648 -66.986 -91.879 2.033
-40.548 76.639 -163.511 1.973
-29.548 105.016 115.868 1.991
86.129 -13.882 -69.546 2.016
-123.589 -89.903 82.276 2.085
93.394 -47.684 -165.762 2.019
-170.327 -123.202 92.255 2.063
173.228 37.365 -151.347 2.003
87.189 -139.873 -0.699 1.886
121.944 -144.420 78.192 1.806
-73.984 38.505 197.745 2.089
6.954 -141.592 -63.815 1.873
-117.578 158.578 -53.087 2.020
67.759 -19.079 -56.409 2.133
-17.260 -14.712 172.518 2.064
-151.911 -155.601 46.947 2.009
-135.596 -46.584 -70.660 2.114
-177.384 -131.946 174.303 2.069
-120.636 -12.378 198.568 1.904
111.870 -56.371 -133.011 1.910
63.273 157.728 103.800 1.854
42.238 -109.926 -175.720 1.967
-27.222 -139.911 169.856 2.110
157.742 -53.774 87.813 1.905
58.055 71.693 -145.326 1.973
-13.496 177.248 36.937 1.870
-95.867 -40.595 -176.288 2.096
-63.651 -15.611 -177.623 1.893
39.769 137.742 -144.514 1.905
169.058 65.895 190.369 2.025
-145.943 -117.940 -2.568 2.009
-182.337 140.383 -16.733 2.085
34.064 99.782 39.613 2.034
-139.505 -82.801 109.292 1.931
139.971 -175.499 -181.095 1.974
-117.379 -157.608 159.260 1.812
-111.721 114.952 -52.308 2.109
-155.479 -171.072 106.945 1.943
-96.079 -46.796 195.989 2.117
62.912 118.336 196.508 2.019
-137.215 32.521 184.792 1.958
-139.812 168.917 -133.861 2.021
-69.099 135.896 -46.216 2.055
-39.437 84.756 -199.176 1.969
128.722 133.158 -3.382 1.976
144.591 72.086 124.029 1.985
-148.258 -163.513 -60.488 1.766
-86.469 53.790 -60.677 2.037
-2.011 -152.330 -179.549 2.005
-16.850 20.017 165.852 1.944
164.405 1.096 -11.671 1.988
150.200 73.795 -0.020 2.123
36.552 110.395 80.564 2.045
-14.858 53.570 -3.246 1.896
-82.130 -78.207 -115.713 1.930
142.883 118.944 -127.623 2.090
-212.009 -34.750 -107.924 1.911
-33.441 67.485 98.827 2.000
-62.375 55.845 17.975 2.010
-86.495 -56.896 19.459 2.142
20.521 -41.432 55.844 2.037
188.244 -67.427 -9.973 1.903
94.894 -28.108 -81.501 1.920
212.999 52.213 -54.845 1.957
220.864 -157.888 -91.692 1.978
188.607 70.585 -85.144 1.966
9.115 -14.956 -76.203 1.878
-57.940 66.493 137.496 2.175
-0.631 166.759 -126.207 2.065
-113.614 16.483 -172.525 1.947
-91.608 41.720 -28.618 1.884
-79.568 -158.901 95.184 1.858
-207.743 32.388 -167.822 1.863
-15.178 141.867 13.630 2.062
153.226 86.485 59.464 2.202
-158.759 96.680 114.554 1.795
-130.157 181.147 36.730 2.169
-124.135 123.328 6.059 2.024
-193.923 104.435 -106.495 2.045
-158.209 -135.340 175.323 1.937
-149.431 -68.289 172.654 1.971
146.494 165.277 81.835 1.754
-101.277 -60.905 -133.763 2.004
-157.462 -86.441 163.075 2.183
-152.693 -152.430 171.666 1.948
131.901 148.739 46.811 1.903
-190.463 150.530 -7.131 2.039
93.886 -36.109 -151.659 2.034
-104.782 168.663 133.354 1.854
-81.013 84.925 -1.212 2.305
61.678 -13.101 24.492 1.920
154.194 -21.270 -97.604 1.887
71.575 -38.258 193.771 2.061
207.763 -70.830 80.052 1.974
-137.019 122.082 64.357 1.905
213.154 -91.922 94.988 1.948
73.252 179.475 -65.038 1.854
83.142 -133.399 28.422 1.952
71.712 -28.783 178.758 1.850
-194.270 176.442 -198.658 1.869
110.385 14.466 118.785 2.077
-215.162 20.254 59.343 2.048
107.343 -35.567 144.549 1.946
176.793 176.074 -78.689 1.894
-208.805 -154.138 -44.688 2.003
128.857 -25.844 77.908 2.267
-38.607 -48.147 62.689 2.057
-199.851 -76.312 122.415 2.173
-207.719 -75.327 187.610 1.802
-214.796 -21.735 181.694 1.993
-165.277 -182.719 -5.790 2.036
-127.598 -112.340 37.718 2.050
119.046 120.789 -122.837 1.903
-36.595 186.413 -112.857 1.919
24.577 -137.864 174.464 1.875
-55.108 -55.020 22.272 2.017
-14.116 -22.794 -99.559 1.848
-46.133 -163.573 118.165 2.039
-211.621 101.948 165.163 2.083
-62.092 161.027 45.277 1.862
206.732 -2.995 -139.005 1.935
86.238 -141.331 52.197 1.909
201.356 -175.725 51.902 1.979
-157.274 -37.414 -0.614 1.881
96.793 13.889 -105.233 2.053
20.401 75.244 112.833 1.678
-75.190 180.286 -123.972 1.904
204.020 -42.489 -93.198 2.104
-190.393 116.153 65.788 1.716
-132.770 167.645 6.764 1.778
119.321 -109.736 -105.551 2.024
13.804 46.278 -26.466 2.032
192.497 -123.084 178.363 1.909
49.737 -5.921 64.063 1.984
-115.615 -38.707 -81.642 2.158
-159.469 124.053 -16.183 2.161
35.690 -0.746 92.547 1.789
-69.475 56.235 -186.299 2.012
106.352 -88.362 -158.395 1.831
70.170 28.386 126.553 2.016
165.911 163.483 51.014 1.844
210.601 24.372 19.439 2.220
19.520 127.823 -78.361 1.931
-25.592 112.376 -114.377 1.979
-208.367 -169.758 -29.989 2.082
7.775 173.868 -37.427 2.213
203.896 99.689 161.548 1.871
-174.276 96.974 71.254 1.980
-56.903 -101.645 131.374 1.989
182.728 -10.388 -124.923 1.809
36.833 154.050 54.141 1.878
93.078 182.746 -58.884 1.685
-221.929 175.378 120.513 2.168
-42.967 92.092 -150.931 1.991
159.894 -12.553 67.094 1.972
43.282 -118.827 -15.228 2.024
-28.734 60.224 85.739 1.997
-83.951 12.683 120.146 2.063
16.833 -186.035 -43.519 1.957
-219.096 -56.766 11.339 1.919
151.267 114.879 87.631 1.972
-41.271 63.636 131.706 2.039
132.298 -38.747 -14.324 1.951
-152.620 -163.641 -154.810 1.860
42.297 112.030 10.026 1.881
-192.989 -51.354 -188.867 2.214
222.062 51.306 121.847 2.130
106.219 -123.178 81.862 2.054
71.594 -153.663 110.267 1.896
-85.913 -72.076 -15.481 2.016
186.407 99.152 -5.826 1.912
85.776 -22.601 -6.333 1.882
82.605 -159.213 44.299 1.807
212.243 71.819 -30.143 2.121
-91.874 -91.386 -88.931 1.906
62.632 103.268 14.349 1.965
92.496 -20.489 175.468 1.894
148.208 188.457 -104.661 2.005
80.724 36.196 4.469 2.175
-25.664 52.182 29.138 1.956
56.411 -39.002 -181.536 2.094
-211.429 177.685 141.775 2.044
-184.253 -67.446 -25.820 2.239
220.173 -56.125 36.330 2.004
-175.570 173.734 -172.808 1.866
-148.211 -142.682 -91.563 1.959
25.041 184.951 -151.019 1.953
-199.403 -4.233 154.966 1.837
176.767 -131.293 187.689 2.127
-45.330 -20.520 54.526 1.963
201.704 53.121 -32.754 2.069
148.013 2.869 119.284 2.091
113.776 120.774 -184.963 1.911
-197.908 -17.651 -191.407 2.054
10.151 151.443 105.792 1.862
-51.411 -145.439 183.613 1.880
-13.134 -123.051 46.737 2.090
-107.822 -50.652 -11.135 1.939
46.417 149.310 186.976 1.964
-149.137 69.686 -59.586 1.893
-110.600 165.965 86.035 2.076
-135.043 -21.116 192.981 1.937
14.813 182.583 139.583 2.045
-50.560 97.388 74.564 2.050
