-211.091 -181.330 -183.908 2.127
-153.527 155.757 -188.645 1.832
-101.419 -179.696 140.900 1.913
64.932 -70.008 175.448 1.858
99.749 -83.565 39.167 1.978
-139.065 -173.010 7.658 2.186
-94.966 -133.789 -84.071 2.062
78.422 160.512 119.576 1.856
-116.066 159.321 2.764 1.912
-132.975 29.246 11.309 1.940
108.572 187.565 49.116 1.911
2.133 -151.750 196.513 2.036
-192.834 142.680 -39.070 2.072
196.292 -152.825 -0.321 2.050
-84.788 103.912 171.081 1.937
171.227 113.933 124.319 2.084
-89.843 183.465 88.454 2.062
148.587 -143.261 72.618 2.153
-132.520 -94.500 156.318 1.944
-128.941 -6.005 -64.721 1.914
72.781 112.737 41.606 2.043
13.344 129.845 110.358 1.981
-117.102 110.084 80.691 1.855
194.904 -182.644 156.580 2.103
182.172 -4.397 -1.638 1.930
203.155 127.718 41.366 2.224
-218.802 122.434 154.534 1.928
-63.113 -180.021 -127.962 2.053
-116.381 53.170 -142.949 2.175
-26.948 9.236 116.479 2.091
-129.911 110.612 -27.361 1.964
166.049 -3.509 41.304 1.923
-213.581 -80.041 57.856 2.052
-137.410 27.014 -59.303 1.948
-87.542 60.157 59.278 1.961
-63.669 -105.157 -176.580 2.078
158.615 -139.350 -143.709 2.081
-43.730 -121.174 -123.527 2.019
207.192 20.518 -190.666 2.190
175.597 114.450 -60.271 1.920
-85.303 -79.805 198.590 2.071
-11.108 27.415 58.004 1.942
-22.679 14.386 -82.781 2.042
107.172 -141.284 48.034 2.044
-177.645 173.745 -199.609 2.000
156.439 132.967 -100.595 1.938
-183.795 7.300 196.237 1.899
-30.325 -133.660 -56.021 2.015
-180.677 -161.818 137.413 1.891
184.757 22.402 135.495 1.916
40.804 180.599 -26.538 2.026
-135.500 36.912 -164.196 2.131
-215.116 -83.110 166.398 1.880
-74.929 183.033 176.403 1.846
7.086 93.605 -7.386 2.095
-144.303 161.385 96.361 1.965
85.742 45.533 -64.154 1.954
-178.550 3.390 29.517 2.103
-8.336 183.772 42.005 2.012
157.051 -65.844 -108.907 1.941
-203.102 -145.906 -194.223 1.940
-109.519 137.838 15.818 2.053
-11.175 -63.470 126.634 1.989
67.411 171.916 156.368 2.155
-35.979 -127.729 180.504 2.086
215.340 -178.297 -102.027 2.003
-59.847 -48.988 -76.164 2.070
200.114 -169.258 194.135 2.166
-115.887 184.586 124.712 2.021
24.178 -96.877 -72.528 2.151
16.355 142.303 -84.450 2.109
155.318 140.130 -69.454 2.151
-223.093 -91.437 -168.714 1.964
36.086 35.828 -27.468 2.178
41.092 84.741 149.325 1.941
131.297 171.185 -169.621 2.189
35.442 -86.186 -29.456 2.016
23.667 100.948 -97.092 1.862
-139.502 -185.746 -45.813 1.978
87.822 -176.736 -146.883 1.987
74.892 46.650 -98.101 2.195
-165.635 -162.157 -56.320 2.128
-59.794 169.886 -68.825 2.054
-95.447 -56.284 170.055 1.906
-66.192 -18.234 8.927 1.882
-33.508 -115.343 -105.928 1.989
-82.744 124.994 63.984 2.035
-141.111 35.141 29.620 1.951
-181.920 -26.535 -155.550 2.039
-6.394 50.716 149.350 2.141
4.099 -160.992 132.236 2.169
-188.946 -171.671 131.758 1.816
145.472 95.889 -173.000 1.788
-80.615 -136.971 45.374 1.864
-115.699 64.409 -188.266 2.097
69.067 -117.175 -53.662 2.056
-19.876 -79.024 184.846 1.868
205.883 30.638 43.221 1.878
173.255 56.599 -24.570 2.052
-37.372 -185.015 -109.970 1.910
124.397 -21.849 185.930 1.804
14.201 -19.807 -50.259 1.977
9.785 -35.781 -90.877 1.900
-80.844 -177.548 -74.866 1.903
-113.895 94.915 17.712 2.083
-93.233 -24.961 161.125 2.043
-54.315 -189.832 199.502 1.997
140.175 -124.731 57.954 2.031
-224.509 -139.307 143.653 2.074
219.927 -37.623 179.830 1.849
-86.487 -133.203 -25.370 1.928
39.571 -55.914 90.396 1.850
103.496 116.585 -73.533 2.163
54.974 138.207 70.418 1.840
-132.527 14.522 -57.505 1.911
159.745 118.578 -11.382 2.085
190.118 -69.672 44.821 2.042
75.213 55.108 11.141 1.893
45.911 -132.528 171.224 2.061
79.339 48.856 111.439 1.862
-79.086 -73.117 120.426 1.997
67.557 163.791 -118.584 2.061
211.417 30.186 -1.594 1.896
27.044 90.956 114.657 1.880
-148.776 101.438 -129.446 2.010
192.944 9.866 -102.448 1.998
-4.814 -141.378 -142.068 2.179
52.315 -3.531 -21.715 2.118
220.944 45.697 -190.678 1.960
-144.308 -137.941 -41.325 1.884
83.624 153.466 167.625 1.972
35.671 163.544 -52.776 1.920
-54.322 -131.342 -125.746 2.026
65.110 -121.717 84.036 2.127
-186.734 111.954 -197.516 1.973
153.950 -169.493 49.004 2.105
-212.994 -12.058 97.593 1.956
106.069 -143.279 -120.339 2.057
-90.559 106.570 186.835 2.071
-129.336 -153.849 -49.870 1.878
99.410 -100.621 -28.748 2.001
81.350 -2.294 57.526 2.021
-136.513 126.759 -123.568 2.135
-90.924 67.561 -96.097 1.995
186.342 -0.918 149.612 2.071
-87.321 41.225 2.261 2.159
217.632 -180.708 -6.705 1.992
-120.759 -140.134 5.909 2.086
0.794 114.633 55.412 1.869
102.154 -156.014 156.131 1.921
-47.040 -80.270 -99.294 2.053
-59.893 -162.977 -117.492 2.271
-135.411 -19.792 -24.680 1.991
-182.596 -121.678 -59.104 2.184
103.211 4.875 -34.328 1.950
-9.913 -61.562 73.044 2.132
78.681 87.802 -149.986 1.916
-204.882 55.576 153.546 1.912
-129.931 38.528 97.145 1.895
-175.789 -70.655 -177.522 1.749
133.629 27.098 -27.098 1.881
-91.948 -159.765 2.654 1.938
-185.631 -12.565 -110.319 2.056
208.177 22.502 -114.128 1.937
-179.878 -82.518 -116.338 2.035
143.933 -35.035 32.996 1.901
-171.286 133.811 -140.030 1.936
44.739 41.122 -20.783 1.759
203.595 105.822 132.553 1.909
-169.205 -163.609 -84.601 2.067
194.848 156.358 74.931 2.043
51.648 76.461 12.541 2.024
203.475 82.269 148.044 1.875
-111.914 -62.743 173.777 2.062
-58.261 -73.982 -76.395 2.075
-29.683 -62.658 11.843 2.160
31.353 -106.590 -75.303 2.004
51.015 -56.899 80.537 1.936
120.378 -167.037 -84.465 1.927
-166.449 -69.116 -126.251 1.922
-222.963 -89.138 57.480 2.019
181.766 114.257 -170.740 1.930
-35.500 -108.914 -123.468 1.962
-201.309 -77.738 89.462 2.040
-54.356 -97.117 -143.540 1.833
61.126 -52.868 -1.722 2.140
-147.261 -103.119 -152.654 1.957
224.333 -27.528 -173.663 2.060
7.349 1.410 -145.103 2.012
160.399 -115.299 -160.961 1.939
-198.369 -53.683 138.680 1.909
-56.619 -139.432 -132.209 2.078
-139.080 -71.640 36.196 2.070
181.609 122.678 -99.071 1.958
-80.981 127.777 -132.807 2.074
102.118 188.606 71.846 1.868
175.123 -95.879 -96.763 1.887
-153.104 -0.625 -43.573 2.014
-209.442 23.317 162.857 2.003
138.338 -70.466 -198.631 1.860
-67.504 63.783 -124.955 1.952
-126.830 49.702 -8.918 2.217
124.814 -149.047 44.642 1.981
69.506 104.202 92.508 1.950
86.422 -176.724 -79.541 2.100
-136.061 112.979 41.498 2.093
168.039 -143.967 -91.521 2.038
221.230 -156.340 -113.362 2.034
82.118 -39.071 -20.839 1.829
87.771 156.140 -96.923 2.034
71.830 72.146 -93.125 1.928
-162.715 -166.145 -32.678 1.949
76.909 100.199 30.499 2.044
107.243 55.246 -35.682 2.074
-96.177 -77.149 -66.683 2.043
-39.210 156.019 106.830 2.237
-86.003 81.653 8.015 2.000
-69.950 89.652 151.960 2.074
139.322 -58.437 -54.616 2.145
-0.620 177.987 -152.969 2.123
-149.215 -3.978 -156.710 1.989
164.602 -14.703 -10.193 2.060
32.512 -68.115 174.273 1.982
-143.735 -15.787 -58.999 2.013
-214.076 -179.451 96.380 1.983
117.413 -63.371 -67.776 1.842
-0.431 -172.362 -84.367 1.876
-45.709 173.321 52.767 1.980
-109.201 23.867 58.449 2.121
-7.575 14.639 144.562 1.722
-9.644 -146.732 34.936 2.043
-127.614 133.781 -85.036 1.912
-181.981 -19.032 171.068 2.108
8.692 156.102 73.686 2.001
87.625 -44.285 94.019 1.942
-201.297 9.655 -1.773 2.047
-60.988 8.549 79.402 2.061
123.421 73.912 86.455 2.104
-122.201 -72.452 -39.931 2.114
-116.346 -82.655 -147.469 2.297
-109.907 -59.043 -176.536 1.839
-160.340 -16.263 96.751 1.993
51.733 -7.639 36.528 1.848
-188.585 -128.113 49.196 1.876
40.340 2.403 -133.571 2.111
-42.489 117.114 -176.374 2.090
143.205 1.672 130.369 1.925
-31.864 -83.475 69.629 1.913
157.473 -184.927 -92.585 2.015
-40.488 -189.236 106.193 1.869
150.546 125.897 -94.678 2.057
-78.480 -32.257 181.885 2.084
-147.429 -148.421 -167.038 2.223
-44.523 -25.445 88.656 1.898
19.981 170.003 46.744 2.054
43.480 -50.117 -111.469 2.119
85.214 186.036 -155.533 2.085
217.913 46.920 198.085 2.135
-26.341 -39.592 33.464 2.066
-200.516 48.525 -43.138 2.048
-169.768 -117.812 89.452 2.069
210.924 157.256 -102.146 1.863
163.534 -92.953 -136.953 1.916
-119.343 -184.607 -76.699 2.028
-85.300 -66.523 -27.189 1.901
-87.279 148.734 82.174 2.036
28.168 37.729 164.645 1.973
-46.980 -133.708 -187.537 2.092
-183.499 168.279 128.312 2.097
-133.575 62.181 -181.245 2.065
-204.759 -185.496 -187.188 1.945
-219.388 -153.135 125.860 2.013
-107.738 -119.986 156.242 2.045
64.300 -40.389 81.113 2.034
155.187 144.574 86.799 2.084
-43.117 108.789 -100.800 2.047
177.274 -15.262 185.529 1.960
-164.190 59.818 -110.837 1.987
208.385 142.477 -39.216 2.015
-82.306 95.066 143.913 1.867
58.040 48.381 59.988 2.010
5.377 -63.858 185.603 1.928
107.184 132.258 -7.960 1.862
169.493 -4.252 -32.997 1.984
-155.328 8.518 168.906 2.120
-58.126 -135.660 197.910 1.939
-51.471 103.513 -17.701 2.055
-102.117 -147.307 -157.139 1.927
224.846 -161.541 -122.223 2.128
77.654 2.828 -164.500 1.994
-181.511 161.908 63.737 1.906
-219.997 -83.698 199.229 1.821
33.183 -171.204 -137.775 1.958
113.214 152.789 92.503 2.155
-164.346 93.046 97.424 2.054
220.333 117.174 100.713 2.115
-98.759 -154.085 66.135 1.999
78.841 -121.231 -188.298 2.153
148.440 48.274 162.732 2.170
21.579 -139.837 -120.840 2.030
-220.981 36.010 2.226 2.111
113.666 -45.364 136.975 2.039
-129.789 -62.536 21.583 1.776
181.057 -10.593 -51.420 2.069
-179.080 183.070 122.443 1.829
-73.940 67.706 -137.129 1.966
-16.924 44.243 -178.466 1.997
173.616 173.969 -48.958 2.120
184.577 64.751 -129.463 2.099
0.472 122.864 -19.281 2.000
-187.549 82.051 -11.560 1.948
-173.490 -20.295 169.244 2.021
-124.688 126.250 157.799 1.902
-52.977 74.395 124.033 2.053
-197.841 -161.719 63.307 2.134
113.518 -84.122 -79.191 2.113
7.822 -33.352 55.446 1.960
-11.789 -124.204 162.556 2.165
54.897 112.925 49.099 1.826
-37.560 -180.299 -30.814 1.951
146.933 -117.713 -9.241 1.998
-87.362 35.341 114.392 2.093
51.069 189.925 -154.598 2.080
-179.847 -123.760 -121.908 1.744
201.056 188.481 21.471 2.014
-79.005 3.125 -183.336 2.023
-186.621 45.615 -93.789 2.024
52.391 -19.046 48.062 1.985
-83.816 -23.587 171.066 2.130
28.762 38.965 179.927 2.053
118.407 99.035 -14.868 1.879
-103.681 -38.690 179.783 2.064
-223.575 80.365 111.242 1.990
-185.228 -169.247 41.572 1.828
-41.365 -9.352 92.603 2.169
-193.186 74.948 92.557 1.810
141.394 -41.548 -73.358 2.073
30.626 -29.040 32.439 1.985
-44.763 -65.694 -161.144 1.990
20.638 -153.796 195.739 1.927
81.293 157.605 76.387 1.993
-156.397 35.174 -180.599 1.821
141.569 125.087 -121.479 2.104
-137.745 102.545 -33.591 1.879
156.288 46.888 198.991 1.959
108.063 77.637 2.854 2.064
-37.980 -48.148 -168.663 2.021
-55.727 20.521 42.597 1.847
0.787 150.734 147.019 2.260
102.419 93.062 -18.347 2.012
109.553 50.096 -66.811 1.839
-80.648 34.137 160.684 1.815
-118.388 -151.945 54.214 2.009
12.658 -47.104 -81.239 1.971
-113.423 -64.733 16.073 1.966
-95.803 43.649 133.667 1.975
143.197 -112.858 -187.387 1.853
24.582 24.711 149.494 1.807
-120.423 149.651 176.936 2.012
-66.690 74.986 -24.139 1.981
-161.400 175.635 8.882 1.863
28.267 -55.334 147.952 1.855
-54.623 163.759 -75.910 1.934
26.339 133.445 -179.073 2.222
2.544 -112.841 -15.170 2.046
-177.091 172.757 44.245 2.162
11.100 114.479 48.908 2.078
-77.567 -140.096 -139.034 1.888
149.290 54.490 70.186 1.989
82.528 -103.507 -156.999 1.985
87.161 -189.938 -161.737 1.999
172.376 71.704 -0.527 1.943
5.018 51.523 150.589 1.913
-154.444 35.293 -78.623 1.920
192.258 -11.851 -178.809 2.036
-64.979 17.530 4.062 2.089
-195.508 -36.361 -85.867 2.017
-163.542 -51.316 -66.296 1.994
164.126 94.761 172.833 1.922
-170.017 174.184 68.020 1.942
53.187 49.656 -115.796 1.875
-34.205 -20.205 -113.595 1.886
103.485 -182.938 -61.744 1.887
114.927 46.598 189.046 2.040
147.812 -75.188 164.903 2.017
119.721 -112.331 -13.366 2.141
138.913 157.284 129.311 1.973
69.152 43.616 -124.277 2.026
-216.625 175.317 -183.652 2.082
9.181 3.666 -69.746 2.021
178.061 31.873 -4.984 2.164
166.626 -117.110 -8.389 2.054
177.025 173.855 90.039 1.947
-201.382 96.980 127.816 2.073
105.199 -99.642 78.624 1.903
109.534 174.278 0.339 1.989
-85.698 136.885 38.296 1.865
32.195 -91.669 -11.882 2.008
156.301 -143.163 -32.961 2.163
-81.293 -9.476 -28.941 1.941
203.359 -98.260 -65.382 2.052
-50.730 177.066 -62.286 2.005
158.253 18.364 9.007 2.222
-103.233 98.885 -146.937 1.985
-111.169 -23.990 -114.416 1.881
-141.445 105.070 145.991 1.976
94.062 -126.017 54.266 1.808
92.979 22.821 -193.250 1.958
199.605 93.264 -116.171 2.175
57.785 143.135 188.859 2.074
8.806 141.633 -174.069 1.962
-123.391 -151.401 150.618 2.058
151.886 -185.752 149.138 2.041
43.160 -130.338 -199.632 1.972
-153.881 170.009 -52.816 2.018
209.403 124.301 38.254 2.096
47.444 69.468 -79.499 1.918
170.721 -46.487 -123.595 2.073
-165.447 -189.994 -58.021 2.181
57.961 -115.809 67.211 1.935
-151.475 150.227 152.906 1.905
-155.944 -180.518 11.335 1.933
-193.054 -98.160 99.951 1.969
-68.230 -38.700 64.493 1.904
162.377 140.819 64.138 1.988
195.433 -179.836 159.134 1.980
-130.036 -14.981 -97.456 1.983
201.635 -85.099 24.917 1.928
94.350 -37.517 40.018 1.910
-22.224 -187.331 -186.233 2.013
-82.879 61.329 137.710 1.843
-127.612 167.475 81.155 2.217
-55.115 23.615 138.006 2.003
-205.732 177.076 188.524 2.056
-38.635 -27.588 -136.564 1.899
-184.841 65.255 -152.721 1.904
171.281 -43.042 -30.981 2.083
-39.388 -11.595 51.545 2.153
-6.321 138.748 168.474 2.007
-145.728 29.752 -106.448 2.097
92.267 -140.438 59.273 1.975
25.546 119.725 -109.895 1.911
176.505 139.581 42.973 2.053
171.179 117.807 28.279 1.952
145.520 56.904 87.193 1.810
182.924 174.505 -173.587 2.110
150.026 53.189 24.095 2.021
-204.710 -137.255 177.593 1.855
49.451 154.251 -33.930 1.936
-142.000 169.183 -114.835 1.885
-148.240 -155.091 -97.209 2.138
196.365 5.329 14.689 2.104
-41.227 96.413 -148.671 1.931
4.079 -25.583 49.135 2.114
219.303 -185.023 151.515 1.923
204.225 -170.609 -146.292 2.008
89.028 110.922 -196.669 1.815
181.663 -25.299 198.764 1.988
-32.378 -45.473 -2.513 1.935
1.612 124.811 -94.672 1.859
-140.528 -180.546 10.189 2.106
-137.287 111.148 -148.353 2.065
182.862 152.081 7.807 1.953
-153.615 -69.008 -130.268 2.043
93.290 -24.629 10.413 2.124
-17.149 -70.119 -175.468 1.912
-157.422 70.234 115.060 2.060
-224.985 29.943 181.176 2.169
183.097 179.243 -74.461 1.852
212.831 -66.737 -156.497 1.872
-18.106 124.347 -88.542 2.058
-68.304 35.225 -23.576 2.103
121.768 -1.933 60.831 2.168
-206.552 -61.122 -78.502 2.137
-72.310 -82.215 -160.991 2.208
89.567 32.301 -196.751 1.961
-145.447 -175.692 83.562 1.984
-99.456 109.008 198.144 2.200
112.179 92.120 112.571 2.012
26.868 -137.293 34.159 2.039
-99.754 132.084 139.168 1.856
206.162 -8.201 7.386 2.070
-64.033 134.132 108.605 2.027
53.717 -35.705 164.396 1.850
-204.467 -14.705 -172.491 2.069
144.373 19.287 -185.659 2.027
52.219 -115.134 -35.744 2.030
-179.451 -174.249 58.620 1.996
-172.794 15.466 -198.111 1.993
-135.511 -129.490 -45.408 1.943
-122.720 126.741 178.095 2.105
-66.517 73.251 -104.573 2.030
175.896 -165.360 -45.506 2.026
106.923 -7.328 -93.312 1.961
27.040 -25.185 47.008 2.065
-103.169 64.903 97.755 1.755
-48.423 135.542 -148.263 2.023
170.180 -26.733 32.188 2.053
-13.626 28.006 8.576 2.099
-187.485 -9.255 21.715 1.836
-203.777 -130.398 -114.964 2.003
-102.260 -41.602 183.635 2.171
-12.513 43.947 -56.069 1.970
147.514 120.470 -141.466 1.871
-101.631 42.297 57.073 2.186
-99.011 183.152 -30.016 2.005
-221.877 -146.983 -62.873 2.038
78.257 8.888 -187.692 1.927
-100.718 -38.802 194.251 1.919
-191.869 188.900 -65.610 1.911
44.460 105.293 -118.385 1.983
-155.817 101.756 -184.294 2.179
-207.613 -32.298 85.902 2.010
-42.469 -86.133 -107.368 1.985
-62.067 178.163 -21.662 1.939
52.292 150.005 -86.646 2.011
-185.829 21.160 197.550 1.955
202.796 91.676 -184.949 2.181
-142.748 -14.460 -149.347 2.079
-146.685 178.428 52.963 2.076
7.513 151.025 -198.332 2.034
65.268 30.009 -185.455 2.179
34.624 77.502 173.348 1.964
-118.583 -113.796 191.690 1.930
93.219 188.591 -197.823 2.071
-81.430 137.333 -121.624 1.955
174.966 27.802 -135.618 1.977
-11.408 -32.091 -105.769 2.091
30.789 132.370 -187.136 1.878
124.920 -46.643 157.345 2.104
-172.551 124.156 38.095 2.059
-185.114 49.502 -98.614 1.996
16.817 85.745 -20.911 1.965
-101.340 -81.091 -129.849 1.937
130.671 136.985 0.511 1.978
31.339 52.846 7.953 2.062
26.205 -4.987 8.479 1.883
176.217 109.614 98.994 1.864
-155.042 -106.208 -146.432 1.960
-210.052 -53.861 -24.253 1.848
152.799 -179.588 88.070 2.187
-122.144 -46.114 -60.174 1.989
130.023 -125.566 48.595 1.974
19.845 107.255 159.664 2.000
-3.253 5.992 -77.601 2.022
214.766 62.954 173.898 2.129
107.946 -110.655 157.550 2.003
-99.610 70.966 -153.286 2.076
-59.635 37.001 85.845 1.916
18.496 -28.426 -199.080 1.842
-46.027 -73.289 -128.188 2.155
172.512 -35.335 119.096 2.181
26.996 147.832 -155.711 2.037
66.059 -105.206 -113.683 1.971
167.055 125.037 -54.120 1.923
-32.860 23.556 -136.744 2.113
10.252 28.871 -37.684 1.857
29.436 -14.080 -159.404 2.233
188.581 -148.270 111.423 1.851
188.142 -153.728 -74.933 1.998
-35.894 65.719 -2.356 2.055
196.832 34.413 1.623 2.075
190.851 -138.355 107.333 1.944
120.849 -184.493 -0.823 2.047
-192.959 -110.435 183.683 2.058
223.135 161.623 -61.595 1.996
171.569 71.671 195.295 2.007
118.162 181.364 -142.440 2.111
13.207 156.751 182.541 2.065
79.506 -87.507 -189.633 1.919
173.861 -27.632 -102.004 2.176
-49.500 79.101 6.452 1.911
125.878 180.562 -186.734 2.053
224.349 -78.660 -59.439 1.925
-11.017 -66.580 -67.097 2.156
-177.055 -2.122 116.146 2.129
62.626 53.441 -162.935 1.875
-105.975 0.756 82.249 2.051
-57.802 -178.494 39.382 2.055
39.755 188.900 192.743 1.998
181.208 175.784 185.334 1.971
156.874 -62.822 -91.248 1.980
-55.779 37.228 -33.354 2.082
167.564 160.164 74.328 2.002
-46.031 -0.150 -187.117 2.109
-212.673 -14.662 -132.111 2.066
68.487 -76.216 -70.523 1.957
48.459 154.726 83.353 1.963
-166.504 112.929 142.197 1.926
-110.544 -81.586 -150.401 2.260
203.588 -7.676 14.663 2.142
61.425 126.806 19.832 1.858
34.019 -35.464 3.032 1.839
54.833 -95.588 -117.655 1.996
219.942 67.971 -158.265 2.094
-49.740 84.927 -103.501 2.108
23.926 58.152 -67.255 1.962
-111.333 62.699 66.567 1.805
-113.169 -76.835 -153.158 1.994
46.092 -91.369 73.863 2.065
65.872 65.971 193.169 2.022
123.071 -92.591 134.011 1.943
75.911 -17.237 132.186 2.010
-127.773 -125.929 -141.260 1.951
-48.934 -128.363 93.215 1.906
5.804 -93.567 8.197 1.844
-38.480 0.349 -178.651 2.112
164.325 -112.437 126.078 2.010
154.020 99.516 -198.346 1.956
150.260 16.389 46.366 1.962
0.049 -8.771 73.280 2.027
-40.075 -152.066 -79.858 1.943
-68.506 -66.004 189.235 1.911
-53.734 -165.459 -138.019 2.005
-58.221 24.279 -17.185 2.068
-133.623 131.087 77.984 1.981
100.010 101.181 57.287 2.159
-29.642 -143.065 75.431 2.054
46.432 -127.767 127.704 1.948
94.153 -165.091 -154.184 1.829
-85.020 3.363 196.636 2.037
-115.412 -132.546 -114.643 1.947
-182.031 -186.612 170.573 2.075
148.416 -102.625 -165.720 1.931
140.587 -120.687 -182.588 2.148
84.231 -45.118 103.621 1.958
-40.122 -135.404 140.522 2.043
8.238 64.778 185.250 2.146
49.070 46.898 -109.113 1.980
176.875 -43.481 95.872 1.870
-16.359 -78.307 -174.703 2.047
-148.470 -41.776 -133.275 1.836
-148.805 183.805 128.426 2.017
99.569 79.222 -85.299 2.062
-138.139 149.399 176.422 1.986
52.004 -99.196 131.635 2.020
221.435 37.785 -33.978 2.029
181.094 -123.334 45.828 2.011
70.126 105.519 -7.663 2.005
-53.604 114.227 182.170 2.094
175.310 86.243 -72.053 2.069
-75.377 -43.353 -154.674 2.056
-0.818 -69.543 113.620 2.189
73.474 -44.735 95.630 1.822
-79.834 -27.907 101.386 1.992
161.359 -173.922 -104.012 2.036
-132.849 1.620 -122.070 1.913
62.761 13.093 72.029 2.111
155.197 -173.728 173.939 2.061
220.753 -103.915 -35.852 2.073
35.076 29.575 -70.475 1.954
78.327 153.917 -77.188 2.077
48.248 61.691 50.916 1.826
224.152 141.528 66.664 2.170
20.265 181.288 -54.764 1.929
28.079 27.014 -83.147 2.048
217.218 36.489 -188.138 2.032
-105.084 -68.527 -180.144 2.077
-201.152 91.035 -65.864 1.970
-224.098 103.928 -81.365 1.881
-189.228 -52.423 115.600 1.959
64.697 101.305 -147.654 2.166
43.454 18.924 -150.735 2.185
-40.995 63.046 80.677 1.983
57.783 -184.187 128.952 2.088
-60.044 -173.690 -135.768 1.983
197.937 84.625 -50.991 2.104
96.833 28.551 45.882 1.901
-127.317 149.603 -6.091 2.197
66.450 -32.617 5.563 1.970
-197.700 91.364 103.250 2.039
-52.943 139.968 -33.299 1.746
35.496 -124.907 -180.890 2.110
-89.860 75.571 26.031 2.159
33.624 93.115 -75.251 2.055
-42.106 -19.033 -18.702 2.184
139.044 -151.815 -187.256 1.952
-178.839 -135.453 84.485 2.020
-127.328 21.446 -82.711 1.815
52.916 161.426 -110.134 2.157
-149.103 79.025 77.625 2.141
-207.229 70.628 108.575 1.860
-139.639 -77.937 67.708 2.011
152.106 -47.905 -140.007 2.141
23.838 -42.643 -149.023 2.006
115.702 182.769 116.308 1.940
-34.392 94.212 -112.235 1.904
-81.114 24.548 24.509 2.049
122.590 173.212 -57.017 2.049
-170.873 80.300 84.760 1.921
-180.745 84.346 -46.038 1.792
-106.083 -167.399 80.167 1.901
-151.566 3.488 153.550 2.061
176.360 189.418 -53.246 1.755
163.684 68.038 66.805 1.936
-79.354 -176.989 127.469 2.104
72.842 179.732 -113.116 1.725
119.240 91.924 -34.373 2.059
111.043 22.614 176.974 2.040
-81.857 3.387 7.573 1.748
104.046 -21.000 -89.887 2.121
45.853 -26.052 -124.677 2.062
-36.731 -29.171 -15.429 2.006
97.189 -0.493 -100.121 1.937
-199.847 128.746 56.581 1.916
-37.185 -76.707 -22.661 1.886
97.540 -7.090 18.458 2.090
-64.469 -182.795 -121.275 2.094
-195.812 39.418 -156.843 2.029
-28.075 -185.725 -150.362 2.011
-133.330 64.056 -165.381 1.902
-59.486 20.948 -137.565 2.027
92.262 -181.506 -0.746 2.070
162.569 90.861 -5.712 2.004
224.381 -26.612 28.322 2.075
-168.223 -87.629 -113.930 1.966
-188.441 -66.602 -48.893 2.019
197.190 112.828 179.228 1.982
-63.502 -7.059 -125.800 1.939
102.812 -61.466 -87.298 1.960
-107.009 29.367 72.766 1.875
134.450 3.545 103.320 2.069
217.321 -35.453 -66.486 2.168
-72.083 85.367 157.227 1.912
-80.522 84.293 73.705 2.064
27.439 169.497 -3.657 2.095
-46.816 19.329 -28.099 1.849
42.914 7.121 -55.718 2.064
47.088 112.558 160.874 1.871
90.995 3.041 45.918 1.889
-216.829 115.301 108.454 2.027
45.867 7.029 48.796 1.928
21.368 -103.237 164.403 1.936
5.980 119.403 54.214 1.985
134.572 138.137 93.428 2.034
165.607 181.121 152.194 1.862
51.944 -101.855 56.981 2.014
3.553 34.950 -7.557 1.898
65.825 51.251 33.432 2.193
156.211 155.091 7.385 1.845
86.655 -12.556 111.290 1.930
-155.687 165.987 -59.128 2.028
-97.274 -98.442 82.001 1.984
18.669 -74.535 1.318 1.950
208.628 -75.177 104.328 2.023
184.783 6.578 116.669 2.041
209.821 89.437 -191.207 1.923
-1.504 80.856 189.943 1.961
-18.533 7.568 68.860 1.873
135.990 91.061 53.234 2.024
-216.043 73.291 84.798 1.999
-208.250 87.425 91.782 1.944
189.630 32.184 -13.111 1.993
117.749 51.608 -120.938 2.042
162.443 -177.471 13.332 1.829
71.727 141.908 -187.696 2.056
-112.542 7.845 -103.332 1.916
32.082 174.293 -197.915 1.874
-104.252 169.369 -83.074 2.122
-60.012 -70.612 23.166 2.057
-62.861 -179.597 140.816 2.085
207.938 77.303 150.462 2.038
194.385 -70.021 63.185 1.940
131.595 -36.343 140.709 1.950
80.567 -158.311 -151.274 2.149
-171.801 71.235 -82.349 2.128
190.958 -89.816 151.106 2.148
-109.729 121.827 34.633 2.050
-101.167 -40.185 -110.941 2.081
166.371 124.284 154.666 2.042
5.532 17.559 162.879 2.061
125.138 -59.557 -101.747 1.922
-100.380 120.725 -93.478 2.072
131.522 83.566 -4.613 1.760
-120.599 185.988 -25.599 1.894
73.705 36.730 -30.101 2.043
-107.907 40.875 -108.302 2.136
14.270 -65.583 168.210 1.992
-4.962 -101.374 148.251 2.086
-171.307 147.224 108.499 1.899
191.190 121.656 -84.656 2.044
66.466 16.164 -55.588 1.911
-75.834 -8.194 -41.595 1.928
140.502 -16.931 -195.759 2.102
174.587 -103.602 8.685 2.107
-172.848 -133.236 162.717 2.110
-220.527 142.593 -97.484 2.009
-209.457 4.989 33.984 2.089
-13.501 4.375 -157.264 2.069
29.758 187.951 -179.383 2.110
-20.913 141.414 -5.976 1.946
42.537 -111.752 102.233 2.080
-112.448 38.630 24.753 1.877
128.533 -74.535 86.518 1.943
135.627 80.419 131.639 2.003
61.236 -107.121 -28.691 1.979
-12.132 57.930 -96.159 1.901
-27.815 29.817 156.677 2.062
81.054 -26.069 -151.041 1.897
59.670 100.234 48.592 1.946
-128.146 4.266 -58.753 1.850
167.336 -149.972 -39.839 2.009
-151.020 164.724 126.684 1.782
-70.486 -189.592 67.340 1.920
-186.228 39.870 153.143 1.774
-64.347 163.163 -28.281 1.909
-178.846 171.980 171.342 1.864
-140.949 147.074 -132.106 1.944
-34.669 -35.120 -184.579 1.951
-148.261 -36.624 80.440 2.071
178.310 -44.450 37.127 1.972
185.700 83.527 155.213 1.976
-218.617 77.386 -72.019 1.928
-109.879 140.296 -110.878 1.879
170.152 -33.384 -133.801 1.881
206.052 -85.510 192.063 2.016
-93.665 45.148 173.614 2.059
186.810 -117.974 91.949 2.133
-28.382 -189.114 -88.739 1.984
169.008 10.349 118.179 1.946
120.546 -13.771 -0.245 2.037
-60.941 -50.954 -148.470 2.045
-54.138 -15.536 131.243 2.049
57.153 -22.482 -4.152 1.902
153.547 32.769 -54.011 2.107
-20.359 -6.502 110.818 2.035
160.405 -105.861 112.844 2.184
112.427 -145.470 -96.898 2.028
-222.824 29.987 -160.008 1.997
62.378 -77.229 64.282 2.002
55.162 65.890 107.681 1.924
95.035 -109.785 55.137 2.159
181.236 75.232 118.199 2.003
-193.422 -2.436 -113.127 1.938
74.342 61.387 -31.076 2.107
-205.044 147.168 86.545 1.800
102.957 38.356 147.201 2.078
-71.150 73.537 113.350 1.954
183.911 88.261 -116.468 1.884
68.479 55.019 -94.839 1.811
-171.201 -79.923 119.556 2.015
-121.939 167.354 197.590 2.024
-186.477 83.297 -133.419 1.955
-75.983 131.558 62.362 1.991
-69.386 11.257 -45.577 2.141
213.225 120.043 140.207 1.950
5.152 117.121 -194.445 2.037
119.008 173.017 -8.547 2.257
21.946 -5.345 -154.691 2.031
222.446 33.636 -117.256 2.092
-34.205 94.707 165.941 2.011
-191.136 10.800 122.848 1.950
27.217 -152.317 -157.561 1.812
-24.160 29.342 -93.383 2.002
-207.616 -127.049 10.567 1.983
20.509 182.458 -29.519 1.993
-35.767 -155.396 138.489 1.899
2.277 121.484 -63.063 1.914
142.557 23.606 -165.317 1.975
165.011 -108.694 -197.260 1.872
92.943 121.604 -35.378 1.941
-145.840 -179.916 -65.866 2.109
-118.796 75.478 58.452 1.972
88.585 -171.336 76.156 2.081
-60.567 -48.477 -42.009 1.890
78.127 104.530 -42.958 2.008
-14.475 85.564 71.143 1.899
132.533 23.948 -68.192 1.977
-23.485 -158.948 -85.922 1.880
-88.699 -126.937 165.814 1.840
-46.327 140.276 -129.199 2.022
88.509 55.524 18.162 1.968
72.627 50.343 143.952 1.937
-150.609 97.526 64.418 2.067
-110.967 -14.707 87.499 2.057
210.386 146.620 165.795 1.931
167.882 14.898 -195.859 2.084
-149.765 -177.130 131.652 2.053
-22.219 46.638 45.741 2.131
-51.874 -84.709 31.416 2.155
-3.172 32.664 -76.616 1.964
181.279 -163.203 -124.362 1.954
181.080 175.530 96.988 1.986
15.120 103.480 153.535 2.024
-219.459 -184.980 109.109 2.192
115.806 -84.050 110.416 2.011
99.849 -108.868 56.357 2.029
-13.090 -77.887 -129.853 1.911
-38.967 74.628 -13.713 2.028
207.298 113.728 54.763 2.167
-195.011 169.197 138.191 1.963
-71.459 -124.786 -13.001 1.805
-210.693 -47.017 -31.906 2.006
-25.944 -80.471 -15.336 2.238
-123.914 134.978 43.701 1.854
-34.048 -27.410 81.631 2.007
81.596 62.678 -128.684 2.010
171.972 155.424 166.125 1.880
26.876 -123.903 14.070 2.216
-16.420 76.781 -26.141 2.104
-37.580 -45.687 139.682 2.129
-141.271 181.207 -122.882 1.903
-144.764 83.469 104.939 1.969
-44.825 136.266 38.190 1.980
126.264 -113.436 106.922 1.998
116.900 42.029 -87.403 2.038
-104.644 -0.388 -135.643 1.931
113.192 -41.395 28.866 2.043
-157.520 -180.007 -130.103 1.959
212.534 166.202 -19.380 1.981
-123.321 44.326 105.117 1.972
28.152 -42.650 -78.240 2.298
207.257 -82.539 60.307 1.954
-49.445 -186.535 183.862 1.925
44.683 15.895 89.838 1.932
-19.211 106.906 20.445 2.056
-96.592 136.150 147.445 2.098
-152.356 -101.476 -83.531 1.863
11.165 -98.529 -55.351 1.827
112.858 35.856 120.211 2.151
-173.418 -37.937 -13.920 2.055
118.901 92.794 135.033 1.950
-152.835 -180.522 78.976 2.151
-156.583 -175.011 158.765 1.838
-220.883 80.770 -63.736 1.853
-10.774 -11.505 140.818 2.011
114.470 132.750 -22.662 1.989
218.299 146.400 -112.047 2.197
-184.520 99.743 73.425 2.032
114.455 155.243 8.449 1.997
21.587 -52.230 14.206 2.006
-120.267 -16.799 30.909 1.862
105.166 4.847 28.799 1.971
-70.568 -187.493 -158.314 2.046
-149.667 144.179 62.987 1.884
-177.865 -147.291 -51.876 2.203
109.895 169.890 106.353 2.220
-17.336 -87.952 97.919 1.945
-85.366 -39.254 -35.712 1.850
-7.363 -19.250 -124.943 2.073
92.713 -60.308 -12.408 1.932
43.998 -182.118 -69.335 1.940
4.574 9.083 79.751 1.970
200.638 160.386 173.372 2.047
-172.730 -117.290 62.430 2.100
57.360 43.441 24.348 1.893
-76.900 21.884 47.808 2.010
-78.170 -13.973 -39.443 1.950
-93.004 -172.230 -187.214 2.003
-25.068 -3.596 -160.868 2.036
65.691 30.325 -34.264 2.027
55.222 -134.501 93.656 1.965
42.400 16.241 167.332 2.061
12.047 155.714 -74.156 2.001
200.980 -134.535 121.733 2.085
200.359 80.149 115.241 2.099
-104.332 143.078 107.772 2.009
49.541 110.679 -55.458 1.909
-62.689 -51.103 -153.271 2.116
-50.161 -38.869 -179.546 1.970
46.788 13.906 140.676 2.032
178.874 85.416 -170.554 1.912
-210.095 -16.741 92.025 1.981
109.558 77.632 141.544 1.794
-14.095 155.409 130.974 2.140
164.359 91.217 -6.031 2.047
111.851 86.610 -199.774 2.057
185.616 127.484 -101.040 1.934
202.041 -161.276 62.481 2.033
141.116 -108.443 74.657 2.034
47.937 8.460 -143.045 1.905
151.470 17.458 -158.640 2.052
-49.898 14.366 130.318 2.034
73.800 -59.668 88.657 2.025
40.790 -81.197 121.505 1.953
159.222 -101.852 171.175 1.964
7.579 -100.294 -95.517 2.038
-190.672 121.720 142.723 2.231
-59.722 168.472 -160.756 2.021
-119.492 -166.575 -29.455 2.039
103.530 127.553 142.271 1.972
151.494 21.929 59.964 1.946
-36.429 -137.949 25.397 1.839
-181.199 -149.735 102.177 2.258
-136.222 -38.750 -174.894 1.885
-185.356 -157.835 15.176 1.939
-10.187 162.461 -125.009 1.913
-162.372 75.428 11.048 2.067
218.144 -94.582 50.283 1.962
-161.259 -27.599 -156.913 2.175
-220.779 133.612 182.650 2.014
8.161 153.525 93.322 1.899
-83.455 -89.992 -128.676 2.143
92.077 -21.911 -42.625 1.874
109.576 -115.910 -131.363 2.121
-210.901 -87.026 -179.081 2.179
-159.417 -127.260 173.517 2.039
-157.381 -186.733 -199.336 1.979
-136.553 94.803 161.641 1.982
-91.253 14.044 186.929 2.079
