126.830 75.507 -146.019 1.989
-191.499 60.159 -133.502 2.193
-57.462 -87.188 -92.463 2.163
-215.945 138.877 -22.932 1.934
153.977 53.554 107.225 1.969
-103.780 85.246 -137.472 1.851
111.924 -56.390 -96.098 1.951
163.426 148.679 172.911 2.105
-207.025 127.610 77.080 1.977
79.469 -46.585 133.160 2.006
33.783 51.854 -52.017 1.922
190.789 180.452 -73.008 2.032
54.995 107.448 -65.964 1.805
-64.635 -60.564 -47.301 1.886
87.792 -176.619 73.947 1.998
-174.812 -24.741 180.955 1.909
-209.894 -62.158 -17.325 1.748
140.611 -0.595 90.165 1.878
-207.546 -35.323 170.641 1.999
136.573 108.173 -174.612 2.022
-138.676 -30.422 -53.865 2.070
-167.979 -156.180 118.725 1.954
178.716 67.654 -20.678 2.041
200.882 15.006 -90.068 1.863
191.964 -37.293 -131.866 1.798
100.428 -157.105 63.512 1.975
-74.287 72.629 -193.351 2.058
174.781 107.805 -161.759 2.031
4.604 31.169 160.436 1.914
191.572 71.785 165.872 1.996
206.117 -10.228 183.883 1.966
55.409 -49.208 133.178 1.851
-98.743 -109.724 30.942 1.994
205.888 -115.415 52.128 2.000
-112.280 129.453 -2.675 2.159
-141.697 -102.023 37.829 1.979
-73.325 -131.979 -155.516 1.952
210.866 187.168 150.794 1.952
-153.769 -52.043 127.007 2.041
57.754 -149.558 85.514 2.138
86.411 -65.389 -171.088 1.972
-136.465 -111.494 195.259 1.838
138.437 -38.323 -155.289 1.964
183.095 125.651 -165.256 2.064
-179.736 102.210 -80.075 2.132
-115.737 64.927 166.085 2.080
73.582 -81.291 -3.229 1.899
180.528 -173.168 134.761 1.919
83.452 97.382 68.087 2.084
146.736 171.018 -36.245 2.008
-41.225 -51.890 123.581 2.088
-10.325 -15.102 44.011 1.906
149.269 -16.166 134.809 2.270
2.212 -170.699 -183.903 1.918
-19.489 40.744 -15.834 2.011
56.592 -171.185 12.522 2.010
-85.876 -53.809 -24.549 1.858
-75.328 -122.272 113.946 1.973
150.636 7.535 146.227 2.212
-30.166 -3.883 108.770 1.987
48.024 5.151 -48.615 2.070
-52.323 -155.460 -2.921 1.832
167.656 118.312 187.436 2.048
99.287 -122.174 -87.996 1.989
218.923 86.273 93.278 2.091
135.453 85.959 -129.304 1.975
-149.319 66.908 -59.386 1.923
188.991 179.188 -195.308 2.065
-212.989 163.560 56.454 1.996
-9.501 63.390 -195.718 2.022
57.583 183.583 90.873 2.080
-65.035 26.902 137.370 2.023
-47.762 48.836 -145.066 1.925
-95.603 -189.250 -93.063 2.016
18.757 -90.568 101.773 2.017
209.457 -117.771 69.087 2.098
-39.300 28.823 -16.299 1.882
164.624 73.639 92.410 1.847
154.227 80.344 30.162 2.077
-90.983 104.237 -171.227 1.820
-168.084 -84.031 144.495 1.985
-103.519 41.691 15.212 1.894
169.187 52.997 -124.789 1.883
72.553 -144.858 -112.583 2.219
175.551 -185.712 158.099 2.045
-146.120 -61.081 -105.772 1.907
48.528 188.624 196.491 2.107
-165.205 -136.729 69.206 1.986
23.255 156.757 33.615 2.000
45.026 -104.261 -45.986 2.140
-209.185 -130.729 98.340 1.880
209.268 -13.484 -49.671 1.911
-201.540 119.588 169.479 2.073
12.897 -25.266 196.686 2.037
-176.098 172.899 -39.774 2.013
138.405 -164.697 95.334 2.092
172.219 37.327 -183.218 1.979
85.976 -173.626 21.914 1.993
77.889 -189.427 -119.451 1.847
39.949 173.110 -48.015 2.124
82.219 -119.993 -122.372 2.062
-144.439 124.608 -107.970 1.948
188.771 100.048 55.256 2.175
188.850 105.831 -186.397 1.973
-181.765 5.501 68.099 2.092
188.574 -158.258 -52.289 2.040
87.392 25.625 126.916 1.821
-156.407 -100.683 108.788 1.996
-103.616 44.194 -59.092 1.930
-153.809 54.175 32.442 2.008
107.860 -110.802 -167.353 2.064
-53.209 140.307 -8.736 1.962
-212.434 -164.159 91.806 1.994
148.671 83.432 -70.508 1.802
92.580 177.070 4.724 1.833
-38.834 -9.434 59.357 2.134
195.387 -164.367 112.809 2.121
17.471 45.350 -19.061 1.997
178.971 -50.535 -95.162 1.823
-170.844 154.173 106.977 2.074
127.089 -119.015 -118.081 2.077
-108.312 -5.252 -56.182 2.004
-36.852 134.031 117.225 2.110
-212.625 -110.565 -199.388 2.063
-124.043 -21.832 -61.232 1.971
5.524 -55.711 46.945 1.998
-106.016 147.393 16.124 2.055
-166.756 147.586 -82.531 2.101
-133.463 98.195 -86.357 1.950
-23.444 -159.441 -195.514 2.020
58.460 -136.735 159.513 1.866
40.030 -168.823 88.068 1.923
70.050 -173.881 154.067 1.943
-184.685 9.212 -144.082 2.056
214.006 -21.639 -27.802 2.035
-3.127 -14.830 9.909 2.016
122.143 2.937 -144.140 1.958
-172.484 -158.951 0.590 1.985
134.302 89.074 87.079 1.776
28.860 63.874 -89.311 1.859
110.697 138.896 97.826 2.266
-171.295 34.438 -181.545 1.965
-72.064 149.587 75.890 2.023
156.694 38.439 128.022 1.781
181.969 39.016 -49.305 1.967
-206.606 -78.328 198.051 2.005
-91.906 54.194 -146.318 2.094
32.658 153.732 -62.666 2.058
99.966 -172.863 70.848 1.824
-145.497 37.320 84.751 2.042
-190.271 -19.684 -193.397 2.050
112.537 183.732 -86.598 2.054
202.638 121.766 19.936 1.921
-79.001 -63.417 -93.866 2.036
-168.016 -6.769 -151.290 1.936
-196.347 -24.679 -74.970 2.028
-95.676 83.971 50.214 1.881
37.415 -16.477 -178.733 2.012
52.283 -110.819 22.218 2.041
-38.291 -18.023 -106.447 2.008
167.825 -3.581 -183.794 1.994
-52.630 43.888 114.084 2.124
201.242 -112.723 64.569 1.925
-143.300 -87.854 -164.228 2.053
83.438 -148.866 -111.338 2.027
-145.821 142.926 -32.231 2.093
80.390 -100.358 110.058 1.900
-196.763 138.540 95.602 2.015
126.507 180.501 -49.539 1.935
-190.793 -70.399 -184.105 1.883
-144.145 59.013 -74.686 2.002
148.761 -87.894 -184.845 1.893
-1.837 171.988 -11.145 1.920
-51.783 178.296 -135.099 2.053
144.173 180.363 40.271 2.029
182.459 62.577 -182.605 2.136
-133.694 78.578 192.000 1.994
27.495 149.345 -0.105 1.740
13.598 -69.503 169.898 2.078
-83.751 -147.306 65.898 1.820
-120.202 11.605 146.552 2.134
188.172 120.794 -192.008 2.058
16.099 86.840 -14.719 1.849
16.444 74.421 -17.618 2.111
-110.759 -161.442 29.572 2.094
100.279 53.943 164.956 2.006
99.779 -146.372 191.310 1.978
152.789 -85.859 146.108 1.907
210.111 104.235 -65.114 1.866
112.837 -17.407 -151.080 2.065
10.990 58.213 150.473 1.932
-47.763 122.173 177.737 1.933
199.753 23.084 123.146 2.032
-21.504 116.673 -166.322 2.117
111.615 83.860 94.264 2.072
28.562 -14.419 105.445 2.025
49.893 16.049 40.305 1.986
-120.062 -31.879 -44.202 1.818
115.295 -86.592 41.115 2.002
55.529 96.329 -59.001 1.999
153.742 12.503 4.077 1.959
-142.703 6.488 -2.629 1.903
-29.041 -46.275 -24.437 1.957
-51.780 5.197 -133.944 1.832
-29.307 127.294 -66.150 1.960
30.673 188.067 -111.283 2.092
120.732 79.199 -190.031 2.029
158.774 37.346 152.319 1.911
147.528 166.551 -149.733 2.173
-67.966 -84.891 -191.804 2.072
108.772 1.815 171.565 1.922
-181.860 23.118 -199.350 1.980
102.486 85.057 -136.652 2.049
-42.242 -13.031 -85.478 1.829
-1.383 -69.566 -50.096 1.905
-135.690 -67.899 152.033 1.824
102.043 -10.726 -0.884 1.949
103.435 101.937 -12.169 2.105
115.421 69.090 -159.467 2.021
146.883 -102.612 93.255 2.188
-9.883 126.625 164.662 1.961
192.608 187.762 -9.813 1.807
82.128 139.253 176.492 1.920
-169.305 142.938 118.054 2.008
-195.626 79.743 -28.757 1.775
34.967 31.686 -45.098 1.840
76.220 14.817 -137.409 2.161
-64.613 47.869 89.342 1.959
-31.296 -5.151 141.120 1.911
32.279 -27.628 -65.570 1.964
8.184 167.172 149.879 1.963
-88.296 137.762 130.001 2.093
-31.484 -177.339 93.656 2.021
-211.234 -160.962 71.618 1.981
164.599 162.352 -22.014 1.757
56.201 -51.565 -64.289 2.193
-153.903 165.322 171.498 2.105
23.698 138.086 199.018 1.912
78.845 -151.393 -121.141 2.092
84.089 123.224 77.107 2.106
-210.054 142.348 -19.857 1.855
-201.270 -89.699 -82.418 1.908
-171.879 149.073 -80.319 1.964
224.772 169.353 47.677 1.977
-147.671 94.236 114.394 2.012
38.372 -35.547 112.403 2.000
-128.236 -110.444 -62.411 2.056
-140.202 -113.938 166.280 2.083
-89.961 -146.231 -149.093 1.943
-108.120 -46.678 -62.543 1.892
-66.607 -5.122 126.646 1.958
-11.385 -13.571 -160.924 1.998
152.874 53.827 125.560 1.876
-158.056 -138.961 24.010 2.249
58.977 76.277 112.119 1.865
135.848 -84.271 177.475 2.008
-130.354 150.601 -126.326 1.942
-163.687 104.363 51.725 2.075
12.455 69.427 99.386 1.820
143.143 36.674 151.613 2.051
12.442 -26.162 28.485 1.984
110.722 -97.139 -21.261 1.925
118.845 32.903 44.517 2.109
-26.419 -32.830 -89.197 1.846
-90.254 174.136 -139.395 2.013
88.872 -100.422 133.627 1.923
-187.755 19.054 -53.424 2.081
-75.769 -58.061 59.349 2.038
111.540 7.832 15.100 1.974
-5.951 96.373 -31.793 2.066
15.291 14.110 171.003 2.020
219.347 41.542 17.260 2.073
141.717 51.687 -109.353 1.925
203.730 -126.241 132.903 2.015
-178.596 176.908 15.921 2.017
-131.937 -173.926 149.669 1.843
-113.618 49.896 16.599 1.981
-178.240 -189.483 56.477 1.948
122.760 -62.873 129.509 1.939
193.547 39.152 -29.015 1.968
98.784 171.261 188.623 2.094
134.433 177.516 -57.852 2.256
-34.417 -119.568 -100.720 1.952
116.609 115.880 -25.187 1.981
-127.793 57.247 90.920 1.804
-8.981 102.955 129.619 2.112
71.181 17.099 -184.751 2.048
-216.268 161.391 -86.505 2.243
24.577 25.759 34.209 2.133
137.043 -96.235 80.239 2.093
44.946 -84.445 -84.126 1.851
60.523 115.895 -189.147 2.168
146.371 115.939 -156.434 1.920
17.330 2.273 53.587 2.022
-89.000 -40.549 -170.072 1.928
-167.744 160.337 1.985 2.120
18.434 155.423 97.219 1.970
-33.699 13.857 -51.537 2.088
-217.859 156.456 64.704 1.947
-159.959 -100.562 41.888 1.948
35.824 177.734 -5.379 1.811
-222.756 -172.896 -121.365 1.954
156.498 9.827 172.038 2.152
103.436 82.623 -20.648 1.937
50.578 106.042 -134.079 2.112
11.557 42.794 -145.343 1.969
41.392 -145.601 99.243 2.089
116.892 -108.936 109.445 1.934
56.042 -78.987 -79.015 1.755
183.685 56.690 129.428 2.019
-85.485 -83.295 -117.877 1.865
91.728 162.452 183.213 2.012
93.534 184.470 37.704 2.110
-107.786 -11.278 97.200 2.189
143.551 -12.904 -188.773 2.045
-16.781 60.294 -122.643 2.021
-20.756 80.909 146.105 2.168
-152.160 75.905 -142.934 2.048
-206.467 -151.958 85.921 2.012
-34.427 -16.706 160.344 1.933
37.423 -49.978 157.217 2.013
161.916 167.024 47.518 1.850
-203.025 -101.841 130.500 1.912
68.825 -80.372 -59.099 2.062
-21.898 159.559 154.162 1.869
-203.120 -174.360 8.623 2.212
-104.186 21.178 -7.726 1.974
-76.345 49.729 137.205 2.053
135.297 30.098 143.401 1.942
-141.498 -64.908 57.586 2.155
-85.783 -188.463 170.312 2.009
148.696 -181.932 158.936 1.912
81.417 108.878 101.196 2.039
104.185 -102.893 138.326 2.049
28.855 -164.956 48.914 1.821
-165.621 -10.561 -118.059 1.942
153.511 -105.194 -61.076 2.193
-163.221 97.678 -109.630 2.069
-6.583 -158.108 48.978 2.144
-91.645 59.049 -106.841 1.942
-58.344 7.488 110.605 2.144
-219.090 186.973 106.514 1.899
87.574 150.931 -150.456 1.883
-114.087 127.473 167.941 1.938
-103.826 46.517 168.808 2.179
-108.264 -75.943 -188.075 1.983
-197.565 117.287 -121.556 1.878
-108.309 -16.239 158.812 1.855
13.722 -159.287 -170.740 2.057
200.507 -187.401 44.243 2.004
162.164 -6.866 -128.272 1.780
206.353 -147.734 128.301 2.027
-75.723 160.915 -162.856 1.960
146.656 174.729 23.286 1.980
28.297 -147.639 -26.352 1.963
108.304 -142.778 -41.794 2.138
-40.710 -104.045 -130.538 1.961
-86.973 178.139 92.299 2.249
-183.137 5.166 -27.683 2.085
-197.853 -78.413 175.279 1.935
131.498 74.994 139.110 2.025
-122.034 169.703 40.121 1.965
-106.515 134.824 -121.788 2.073
-14.917 140.720 24.467 1.938
146.474 -172.589 195.007 1.999
-28.229 169.067 126.236 2.171
-222.126 171.814 104.623 2.128
-59.131 114.059 71.373 2.143
197.856 -86.039 153.589 2.105
159.731 -44.656 147.974 1.963
-122.139 140.270 -1.163 1.912
171.784 -89.383 152.640 2.173
55.921 162.299 -3.477 2.102
124.800 126.745 117.493 1.971
42.834 120.711 12.640 2.038
197.401 147.705 -104.621 2.096
-62.440 105.632 17.243 1.955
137.890 121.073 13.811 1.886
148.114 -76.539 -49.209 1.946
-99.023 -61.895 140.862 2.026
-151.891 49.228 -185.278 1.944
-200.568 -187.669 -31.805 2.082
-85.400 105.592 113.009 2.031
133.088 -3.989 -182.936 1.983
-197.804 111.538 151.530 1.839
38.335 80.588 138.279 2.112
3.161 134.498 2.946 1.932
146.198 6.514 -26.739 1.912
131.479 116.427 -75.739 1.996
36.632 -177.467 198.107 1.963
-174.902 162.588 -196.396 2.073
-128.503 -187.669 -97.197 1.946
-14.487 -110.572 -23.220 1.773
140.064 -120.665 157.956 2.029
77.686 117.132 18.118 2.034
104.066 -6.306 -44.822 1.949
-42.224 -50.926 -87.424 1.982
175.365 -156.815 -64.745 1.817
-58.341 176.669 -22.135 1.996
-94.232 -51.719 -151.972 1.985
-174.287 -106.545 158.264 2.213
-67.338 82.804 8.994 1.987
118.606 112.340 -29.575 2.120
-65.082 3.684 -4.139 1.976
-48.258 74.605 -126.407 2.059
161.745 92.871 -92.741 2.043
80.782 73.650 43.792 1.935
-16.404 -51.947 -84.041 1.951
-197.835 -3.253 -113.277 2.051
47.209 96.618 -2.910 1.870
110.679 -27.272 138.623 1.979
-90.668 0.585 63.999 2.019
186.404 131.554 -85.566 2.105
87.198 171.545 -44.317 2.032
-11.342 -60.462 -13.902 1.967
-206.776 80.057 -119.845 2.162
80.179 145.530 121.999 2.114
-180.765 -91.500 46.977 1.869
-145.175 -156.777 138.531 1.891
6.747 -98.877 164.401 1.876
-222.939 -31.366 4.355 2.088
41.419 101.113 74.100 2.056
-12.492 116.461 -137.869 1.886
189.643 16.687 106.207 1.976
-39.361 168.068 121.113 2.118
208.004 -171.737 -3.063 2.079
-160.666 173.800 -32.978 2.067
-218.088 105.629 -144.731 1.876
8.823 73.643 -154.353 2.066
-151.003 11.444 -198.002 1.964
-50.312 126.881 -52.259 2.007
-215.832 -160.759 -137.938 1.952
11.398 -69.542 -194.432 1.966
219.134 64.379 37.353 1.938
-11.296 -60.015 -108.057 2.010
175.338 55.809 -198.633 2.055
-63.711 64.339 162.870 2.147
-9.155 120.832 189.138 2.047
-205.436 -6.592 -57.857 2.044
65.385 75.533 -11.598 1.997
-219.187 -109.323 -190.356 1.863
-135.894 -11.346 127.831 1.904
58.463 145.810 68.027 1.965
154.223 160.199 -115.401 2.143
2.117 87.957 -117.406 2.039
-93.214 45.080 -34.259 2.057
-139.077 -166.134 -24.101 1.962
-74.899 19.542 -33.612 2.073
-185.311 -92.074 -99.002 2.136
22.917 37.325 42.381 2.013
-109.814 43.136 -86.037 1.901
220.426 20.544 -103.332 1.973
32.345 -128.593 75.854 1.990
168.733 187.556 13.363 1.920
167.616 73.861 -28.134 2.064
209.359 151.715 -9.580 1.878
0.931 -129.432 150.399 1.802
201.534 -152.127 139.731 1.962
-108.916 49.997 145.526 1.992
-98.156 76.087 67.237 2.035
69.109 112.551 80.742 1.809
-97.443 174.504 90.291 2.002
-151.916 173.171 43.950 2.203
219.749 -23.244 8.570 1.981
5.524 -40.846 185.381 1.999
-81.587 -149.949 94.959 2.016
122.929 123.750 -27.089 1.944
-186.343 -134.781 12.066 2.057
221.241 -146.155 -139.976 2.074
-88.803 121.938 130.595 2.058
-89.800 60.507 113.862 1.966
-19.698 -105.603 171.263 2.120
-25.255 90.509 -72.373 2.059
36.436 60.387 -131.854 1.930
82.645 73.178 87.443 2.073
-176.742 86.031 -15.252 2.021
-3.523 -53.010 -7.388 1.825
-123.143 123.986 10.481 2.090
105.382 -20.409 182.452 2.108
-82.847 63.889 -82.014 1.994
-208.213 119.261 -128.096 2.073
36.191 -114.247 -23.116 2.001
49.447 -66.201 45.450 2.010
64.028 31.728 30.372 2.073
31.383 71.674 145.868 1.881
-43.284 130.261 -43.036 2.057
57.519 -87.340 -171.604 1.985
-179.312 85.270 39.642 1.776
-194.636 75.730 -4.129 1.963
-77.812 181.565 92.737 2.092
51.123 -129.261 120.476 1.866
-71.582 121.417 1.117 1.897
77.015 -27.312 13.592 2.046
-186.604 -117.100 -195.630 2.151
209.782 133.861 64.746 2.053
205.735 -150.355 58.159 2.055
-165.230 165.783 -4.143 1.998
34.811 95.508 -145.586 2.160
-130.724 126.140 -81.197 1.971
217.476 82.186 33.761 2.090
-206.857 -163.722 159.275 1.923
168.706 -131.217 -34.333 2.076
-162.985 -162.542 74.898 2.005
-149.997 136.199 192.580 1.972
208.375 -143.302 0.955 2.125
176.263 -147.694 9.407 2.145
192.421 77.896 87.826 1.942
164.684 85.713 -137.719 2.033
-95.973 138.271 -163.869 2.093
-147.588 37.900 -176.978 2.022
-4.558 135.058 -137.347 2.077
-36.413 -182.435 -143.790 1.980
69.980 163.048 -23.025 2.031
-175.124 -187.329 92.996 1.946
-67.060 -58.299 165.563 2.238
-205.988 5.937 -99.849 2.016
77.066 26.677 -117.306 2.013
126.967 81.265 -1.776 2.103
-172.525 113.665 -143.182 2.018
-198.790 -156.125 6.301 2.013
-64.199 -41.589 85.588 2.076
100.102 10.970 70.112 1.929
-31.058 38.696 -7.754 1.983
115.292 -35.882 -101.881 2.038
96.448 124.682 182.837 1.946
-196.972 -54.059 110.066 1.849
200.282 -143.412 39.160 1.835
101.938 135.796 79.335 1.928
-219.926 -107.784 -180.416 2.152
-166.249 -158.030 -111.524 1.916
-83.883 57.196 -13.183 1.941
59.005 172.467 130.750 2.026
-30.654 -19.641 135.626 1.947
9.781 -163.888 121.954 1.894
214.613 -180.139 -131.302 1.996
59.298 0.579 82.052 2.043
184.095 -184.119 102.293 2.104
38.819 -21.487 -107.867 2.048
-12.938 -140.317 118.419 2.038
94.798 160.997 -110.536 1.966
19.873 138.453 197.351 2.056
169.065 74.252 -52.812 2.009
137.559 -144.767 120.990 1.818
-97.128 6.821 -22.861 2.036
32.138 -19.430 -118.902 2.022
-17.199 171.687 194.302 2.108
-191.236 27.826 85.249 2.196
202.305 -146.426 125.709 1.905
119.871 57.098 65.281 2.152
61.333 -141.354 -29.903 1.966
12.781 81.481 62.363 1.917
-88.256 74.654 165.836 2.032
-27.481 -186.740 -123.649 2.016
-189.376 -178.648 40.323 2.107
-179.214 33.933 181.069 2.028
-41.413 -100.632 -114.488 2.078
-159.259 -78.975 -7.832 1.965
-71.081 130.456 -92.159 1.979
-199.148 -189.292 138.461 1.942
-123.770 29.379 -141.698 2.036
137.422 -112.795 -92.967 2.021
-47.134 21.104 -162.798 1.969
-87.596 -106.146 -135.504 1.975
115.758 145.348 20.381 2.235
-211.608 83.656 58.298 1.923
27.095 -131.185 136.770 1.863
-51.252 -122.720 76.926 1.874
-180.279 -162.222 -6.435 1.857
36.823 19.007 -172.635 1.823
27.525 183.914 -135.174 1.827
22.144 -54.265 -37.552 2.084
-90.914 8.538 55.549 1.990
-8.246 170.805 33.291 1.911
-133.350 186.079 -57.546 1.980
106.611 -175.808 177.639 1.823
36.108 -165.624 24.085 1.977
133.325 -188.835 -54.341 1.994
-66.767 -59.485 183.321 1.982
-55.647 107.672 -66.197 2.029
61.850 45.094 72.078 1.846
50.100 91.478 164.297 2.038
-223.695 16.791 95.400 1.978
-131.471 -90.221 -26.911 2.142
205.427 -30.845 -81.307 2.073
-7.629 -62.014 98.699 1.946
-146.332 -91.917 -16.655 1.960
-46.889 71.900 -34.046 2.054
-136.361 -77.234 -5.653 2.097
-104.440 -178.191 123.791 2.077
-49.749 -98.014 22.269 2.094
178.279 -44.714 -150.000 1.972
-122.361 73.745 -65.573 2.076
73.625 -70.333 7.161 2.028
-67.333 147.124 -110.483 1.837
83.658 -134.467 -149.187 2.113
93.404 9.166 -114.262 1.948
220.485 -170.902 61.133 1.907
85.573 181.192 181.908 1.882
215.833 89.644 19.468 2.039
-191.663 24.856 71.109 2.067
-162.394 -56.160 54.371 1.951
197.260 -150.377 173.224 2.220
178.336 68.649 135.813 1.995
-67.939 87.814 128.413 2.133
-71.374 -126.175 106.436 2.053
-76.354 -128.964 82.380 1.968
-22.298 -9.529 178.438 1.941
-224.458 -159.927 -64.671 2.084
152.324 96.968 136.584 2.025
-203.658 -136.505 -138.013 2.082
-157.215 87.788 -35.932 2.057
-97.035 63.304 5.156 1.989
-83.811 96.935 70.384 1.896
-120.807 -187.639 105.842 1.905
102.081 -83.393 -7.570 2.020
-30.941 -21.485 -137.080 1.899
110.515 -118.920 -52.680 1.979
-56.509 -132.927 -86.005 1.878
23.390 -24.355 -19.628 2.121
128.042 -84.903 -41.912 2.099
-139.665 82.181 142.152 2.086
-60.244 -55.610 170.275 1.938
-35.303 -98.040 -194.632 1.941
-114.822 139.369 126.958 1.931
-200.895 96.857 -194.306 1.820
-101.298 54.243 -118.797 2.063
38.366 -28.898 90.911 2.142
175.169 -13.398 -18.873 2.070
-121.835 -17.461 -25.584 1.941
165.624 42.760 -26.175 2.127
148.546 102.090 120.204 1.917
-29.941 0.249 75.752 2.041
-110.894 163.907 -33.629 2.001
117.411 -47.956 -43.799 1.805
112.930 88.046 -129.784 2.236
112.391 -27.427 91.578 2.093
-151.458 -79.739 64.421 1.986
65.639 2.371 -144.937 1.838
-101.612 159.436 -73.249 2.099
199.247 22.089 -57.726 1.863
167.678 39.147 -47.151 2.077
-96.419 107.861 -97.188 1.932
-186.323 -165.063 -65.534 2.182
-199.512 122.956 -152.738 1.980
20.366 168.830 -186.002 1.911
-187.831 159.386 45.610 2.083
-221.006 188.772 68.481 2.016
-11.542 168.586 70.780 1.934
-116.915 -155.869 -92.520 2.086
172.669 -187.062 -31.283 1.970
-104.056 147.416 -103.504 2.133
-189.145 179.987 -150.060 2.079
101.920 -40.935 4.901 2.020
15.983 -46.159 -146.646 1.972
8.364 45.045 108.155 1.938
109.765 47.518 29.117 2.124
-190.999 -0.819 130.623 2.108
-144.413 -28.348 81.734 2.002
196.925 -36.289 127.296 1.960
212.966 -65.906 82.809 2.199
18.449 -128.344 -88.946 1.901
-180.329 -108.806 10.627 1.922
-67.116 -20.972 -18.696 2.039
-170.355 -87.752 198.429 1.863
197.976 189.829 -146.871 2.024
95.347 87.755 189.252 2.039
-154.048 25.482 176.801 2.160
218.817 -110.066 169.088 1.865
165.819 -24.658 97.150 2.016
-125.634 -140.353 -181.103 1.963
-219.861 124.420 -105.761 1.965
-89.444 24.772 55.504 2.054
62.907 -61.794 -123.052 2.075
130.836 173.287 -168.623 1.973
-128.419 112.013 -184.184 1.741
52.394 -127.541 -137.603 2.117
177.045 163.123 -126.764 1.995
-7.659 -158.884 26.988 1.899
145.239 71.845 168.346 2.010
-134.852 -189.786 -113.921 2.033
113.670 151.546 12.462 1.957
-65.704 -47.484 -129.884 2.058
156.181 -142.433 122.043 1.824
25.471 66.324 149.633 1.938
-115.913 -166.545 -139.197 1.848
192.391 -6.339 65.419 2.103
0.971 178.537 43.058 1.878
-21.671 76.404 149.077 1.903
-173.218 37.900 -94.871 1.851
17.242 10.364 -169.368 2.089
-32.139 -142.240 -183.117 1.916
147.493 168.323 33.938 2.086
153.885 -146.524 -96.913 1.950
210.230 123.576 -59.417 2.060
16.354 -171.594 98.682 2.103
207.100 -62.494 -7.962 1.933
155.468 -45.227 -191.620 2.007
-96.428 -177.541 189.062 1.839
220.636 -8.637 -55.435 2.006
-129.910 184.979 90.325 1.883
224.880 68.579 109.529 1.826
-138.021 54.871 -180.043 1.909
203.488 0.802 127.847 2.056
163.546 -110.215 -13.297 2.163
68.779 -58.721 84.702 1.976
93.293 -156.446 -84.687 1.890
-85.935 -83.153 -121.656 2.082
-211.814 14.890 -63.472 2.087
170.574 -6.528 -47.223 1.889
-182.506 -44.620 -182.226 2.051
96.358 117.797 170.069 2.042
-71.213 122.931 -182.113 1.928
-221.202 -157.905 15.919 1.975
-176.181 -45.842 118.772 2.038
69.433 -85.050 -54.603 1.908
-196.935 -127.295 -124.417 1.969
-170.657 86.366 140.826 1.974
-65.484 -0.436 71.741 2.001
-201.811 -69.908 -186.956 1.912
-128.574 -16.864 4.553 1.990
-176.074 -47.998 155.703 2.094
198.942 87.627 158.974 1.972
-216.594 168.634 93.139 1.876
48.785 4.271 -137.946 2.164
153.044 44.536 153.598 1.826
184.619 37.908 80.081 1.927
172.923 181.137 -180.764 1.940
116.538 65.878 -120.576 2.099
116.142 141.443 -87.299 2.113
103.338 -123.166 -101.733 2.195
-28.417 -39.883 -159.899 2.040
-141.312 100.647 16.628 2.063
130.755 -157.855 -76.219 2.135
-66.503 63.560 -54.102 1.985
169.474 -111.295 154.301 1.943
31.600 -14.186 103.531 2.026
64.512 146.080 -166.328 2.010
99.474 52.058 182.458 1.666
-145.122 172.428 92.701 2.016
-182.801 -105.040 -90.001 1.921
9.056 -14.789 -125.248 1.976
-169.997 187.549 -49.713 1.931
-155.681 143.438 -6.383 2.101
-111.581 -145.340 -6.023 1.971
-183.191 -34.015 35.600 1.842
-26.196 89.793 176.504 2.126
147.855 152.203 160.955 2.079
91.606 -140.039 10.174 1.900
64.476 1.558 169.323 2.003
27.843 115.298 179.590 2.001
3.322 -5.215 14.067 2.037
-72.430 -157.741 -1.240 2.060
109.212 -3.386 -87.716 2.118
103.663 -53.465 -50.470 2.174
131.073 -140.432 101.918 2.085
-92.283 -173.950 -170.487 1.928
-61.374 -167.183 -30.842 2.148
-223.468 -125.047 8.653 2.078
213.340 -170.009 71.236 2.183
15.680 -85.458 14.144 2.050
20.255 173.456 77.329 2.073
173.158 -41.766 -45.726 2.145
-25.802 -174.392 195.100 2.064
-134.987 -76.968 5.742 2.039
120.818 -32.138 -15.815 2.086
-117.246 110.549 119.069 1.946
-206.407 -135.015 62.013 2.022
-64.176 30.611 -75.817 1.921
-115.649 -63.194 107.578 2.061
-83.334 128.164 -33.613 1.831
87.911 59.081 100.586 2.061
-48.008 149.994 136.455 1.782
191.504 -16.061 -186.121 2.057
-44.871 114.666 -19.503 1.842
218.944 25.951 19.221 2.218
137.982 -140.909 -175.930 2.125
160.348 -86.465 93.742 2.129
134.092 167.902 -62.646 2.175
-26.242 -15.835 181.980 1.886
2.094 183.243 -56.313 1.904
-157.495 53.167 -58.306 2.071
-165.503 -124.208 98.189 1.964
54.731 -53.531 50.244 2.098
35.629 100.053 -133.101 2.128
-107.863 -24.682 63.797 2.194
96.458 57.231 -97.887 1.959
-74.066 -67.096 93.228 2.022
-54.219 60.414 -162.493 2.098
-136.917 43.106 154.023 1.972
139.296 116.244 -141.284 1.977
153.787 16.496 5.899 1.894
-210.262 113.744 -147.670 1.850
-22.013 188.888 -111.346 1.923
-74.209 72.103 21.378 2.186
119.189 8.633 -44.041 2.064
-95.899 56.469 -191.273 1.865
137.975 137.820 28.819 2.016
128.442 -72.644 -189.735 1.965
184.312 -24.111 44.714 1.995
-96.696 -95.442 -113.340 2.035
-25.827 8.700 -192.950 2.011
10.264 -51.333 130.164 1.982
-24.589 -117.197 -47.198 1.983
98.902 -99.657 -139.575 2.084
195.114 -71.454 182.558 2.039
49.295 -77.776 183.183 1.972
-100.111 185.331 9.858 2.129
178.089 -150.966 -175.703 1.943
-128.478 -109.052 133.841 2.024
-205.687 -63.666 -35.005 1.938
-159.623 127.156 -163.248 1.909
-211.369 -2.915 -107.610 2.050
12.296 91.827 -187.906 1.967
167.720 152.015 150.529 2.036
-167.258 17.591 -116.559 1.869
-15.519 117.309 -65.222 1.781
-31.434 71.674 185.309 1.838
-206.280 186.170 -167.675 1.902
143.831 34.682 -39.059 2.218
-9.886 63.088 -129.024 2.045
22.297 148.692 117.335 1.998
-164.737 62.122 12.830 2.040
173.425 4.487 178.064 2.217
80.927 -82.024 161.944 2.045
-51.458 171.708 -171.576 2.113
-40.492 -153.342 -92.794 2.030
217.050 -135.081 135.550 2.139
-34.522 123.194 -51.396 2.054
87.192 -56.188 -199.474 1.995
-32.475 -184.461 -13.030 2.041
-77.315 -159.654 169.583 2.198
-35.035 -13.189 120.442 1.818
-77.870 -90.305 120.733 1.915
-186.941 -144.359 9.808 1.964
-212.448 -82.795 147.343 1.987
204.241 -144.809 -9.713 1.955
-112.504 67.970 -132.448 1.974
126.629 -92.816 -166.488 2.146
-72.659 84.843 13.756 1.793
104.960 96.651 -19.051 1.964
-44.315 -166.563 -196.277 1.978
-88.822 27.102 -161.684 2.107
71.432 -170.863 -72.028 1.831
-25.710 -171.772 110.224 2.128
-199.006 181.090 88.165 2.227
-76.622 53.331 -9.215 1.918
-101.656 -138.430 2.357 1.991
-171.397 -133.210 28.450 2.255
-219.650 -90.785 168.256 2.111
-10.596 -1.888 -157.984 1.990
125.462 -23.684 -151.358 2.000
-115.277 -188.569 -136.208 2.028
32.272 26.714 31.755 1.989
-129.495 132.655 -31.621 1.817
-1.381 185.742 -45.035 2.130
-162.245 -122.062 -144.724 1.976
89.518 13.958 -15.907 2.088
-25.897 164.273 128.732 2.003
-94.330 167.036 -103.826 2.098
-134.304 75.732 -34.371 2.142
27.157 25.107 61.991 1.952
-195.976 64.895 -112.960 2.094
-156.681 -115.428 19.397 2.073
-212.033 -182.977 118.417 2.032
-174.408 -122.049 -95.548 2.007
-164.613 -160.855 -40.886 2.019
55.546 -184.770 -70.783 1.856
-77.307 -188.046 -164.345 2.065
27.778 166.882 156.852 1.951
22.239 106.957 -145.667 1.957
197.388 -113.740 176.493 1.947
142.430 -130.181 -129.486 2.209
-106.104 1.147 114.600 2.008
171.203 74.466 125.784 1.926
-84.334 186.225 185.696 2.011
-19.721 47.496 -183.245 1.960
3.818 -189.619 -14.002 2.041
-141.433 -49.273 -34.367 1.932
-163.459 187.080 178.234 1.985
-9.658 3.137 197.530 1.960
-64.568 -105.394 80.789 2.050
-135.705 77.136 179.501 1.817
-126.992 -70.080 -13.768 2.038
-195.626 -129.825 136.876 1.928
-75.451 55.904 -128.853 1.883
120.257 -139.637 -167.842 1.914
-144.842 55.559 -140.288 2.008
113.423 -107.055 1.572 1.888
165.396 -42.064 83.454 2.051
-34.287 -46.650 133.063 2.113
176.081 -159.864 189.521 1.957
-178.563 -125.906 68.659 1.951
-180.943 171.079 61.694 1.822
-180.265 -10.815 65.839 2.009
-183.300 -136.943 142.721 1.896
12.408 11.706 26.034 1.948
-14.400 65.062 52.212 1.997
-135.995 18.507 117.168 1.970
-74.985 115.308 75.628 1.997
-36.383 -36.899 6.007 1.910
206.752 -134.418 -141.939 2.086
-4.598 -102.294 51.831 1.968
-132.711 -154.660 189.482 1.914
-187.599 24.211 82.141 1.962
186.791 -23.815 24.744 2.104
-130.095 -164.109 -51.755 2.087
-28.862 -69.178 -138.461 1.933
-214.766 -6.380 -118.292 2.004
-88.740 -85.275 139.571 2.108
-85.620 -10.839 101.593 2.055
118.930 5.466 -197.901 2.032
-159.584 -158.489 -74.963 1.971
170.574 167.133 -59.354 1.999
11.245 10.715 70.992 1.862
-192.057 -51.338 184.515 1.951
-166.239 -46.018 146.212 1.988
101.566 5.521 -92.717 2.036
134.643 70.333 6.243 1.943
-86.906 135.488 136.080 1.922
37.159 172.812 -91.318 2.173
194.410 3.776 -12.661 1.921
-66.963 -149.256 -74.170 2.150
-22.361 178.743 105.576 2.108
-61.187 155.574 -116.762 2.007
50.108 -56.693 -39.258 1.927
-1.436 96.666 -115.392 1.962
-23.885 -58.249 -110.807 2.202
24.426 -101.021 -152.977 1.777
-72.744 -11.945 -177.203 1.955
-195.280 179.013 -39.381 1.974
-120.979 35.255 29.421 1.937
80.100 -151.683 -89.718 1.927
-110.724 6.887 -139.683 1.910
-144.652 -11.620 112.423 1.951
-111.184 -175.200 152.063 1.969
-152.474 -25.208 56.462 2.070
-107.746 -124.925 -49.774 1.906
205.225 -119.477 146.849 2.124
98.022 -5.088 141.224 1.930
61.706 108.646 108.491 2.156
169.055 -173.313 -76.052 2.006
168.129 133.974 -174.179 1.969
-67.601 -187.258 -55.486 2.028
-82.227 -99.768 101.446 2.019
194.452 -29.290 90.496 1.857
177.189 36.183 -83.872 1.893
-44.533 129.038 -103.558 1.948
15.009 -107.912 -49.868 1.953
117.196 164.612 137.965 1.964
-20.622 -159.403 -20.797 1.932
-137.199 36.970 -194.944 1.992
177.284 166.955 -101.988 2.068
87.294 8.849 -9.930 1.958
-91.349 95.537 -85.827 1.895
44.723 6.120 -71.623 2.094
58.723 -27.775 -199.284 2.042
-100.596 62.688 163.148 2.000
-193.698 -145.135 199.069 2.106
16.272 -66.502 39.436 1.780
84.558 -27.241 94.250 1.886
222.291 -152.554 -97.918 1.903
-223.109 64.367 -172.958 1.900
-214.917 127.501 -54.293 2.113
-100.653 -66.214 -68.290 1.821
-211.132 -51.830 -130.902 1.929
127.100 -28.113 -62.808 2.168
-57.824 174.297 -128.810 1.839
175.827 -141.750 159.560 2.100
-102.030 169.235 61.539 2.050
-45.189 -102.878 164.451 2.053
145.068 -144.635 146.650 2.170
-57.134 49.367 186.016 2.078
-110.217 174.834 127.284 1.820
-84.961 -152.681 -37.554 1.878
147.708 157.467 113.450 2.038
202.025 164.271 -0.234 2.157
104.799 133.751 0.188 1.852
-53.505 12.579 -36.599 2.121
-47.709 18.745 -77.835 1.898
153.205 -45.647 -187.148 1.837
176.947 -16.021 196.755 2.040
63.105 -28.269 -143.339 2.206
-8.264 55.196 -180.658 1.991
-221.828 -164.830 -87.736 1.996
26.759 119.395 4.527 2.114
114.981 188.274 179.239 2.041
9.749 38.521 -131.626 1.949
206.028 -187.601 32.891 1.857
-94.035 -102.070 -30.804 2.014
2.366 -134.850 179.942 2.149
189.889 -19.373 -39.323 2.103
-164.778 3.235 -57.594 2.028
218.053 103.852 62.820 2.072
84.532 -49.609 22.441 2.106
-105.115 136.035 42.837 2.027
-151.718 -8.676 -50.588 1.865
146.098 12.257 98.795 2.121
103.458 -35.310 170.526 2.023
-66.011 -186.938 -169.845 2.018
104.088 154.864 145.987 1.883
