-1.496 142.784 11.851 1.947
130.073 52.912 166.167 1.945
164.215 -179.805 -184.365 1.989
123.805 -2.688 156.444 2.129
202.768 -91.867 -135.062 1.985
-158.417 -150.804 37.154 2.152
-23.542 180.170 -179.535 2.062
-213.263 43.494 191.228 1.985
109.216 132.890 63.071 2.159
83.586 107.322 63.981 2.163
-71.002 74.535 45.332 1.820
59.490 -7.594 130.620 2.180
-97.693 161.690 -174.340 1.811
94.187 -53.029 26.312 1.816
17.692 -81.761 -12.288 2.002
-159.143 -35.416 -164.858 1.892
-99.997 10.133 54.812 1.967
192.864 35.088 180.562 2.044
-131.002 95.137 -120.781 1.994
41.891 -91.184 -130.249 1.914
129.327 -4.943 119.543 1.969
-212.628 -138.145 -84.647 2.060
35.165 58.758 97.829 2.065
-202.568 -138.928 -196.647 1.990
-83.974 -160.887 -184.790 2.060
221.350 -131.078 182.711 1.909
148.225 -180.622 71.176 2.088
-150.496 -34.649 32.823 1.931
-26.068 -157.577 189.843 2.195
-98.950 85.949 -2.040 1.978
-192.494 119.518 -128.027 2.083
-75.272 -80.573 117.069 1.970
65.010 100.251 -45.900 2.084
-195.484 -148.372 -30.900 2.009
-88.579 114.222 42.413 2.085
195.107 -101.526 -2.930 2.000
-78.827 138.900 -157.337 1.953
33.219 -131.017 -95.228 1.932
-65.270 72.206 -122.049 2.002
60.078 60.331 -195.702 1.978
-26.598 -26.799 -199.147 2.059
5.030 68.366 -38.152 2.187
44.213 182.607 -158.007 1.944
0.635 138.032 -183.802 2.035
8.968 105.978 -140.052 1.907
83.251 66.314 52.880 1.960
-164.564 -82.888 68.764 1.905
-3.792 114.332 -109.466 1.973
29.401 -124.272 -22.400 1.905
-156.124 125.137 -157.453 2.098
180.973 23.480 0.526 2.063
-154.956 141.358 172.589 2.041
20.049 -168.018 14.404 1.923
-73.635 4.231 -198.356 2.091
16.951 139.403 -47.518 1.996
58.408 69.683 -50.385 2.051
218.855 12.899 139.035 2.186
-14.750 116.084 110.552 1.925
111.854 -162.797 -22.688 1.922
-135.267 -138.297 168.968 1.991
181.880 -151.805 53.905 1.996
7.983 -169.058 117.643 2.058
17.941 125.376 71.611 2.055
13.194 161.957 80.568 1.903
-101.620 38.451 -16.034 1.916
187.436 12.567 52.911 2.052
65.809 -9.201 -53.389 1.995
-158.534 63.021 37.673 2.066
97.176 36.527 -11.804 1.929
-162.835 97.203 131.049 1.976
224.765 -12.449 141.840 1.903
-22.255 -179.842 69.494 1.984
-145.772 183.051 32.361 2.006
-96.560 124.619 54.897 2.068
-118.483 131.495 174.562 1.875
-36.163 138.232 -132.262 1.995
-121.526 131.459 -151.224 1.873
135.955 -78.597 -25.899 2.016
-35.478 -139.449 -84.236 1.944
47.463 -45.172 -106.744 2.001
-80.605 10.658 53.186 1.964
131.296 -53.262 -107.979 2.073
-195.879 -153.240 -181.355 1.905
14.194 -55.712 -89.022 2.066
6.614 -90.924 110.572 1.861
-110.069 -166.392 -92.209 2.080
-22.379 113.470 -192.569 2.006
187.354 25.591 -79.274 1.956
-51.248 -132.738 -1.871 2.100
-80.093 29.513 30.147 2.212
39.755 -125.844 62.637 2.085
197.304 167.566 132.094 2.168
-52.474 -41.293 4.743 2.060
-41.613 -24.873 -141.812 2.129
-88.787 52.146 19.550 2.022
55.802 53.470 116.187 1.888
213.889 -5.767 123.544 2.130
73.831 160.504 -42.087 2.087
-30.689 138.852 48.626 2.081
-19.963 14.220 -69.202 1.819
65.267 128.190 -9.258 2.086
187.938 11.572 176.797 2.041
124.198 -104.476 184.114 2.063
-82.977 -41.918 28.102 1.883
-95.934 24.361 -23.037 2.124
-111.481 -130.071 56.607 1.962
40.556 -57.008 181.161 2.021
110.986 -71.438 91.358 2.164
-143.844 -186.990 38.554 2.175
75.087 186.587 -138.211 1.969
-3.082 -9.246 172.343 1.995
13.966 62.139 -92.251 2.203
-58.393 80.969 -162.567 1.964
75.404 -173.022 -191.435 1.814
-47.153 -9.196 11.147 2.071
18.122 -39.644 -139.904 2.167
153.034 -162.011 -40.652 2.156
58.072 178.520 -33.972 1.825
147.856 -172.864 -169.534 2.008
34.874 32.550 -153.961 2.121
-17.239 133.962 102.871 2.038
74.675 -182.358 197.706 2.269
-133.202 -183.503 -101.688 2.088
-164.160 143.276 128.421 2.141
-179.626 -31.206 -11.847 1.956
23.758 -74.544 42.955 2.102
-195.626 184.197 -135.807 2.133
150.039 103.637 -2.199 2.013
113.156 133.242 -193.477 2.078
27.960 -139.905 34.848 2.005
142.350 62.344 -33.078 2.050
-144.120 163.356 188.888 2.130
-151.231 -167.570 97.132 1.949
143.066 62.432 190.687 1.835
177.743 -172.511 65.422 1.913
201.989 147.111 92.900 2.068
-32.470 43.053 89.573 2.077
36.025 179.919 -168.269 2.111
-218.650 -150.214 92.367 2.058
115.284 -17.306 7.515 2.201
119.662 76.958 124.581 1.963
140.641 -22.287 -8.986 2.057
-164.057 71.555 61.845 1.927
-199.889 -95.434 -95.632 2.130
119.491 56.366 -123.715 1.865
-153.468 78.738 85.677 1.918
3.348 -118.673 -114.351 2.026
48.941 -166.272 -0.070 2.117
142.582 12.838 103.402 1.911
-134.111 112.727 -163.419 1.924
60.858 -135.274 25.870 2.049
186.129 160.723 101.642 1.931
-126.409 110.662 110.154 1.901
-185.870 -46.768 -34.769 1.812
-223.774 -68.173 -75.496 2.043
214.376 107.301 -161.272 2.011
-31.510 -85.565 -84.847 1.822
-173.345 16.514 90.385 1.885
-104.511 -182.194 -82.002 1.989
25.233 70.624 -48.773 2.009
115.093 -155.427 -160.167 1.941
204.162 33.328 171.796 1.917
48.162 -88.044 -74.252 1.921
58.854 -13.687 139.116 1.939
-119.988 -153.957 -22.749 1.929
-155.829 -64.940 -175.127 1.987
-29.125 179.355 -70.349 2.054
59.813 140.485 -181.051 1.999
101.772 -88.702 -88.021 1.806
-109.131 158.869 -61.335 2.111
100.416 38.362 -86.804 2.152
9.712 -139.775 -18.580 2.009
163.732 134.112 88.051 1.961
-0.027 104.344 129.121 2.067
139.609 72.657 159.764 2.093
-108.957 -84.295 181.229 1.982
-96.644 -87.911 -59.760 2.028
-48.537 131.229 144.936 1.920
45.644 95.699 161.866 2.021
-65.469 115.773 -93.391 1.898
53.452 60.961 -104.839 2.088
-76.596 17.308 -160.574 1.958
57.927 -93.514 -45.867 2.007
90.375 -164.455 171.985 2.050
212.904 -78.028 117.169 1.935
84.721 -23.919 -136.801 2.006
17.475 81.996 78.276 2.062
-205.123 -101.881 91.095 1.993
-126.430 40.907 -134.148 1.802
39.748 45.678 -153.798 1.953
-204.337 -31.356 -151.446 2.049
107.414 -117.234 194.368 2.088
-167.010 155.683 52.421 2.124
-126.122 -101.242 -93.172 1.871
224.956 67.470 -129.713 2.006
204.955 -155.500 -128.366 1.993
190.821 -99.489 85.608 1.929
-192.045 -118.361 -74.632 1.891
-18.618 -62.560 -176.352 1.935
-30.535 16.403 -143.631 1.913
-60.473 97.930 135.307 1.936
-62.435 42.790 -56.125 2.056
-108.595 69.355 -111.207 2.076
-49.107 -158.084 -1.576 1.948
69.933 115.163 -2.846 2.061
209.621 89.734 179.641 1.951
-139.974 176.287 182.108 1.915
-175.186 -91.051 -34.906 1.975
110.381 60.734 -136.642 2.009
92.840 127.499 148.304 2.003
197.015 15.402 -70.482 1.830
167.498 137.452 157.705 2.055
146.441 -87.596 23.055 1.938
-104.669 7.607 71.848 2.136
29.256 -103.318 14.874 1.836
-88.469 -64.764 -179.708 1.993
208.376 -96.193 -7.402 1.998
-5.863 -43.815 -87.960 2.001
-125.376 -75.747 -94.911 2.012
103.469 108.060 -77.104 1.953
102.670 -58.288 110.437 1.913
-104.467 -124.583 120.784 2.039
198.738 21.583 26.826 1.892
-191.067 -52.742 74.436 1.946
-129.928 68.827 62.488 1.972
-73.171 154.748 -157.622 2.023
-95.746 -177.706 -5.255 2.149
107.141 164.319 -151.694 1.805
-179.109 -141.001 -157.217 2.116
223.272 -28.066 -156.882 2.095
-18.836 72.912 -50.548 1.995
37.085 109.964 -176.493 1.912
53.055 105.297 -7.926 1.821
-202.434 -183.164 -3.173 2.100
152.171 -2.181 39.217 2.146
-128.778 186.153 -95.344 2.016
123.163 -172.939 199.747 2.196
57.733 30.839 2.800 2.103
-7.138 -176.895 -182.701 1.985
-2.859 -147.986 155.817 2.292
200.511 64.595 104.210 2.141
-131.638 125.912 69.045 2.095
-190.617 68.509 79.158 2.077
-132.709 24.287 174.510 1.998
57.312 38.041 -152.365 2.179
6.231 136.250 173.098 1.960
-202.893 -66.419 -71.777 2.070
156.248 47.645 142.877 2.084
159.273 -100.133 137.971 1.955
102.720 42.605 76.932 1.953
104.074 171.802 -141.098 1.980
73.559 20.941 -199.848 2.025
68.131 -122.395 -23.171 2.057
-41.038 -85.192 -80.705 2.164
159.366 -153.738 -150.253 2.052
-123.358 66.222 34.876 1.867
-182.168 -51.330 -24.992 2.113
66.412 -42.630 -168.010 2.000
179.747 154.358 -101.038 2.045
-197.523 -77.921 53.227 2.120
-146.264 100.262 116.231 1.989
41.719 -187.720 -9.071 1.989
-220.173 80.018 45.706 2.068
9.374 -91.691 -133.340 2.145
110.371 104.087 -71.117 2.065
51.847 48.363 -132.361 1.948
160.325 -70.655 -194.096 2.041
-83.600 -21.380 38.008 1.969
-95.244 94.091 -134.844 1.990
-48.194 170.768 -21.199 2.169
-169.043 30.729 26.029 2.018
174.469 169.533 -25.615 2.115
-12.267 -5.361 179.530 2.030
82.133 -47.040 77.784 1.854
-122.083 62.814 85.189 2.047
-126.430 173.790 -56.642 1.876
-0.399 167.422 84.377 1.940
-44.521 -29.256 -148.816 1.958
7.575 -14.451 10.681 1.992
-40.286 49.751 149.431 1.942
-98.270 128.988 -14.391 2.049
86.847 179.492 -195.681 2.205
-81.893 -173.288 -166.352 2.100
38.196 30.556 8.217 1.966
54.138 -2.782 -114.607 1.991
195.807 -67.159 -144.915 1.795
-190.697 -69.309 72.828 1.908
132.776 43.568 -102.500 1.847
8.142 55.893 -190.455 1.874
-86.588 -136.497 145.973 1.982
151.744 20.803 66.871 1.910
214.112 171.304 -22.971 1.921
-113.429 97.385 106.423 1.923
-59.042 118.214 -47.518 2.072
-0.980 132.239 166.986 2.116
170.109 174.961 52.132 1.926
109.814 18.028 -128.969 2.014
-56.403 -155.934 69.014 1.966
-43.818 -170.349 9.068 1.813
123.747 -101.474 17.167 2.160
28.642 -81.903 51.754 2.089
23.506 -138.793 134.717 1.990
-142.614 64.521 147.598 2.083
-54.365 45.915 -3.174 1.891
-1.887 -60.786 79.818 1.909
-181.943 128.682 125.710 2.088
154.891 39.779 79.001 2.107
130.341 78.117 -147.613 1.932
118.835 140.985 145.925 2.028
-27.895 -68.071 -31.871 2.046
20.433 113.744 -57.260 1.891
98.116 6.478 -179.644 2.037
-10.602 169.207 -148.175 2.043
-197.610 -158.456 -111.354 1.829
166.033 -11.302 40.320 2.061
-116.687 -5.533 -98.416 2.120
-120.186 128.086 -179.078 2.026
139.123 -94.184 -40.075 1.948
-127.826 38.426 195.275 1.989
-13.957 -36.680 -7.455 2.136
-78.890 109.388 -15.279 1.798
123.061 53.163 62.957 1.971
-86.009 -82.775 -125.627 2.059
-13.737 49.913 -192.729 2.035
175.503 -158.307 -88.518 1.939
145.114 -95.037 199.219 2.198
-113.328 -33.662 -86.558 1.949
-221.919 -65.725 159.659 1.939
-90.295 34.608 93.788 2.031
-36.414 62.660 -71.550 2.171
3.584 -173.935 -193.497 1.955
141.674 -87.016 55.115 2.252
106.968 -17.398 -190.665 2.023
189.020 140.670 193.790 1.932
146.739 -8.596 142.295 1.945
-120.981 -121.298 -107.809 2.087
-153.414 -131.887 169.634 2.107
-52.920 -104.289 -194.249 1.937
-220.499 -142.460 158.874 1.981
192.507 63.547 188.219 2.003
-33.323 9.827 52.281 2.004
58.882 28.562 195.546 2.057
67.048 -34.840 178.995 1.945
-221.222 134.718 94.470 2.012
-131.185 -15.054 131.189 1.898
124.654 -94.822 -99.424 2.060
-131.090 34.848 -16.983 1.874
135.230 -124.456 163.593 1.973
-71.736 -99.928 189.195 2.019
-50.277 -62.033 189.211 1.982
57.032 -184.107 113.115 2.009
102.454 -38.371 -133.873 2.049
183.291 -189.324 1.405 1.943
-27.305 134.478 -62.471 1.889
76.574 -49.696 -188.246 1.963
-213.387 188.275 -93.096 1.979
188.091 -99.667 -143.537 1.897
32.651 174.100 37.804 2.054
149.316 -157.962 163.521 1.990
-26.964 -63.723 15.097 1.816
-84.762 37.810 -69.387 2.020
-199.380 -154.105 -110.621 1.824
29.616 83.717 -77.534 1.967
102.706 -172.053 -180.877 1.938
-64.142 -73.341 -174.267 1.841
-129.422 -180.415 -26.411 2.007
29.007 184.453 91.822 1.924
35.174 24.802 -52.298 1.897
66.660 104.331 -137.891 2.037
98.523 -56.054 198.175 2.034
-23.246 100.241 -34.671 2.049
-211.634 141.224 -0.220 1.926
149.661 -162.288 -38.167 2.100
-23.669 98.042 -15.326 2.040
-33.940 65.598 -150.290 1.987
149.372 93.288 -176.186 1.848
70.918 80.420 174.816 2.101
-90.650 -5.916 95.746 1.962
162.313 -75.756 -16.296 2.028
-38.411 -159.880 -50.012 1.901
-43.973 -101.814 -39.408 2.003
108.926 -82.397 83.824 1.923
107.543 129.823 -126.710 2.043
-142.866 100.263 -169.992 2.007
-12.667 62.901 -175.591 1.934
156.891 143.625 -14.190 1.909
190.367 46.531 -166.598 1.948
59.264 133.353 -126.960 2.117
55.197 41.573 91.667 1.844
-143.419 51.604 24.428 2.046
178.924 186.697 78.880 2.023
64.311 -50.936 57.960 1.843
90.843 151.499 80.576 1.996
4.192 -69.440 -127.592 2.105
-217.745 -167.631 81.667 1.997
-116.964 -79.956 109.882 1.884
110.813 36.512 131.380 1.968
162.276 -108.040 193.690 2.171
217.260 -168.762 -112.434 2.050
73.829 80.471 195.503 2.009
111.545 106.507 129.279 1.867
-219.812 144.978 -185.280 2.071
43.473 -80.251 79.819 1.916
207.328 105.322 -109.854 1.997
-109.896 -144.784 -51.412 1.978
128.393 -47.399 56.002 2.000
198.250 -10.242 -148.298 1.807
198.890 89.325 164.995 1.835
-192.633 15.128 -33.304 2.101
-73.337 188.746 89.781 1.971
149.133 -35.258 14.768 1.791
-75.421 147.420 -156.389 2.000
-149.828 181.773 4.151 2.003
-139.696 -2.394 130.834 2.154
54.919 180.283 48.521 2.011
28.016 -40.426 79.477 2.154
201.848 -182.549 7.152 1.982
-57.035 77.119 86.420 2.047
196.994 67.190 -117.116 1.876
-44.467 -47.742 169.877 2.262
28.158 -1.634 -82.542 2.020
-221.610 53.523 91.383 1.868
83.909 185.257 13.359 1.968
154.575 181.029 189.582 2.072
-16.646 56.433 -34.267 2.190
43.123 134.679 143.747 1.847
-99.794 91.541 50.852 2.037
-38.970 -139.398 -136.571 1.847
-3.366 -42.961 -132.084 2.057
-54.731 -72.398 -35.434 1.886
-203.854 -11.125 46.428 1.784
-77.617 -147.993 -140.996 1.952
76.539 -163.813 20.921 2.017
-146.076 5.587 147.004 2.086
216.239 88.285 -143.499 1.875
89.949 85.445 184.939 2.014
-71.322 26.187 -179.361 1.981
38.033 48.124 79.203 2.111
-71.559 22.718 -196.122 2.022
-131.304 97.411 0.063 2.066
-25.095 129.533 116.813 2.068
-126.619 -189.249 -142.277 1.950
-128.142 86.841 120.420 1.946
40.138 -125.348 57.790 1.990
51.279 -84.214 -167.390 1.972
89.985 14.339 108.103 2.086
31.997 88.533 67.487 2.005
102.907 52.675 -139.429 1.829
222.388 -159.353 -76.333 2.154
-155.556 -48.596 177.221 1.958
56.278 -90.541 -125.359 1.952
-32.915 45.427 177.192 2.046
-91.764 -91.086 138.532 1.881
53.903 59.179 196.238 1.856
138.981 -132.154 -0.959 2.042
162.380 -118.093 -116.649 1.863
-72.824 -42.397 -11.193 1.911
-217.757 -28.300 -3.286 2.048
101.456 61.168 73.205 2.024
-36.320 62.820 92.752 2.047
75.076 108.504 174.811 1.968
129.932 -152.356 63.378 1.763
-189.582 -185.577 83.246 2.011
3.717 -4.199 146.443 2.060
-178.868 -187.658 -154.626 1.939
87.171 62.764 -22.906 2.298
60.368 -106.836 -50.640 1.999
13.810 127.839 100.284 1.905
-220.592 30.684 76.757 2.031
-82.402 -14.605 -96.015 2.106
38.973 64.916 180.436 2.001
-81.418 -182.303 96.148 1.913
-45.883 -83.525 125.354 2.105
162.815 -57.843 -76.993 1.907
-110.204 179.021 34.217 1.984
151.688 78.590 88.744 2.049
19.458 180.040 71.065 2.046
180.392 23.127 -2.570 2.152
-10.365 -9.190 155.778 2.103
-109.614 -138.710 -97.638 2.051
64.645 -83.536 -111.889 2.004
-114.194 185.299 -0.152 2.000
119.734 -74.649 39.904 2.083
64.663 36.613 -12.900 1.911
52.906 -178.861 -86.086 1.882
184.091 161.063 -141.544 1.875
103.563 -83.774 79.693 1.982
192.878 -121.717 -105.334 1.921
87.974 21.902 -100.774 1.925
135.293 -173.548 -44.924 1.874
213.121 182.712 98.543 1.693
215.598 -124.628 135.116 1.865
80.734 -122.232 -33.655 1.909
2.944 119.078 20.923 2.103
134.830 83.585 -61.749 1.903
-130.059 -30.929 -166.738 1.903
87.169 -118.888 -176.691 2.227
-196.286 -159.400 -47.747 2.133
25.458 -71.610 -115.717 2.007
202.839 149.285 -44.271 2.091
101.641 79.501 -73.197 2.014
172.663 -26.929 94.299 1.908
204.104 25.560 29.701 2.140
-159.757 43.546 -150.456 1.876
-199.648 24.705 185.300 2.020
209.112 -150.445 196.759 1.976
91.345 -99.336 -82.322 1.905
-94.207 142.583 147.619 2.011
13.420 138.229 -101.744 2.051
125.248 127.347 13.980 1.993
-4.018 54.677 126.954 1.987
110.024 -177.547 182.814 2.047
-24.496 -113.446 -5.205 1.781
-132.771 -57.210 -35.290 2.077
-98.136 48.641 125.824 2.007
119.453 139.991 -37.907 2.074
-4.394 -28.774 133.317 1.935
84.794 146.737 68.988 1.968
10.591 -128.309 11.219 1.937
9.686 84.921 125.114 1.926
-41.547 -150.855 -97.181 1.934
-204.518 58.579 66.512 1.884
-109.238 184.009 163.182 2.033
89.297 -79.638 -138.308 1.988
130.497 -176.469 21.873 1.964
-190.359 160.157 -84.924 2.061
-54.308 132.522 -112.871 1.970
117.606 -144.442 -172.079 2.090
-185.712 -115.389 -41.117 1.932
111.706 -150.830 -89.291 2.098
200.027 78.658 135.323 2.064
-212.992 -150.459 8.578 2.150
-186.890 7.673 -182.024 2.030
223.741 95.256 -69.975 2.047
75.891 141.396 114.238 1.978
218.419 -0.336 127.058 2.051
-46.788 -41.149 -54.933 1.993
54.406 -172.709 -142.450 2.077
141.093 -7.975 112.348 2.004
-81.620 127.354 197.281 1.995
-200.517 -31.052 126.311 2.102
-98.477 77.513 -89.527 1.944
152.473 -102.134 55.841 1.903
96.922 -62.171 145.876 2.007
-111.873 -28.757 50.704 2.152
84.961 -155.589 -188.218 1.960
-118.525 -101.646 -140.219 2.149
170.924 144.649 86.770 2.090
77.784 -138.860 -180.023 2.106
-138.016 -82.932 -109.311 1.965
178.922 -131.588 75.563 2.142
-134.104 166.814 43.984 1.964
162.480 -117.021 169.708 1.795
36.543 148.693 123.361 2.011
-158.891 -56.532 134.493 1.994
-168.252 25.597 174.595 2.088
195.682 30.207 50.403 2.247
116.717 180.912 127.323 2.004
-123.770 33.171 -76.526 1.906
165.758 -183.906 -46.488 2.026
58.122 181.467 96.089 2.083
98.396 -129.906 -55.285 2.094
4.213 59.911 -96.512 2.116
-104.904 19.262 26.985 1.834
-140.244 -29.235 -8.394 2.011
113.163 50.841 107.721 2.104
55.355 -53.158 -70.633 1.939
83.141 -59.368 99.228 2.034
148.199 146.499 -62.031 1.957
162.575 -27.872 -70.150 2.111
126.105 30.085 -180.982 1.950
-38.864 110.947 148.175 1.994
153.610 -181.661 -17.458 2.055
-217.719 -7.059 -171.545 2.120
-181.264 -164.486 65.791 1.933
-27.137 -136.602 -132.399 2.103
109.036 -148.519 -27.696 1.947
193.481 113.821 -136.530 2.062
92.196 -67.159 193.190 1.971
28.148 -3.869 -88.151 1.887
3.679 146.828 77.482 1.969
-166.710 60.761 17.206 2.150
-71.889 12.631 -175.117 1.982
14.077 144.235 -13.733 2.073
111.218 -51.316 -184.658 2.037
-172.057 -159.700 -2.452 1.807
-128.756 -138.542 70.495 2.049
34.862 -152.516 -194.777 2.023
-160.708 72.267 112.872 2.002
76.294 110.524 -5.779 2.160
-18.323 99.811 149.851 1.953
-77.607 -162.858 36.352 2.075
-23.639 -102.538 140.820 2.190
206.568 -92.140 82.012 1.874
-55.082 -55.484 147.140 2.022
213.880 -159.237 146.320 1.932
-165.066 175.713 -40.759 1.811
-208.644 165.410 174.087 2.003
-9.318 137.322 155.419 2.186
91.707 104.580 126.932 2.241
40.526 -78.617 -17.375 2.010
-16.639 156.327 -87.521 1.975
1.845 -167.464 40.328 2.077
-88.674 133.802 6.872 2.107
97.544 137.129 116.655 1.971
123.364 -113.027 25.032 2.064
-30.897 -113.154 9.707 2.035
-157.054 135.079 37.969 1.804
-29.753 -146.056 -196.090 2.061
-134.339 158.862 -63.637 1.964
-180.863 -164.549 -191.109 1.923
-97.764 -16.071 137.555 1.814
-212.387 150.164 -79.941 1.864
-30.079 -164.783 106.301 1.981
179.836 160.476 21.738 1.917
80.377 144.571 181.687 2.175
-63.937 93.078 -132.739 2.138
-112.185 43.631 51.404 2.038
162.579 158.139 27.355 2.203
-200.894 -126.924 -161.750 1.864
5.572 -94.682 97.676 1.979
-126.176 -75.675 -161.198 1.929
-104.013 -80.147 -152.483 1.912
93.652 -32.774 112.986 1.999
-184.788 -6.030 172.463 2.093
-3.968 -139.954 82.343 2.031
-164.161 -44.331 88.910 1.913
-112.908 59.659 -190.428 2.296
190.405 -39.841 -8.348 2.056
-218.287 -81.694 150.182 2.040
37.331 79.882 24.831 2.029
-202.813 -78.872 72.110 1.874
-3.971 -30.557 22.759 1.976
-89.294 99.753 -30.190 2.003
-182.533 146.773 60.426 1.868
-160.783 -21.425 -5.975 2.030
-156.687 -74.951 158.659 1.961
-123.895 -111.841 -197.734 2.100
-95.649 -28.660 -111.120 1.940
-224.167 -146.821 -56.574 1.893
97.239 -176.980 16.754 2.070
-84.972 -35.315 82.275 2.171
208.825 74.068 123.181 2.035
191.022 -87.393 186.328 1.894
104.198 -159.177 122.796 1.997
13.346 -4.163 58.787 1.971
92.466 149.115 -157.682 2.082
105.849 -62.564 -176.696 1.799
201.459 -131.940 123.449 2.100
-200.050 -113.405 -92.139 1.924
90.064 -19.316 60.635 2.018
-140.812 -147.514 -34.332 1.926
-57.961 -184.870 33.500 1.921
8.330 140.354 111.898 2.009
94.074 148.736 -60.603 1.788
-60.167 -139.285 170.322 1.993
82.839 165.494 180.411 1.998
58.609 -72.527 -40.948 1.907
-93.451 80.799 92.653 2.148
-129.693 -17.786 -166.681 1.767
192.965 19.377 185.590 2.046
-32.446 -52.424 180.068 1.930
84.213 -45.337 180.232 1.966
-157.203 -17.831 -112.189 1.911
-77.073 96.272 18.102 2.070
29.466 16.639 -165.695 2.001
-136.391 -28.756 -6.529 2.041
-146.742 -172.968 123.201 1.893
85.311 -30.526 -140.777 2.063
-11.690 7.594 -158.982 2.148
47.589 -136.045 16.569 2.117
120.143 119.964 -174.996 2.053
85.353 -126.720 -155.507 1.812
14.854 -104.763 -136.147 2.028
-212.609 -62.962 117.590 1.887
-48.569 -165.872 73.494 2.041
213.120 -130.168 -50.990 2.097
-125.291 -36.531 88.072 1.943
-24.551 82.906 -64.168 2.016
13.920 39.458 132.917 2.043
-199.601 43.485 180.284 2.219
-50.413 -56.912 26.417 1.849
-35.637 144.252 58.256 2.020
-184.329 94.260 48.516 1.954
22.293 -89.634 -153.439 1.968
-179.759 -147.585 -91.831 2.015
105.140 -131.576 175.738 1.977
194.820 12.037 -128.932 2.032
-204.136 -4.464 -22.640 1.949
-201.443 -39.105 62.617 1.860
-68.599 19.654 55.091 2.135
-221.955 -149.835 -30.532 2.053
12.093 175.270 -35.665 2.228
-172.716 -40.757 -187.817 1.874
47.815 -104.927 -24.867 2.017
170.915 8.881 37.301 1.928
-185.984 -86.779 35.450 1.951
-178.637 -53.446 -88.851 2.273
-141.636 109.951 167.177 1.941
54.321 108.179 94.971 1.853
165.791 -165.966 -47.154 2.020
-195.353 141.979 -7.440 2.074
-48.036 186.258 -63.443 2.132
-72.433 -131.240 -104.009 2.045
115.911 -75.581 -28.115 1.767
85.098 -113.947 151.348 2.031
-98.641 114.076 -105.669 1.968
-65.081 172.712 -147.505 1.985
11.324 -177.211 2.725 2.245
-222.069 27.729 -120.959 2.124
111.447 -53.163 192.272 1.833
-91.174 -86.923 -94.709 1.972
98.631 -150.458 10.641 2.112
3.948 -72.749 9.294 2.034
-133.696 -102.662 -123.222 1.974
-104.616 58.531 -172.682 2.001
-117.047 74.915 28.196 1.952
103.433 110.591 -25.823 2.222
-206.487 -122.842 -53.827 1.972
-35.031 149.741 -23.158 1.982
-179.016 -35.477 168.661 2.237
-105.253 -142.839 115.532 2.050
160.001 -173.612 3.761 1.856
186.671 24.044 59.202 1.915
211.294 -28.562 69.855 1.901
112.197 -103.745 -178.961 1.928
198.687 50.708 17.102 2.084
96.975 -71.177 -191.873 1.925
-221.056 73.066 34.552 2.208
44.192 97.404 79.436 1.962
32.966 -102.267 105.568 2.031
129.563 -177.089 43.585 2.211
-131.316 -89.029 94.084 2.190
-19.469 111.963 -17.813 2.069
10.477 -178.064 165.222 2.030
116.758 33.547 74.229 2.015
-23.179 35.345 -120.036 2.039
-38.350 -77.453 150.616 1.925
122.839 22.622 -165.083 2.136
-183.947 -42.012 23.566 2.017
60.701 -71.912 -119.466 2.005
-100.856 -36.113 -102.738 2.057
-209.616 -94.097 -159.335 2.061
-90.370 58.107 88.495 2.025
-100.323 166.746 -97.434 1.956
-2.548 -134.774 -108.177 1.800
78.709 92.306 30.269 1.979
-81.287 -123.501 -154.264 1.992
-61.682 -24.269 64.768 2.102
117.451 -166.951 129.569 1.920
123.130 102.679 -177.584 2.106
-101.691 -63.948 182.689 2.007
99.366 -169.860 195.013 1.941
24.483 -22.021 89.702 2.016
16.933 -96.100 166.393 1.871
95.446 76.140 -148.898 1.922
175.996 174.317 -85.014 1.885
-110.606 -87.212 -63.081 1.986
-34.802 174.130 -113.019 1.931
-70.632 -182.928 -68.311 1.985
62.327 73.247 -154.234 1.919
-86.483 136.808 -118.031 2.068
27.948 81.299 3.293 1.965
143.991 98.260 -43.121 1.916
142.861 120.445 37.342 1.962
47.975 -11.405 -130.830 1.831
51.016 -188.894 94.357 1.971
170.245 16.962 -168.698 1.918
-190.878 140.248 183.635 2.097
-159.370 132.153 -123.370 1.971
-32.099 -113.017 192.472 2.015
206.878 183.593 102.870 2.073
-188.918 -114.987 9.810 1.913
-125.600 58.693 53.390 1.989
-39.570 38.318 -181.726 1.969
-193.576 41.443 29.288 2.048
-136.532 -175.949 -98.803 1.961
117.854 189.886 110.064 1.968
67.910 12.241 -174.062 2.073
-201.981 20.585 109.575 1.931
110.695 -121.789 -197.690 2.098
-19.602 148.578 -163.696 1.983
-214.004 26.431 168.582 2.060
-176.102 -75.680 122.045 1.950
180.822 73.448 45.465 1.875
196.577 -130.009 -116.891 1.945
99.750 138.579 25.353 2.003
-49.833 21.576 -36.863 1.948
149.258 161.726 -40.365 1.882
-142.521 -91.504 -33.200 2.139
-198.451 -62.136 116.753 1.861
-208.115 120.946 -65.710 1.857
185.362 -171.544 145.773 1.995
109.656 175.174 -146.863 2.067
23.595 27.143 104.886 2.078
-24.345 -122.268 8.657 2.038
104.437 36.671 90.881 2.026
-192.946 -82.183 185.780 1.898
160.456 -87.756 -83.889 2.068
36.705 -119.290 102.842 1.975
-179.698 32.305 83.912 1.914
-65.223 -7.391 -169.783 2.269
94.750 178.164 10.326 2.111
144.086 -22.890 112.316 1.974
-87.722 155.887 -11.134 1.976
-93.458 45.620 -166.128 1.991
47.062 41.641 -34.045 2.326
99.305 42.031 -133.913 1.950
192.318 91.216 -153.908 1.991
51.300 95.936 128.343 1.977
-212.264 130.368 -175.805 1.868
-86.393 -133.480 105.188 2.055
-52.875 21.492 -138.515 1.912
-65.282 59.135 -11.376 1.996
102.985 -32.131 188.473 2.041
-40.905 146.906 -44.604 2.115
-207.709 168.440 74.836 2.101
176.327 176.723 22.806 2.140
-166.315 -56.085 165.301 1.964
-86.121 -63.748 163.646 1.948
201.067 -53.019 -137.289 2.080
70.856 0.819 -107.751 1.951
56.757 132.723 -0.800 1.867
163.353 -14.217 120.692 2.097
-134.489 128.506 -19.397 1.873
-198.911 28.289 25.840 2.021
126.556 -151.702 143.682 1.999
-203.221 -65.352 -109.486 2.036
115.914 -100.539 129.544 2.114
-113.305 -104.344 178.165 2.107
-58.346 83.725 -82.347 2.146
-46.116 -148.342 183.072 1.985
210.399 -167.689 46.397 1.988
104.964 -171.320 -117.204 2.121
4.900 -150.420 143.347 2.182
-224.545 -7.474 -122.215 2.128
22.260 153.956 -167.262 2.003
74.645 57.061 60.095 2.030
-31.344 55.192 138.289 1.999
-207.114 -98.818 107.189 2.188
203.471 -87.199 113.275 1.784
218.445 145.747 181.997 1.902
109.750 66.001 -7.033 2.013
-109.539 178.780 172.715 1.920
8.017 -95.788 -185.756 2.147
100.941 -2.204 132.095 1.839
207.530 -69.694 -67.426 2.076
94.237 -149.811 -99.710 1.979
-0.263 172.580 188.218 1.979
-196.743 -175.841 -47.620 1.945
199.044 130.509 -7.738 1.957
78.171 126.097 132.751 1.963
-83.573 -89.717 -4.452 2.109
176.022 -116.965 166.295 2.071
192.588 50.531 159.640 1.862
107.175 -175.394 31.306 1.960
217.835 7.514 -152.950 2.130
-199.708 187.155 38.678 2.017
78.926 -16.528 141.676 2.108
45.845 -145.085 -3.810 1.913
148.056 -98.675 114.100 1.905
-62.653 -89.529 -95.695 1.853
168.164 111.363 -114.178 1.806
29.510 149.640 -48.955 2.063
-166.747 -34.883 64.982 1.919
-44.590 84.268 182.459 1.775
-185.649 -173.897 101.587 1.999
-8.205 -5.561 19.700 1.939
130.801 4.140 195.189 2.022
133.065 -134.140 159.789 1.885
102.234 -105.779 74.429 2.038
5.833 -57.511 -9.398 1.965
128.267 134.883 42.542 1.977
-32.144 -9.110 141.610 1.995
1.466 84.860 63.745 1.957
-178.036 -45.451 -156.539 2.081
-66.352 -78.279 49.986 1.889
-193.617 109.871 114.754 1.802
53.090 -156.828 -185.529 2.086
136.722 111.148 157.474 2.026
-213.082 -65.222 -65.442 1.928
-159.123 -16.809 120.557 1.902
106.657 -48.867 119.906 1.899
-189.834 -38.025 -126.332 1.970
131.489 113.762 -74.480 2.191
212.649 164.260 -168.232 2.120
224.385 -85.703 -18.904 1.897
44.110 8.870 -127.389 1.984
-72.336 42.797 -13.638 1.837
85.671 171.183 -73.115 1.963
-221.339 89.800 30.080 1.955
-87.033 -16.249 -136.427 2.069
182.096 -144.328 -183.996 1.996
-75.133 20.814 188.804 2.062
-96.032 -178.056 195.955 2.153
-41.073 -78.707 57.176 2.078
89.181 17.602 -151.426 1.949
61.937 -33.467 127.503 1.973
72.290 131.311 -192.143 1.918
-15.233 126.930 156.051 2.004
206.250 94.979 -180.024 2.045
-159.455 -100.268 2.657 1.705
-125.036 -3.436 57.754 1.873
45.479 -76.024 -12.428 2.137
-87.438 -181.158 -108.441 2.169
91.066 -46.244 49.341 1.868
-21.030 73.479 128.046 2.208
125.785 -112.377 -96.328 1.922
66.677 31.882 171.972 1.931
-9.676 -49.372 -123.464 1.884
-8.851 -21.048 183.228 1.944
110.341 43.723 -166.225 1.886
186.666 46.403 124.474 1.930
113.384 3.129 -45.282 1.912
163.522 154.288 139.087 1.939
-217.175 87.537 96.092 2.113
-51.462 -129.347 -190.462 2.206
-79.779 -28.038 -34.911 1.949
159.001 134.453 -175.490 1.937
-126.601 -37.745 162.662 2.008
-34.755 -105.100 -147.734 2.065
197.029 -70.012 -87.067 2.118
-9.558 -169.487 -27.102 1.967
58.805 -160.988 23.986 2.008
-39.291 48.010 -9.650 1.876
131.164 123.188 -10.630 2.011
-29.896 -96.958 130.359 2.057
-126.106 -96.595 60.791 1.953
194.026 31.302 85.980 2.075
-95.380 -96.734 -68.828 1.942
-175.632 -71.004 -93.073 2.023
-179.010 -40.012 144.220 2.011
-178.791 -119.621 -81.466 1.990
-55.077 87.121 29.366 1.955
102.229 85.810 48.338 2.076
-131.795 174.909 166.576 1.827
-34.757 122.732 -73.632 1.889
135.365 68.613 -178.625 2.123
24.827 30.838 41.328 1.987
-46.652 116.347 50.996 2.053
45.151 -151.240 -152.934 1.995
176.714 -30.490 129.433 2.025
147.493 -137.539 -38.380 1.923
-40.597 -81.182 -163.109 1.948
166.479 -78.863 114.855 1.950
-92.219 -184.027 -142.885 1.894
186.164 -123.186 53.765 2.125
58.237 -32.727 180.287 1.971
187.093 186.207 -91.469 2.021
-200.652 -54.760 89.776 2.070
183.841 151.763 -199.257 1.947
-197.758 -62.233 -12.557 1.921
6.747 67.030 -55.934 2.010
-131.543 158.815 145.418 1.851
30.366 69.921 -67.508 2.133
12.137 -15.716 21.896 2.046
-73.087 -6.122 190.799 2.055
39.411 -86.854 169.986 2.159
-194.987 159.241 -176.214 2.023
108.401 -30.368 -103.433 1.926
33.396 65.426 -164.140 1.822
-161.956 -158.414 -79.628 2.178
196.014 137.609 -116.392 1.967
61.362 145.000 130.388 1.901
-12.369 141.298 10.290 2.046
102.199 99.949 -165.174 2.192
-23.386 132.116 124.248 2.069
-33.083 -14.949 -109.449 2.196
119.486 66.152 13.974 1.819
128.938 81.424 -105.905 1.975
-121.315 -163.847 -94.683 1.997
221.876 114.773 161.510 2.002
-27.374 109.672 -42.929 1.973
-89.874 117.314 -120.547 2.068
108.568 -51.973 99.343 2.004
8.178 -2.929 29.506 1.922
-120.292 -145.276 9.612 1.920
173.060 -3.001 -9.078 1.929
124.386 156.308 -156.511 1.906
-32.844 90.021 78.393 1.774
207.155 166.958 73.110 2.033
33.081 140.879 -152.840 1.986
-140.479 81.525 77.876 1.949
-198.172 71.036 -27.767 1.929
-60.406 -11.901 -29.099 1.838
-175.876 6.084 -109.852 2.032
56.009 -138.921 173.189 2.061
121.723 129.437 133.773 2.024
-21.051 -5.684 147.428 2.214
118.809 36.604 -20.230 1.975
174.509 132.706 -112.156 1.933
164.415 -96.681 91.429 1.920
179.309 -28.829 192.376 2.075
-78.596 30.548 -151.234 1.935
123.605 -1.048 60.321 1.826
13.221 -39.310 121.932 2.096
202.626 -104.828 168.787 2.027
-219.994 -123.106 133.315 2.043
103.597 -64.888 -130.775 1.899
-173.141 43.449 -18.815 1.936
