-162.989 -187.702 192.406 1.913
44.612 160.786 90.941 1.960
210.099 39.341 191.354 1.956
-22.564 166.746 -70.425 1.811
-88.685 -170.368 73.238 1.794
-31.864 119.723 -20.659 1.993
-2.661 38.376 -98.673 2.112
-145.662 168.013 175.454 1.831
182.438 -63.023 -96.294 2.109
216.085 -99.042 170.049 1.945
-201.583 -95.575 54.025 2.081
35.717 147.489 -182.182 2.200
18.616 35.423 175.704 2.091
-110.515 -48.577 -180.922 2.082
52.148 110.099 -35.899 2.158
-96.306 -82.108 -121.094 1.960
90.575 136.725 92.193 2.000
161.551 -118.967 -54.879 2.072
42.022 154.474 127.156 2.037
116.440 52.277 193.254 1.849
-104.408 -147.257 -178.157 1.952
50.627 63.729 -46.810 2.079
98.843 -59.182 -169.857 2.059
-168.612 4.753 49.575 2.245
-83.317 137.978 16.178 1.880
-99.333 -189.050 22.724 2.106
3.092 -160.675 -110.699 1.966
55.089 -148.667 193.057 2.019
-34.100 54.216 -161.154 2.100
-204.341 -58.581 58.320 1.945
172.276 168.183 -44.775 2.266
-224.496 106.058 -12.305 2.172
-7.736 153.807 -40.517 1.941
182.569 -151.823 54.906 1.930
28.438 -176.858 139.963 2.058
81.394 48.962 26.461 2.128
95.953 119.355 80.815 2.254
47.776 7.967 74.769 1.996
137.616 172.549 -197.496 2.014
60.243 -92.393 -0.269 1.989
158.294 90.937 122.910 1.974
127.250 -61.224 -116.057 1.946
-152.239 22.758 196.633 1.948
19.588 84.437 -11.718 1.913
-24.437 -167.928 -28.852 2.098
221.114 163.658 -117.336 1.991
-164.484 157.325 -159.839 1.992
-178.373 -48.796 -118.545 1.974
160.671 153.775 2.854 1.964
-206.237 -117.086 146.701 1.940
67.607 -169.406 61.235 1.886
-187.313 9.201 -55.779 1.910
-146.614 73.080 102.490 1.977
-173.245 -25.064 -180.918 1.981
74.635 -88.799 -47.510 2.090
-89.664 -4.237 -7.886 1.987
179.840 37.549 -97.285 2.044
-3.084 24.429 131.290 1.942
-197.765 68.072 55.827 1.984
218.630 49.340 -128.597 2.089
-103.738 79.587 -93.732 2.162
139.851 -126.432 -7.245 1.936
99.050 30.040 -95.746 2.023
162.493 14.696 -161.944 1.945
-33.150 44.695 72.656 2.266
-92.897 -128.786 35.234 1.974
106.081 64.925 87.196 1.961
18.755 -45.621 34.381 1.874
-222.932 -132.983 -160.682 1.887
-178.177 -64.021 26.849 1.925
144.587 151.597 -10.739 2.055
30.134 19.939 192.994 2.125
51.398 -98.151 21.013 2.065
9.482 -120.821 5.590 2.015
200.697 -164.623 168.599 2.250
-42.524 115.796 115.079 1.978
121.626 188.530 -111.042 1.957
26.515 -155.059 -127.502 1.995
196.243 79.804 -89.333 2.013
52.504 -151.849 39.800 2.051
-54.267 119.394 141.500 2.030
-199.216 154.505 115.936 2.028
104.011 -0.603 -32.952 1.828
153.996 167.388 120.984 2.008
-156.921 15.252 -139.794 2.126
209.287 68.824 -199.053 2.017
204.670 101.512 155.753 2.065
181.938 159.594 149.370 2.040
-176.102 168.871 63.717 2.158
12.187 52.425 -62.927 1.784
157.651 -126.950 -152.910 1.918
-93.833 -81.973 106.266 1.931
-190.955 -83.249 13.498 2.012
67.107 -87.443 33.836 2.096
106.865 163.906 198.290 2.043
-10.259 -30.344 3.930 2.119
47.057 14.176 -168.853 2.153
-122.148 -120.460 147.869 1.873
-198.031 154.554 -124.766 2.115
-202.085 -98.485 159.234 1.964
-223.423 103.664 109.710 1.850
-74.326 32.272 11.849 2.010
-129.801 -9.569 -24.496 2.085
-16.417 -2.464 130.815 2.020
138.547 -96.716 36.724 2.103
-87.237 155.879 172.167 1.975
96.565 -82.588 133.711 1.805
-223.720 100.753 157.236 1.977
-135.758 -39.083 12.489 1.910
140.830 31.714 37.948 1.980
-90.642 28.785 10.896 1.925
204.108 -144.631 -116.003 1.779
176.997 14.650 -84.837 1.994
165.951 -103.236 -152.260 1.999
-85.604 -28.892 73.460 2.084
-102.885 32.441 -185.797 1.954
197.546 133.200 33.016 2.064
4.527 109.649 42.163 1.900
-89.413 -146.409 76.179 1.893
110.093 11.929 132.938 1.942
-105.467 14.191 -134.085 2.100
174.684 1.539 -156.768 1.940
212.024 -68.752 -192.208 2.097
-127.755 168.129 154.672 2.024
37.683 -114.926 102.597 2.064
-137.326 -145.266 129.245 2.196
102.106 131.107 -70.817 2.055
-168.482 -111.659 -143.426 1.947
-219.308 67.342 -157.907 2.110
214.674 -99.822 181.801 2.012
17.825 -17.807 19.637 1.970
39.410 -170.134 183.408 2.044
128.866 176.834 -188.002 1.950
10.149 -119.836 173.247 1.872
85.427 -159.759 157.157 2.156
-153.590 51.255 -25.247 1.977
43.085 32.609 128.417 1.853
-156.402 84.505 189.800 2.154
-103.035 -71.241 89.400 2.123
10.972 101.255 -139.442 1.952
42.663 32.667 28.300 1.788
39.907 169.183 -62.561 1.918
-124.485 25.048 -3.296 2.027
-33.561 144.880 -18.267 1.842
206.580 -33.152 -195.102 1.854
141.963 -112.690 -4.377 2.071
-131.925 165.529 168.850 1.923
208.985 -85.152 71.606 2.002
108.852 -40.989 26.137 1.874
-52.736 64.253 106.403 2.074
-15.831 103.842 155.420 1.875
96.678 -180.678 102.391 2.130
37.658 152.023 99.885 1.971
-168.429 -0.226 161.421 1.823
-173.678 -128.119 22.890 2.093
218.346 143.965 177.894 1.993
173.128 -50.700 -52.386 2.074
193.791 103.132 115.390 1.934
176.716 66.362 -16.741 2.043
165.657 151.193 132.508 1.853
-82.659 55.769 147.363 2.016
58.351 116.547 176.550 1.929
-164.344 -100.157 82.229 1.965
-102.309 49.200 156.105 1.934
81.029 -123.724 148.684 1.983
119.830 -112.134 162.428 2.113
-87.898 173.438 -196.151 2.077
71.276 -104.767 -141.306 1.957
157.208 -132.327 -178.324 1.862
64.154 -117.941 39.635 2.216
220.764 -69.655 -187.611 1.989
2.662 -119.963 -26.741 1.946
68.805 183.414 -194.857 1.815
-211.605 138.127 5.103 1.991
176.078 44.842 163.523 1.909
-81.202 -4.855 1.850 1.793
211.977 101.519 34.351 2.141
71.195 129.234 -54.323 1.909
198.591 -74.436 -155.582 1.920
56.466 -96.675 170.013 1.905
221.347 175.822 11.312 1.938
68.520 144.953 52.114 1.961
135.074 171.224 186.237 1.947
-49.326 -56.044 111.585 1.823
25.214 71.140 24.002 1.974
-98.550 125.183 94.932 2.141
15.824 -8.750 151.335 1.915
-194.369 -146.624 -66.789 1.991
-138.389 -182.547 -88.528 2.070
-49.924 133.197 -52.429 2.054
153.064 123.580 4.590 2.002
144.390 167.124 64.017 2.051
142.505 -107.860 33.865 1.987
-144.704 -121.952 -65.702 2.039
107.660 -83.518 166.055 1.837
-101.011 -189.678 38.858 1.993
-18.575 -148.397 170.216 1.981
178.886 82.692 79.247 1.963
-118.189 -67.262 60.346 1.978
163.360 155.681 -57.747 2.018
-4.595 5.295 68.154 2.000
132.806 186.082 91.500 2.316
219.314 -129.058 75.667 1.874
-191.020 -61.725 45.146 1.922
-18.775 25.040 104.535 2.065
86.494 -138.248 -179.531 1.963
73.586 -96.417 -60.880 1.615
198.484 -99.584 141.575 1.993
-222.802 180.117 185.513 1.994
-2.568 -13.119 -33.299 1.951
-174.437 156.391 -128.780 1.879
27.788 -25.942 -41.729 1.932
-41.483 -161.661 10.232 1.799
-89.463 136.493 197.501 1.741
-92.832 -177.169 -104.905 1.915
-49.858 28.308 -152.887 2.064
-147.848 25.632 -66.184 2.065
-121.107 177.912 95.059 2.184
194.408 128.528 -170.859 1.924
-104.853 174.092 -177.496 2.088
127.868 -135.721 -104.115 1.884
-69.293 160.244 -55.191 1.808
-77.316 152.327 -86.321 2.094
-198.278 124.107 -164.575 1.904
132.305 -153.607 162.633 1.973
220.042 163.247 72.724 2.030
-183.559 98.734 -32.721 1.930
-19.039 -179.164 29.305 2.001
-5.102 58.503 194.273 2.035
-133.092 -76.916 68.521 2.011
-190.505 178.404 -114.462 2.127
147.356 12.627 -113.605 2.157
65.295 -14.001 141.808 1.941
46.577 -115.976 -126.494 2.064
-218.608 143.289 -172.532 1.927
-93.604 -89.602 3.325 2.003
-59.066 -109.873 -75.168 2.023
138.307 -177.210 107.281 2.058
37.368 -11.019 -105.398 2.058
-151.928 59.918 -198.375 1.891
-217.518 -31.757 102.509 1.880
58.677 126.657 -131.340 1.941
40.433 -111.693 135.193 1.963
38.424 81.471 61.690 2.016
48.576 -124.857 103.528 2.229
-105.279 42.935 -115.008 1.985
43.933 -162.859 73.047 2.008
-224.786 -86.887 98.138 1.903
-143.116 -25.898 51.824 2.041
61.821 89.412 -106.679 1.847
-176.112 -42.514 -66.511 2.050
23.338 -112.446 120.947 2.015
-94.280 178.545 52.697 1.953
171.866 5.122 -153.442 1.956
-188.930 -131.799 -161.931 1.962
127.196 81.685 70.624 1.921
-183.402 -52.210 28.597 2.044
-220.568 -76.994 199.253 1.961
-48.676 76.701 -164.861 2.003
-64.457 155.908 132.775 2.123
141.446 57.162 -159.708 2.074
214.759 -71.323 106.538 2.093
70.717 -48.619 -70.720 2.178
117.940 13.009 88.952 1.989
49.045 99.924 195.512 2.154
-36.178 -0.887 91.848 2.022
-158.505 -67.068 -124.638 1.929
-27.673 -15.371 107.262 2.050
-35.072 -45.272 -117.615 1.958
134.757 54.723 182.591 2.071
-87.746 133.613 47.552 2.072
41.926 114.338 33.111 2.040
77.957 38.438 -100.558 1.834
158.145 -158.518 8.556 2.113
190.029 30.896 21.854 2.061
-2.343 -101.522 -131.349 2.086
66.248 30.712 32.094 2.032
193.554 -179.920 -198.765 2.083
215.396 -173.527 -55.857 2.159
204.499 -168.859 145.792 2.076
39.873 -59.625 -24.438 1.959
-135.627 -60.011 -190.678 1.915
-64.153 89.822 -92.635 2.002
12.117 -42.387 -121.819 2.172
24.298 174.962 -18.974 2.214
-122.004 24.519 -34.359 2.029
-170.718 -163.748 45.700 2.059
170.852 -112.165 -124.285 1.948
-84.884 107.194 172.136 2.028
135.530 -61.464 -30.334 1.963
-41.551 -133.900 -87.285 2.059
-12.584 28.970 25.208 1.868
-158.245 -117.441 179.522 1.926
168.776 -21.977 137.216 1.966
-158.557 177.862 161.337 2.157
-186.319 -141.466 49.387 1.859
-52.879 -168.911 -51.926 1.968
-120.565 -67.428 175.409 2.035
-64.480 70.457 -169.408 1.927
-50.903 32.102 123.316 1.984
-44.401 188.736 -10.506 2.085
124.099 68.469 7.500 2.036
189.482 -159.529 67.605 1.914
203.830 -16.549 96.849 1.872
142.351 -40.215 -44.275 1.992
-212.862 -176.471 119.699 2.197
210.314 -22.132 36.856 1.959
5.165 -67.699 -6.440 2.010
-187.982 154.770 121.939 1.940
-177.291 -182.618 -97.369 2.091
224.557 136.474 -6.296 2.002
-34.423 -30.403 180.511 2.049
185.799 -80.701 -107.093 2.030
15.618 89.518 -76.715 2.044
102.128 41.794 -22.091 1.981
-146.980 120.758 -189.737 1.880
151.797 -11.073 -41.324 2.041
-30.617 -102.643 189.536 1.983
-113.871 -163.098 -1.735 1.893
67.101 -124.424 -141.499 2.107
119.663 84.482 -92.190 1.952
-36.539 -60.522 -194.774 1.912
-143.200 88.543 -45.904 2.079
-124.583 -156.423 93.075 2.107
94.512 176.315 81.255 2.037
154.412 -48.310 176.537 1.954
-37.411 -67.401 168.936 1.920
35.546 -31.692 -32.341 2.041
211.935 172.939 113.848 2.064
152.788 -79.303 30.586 1.905
144.554 42.724 -167.354 1.933
-144.386 -90.599 -138.694 1.890
-126.910 159.148 61.863 2.123
-186.898 99.952 99.194 1.867
174.948 -38.314 -161.499 2.028
-152.170 137.427 61.610 2.025
-184.381 162.013 -146.034 1.832
8.735 -179.633 151.669 2.127
-191.632 113.536 -113.103 2.291
-205.967 -182.450 33.735 1.954
-78.746 -56.502 6.439 1.878
-23.328 117.365 -62.572 2.043
-113.190 66.970 -38.567 1.928
205.933 157.534 -130.238 2.021
-219.802 -37.614 -10.698 2.095
-118.147 147.546 136.000 2.130
113.453 -104.587 81.808 2.059
32.210 -183.484 -92.687 2.066
-148.743 -166.270 -35.360 2.130
-163.916 -70.515 -190.928 1.936
-50.301 -10.922 -130.546 1.981
-38.066 142.278 117.614 1.974
139.748 -175.694 47.852 2.085
-137.750 -139.644 163.493 1.982
75.289 154.023 48.978 2.072
118.296 -126.502 -162.366 2.129
223.521 -3.037 -133.787 2.096
132.487 123.074 95.696 1.971
-199.762 -183.232 -40.765 2.151
-202.448 17.792 -135.021 1.909
112.055 -180.238 -75.753 2.099
203.330 -83.332 -20.863 2.042
98.233 -180.878 -178.408 1.984
51.376 55.913 187.619 2.070
94.492 157.578 -169.605 1.719
73.987 21.391 -155.335 1.846
34.218 -7.568 -23.946 2.104
-147.395 -68.066 169.787 2.133
188.681 155.543 13.817 2.012
-69.796 158.206 65.799 2.086
168.119 53.571 -150.419 2.171
-208.249 136.835 -94.980 1.977
69.560 149.818 -33.521 2.018
-24.058 134.910 157.824 1.968
-194.561 84.519 -78.662 1.954
-182.478 -143.189 -196.481 1.937
123.499 146.667 -180.373 2.116
-117.657 82.491 37.203 1.930
-170.879 4.237 -135.607 2.025
-198.675 98.987 -141.319 2.035
120.742 -49.467 35.550 1.900
58.575 113.633 -167.984 2.100
60.936 73.681 66.126 2.088
-75.670 92.754 81.928 1.996
-29.974 -118.943 80.976 1.853
81.482 98.058 -29.095 1.957
62.599 8.025 114.234 1.961
-114.339 102.496 152.562 1.930
71.795 -71.447 -57.313 2.075
-165.332 -183.435 -160.021 2.003
198.709 -139.124 190.274 2.084
-50.798 33.620 -157.018 1.994
194.355 -154.341 0.156 2.024
155.227 3.180 185.063 1.805
94.154 -120.196 110.733 2.010
-122.889 39.996 107.997 2.163
-40.146 -59.496 -55.571 1.684
-80.934 32.373 17.148 2.016
116.032 23.465 34.907 1.959
144.234 113.283 111.934 2.012
-111.902 -60.515 118.414 2.105
-63.796 120.379 -32.888 1.917
213.874 16.951 37.676 2.136
141.443 58.162 -10.595 1.883
88.377 -12.413 121.908 1.952
169.921 -77.606 -189.426 1.865
4.210 -146.234 -129.534 2.155
-41.367 -141.419 10.512 2.194
143.879 -106.714 3.470 2.115
144.666 -19.150 -108.168 2.036
7.782 -43.681 46.355 1.986
121.427 -74.932 -64.187 1.971
-7.211 56.876 11.741 1.990
200.717 -20.832 170.862 2.037
-80.477 -92.513 73.893 1.986
196.744 -183.011 135.414 1.993
17.524 79.857 -129.808 1.931
126.340 48.796 -3.298 1.864
-111.635 -115.989 7.934 2.215
-213.188 168.690 -71.236 1.996
-222.655 -101.199 151.791 1.763
90.950 114.432 31.962 2.082
83.076 59.110 110.554 1.986
-50.211 -114.662 -46.633 1.988
114.961 103.142 152.495 2.139
-146.880 118.911 15.860 2.046
218.734 22.846 -22.615 2.054
153.606 -90.960 112.308 1.824
-101.172 -63.825 -22.667 1.938
48.944 -161.695 111.383 2.062
51.039 27.600 55.872 2.015
-84.247 -126.868 55.505 2.091
-107.780 -80.118 -23.244 1.934
42.782 25.735 -2.683 2.055
188.297 -13.731 -195.575 1.934
85.908 -182.482 118.693 2.043
-161.892 -99.602 -168.537 2.114
86.647 39.265 -37.164 1.901
188.539 -140.874 3.296 1.968
-108.143 -58.449 -45.547 2.054
82.128 -65.548 134.435 2.040
-181.290 10.281 -95.144 2.171
-100.190 -55.658 -90.315 2.078
171.122 75.688 34.917 2.060
152.910 89.077 -111.946 1.923
-54.410 -107.995 184.921 2.161
112.713 59.169 123.414 2.051
-154.985 63.095 18.615 2.100
-21.058 146.760 118.570 2.084
188.279 -3.850 72.940 2.091
-132.944 143.449 -20.904 1.952
130.269 135.045 162.625 1.946
-193.597 -1.366 3.868 1.990
165.064 64.359 59.653 2.070
-112.748 157.459 -86.131 1.961
-197.191 58.348 84.293 2.152
-81.730 -122.146 -71.282 2.057
-160.819 151.907 -46.003 2.071
-38.218 163.917 -98.552 2.019
136.773 -22.976 86.451 1.766
-169.185 -138.251 132.081 1.983
-114.737 45.677 148.257 2.186
-24.992 -16.417 -136.886 2.095
-151.601 137.464 35.662 2.077
74.311 -102.997 97.318 2.052
-69.630 124.575 -24.296 1.967
-12.492 1.641 -168.578 1.875
153.391 -36.632 -179.503 2.157
8.201 62.165 189.307 2.093
-159.715 -44.980 -40.438 2.115
97.021 118.965 -159.557 2.093
175.917 -62.647 4.829 2.026
-224.513 -114.807 2.737 1.998
23.265 -159.490 -105.399 2.008
51.590 161.879 -94.435 1.984
119.097 53.403 70.254 1.968
-216.065 -181.351 36.249 2.109
-54.452 20.322 55.697 2.201
151.075 32.560 198.524 2.141
-201.076 42.723 118.022 2.062
-75.551 30.233 -194.294 2.136
34.739 -120.966 -99.818 2.007
-184.059 125.987 173.228 2.025
2.818 6.354 -6.036 1.875
-100.211 -166.533 -93.828 2.080
-137.476 149.644 -114.405 1.887
67.861 51.056 183.338 1.961
-124.683 62.549 -65.779 2.158
-200.014 -36.729 -103.493 1.932
207.355 -186.963 139.578 1.865
215.134 35.079 -2.396 1.923
-7.213 -185.610 149.817 1.963
-190.678 167.361 -31.100 2.027
-8.424 72.991 131.478 1.914
-142.495 -11.971 198.479 1.952
-135.007 -135.824 -27.125 1.882
-33.857 88.228 -169.789 2.019
-198.298 -160.158 168.569 1.950
-159.997 129.182 -99.353 2.004
123.909 98.067 153.965 2.146
73.243 -140.575 47.406 2.031
192.791 -13.964 -127.260 2.144
-139.745 99.883 102.251 1.974
103.918 -142.677 42.147 1.834
186.100 -53.756 -134.158 2.042
-107.093 -27.495 25.881 2.000
194.610 146.829 162.689 2.100
-88.615 -91.249 -121.760 1.958
2.123 -186.208 -133.975 1.968
-76.109 -148.820 102.238 2.007
-51.529 0.388 57.984 2.030
-125.384 -189.678 185.604 2.101
-116.350 74.298 141.165 1.980
118.319 -23.931 -162.874 2.042
-99.475 -180.272 -138.635 1.981
163.756 -65.310 80.428 1.890
-50.582 -115.164 -9.370 2.023
0.177 -150.958 176.046 1.907
-171.113 -73.162 -79.144 1.782
-111.688 -59.765 154.664 2.085
185.184 -15.106 -96.001 2.049
-54.927 -47.588 -167.457 2.062
-217.631 117.065 172.697 1.989
-153.551 -170.750 -189.319 1.990
55.946 -187.652 -6.113 1.857
-185.887 -125.992 18.439 1.995
-211.915 -25.451 -155.295 1.928
159.273 -76.127 -185.357 2.018
-210.956 49.479 69.476 1.937
-22.634 177.797 -45.049 1.901
-158.715 -174.959 39.102 1.925
137.290 -144.912 -11.522 1.985
153.422 -118.207 157.422 1.890
-1.488 121.355 -21.209 1.977
169.345 53.725 -99.195 1.831
-183.083 -158.192 -9.265 2.100
67.416 -115.996 -106.357 2.008
14.606 157.938 -119.133 1.883
212.665 -9.930 -166.271 2.158
207.626 -174.644 -46.099 2.080
201.290 -6.307 -127.916 1.916
121.953 -176.608 -28.633 1.988
-26.739 163.299 -150.784 2.064
180.076 2.670 189.484 1.974
-114.105 94.093 -54.245 1.986
154.685 71.514 -93.435 1.895
-114.733 144.009 85.707 2.199
-38.831 -106.165 58.907 1.888
-219.124 -75.497 119.788 1.987
-46.710 53.784 18.798 1.975
163.726 -12.638 173.455 1.891
38.263 -105.063 16.073 2.050
-30.529 150.360 98.622 1.967
154.409 163.558 -155.284 2.070
-13.290 57.592 -158.859 1.964
-150.774 85.029 82.151 2.079
6.143 -71.860 154.681 2.133
187.903 91.193 95.357 1.940
147.113 3.382 -51.933 1.857
-26.506 140.370 51.426 2.005
-121.266 -171.677 -65.000 1.769
-172.323 112.170 5.922 2.097
-116.458 -19.210 78.324 2.040
-143.962 41.615 -143.118 1.803
34.175 121.123 176.053 1.845
-161.337 182.940 -21.001 2.100
18.658 24.562 193.761 1.849
57.760 183.216 -158.053 2.024
-170.769 -122.981 -73.309 2.182
-145.667 -89.214 60.068 1.976
-137.434 -169.993 108.574 2.012
221.709 -97.058 -44.442 2.145
-177.454 57.357 -122.477 2.082
-22.631 64.146 182.771 2.032
5.323 -141.925 147.756 2.150
-5.737 -60.623 117.449 2.070
-200.053 62.750 179.319 2.117
30.821 -95.075 165.892 1.957
205.639 185.406 -30.899 2.214
18.123 -72.888 42.175 1.862
-119.396 113.967 -8.702 1.917
150.818 108.951 73.759 2.118
-123.667 -42.356 -164.138 2.125
91.567 -141.180 -118.249 1.931
115.927 66.272 -142.543 1.908
-191.408 56.384 43.274 2.132
73.433 -64.676 -82.865 2.116
-69.888 -128.372 142.080 1.864
-191.813 -111.253 15.182 1.950
96.985 4.227 -37.870 1.877
11.734 -107.870 -82.742 2.025
-209.506 -185.028 96.492 2.010
56.934 32.248 24.497 1.946
183.184 91.916 98.690 1.935
65.258 -30.760 -72.377 2.007
204.641 -129.732 -63.749 1.988
73.426 -96.052 5.754 1.986
-163.499 5.395 -108.516 2.149
-52.858 -136.680 -170.973 1.998
-66.371 97.502 -23.492 2.000
210.856 139.470 66.576 1.814
186.900 -42.358 -26.789 1.865
-154.471 -25.667 -44.960 1.991
47.084 154.904 36.484 1.870
-107.274 -10.597 172.306 1.912
141.222 -144.782 171.847 1.954
-208.988 8.669 -177.380 2.038
-25.940 -122.113 -150.875 2.069
-132.402 129.648 -91.949 2.031
61.371 -115.904 78.190 2.304
206.867 95.240 -9.574 2.113
-130.577 82.091 -170.960 2.036
143.528 172.161 162.735 1.977
151.118 69.351 -114.030 2.055
-109.798 77.421 5.338 1.924
215.419 -75.521 94.743 2.168
82.883 -31.536 -101.436 2.104
-116.550 178.759 0.045 1.958
-106.707 167.216 169.424 2.004
197.000 -108.504 -18.320 1.976
-205.142 23.037 -32.006 2.023
89.514 90.759 166.245 2.090
224.808 14.792 -123.593 1.951
-22.560 157.681 -172.444 2.037
-200.168 58.580 11.877 2.145
19.349 -144.883 -117.691 2.019
-166.442 12.273 -143.484 2.092
8.040 107.630 -153.363 2.075
78.280 65.388 122.509 2.180
63.603 106.438 -64.183 2.001
215.504 1.104 -95.167 2.111
214.094 -105.765 -42.976 2.050
-183.772 -144.898 149.080 2.036
178.283 -32.074 125.175 1.987
-145.487 -160.253 -138.284 1.906
-144.136 147.772 -49.592 2.082
-71.166 5.517 167.002 1.897
-106.924 -127.597 99.016 1.918
-97.893 114.000 -4.080 2.029
-10.207 -23.850 78.464 2.191
-42.309 -65.310 -174.909 1.945
-172.430 -123.323 68.193 2.108
-67.884 -77.087 -30.390 1.963
81.712 -9.655 56.348 2.045
91.791 77.013 -177.593 2.045
145.562 -183.772 157.160 1.961
105.422 174.651 -134.016 2.002
55.179 -56.847 -115.998 2.062
191.489 -67.499 145.718 2.032
133.184 76.258 34.546 2.061
-0.292 -141.708 -34.899 1.923
31.821 109.407 149.859 1.761
-158.635 -72.902 58.063 2.009
116.727 84.776 -11.850 2.039
134.812 -38.461 111.462 1.831
212.238 -66.143 -0.205 2.068
-121.660 -54.092 107.523 2.066
224.657 157.386 136.019 2.050
-156.855 -163.617 -147.791 2.009
164.681 94.292 85.959 1.971
122.642 150.761 45.801 2.032
-187.321 -29.937 -199.670 2.177
41.128 130.388 -85.100 2.010
210.360 -186.061 -10.999 2.108
-155.484 49.611 -170.137 2.001
53.133 -129.463 177.557 2.021
126.594 177.158 19.267 2.016
208.501 -22.453 99.080 1.794
37.278 -65.152 82.701 1.806
5.892 -146.432 -183.329 1.785
-142.058 183.364 140.228 1.843
212.943 -150.922 -99.749 1.996
-150.401 153.677 -127.894 1.889
-143.081 -102.893 3.062 1.969
198.581 -12.665 -85.098 1.975
196.097 95.218 -38.531 2.203
222.752 179.210 -68.176 2.063
-32.536 102.261 91.519 1.952
154.896 88.947 -4.845 2.054
63.817 136.354 -12.943 2.068
-224.312 -28.418 -186.172 1.885
17.914 -28.007 -165.175 2.012
-182.584 -118.625 -28.779 1.759
111.739 148.434 120.429 1.886
-194.363 119.207 -84.727 1.998
-137.517 -133.608 -37.389 2.047
90.436 -105.596 184.714 2.114
-73.516 -35.696 -92.661 1.914
120.908 114.980 124.497 1.968
180.997 180.823 39.197 2.106
173.036 -112.456 -55.045 2.079
-81.542 -3.670 125.496 1.874
-40.126 -144.208 -49.311 1.860
-184.375 153.354 -170.217 1.815
-59.593 39.579 180.664 2.031
22.142 83.987 -59.700 2.047
76.172 -153.723 67.062 2.127
131.818 88.131 191.549 1.970
134.000 -152.609 -135.898 1.942
167.832 -10.941 110.095 2.085
48.922 -142.873 53.777 1.994
151.948 -14.945 58.480 2.309
-74.629 -98.434 -12.383 1.884
-197.818 6.773 100.173 2.091
-192.855 5.691 8.273 2.101
-132.630 -118.390 173.828 2.013
92.764 117.384 89.731 1.948
92.496 94.718 -194.536 1.983
197.909 -133.954 -10.464 2.096
59.959 -147.214 -76.889 2.075
85.763 -20.129 -118.801 2.157
-20.969 60.856 117.322 1.972
-102.782 188.304 -80.910 1.983
-182.843 60.690 -17.009 1.831
65.555 138.836 -152.773 2.049
-57.597 -138.145 -122.475 1.782
110.022 -47.260 -139.432 2.006
-145.744 -186.189 79.225 1.988
-4.940 131.121 169.975 2.006
72.689 67.759 -133.866 1.993
-53.861 -46.782 117.681 1.815
-198.177 63.651 -176.441 1.995
118.202 -171.301 171.244 2.163
-189.960 -58.709 33.148 1.866
200.402 76.925 -119.393 1.973
49.181 -8.163 -168.802 1.981
216.791 82.234 -143.268 2.015
196.998 -18.262 -162.802 1.867
179.192 -137.645 -26.251 2.028
-63.259 1.942 -5.963 2.187
-93.888 177.917 6.570 2.097
-208.237 -96.003 11.289 1.833
188.556 137.408 -147.729 2.075
202.000 -179.552 48.799 1.985
160.711 11.183 158.667 1.960
83.032 -83.781 -51.339 2.042
-62.776 37.201 92.886 2.077
132.409 -171.002 -45.700 2.077
155.895 -44.426 -49.365 2.169
54.824 5.464 -190.557 1.816
99.009 126.313 77.186 1.957
-82.115 -15.127 184.931 1.987
-42.304 -169.669 31.775 1.997
139.359 -177.954 -176.976 1.953
121.815 7.413 21.593 1.941
132.626 -25.880 112.348 1.988
92.312 -12.751 109.818 2.045
166.309 -159.305 -21.256 1.934
160.889 180.134 143.756 1.842
-43.048 144.587 64.464 2.081
-190.207 116.054 20.102 1.948
-206.212 -131.170 135.831 1.781
-138.887 -34.428 8.819 1.775
218.905 95.470 -78.353 1.901
-183.596 -105.080 189.314 2.300
189.265 -142.701 -71.019 1.925
-198.323 90.593 95.578 1.976
60.865 35.829 104.962 2.007
184.435 18.098 -52.825 1.874
-22.972 -37.685 55.470 1.994
113.400 21.783 -177.281 2.056
-130.345 71.375 188.736 2.059
-92.476 -139.274 -94.562 2.024
-13.382 -52.632 -152.529 2.034
-12.867 -7.460 159.275 1.929
178.620 160.580 37.692 2.067
-122.017 20.433 -177.433 1.953
-212.572 147.915 132.592 2.116
62.872 116.265 -148.978 1.956
-218.501 -68.279 100.108 1.846
-4.181 101.144 92.937 2.061
38.136 -172.044 -2.721 1.943
200.015 181.337 -40.889 1.893
-99.359 -111.286 -46.047 1.984
-3.774 -77.202 134.542 2.053
36.680 -145.684 41.527 2.142
-102.280 -76.521 -97.453 1.825
-217.978 88.975 -16.673 2.024
205.371 -25.176 -50.266 2.120
99.270 -53.878 132.079 1.810
-183.032 182.043 -151.071 1.989
192.553 64.620 60.284 2.094
-90.163 172.093 15.876 1.947
-223.541 148.225 -106.591 2.080
-180.681 -152.087 -14.042 2.065
24.594 26.441 85.404 1.892
-90.109 26.501 1.363 1.906
-28.822 48.366 -18.499 2.143
-70.450 128.514 180.439 2.012
15.143 189.303 127.573 2.012
-142.713 51.600 -170.967 1.938
122.498 -126.616 -61.616 1.854
61.113 158.912 157.301 1.905
164.876 153.681 -10.267 2.051
-6.984 -15.129 -33.516 1.957
149.753 156.176 192.842 1.983
-2.627 140.630 70.907 2.031
146.783 94.049 21.792 1.911
-164.005 -163.536 184.253 1.914
-192.381 -70.254 -115.455 2.041
170.478 -157.847 94.188 2.006
-88.725 100.631 -0.482 1.946
84.551 30.174 137.164 1.940
-59.511 -3.043 156.529 2.040
-223.701 17.345 -194.508 2.135
-89.645 124.920 151.110 1.922
159.232 -54.914 151.783 1.931
-40.708 -5.211 -141.053 1.841
-201.078 30.042 5.991 2.130
168.106 143.458 -152.379 2.194
-62.315 30.487 20.182 2.065
51.156 177.727 163.410 1.958
90.354 67.545 147.635 2.058
198.612 -181.040 -171.822 1.975
-219.690 -178.850 51.373 2.075
-199.619 165.750 103.144 1.974
58.411 -117.968 -129.926 1.928
-129.649 -138.465 77.035 1.993
-28.402 -16.941 -142.466 1.935
-78.695 103.841 103.208 2.067
212.776 91.952 127.159 2.139
-83.902 -157.203 -85.137 2.018
35.000 184.822 112.272 2.032
68.167 -42.872 -192.259 2.157
-201.840 -106.454 59.856 2.172
102.400 -72.172 -20.114 2.128
-64.243 -58.512 -192.661 1.934
-152.537 176.131 56.688 2.134
192.060 111.138 -175.455 2.024
147.111 -53.556 72.668 1.951
30.397 143.020 61.049 1.982
32.673 80.486 115.410 2.219
-217.876 79.384 5.187 2.111
185.835 -176.850 142.069 2.267
93.821 -27.189 199.636 1.997
37.994 -171.184 22.972 1.979
174.929 100.225 -117.197 1.803
-98.008 147.560 52.871 1.974
202.384 -147.769 70.132 2.009
-53.047 -101.241 132.923 1.974
97.383 23.852 -81.436 2.075
29.140 81.167 -4.941 2.139
160.694 -158.165 74.279 2.103
-6.068 -1.673 -58.581 2.055
94.287 -8.554 -23.808 1.865
-205.080 -38.486 -73.727 1.978
223.694 -136.903 183.597 1.959
-199.483 -85.362 61.545 1.994
-136.529 162.906 136.918 1.925
-166.591 -178.843 -192.471 2.154
135.891 -118.124 3.974 2.056
136.651 -20.340 140.360 1.954
125.472 2.347 106.015 1.943
79.578 85.894 -142.434 1.950
-53.036 -78.801 37.576 2.115
188.640 -78.144 190.643 1.896
-86.177 111.622 80.196 1.977
9.074 -96.354 19.545 2.060
20.654 143.674 -26.361 1.934
-172.207 -163.445 -81.934 1.952
137.920 -124.970 -2.504 2.011
-68.859 -163.328 194.261 2.070
99.045 184.505 176.454 2.046
78.342 -57.754 -30.228 1.953
196.085 50.831 -171.772 1.981
124.275 172.829 91.816 1.856
26.930 -10.851 -82.036 1.758
183.836 157.198 35.372 1.949
161.549 -186.662 38.280 2.141
162.260 165.236 72.459 1.863
-163.883 169.660 31.516 2.134
8.588 -37.692 119.016 2.108
-51.205 -75.177 3.364 2.047
190.488 -70.772 68.325 2.073
2.125 -58.417 -9.073 1.986
85.821 -44.571 -81.124 2.067
-190.658 -34.054 -183.185 1.950
-42.765 -112.523 -3.101 2.051
148.222 -9.582 -132.102 2.066
118.086 114.012 -112.632 1.934
-214.444 -75.926 -164.199 1.997
-11.559 158.957 -30.007 2.021
-74.203 -84.007 103.137 2.100
142.343 -105.223 26.674 1.968
-8.649 -61.628 -165.934 1.870
178.551 -174.436 160.813 2.118
75.027 167.655 -165.694 1.982
-11.095 188.178 87.426 1.836
-63.270 -1.453 -143.684 2.174
4.312 87.958 -57.056 2.074
-137.781 -89.868 -54.545 2.026
-198.587 -112.666 18.160 2.135
55.787 -94.257 -48.529 1.924
-8.465 172.140 187.613 2.190
-154.585 165.749 171.377 1.931
-185.652 21.975 -163.917 1.941
62.133 189.442 -80.257 1.954
-205.069 83.378 9.661 2.014
186.910 73.619 132.805 1.951
-144.958 -34.698 -10.736 2.192
-99.179 30.554 154.056 1.828
-73.802 -53.956 -144.982 1.872
50.752 -169.983 -15.656 1.805
128.719 -2.650 175.598 2.273
170.925 162.453 -87.148 2.024
0.513 -72.742 117.209 1.953
120.662 184.091 -34.460 1.995
16.677 73.630 -75.122 2.089
78.702 -119.058 -131.632 1.996
224.008 -82.551 -11.393 1.962
-165.039 -117.756 -51.155 2.116
220.297 -8.803 137.679 2.012
199.295 157.753 -89.492 1.986
120.484 183.589 -81.380 1.951
110.624 -50.267 141.286 1.962
-104.414 -21.710 156.342 1.987
74.861 176.237 28.974 2.145
144.881 107.011 77.632 1.979
20.321 -163.973 -26.147 1.895
-210.099 -4.693 -82.985 1.961
220.986 -7.992 -53.296 2.068
-38.295 118.304 -38.911 2.038
211.894 -64.506 168.792 2.097
-12.198 -92.295 -41.504 2.051
62.250 -163.343 107.885 2.128
-170.697 132.042 94.865 2.069
-107.017 -67.351 -113.255 2.039
144.158 -108.589 -93.202 1.994
-217.135 162.294 -116.508 1.926
153.961 147.008 77.603 2.098
120.701 -79.358 -12.188 1.918
203.055 188.861 156.913 1.995
88.580 92.055 -187.312 2.122
-104.233 110.887 -195.468 2.087
-88.402 -1.554 -26.791 2.056
-8.849 2.670 134.255 2.005
130.350 162.783 5.073 2.075
-6.045 137.951 -14.055 1.876
81.871 -106.592 -109.058 1.743
21.009 -84.454 -133.541 1.979
-189.376 15.126 146.807 1.936
29.149 -12.280 10.309 1.964
-100.202 61.131 -167.176 2.091
-121.099 113.618 -69.636 2.052
20.523 186.702 181.169 1.922
92.237 34.113 -110.175 1.979
16.270 141.994 -152.306 1.857
221.383 111.799 -129.101 2.085
-208.412 87.954 -89.151 1.918
-222.110 -110.709 -66.661 1.893
72.507 -143.416 -23.931 2.024
0.380 -181.191 -24.089 2.285
-193.982 82.540 129.801 2.162
25.461 19.241 73.990 1.991
-5.717 -115.123 174.462 1.978
199.398 -98.831 156.237 1.925
1.428 87.337 -63.042 2.083
93.356 -185.167 156.244 2.015
107.338 -54.197 133.986 2.009
-56.849 -110.488 48.210 1.956
-78.562 -75.548 0.109 1.927
-51.482 -167.411 -175.930 1.934
-123.775 126.388 -120.918 2.129
17.247 -65.354 -64.994 1.950
22.038 23.040 100.055 1.875
-154.296 -55.486 162.977 1.940
-2.835 37.567 187.561 1.852
89.513 -40.795 -17.450 1.996
-215.185 -56.507 122.146 1.904
-56.774 80.830 -157.118 1.948
154.145 163.816 131.451 2.062
79.357 -101.306 172.872 1.955
-34.392 -107.201 -55.298 2.077
-142.812 33.329 88.867 1.996
-48.603 -36.483 154.759 1.984
-0.159 -171.901 -77.726 2.298
-170.205 36.378 -157.843 1.973
74.760 -152.045 22.213 1.998
-30.640 82.708 -83.454 2.035
-17.523 -128.644 -39.072 1.997
115.119 -167.703 153.813 1.855
217.460 58.164 -64.180 2.082
170.866 34.172 78.080 2.043
-14.178 5.360 36.519 2.061
217.552 -157.980 -111.845 2.102
24.285 63.947 55.952 1.889
130.202 -76.330 -126.530 1.831
124.563 37.105 -112.734 2.047
31.703 100.179 -78.711 2.117
61.196 8.876 -112.149 1.895
-223.242 24.659 -153.145 2.022
-172.559 -178.353 191.347 1.965
12.936 146.079 -195.206 1.897
210.594 121.905 12.835 1.974
-27.996 -101.320 43.225 1.889
-197.645 17.126 -172.717 2.052
79.466 91.809 -123.435 1.964
77.968 141.969 -145.480 1.929
149.162 17.195 -97.104 2.168
17.916 -23.527 -117.460 2.002
