-97.754 -137.729 -150.614 2.033
124.597 176.961 107.790 1.912
90.673 -77.938 -121.740 2.039
205.571 -16.170 -68.639 2.086
151.624 116.399 -14.791 1.871
93.544 -186.288 -104.663 1.797
10.831 164.665 -34.980 1.891
156.771 -16.581 54.296 1.968
-5.982 -68.408 -70.233 2.128
174.125 -131.932 56.162 2.058
175.559 141.835 153.323 2.039
223.215 -132.838 53.859 1.897
99.471 106.742 52.161 2.037
147.013 -74.191 187.575 1.818
128.082 136.751 163.409 1.994
214.612 4.291 -110.389 1.961
-58.524 -178.081 189.913 1.973
-191.030 51.813 -108.310 1.788
197.517 87.238 59.357 1.953
67.794 170.613 -57.403 1.965
-31.751 108.890 -177.007 2.141
27.429 -30.026 -120.942 2.107
-41.722 74.820 24.501 1.987
130.136 -5.253 182.576 2.109
26.100 -172.192 -73.187 1.995
-14.794 -182.100 -11.285 1.886
-102.629 89.837 -69.848 2.011
189.124 137.455 6.031 1.959
-180.213 -167.173 74.069 2.068
194.283 123.062 -61.427 1.970
11.862 -93.954 -32.191 2.151
-124.904 131.865 -143.237 1.813
-58.369 92.261 63.223 2.139
65.393 -2.548 -43.919 1.931
-172.914 4.876 165.689 1.963
161.467 20.197 70.628 2.083
-0.870 7.535 48.188 1.978
-6.868 11.688 -72.022 1.992
82.963 31.763 -193.288 2.070
14.524 45.442 -93.878 2.050
-135.636 84.440 -88.546 1.906
-80.271 -71.889 132.657 1.839
182.563 53.613 -47.092 1.891
224.937 -116.785 -65.241 1.884
13.625 165.823 -174.814 1.948
10.152 -171.150 89.677 1.963
78.285 -104.106 -155.226 1.915
202.929 -170.730 -93.114 2.218
-20.900 58.501 124.816 1.996
-196.378 -61.578 -182.429 1.780
182.190 185.443 -84.499 1.873
-18.780 95.549 -74.540 1.938
101.019 55.130 194.143 2.051
23.774 143.846 160.106 2.042
16.729 -129.722 -97.704 2.132
-198.952 23.854 -29.278 1.948
-40.653 -134.060 -37.033 2.152
-86.255 -183.156 -15.739 1.975
30.238 -10.944 -184.602 2.108
1.758 -143.671 -60.505 2.067
180.110 156.684 -76.864 1.983
-73.042 16.372 27.875 2.010
43.285 20.790 127.524 1.802
-19.210 165.317 38.537 2.032
136.920 133.427 68.006 2.194
-209.154 -62.698 -159.351 2.033
-67.366 -107.292 -21.171 2.069
-13.632 -123.703 -164.729 1.890
-66.351 -20.734 165.770 2.083
183.013 110.242 190.510 2.109
72.263 138.693 184.062 1.935
164.370 29.989 131.783 1.911
114.147 159.937 198.036 2.062
-81.301 61.878 69.760 2.059
-55.936 99.775 113.172 1.911
-12.405 -187.448 -91.383 2.078
-15.668 -169.044 -149.714 2.044
98.918 100.222 24.546 1.953
-182.169 -73.957 187.065 1.912
222.570 73.952 185.231 2.091
-126.205 -81.052 -67.385 2.008
-210.940 -2.087 185.293 2.065
50.744 110.824 -80.053 1.908
-224.718 75.444 197.415 2.040
32.485 117.337 130.957 2.104
-125.699 142.104 23.280 2.014
-78.700 138.899 171.929 2.006
-126.902 -50.293 -68.436 2.153
206.433 99.314 -44.411 2.190
129.587 -25.399 -68.565 2.033
132.233 161.498 165.289 1.883
-69.659 -14.606 10.383 1.970
-113.089 -17.246 147.743 1.999
-140.459 30.747 -33.277 1.931
-151.014 87.649 -108.834 1.946
196.689 97.655 -140.754 1.983
-104.871 176.440 -70.974 1.941
175.921 -15.831 28.867 1.907
160.582 120.824 -85.566 1.985
69.936 -154.541 -30.632 2.022
-106.510 43.094 -190.797 1.986
30.280 -66.287 -77.261 1.990
199.279 -144.288 15.934 2.013
-102.221 -55.150 38.064 2.029
165.758 155.431 111.638 2.064
24.206 24.969 -72.711 2.174
-141.416 162.029 -181.489 2.039
185.130 69.498 11.101 1.860
58.349 138.623 9.679 1.852
60.785 -95.287 6.130 2.144
-99.392 167.711 -81.810 1.951
-103.187 121.045 14.480 1.806
-93.747 -30.924 -90.857 1.919
-29.575 -167.201 -171.704 2.070
18.776 174.904 22.324 1.940
-84.287 34.531 77.532 2.070
87.235 51.235 9.262 1.926
178.302 -37.057 -140.858 2.106
-124.050 94.226 -45.887 2.117
45.279 -20.631 138.069 2.005
192.658 -148.887 151.486 2.023
169.561 -52.893 -56.132 1.883
-35.556 111.096 -176.999 2.084
76.461 -148.204 122.175 1.970
-107.015 -121.080 -94.380 2.038
59.326 97.203 16.653 2.003
-48.720 -179.362 31.656 1.780
-180.031 -176.752 -110.922 1.958
-212.975 167.738 169.967 2.004
178.354 -22.604 104.532 2.043
210.054 15.190 -2.870 2.133
169.275 -189.512 -183.725 1.855
-171.310 41.808 134.618 1.926
65.005 -62.899 178.139 2.086
196.721 2.951 25.233 2.031
117.453 10.387 43.187 2.074
138.476 133.715 -161.302 1.952
174.363 5.228 48.572 1.959
109.858 -147.231 -28.479 1.948
207.034 4.011 -199.177 1.993
-113.293 -94.404 23.964 1.890
17.488 51.249 -35.639 1.943
57.272 43.398 176.724 1.988
28.546 -170.668 67.309 2.115
13.262 -2.971 145.341 1.911
-46.858 28.190 -111.378 1.743
82.329 102.000 -88.416 1.995
-79.212 122.520 -147.615 2.117
-131.034 -26.445 -30.860 1.982
33.072 -114.115 -122.373 2.103
-173.586 -142.252 39.833 1.970
-150.672 -177.835 -88.969 2.007
-21.296 186.329 -40.525 1.976
95.630 65.748 84.082 2.012
-178.908 -111.247 97.276 2.077
41.286 -128.182 -119.467 1.984
189.545 -20.240 121.767 2.090
-208.596 -117.587 171.329 1.963
103.872 -112.050 17.065 1.993
10.733 -73.299 113.426 2.006
172.544 24.218 -154.183 2.008
-207.214 -60.090 -32.351 2.077
-51.158 -1.414 -37.320 2.023
-111.493 129.094 107.178 2.104
25.794 -18.123 -32.078 2.070
96.547 -56.818 19.397 1.933
-63.965 -130.522 173.058 2.042
59.546 98.767 -82.541 2.022
194.871 -177.928 -188.777 2.174
184.110 -109.920 -12.528 2.160
222.472 -163.250 -188.628 2.005
-92.082 -141.298 -144.761 1.967
-90.366 178.883 -128.546 1.954
94.460 60.412 -155.585 1.895
174.709 -28.079 -35.407 1.996
-146.900 125.567 190.446 2.028
-11.174 45.523 -188.263 2.026
143.665 -119.524 51.734 2.010
199.562 76.563 -43.798 2.122
-184.716 -112.100 150.786 2.132
-149.690 -11.228 -146.000 2.007
-149.351 169.021 175.609 2.048
-103.324 121.775 -143.461 1.896
86.807 42.959 6.385 1.698
-5.826 -165.339 -89.171 2.046
135.239 -86.430 161.721 2.074
141.745 31.394 50.695 1.924
-109.836 -34.901 -22.639 1.996
135.144 -2.467 33.970 1.999
75.036 128.109 -135.458 1.914
-105.492 131.153 138.025 2.087
5.262 -129.827 56.661 1.985
-88.444 -60.319 -55.858 1.790
83.601 -143.997 -131.987 1.949
139.885 -147.814 43.751 1.721
113.227 -174.307 116.384 1.890
-117.546 139.223 33.875 1.949
177.497 143.263 -141.131 2.202
-198.215 178.120 59.671 1.974
89.567 71.791 147.863 1.808
180.800 -9.431 -73.889 2.033
118.267 17.475 156.447 1.896
-17.627 22.222 13.252 2.174
-115.325 110.828 -58.925 1.898
222.305 101.354 -49.400 2.053
-136.443 102.280 41.235 2.072
-145.287 -3.841 -62.337 1.954
49.634 34.527 -120.924 2.001
62.015 -91.900 75.018 2.112
-146.408 36.720 182.868 1.867
-136.607 123.078 171.518 1.955
-2.532 65.752 16.498 1.731
37.664 -105.113 -125.353 1.835
153.998 55.468 2.736 1.813
189.806 -114.673 12.406 2.018
189.596 24.657 -22.248 1.915
-154.054 -71.631 158.234 2.004
132.785 -0.115 140.655 2.050
-75.944 -17.806 -171.424 1.955
215.217 -89.997 -39.536 1.803
-172.961 86.998 -2.231 1.994
-42.064 96.094 -189.505 1.949
-171.649 32.741 9.779 2.041
-65.389 111.491 62.834 2.007
100.389 -80.721 63.781 2.080
-15.892 67.468 37.272 2.002
-177.297 -189.157 160.584 1.876
23.722 130.528 -113.022 1.979
36.079 -15.843 163.801 1.965
77.371 -111.733 48.556 2.036
10.626 -25.668 141.613 2.132
-23.639 40.285 70.960 2.073
-8.537 -169.403 157.212 2.004
197.954 125.941 -189.071 1.827
-18.856 30.377 118.779 1.951
216.275 -68.308 165.199 2.064
44.097 159.200 86.905 2.049
-132.834 -92.123 150.569 2.056
153.166 163.018 -171.318 2.144
51.055 151.784 -77.652 2.132
109.079 42.740 -114.871 2.022
-89.736 180.816 10.081 2.086
-207.800 -72.954 25.262 2.094
-62.239 172.488 -129.034 1.776
17.371 77.840 152.753 2.070
163.567 141.266 194.561 1.965
-35.381 133.901 110.107 2.105
66.093 -128.204 -196.569 1.874
-34.611 146.721 178.013 2.122
135.469 -189.395 112.251 1.943
-81.882 52.085 -7.763 1.936
-194.400 -80.753 -2.347 2.103
-7.375 -158.607 -124.521 1.945
-161.762 165.086 187.903 2.075
-184.602 150.826 -194.563 1.892
-9.826 -21.277 -122.973 2.009
118.880 108.019 141.028 2.080
-22.650 -23.568 -175.060 1.970
-140.410 124.259 98.301 1.903
-180.043 12.182 -166.504 2.298
-51.570 170.420 -99.440 2.042
86.681 39.989 -57.517 2.189
172.799 183.709 -192.828 1.937
103.746 144.486 116.084 2.002
155.565 160.353 -111.793 1.842
-48.071 -54.943 -29.516 1.850
101.316 -43.452 -141.048 1.934
-160.294 -168.879 196.968 1.961
78.715 160.519 182.803 1.969
65.445 -97.928 -120.621 1.982
-182.292 -67.184 -162.932 1.832
25.985 -34.888 -99.077 2.088
-157.159 31.513 -145.311 1.927
26.212 179.110 102.668 1.955
-116.250 92.167 -195.131 1.943
-134.981 139.137 -45.286 2.117
78.673 -134.049 -188.730 2.065
56.543 91.130 8.602 2.030
155.116 99.010 51.663 1.941
-149.397 -16.985 -131.035 2.051
94.487 146.949 -120.936 1.890
217.047 98.303 87.201 1.893
-122.776 -71.703 -194.415 1.982
41.992 -80.480 3.183 2.033
181.270 -105.989 -31.542 2.323
70.639 -78.748 -190.147 1.906
12.917 157.564 -62.759 1.993
84.677 13.793 -69.720 2.074
-33.626 150.122 -6.310 1.962
108.740 97.287 -65.947 2.152
-173.950 35.330 188.686 1.898
-86.990 -166.006 59.942 1.963
-43.814 -158.504 -41.769 1.872
157.167 17.297 -42.555 2.121
-55.645 72.457 110.207 2.069
-81.166 -174.171 34.789 1.835
43.064 -12.765 -156.134 1.976
69.931 27.376 82.795 1.978
-127.349 58.793 52.222 1.831
223.573 -82.412 -14.813 2.002
-213.046 -59.466 1.873 1.969
-91.700 -60.307 113.949 2.033
218.144 54.502 67.209 1.954
159.455 -168.214 -174.825 1.961
48.287 -45.407 171.845 1.952
101.509 128.353 -84.653 1.895
45.555 -91.214 153.420 1.973
-185.871 109.548 -182.768 1.886
36.629 -138.620 -44.896 1.976
184.637 162.333 -130.217 1.996
-65.927 -133.673 -49.640 2.035
156.434 -175.683 0.721 1.908
-198.144 -180.096 43.519 1.996
49.469 99.280 -52.051 2.004
139.046 -148.513 31.210 2.007
222.793 -3.240 145.616 2.092
89.928 62.064 109.868 1.914
183.401 65.943 185.350 2.012
75.266 130.257 -154.645 2.133
-217.966 -183.500 -184.885 2.011
-91.600 14.685 190.185 1.899
-31.329 60.630 -102.779 2.037
-170.305 20.908 -175.450 2.160
-62.719 152.356 -187.531 2.164
116.945 56.145 -71.779 1.942
-40.003 -112.448 100.196 2.136
195.512 -0.042 -74.768 2.166
200.134 -187.584 -105.944 1.818
-101.786 23.260 13.748 1.941
-190.724 92.799 53.294 2.101
125.865 22.887 126.236 1.905
-103.855 -62.019 150.314 1.924
131.989 -98.339 131.620 1.828
64.235 65.940 -96.034 2.208
64.469 19.555 -108.194 2.047
129.376 -125.338 30.124 1.887
9.121 177.403 -101.047 1.856
-37.437 177.780 -112.717 2.061
-186.752 116.641 -148.418 2.027
198.292 24.886 -68.752 2.025
-112.419 147.229 -63.591 1.999
187.343 80.529 78.454 2.161
51.921 -159.306 -69.091 1.848
-14.156 -154.946 -135.609 1.915
129.846 32.408 -144.746 2.274
-175.707 112.145 195.071 2.132
-219.335 -112.056 -185.472 1.969
-114.365 -99.073 -80.018 2.057
96.123 55.427 146.331 2.040
95.228 -135.521 137.570 2.083
-145.405 27.137 -159.769 1.956
211.734 30.571 123.553 2.012
25.273 102.129 -188.771 2.052
-120.321 32.824 157.166 1.875
68.707 -157.931 -0.517 2.194
-62.710 114.644 -108.739 1.960
95.338 142.305 -62.254 2.119
-126.574 145.857 127.741 1.985
-157.306 -22.420 24.295 1.923
-10.347 111.866 189.517 2.092
-12.847 -171.270 -83.170 2.222
22.223 77.070 19.543 2.004
70.971 -18.406 -185.581 2.051
56.334 -21.173 -39.757 1.859
27.524 -46.020 53.176 2.064
-224.372 -162.222 190.443 2.027
201.162 119.081 -168.483 2.221
78.408 -119.656 -125.916 1.927
-187.135 -23.857 146.846 1.990
187.631 -98.752 -128.737 1.882
129.391 149.484 -77.815 2.067
-171.475 175.512 -116.096 1.975
83.862 -120.384 -85.545 1.994
45.955 159.728 159.093 2.032
-152.559 30.483 17.853 1.643
-14.900 87.589 7.569 2.101
-159.380 134.319 138.141 1.942
133.022 -37.107 81.509 2.157
-162.042 -146.146 -153.856 2.015
180.680 -189.414 7.594 2.043
56.094 -79.965 65.841 2.071
-184.167 -34.297 151.443 2.055
-147.828 142.709 10.231 2.119
211.748 56.024 96.198 2.064
94.791 21.263 -54.502 2.048
71.507 142.134 -115.478 1.899
132.400 123.018 -79.678 1.904
-167.853 162.231 -82.843 2.046
142.870 45.552 -83.233 2.045
-215.767 78.042 -84.526 1.802
-109.234 -95.901 -4.736 1.959
-204.019 -161.382 23.408 2.062
184.774 5.783 -133.057 2.050
-214.865 -162.074 -23.053 2.107
-67.547 169.905 154.559 2.094
219.027 100.711 -110.388 1.958
-122.137 -22.303 -104.849 1.984
190.711 18.528 -62.135 2.185
-174.652 0.735 128.324 2.036
77.036 -74.536 77.680 2.053
144.113 9.081 40.385 1.964
47.214 -128.693 88.120 1.925
-153.845 42.247 96.758 1.935
170.648 184.193 -47.208 2.032
2.825 -116.541 -79.207 1.994
-15.080 24.867 83.438 1.967
48.135 81.976 32.962 1.969
203.529 146.878 -173.410 1.950
66.746 0.754 -165.174 2.133
139.778 96.419 81.879 2.032
221.596 -14.350 -53.505 1.985
-168.130 80.366 95.097 2.064
119.303 -27.070 -174.582 2.221
-174.923 -80.186 -180.808 1.879
-35.138 105.709 -115.895 1.917
166.994 76.489 191.572 2.074
-130.765 -2.177 29.985 2.065
-5.120 159.149 -124.980 1.940
208.934 -75.272 -44.144 1.912
69.356 24.032 29.321 1.922
175.013 144.461 150.577 2.058
191.660 -167.036 -3.675 2.095
-184.313 178.058 -189.404 2.020
17.290 56.036 199.800 2.015
124.397 -179.502 57.524 2.087
28.864 155.701 -15.094 1.955
69.469 -182.914 -124.619 2.122
-34.832 123.288 54.859 2.232
-172.859 -35.983 -166.926 1.914
-215.238 -61.329 25.149 2.065
147.150 -158.728 -190.930 1.911
-124.973 -124.189 -114.990 2.159
3.693 146.318 2.786 2.127
78.096 -138.641 2.490 2.036
-53.056 -39.925 -13.143 2.149
93.902 -95.076 111.221 1.953
-84.448 179.753 30.978 2.001
130.503 151.229 -167.676 1.856
-52.818 -131.654 -190.435 2.038
-107.397 32.303 117.696 2.168
62.852 -155.774 -53.085 2.029
98.399 -43.048 78.971 1.963
28.797 104.868 -39.526 2.092
-16.748 -53.866 -18.639 1.954
204.220 22.849 139.959 2.034
216.496 -9.897 1.033 2.105
57.733 -138.920 -183.544 2.117
211.643 -37.444 -168.846 1.946
-193.676 -51.910 141.231 1.847
53.465 139.227 -115.282 2.048
-14.091 -42.898 24.094 1.896
-112.375 119.475 74.731 1.887
172.714 172.792 146.424 1.923
-30.056 -80.372 -99.370 2.118
65.976 138.262 68.944 2.059
-41.387 -3.412 112.744 1.900
24.555 118.914 133.121 1.900
159.320 -168.014 190.064 2.021
-56.739 101.044 30.047 1.916
-32.002 25.910 170.663 2.100
-194.431 -118.437 -79.191 2.015
-44.723 -19.122 -73.030 1.834
-44.750 -70.377 -129.928 1.986
-148.341 -0.289 126.483 1.928
-10.269 -166.601 -189.808 2.021
-38.225 -61.279 114.316 2.081
73.077 -94.911 18.134 2.062
-156.552 -162.709 196.706 2.062
135.822 -157.221 -28.156 2.041
-99.052 -108.030 24.232 1.892
3.412 43.170 -116.849 1.944
-154.738 39.622 -69.742 1.857
116.282 -72.902 -14.521 1.912
-108.640 6.987 -13.307 2.167
126.674 164.239 37.356 2.130
-141.176 47.288 -85.790 1.999
51.964 -119.238 -68.582 2.140
-188.175 -113.714 175.176 1.887
4.071 133.820 -145.920 2.244
35.286 -79.885 -178.252 1.931
103.048 55.024 -121.672 1.990
93.207 12.034 -35.180 2.040
140.646 -111.369 -119.214 1.971
-175.996 -15.672 133.343 1.913
97.619 15.467 65.314 2.118
-93.824 -22.402 175.955 1.990
35.595 187.034 -90.396 1.971
-121.463 -104.316 -90.886 1.997
-169.233 -82.059 -199.921 2.014
-113.577 29.034 -3.989 2.192
-20.780 154.484 -163.891 2.015
172.521 172.635 3.169 2.099
-3.644 -79.254 196.233 1.890
183.335 -14.491 155.967 1.813
54.025 -81.052 150.696 2.006
-160.352 -25.948 60.638 1.999
141.594 -87.606 148.005 2.024
103.279 -188.622 -113.420 1.939
-88.564 -159.280 -38.248 2.205
-87.640 -129.788 116.788 2.058
-172.819 124.844 -72.374 1.893
-171.006 -144.833 11.198 2.034
85.524 -41.538 135.762 2.022
-192.946 184.216 -22.276 2.148
-185.666 86.674 -151.688 2.042
-70.876 168.350 -165.820 1.892
-47.007 -35.451 -109.050 2.180
-70.040 22.451 -50.749 2.033
-48.214 -3.001 -52.294 1.853
89.152 151.745 -40.615 1.892
64.527 75.787 -169.235 1.981
-26.577 -6.713 -103.374 2.045
-70.660 -116.824 -184.570 2.159
28.982 -64.896 87.356 2.103
135.044 -79.357 -52.398 1.972
-80.110 -9.510 -171.087 2.002
6.166 -37.386 35.100 2.151
164.931 10.806 157.538 1.884
-103.046 49.799 -185.774 2.302
224.939 116.092 132.338 1.891
-37.741 -178.310 -23.229 2.021
167.229 -144.910 -97.519 2.046
43.121 39.105 -146.870 1.770
220.876 95.907 137.333 2.145
148.828 113.473 -152.768 2.077
-48.388 89.640 80.017 1.948
224.234 -90.648 -24.910 1.893
163.322 -81.326 183.169 1.958
10.144 41.753 -127.869 2.084
115.911 -162.975 -126.043 1.972
-100.154 78.059 -181.328 2.008
-101.573 -126.055 -131.761 1.950
139.427 55.119 98.790 2.093
213.397 25.413 -103.181 1.978
-106.130 131.274 -81.238 2.107
80.908 -128.797 184.111 1.964
167.182 -71.540 79.562 1.844
161.735 143.166 -190.201 1.962
-206.128 -178.162 -174.659 2.061
-203.948 2.820 115.197 1.979
-137.224 -142.886 122.833 2.052
126.829 -36.996 -2.785 2.157
35.852 -113.256 48.020 2.096
-113.681 -115.906 24.105 2.038
2.327 106.275 -7.337 1.957
64.540 62.415 -71.633 1.997
-77.613 -51.805 -105.090 1.973
-182.816 8.154 79.865 2.034
-64.193 -3.048 86.472 1.956
164.543 -180.816 -174.179 2.301
174.020 -43.025 -123.807 1.852
6.491 -111.008 -77.599 1.753
42.416 158.626 -19.628 2.035
-150.139 96.322 -122.591 2.131
94.084 1.958 40.481 1.893
-95.969 56.314 3.852 1.877
-94.919 -80.067 -123.844 2.103
46.993 -188.787 58.568 1.907
8.244 -72.182 -150.384 2.147
38.565 -50.101 -24.114 1.962
-99.843 -34.277 -199.499 2.150
32.322 -112.189 -90.019 2.183
224.662 -93.084 -107.703 2.097
74.727 -11.532 -138.143 1.996
208.906 -90.979 -62.511 1.809
219.771 -119.823 -51.515 2.072
-99.702 131.112 81.057 2.011
133.654 130.524 129.165 1.904
73.226 -94.351 -106.951 2.071
-9.779 57.575 167.557 2.000
-74.978 -148.110 -26.007 2.011
94.920 15.981 105.992 1.998
-150.624 38.658 12.965 1.944
-128.665 31.881 39.928 1.963
144.555 -151.437 70.745 2.233
-151.453 103.445 -5.949 2.137
95.505 -185.237 -166.073 1.870
222.535 189.750 -164.157 2.030
210.994 -112.421 -156.876 2.060
-218.248 175.654 175.374 2.020
166.272 183.663 173.169 2.130
-200.478 150.471 186.786 2.013
-103.312 -166.825 -132.755 2.020
-98.825 8.287 52.220 1.878
-100.968 -172.805 -120.519 2.180
-213.267 53.595 86.674 1.979
-28.830 -3.928 -69.674 2.079
193.435 105.139 -160.424 2.166
44.513 151.878 156.790 2.005
-121.403 -82.027 197.315 2.128
148.902 155.761 -190.971 1.965
60.692 169.983 -27.642 2.004
70.559 186.078 13.318 1.914
210.007 27.263 32.598 2.113
82.160 -138.449 123.711 2.063
214.880 53.802 111.923 2.007
212.499 184.375 56.044 2.057
145.434 51.383 77.129 2.028
-149.585 71.069 -164.365 1.876
-36.170 99.380 183.799 1.943
214.398 103.062 -183.925 1.950
-114.333 32.336 20.929 2.154
193.252 10.355 -45.470 2.013
-156.343 13.230 187.084 2.107
-166.135 -151.734 199.017 2.087
32.042 66.353 54.285 1.928
-7.734 -8.729 -73.586 2.072
-131.894 4.740 175.041 1.999
-202.530 -140.987 -187.033 2.161
-18.302 -68.766 -143.338 1.924
-60.769 76.425 78.853 2.054
-58.352 101.776 139.557 2.108
188.603 114.932 -171.648 2.019
127.837 -67.472 104.894 2.057
34.685 -7.274 37.201 2.189
138.038 -159.150 -85.898 1.975
-58.017 -109.203 -33.985 1.889
38.030 -80.339 169.729 2.065
97.591 -46.129 121.722 1.869
-190.865 97.690 -36.624 1.959
166.467 -164.781 78.608 2.058
-136.956 56.791 -180.298 1.981
42.632 116.436 138.770 2.075
-32.284 -179.347 63.311 2.032
101.218 150.445 43.156 1.903
-192.897 -98.102 91.111 1.910
47.559 -56.626 144.773 2.195
168.861 40.134 -41.831 2.100
-197.093 37.119 -169.658 2.101
202.251 52.495 191.119 1.892
-162.927 92.272 -6.443 2.065
95.848 -148.231 -57.925 2.063
108.170 92.678 -159.291 1.850
-121.731 35.540 -164.430 2.111
136.501 -125.304 62.699 1.862
66.680 -78.890 -140.522 1.969
-141.220 -27.778 189.937 1.921
-53.294 75.808 8.619 2.068
-96.789 -139.820 95.568 1.819
-0.398 -96.581 168.261 1.987
161.909 -134.229 174.358 2.020
-176.270 134.284 188.793 2.030
39.436 115.486 -163.049 2.081
91.640 -21.602 93.598 2.142
96.466 8.681 -113.946 2.184
-156.444 -141.000 39.086 1.989
-75.441 175.562 109.346 2.068
-83.073 -53.046 80.025 1.932
-86.144 -144.199 103.760 1.935
57.438 64.515 36.564 1.823
-118.785 -90.159 118.072 2.068
-73.162 80.643 43.673 1.829
-97.057 84.867 -153.487 1.977
-8.350 85.838 22.220 1.995
-194.805 -123.612 177.026 1.870
-222.864 -95.532 75.537 1.908
-92.249 -147.479 75.872 1.975
57.709 -55.265 -6.972 1.985
194.470 -46.711 12.056 2.078
80.331 -92.836 180.708 1.907
207.920 -22.837 173.316 2.032
199.317 -162.933 187.763 2.012
84.357 0.646 79.715 1.924
102.038 -52.315 46.744 2.028
-195.962 -18.925 129.108 1.948
-135.769 142.857 174.015 2.171
-12.047 148.979 14.421 2.147
-198.638 -155.172 -190.906 1.930
176.354 -152.518 121.326 1.867
-167.522 147.641 -82.169 2.010
-72.243 -120.673 139.351 2.093
-194.555 -103.948 -50.468 2.070
169.360 -172.983 -69.444 1.847
183.892 -8.858 -159.349 1.987
-88.166 -18.127 -33.578 1.941
-185.407 -124.222 2.199 1.933
-196.447 -78.136 9.245 1.923
155.847 -55.930 196.517 2.071
-200.826 141.768 94.535 2.178
-70.298 -138.801 -106.748 2.046
-124.700 90.350 -189.693 2.125
-87.052 -175.557 92.351 1.971
-78.595 -120.119 -108.367 2.025
222.235 54.067 -101.756 2.018
160.198 -93.958 -106.832 1.925
-16.392 -141.211 191.268 1.876
-132.607 141.878 -125.432 2.226
-77.711 143.217 37.718 2.055
9.262 163.101 174.592 1.929
133.334 -7.884 43.258 1.889
41.917 39.074 101.879 1.907
-177.958 -189.537 160.325 2.019
9.489 -10.680 27.749 1.924
114.003 -80.350 -136.461 2.043
-73.684 101.353 146.543 1.888
-202.358 -34.018 46.321 1.871
-188.008 124.210 122.265 1.959
161.473 17.600 71.745 2.121
-10.429 -178.783 -52.270 2.022
26.851 -65.208 126.016 2.046
207.864 -71.148 -135.739 2.095
161.008 -9.572 -109.279 1.984
-166.085 -88.183 181.026 1.886
146.625 -7.767 -41.270 1.948
-38.662 -184.480 -1.653 2.109
38.161 -49.297 128.646 1.921
-105.774 59.674 57.848 2.117
177.984 26.283 121.267 2.095
192.722 -172.627 34.221 1.967
-105.383 112.158 172.005 1.995
151.041 -55.769 125.389 1.973
-28.258 138.879 -10.587 2.066
24.530 51.730 -89.476 1.997
-12.078 99.862 31.808 1.990
-136.287 -147.666 -33.538 2.107
150.412 -120.602 31.453 2.050
87.921 -70.656 102.644 2.037
-204.326 81.203 -48.801 2.029
-163.316 -151.437 18.800 1.911
140.813 -11.069 69.850 2.004
-40.258 35.766 187.710 1.996
-30.188 -73.468 -10.862 1.882
76.920 -156.121 -162.229 1.823
100.184 94.456 -146.233 1.969
177.489 -186.755 -146.795 1.986
-125.839 163.865 -104.522 1.911
206.969 64.923 -168.662 1.993
69.995 -145.186 -13.772 1.904
138.189 68.165 150.814 2.083
-138.897 50.814 -166.552 2.122
-49.177 -111.369 57.923 2.133
113.520 39.754 111.455 2.060
47.779 6.121 33.656 2.145
-214.425 157.766 -83.027 1.932
33.084 155.957 -131.013 1.939
181.491 0.880 -191.816 1.891
-114.068 -113.636 9.376 2.067
5.836 -126.510 -171.910 1.940
86.636 89.242 182.014 1.962
-81.174 53.199 150.574 2.024
222.120 70.199 71.363 2.107
-126.242 12.531 -98.507 1.981
94.278 -92.622 -6.878 2.067
-215.381 -71.731 -165.333 1.894
110.160 171.489 -19.532 1.979
56.383 95.448 -63.601 1.971
141.238 -136.905 114.114 1.998
31.112 -155.533 63.455 2.118
-123.991 -158.157 155.652 2.067
26.523 -26.574 5.135 1.972
170.060 -25.342 4.030 1.954
115.870 71.738 100.311 1.978
55.278 80.587 117.207 2.156
-167.958 184.176 -189.316 2.106
47.414 -92.377 -12.435 1.888
-152.973 -23.096 47.685 1.909
-149.703 43.115 -136.245 1.935
125.889 -2.890 -61.751 1.936
97.061 164.383 68.209 1.991
-9.327 103.421 28.146 1.938
166.894 53.533 72.834 2.041
-63.785 -40.685 -160.405 1.941
222.739 95.232 45.345 2.124
-201.172 144.526 59.449 2.044
-99.128 -66.372 -88.159 1.995
-178.414 65.176 90.974 2.039
-170.379 -100.968 65.854 1.952
-208.752 81.082 5.355 2.113
-85.353 136.016 -158.929 2.192
-207.193 -119.457 -128.573 2.013
111.610 44.864 -190.186 1.861
179.840 170.226 20.261 2.115
152.463 15.352 57.583 1.971
149.342 99.806 -178.728 2.017
137.441 22.137 -155.418 1.897
-33.956 -30.524 109.994 2.101
135.857 -3.508 105.397 1.877
-35.583 -98.661 -3.506 1.831
88.937 -5.628 156.765 2.029
89.270 -80.893 153.687 1.938
-33.869 -165.937 23.271 2.160
217.763 122.115 134.092 2.105
86.052 -41.977 140.654 1.908
-174.330 186.693 -30.069 1.892
4.475 111.191 156.840 2.018
212.846 107.998 -81.716 2.110
63.181 142.092 98.851 1.865
-22.708 -67.512 97.802 2.100
57.534 113.300 -164.955 1.960
202.701 -153.980 18.598 1.865
46.563 -59.680 -116.295 1.916
110.667 -20.496 114.657 1.944
2.902 -38.528 61.765 1.988
-138.025 -143.100 71.980 2.075
2.185 -173.297 55.019 2.021
-215.643 -27.388 -149.539 1.987
-194.407 -8.278 -105.289 2.081
-47.574 10.305 -68.183 2.018
67.073 -78.997 -175.831 2.037
-160.302 23.584 -60.922 2.103
90.313 113.909 6.673 1.887
91.912 -105.355 -122.611 1.987
-108.463 -55.898 -28.702 1.979
170.323 -168.172 95.276 2.127
-142.526 -186.170 193.315 1.981
-154.596 -143.288 -66.109 2.015
34.590 -43.665 160.303 1.924
146.246 -99.675 -25.458 2.109
167.167 14.897 104.213 2.077
74.080 -32.523 -149.342 1.862
22.338 181.244 -105.070 1.871
-123.153 124.122 44.570 2.061
-114.839 -76.742 -13.232 2.115
-108.722 -100.019 -102.781 2.035
145.448 161.965 155.030 2.015
67.471 133.847 -123.465 2.040
-115.860 -4.489 162.869 1.887
-23.399 -95.515 132.646 1.960
-62.221 -33.480 6.631 1.920
169.004 -118.778 59.330 2.097
-94.543 -7.282 -150.430 1.932
-81.052 -24.314 -30.140 2.059
-87.789 -166.653 192.745 2.015
214.184 141.046 -135.083 1.805
27.948 51.551 166.335 1.699
-212.657 42.905 118.543 2.021
102.748 149.490 101.389 2.035
208.739 -46.141 -133.856 2.116
192.370 20.220 183.350 2.093
-195.584 -121.735 32.641 2.238
195.057 113.230 -150.634 2.128
-167.181 23.568 -3.505 1.998
111.364 -97.649 -184.034 2.015
10.074 175.172 132.185 2.054
99.294 -147.397 -94.528 2.138
135.443 101.975 71.412 2.121
-180.587 -106.659 54.746 2.037
-200.686 51.849 9.692 1.995
161.623 50.957 -155.831 1.971
-203.747 -164.289 -134.091 2.028
0.272 95.362 -59.392 2.076
-58.643 -121.496 190.184 2.040
-23.704 -54.384 -11.385 2.051
1.196 67.617 73.441 1.905
68.772 -186.126 93.457 2.047
190.181 -24.000 -180.436 2.194
190.921 -112.786 -185.413 1.918
74.709 -62.963 53.699 1.928
101.467 167.684 -110.436 2.050
-192.554 31.612 -109.490 1.908
69.178 101.913 125.271 2.111
138.122 -42.462 -1.332 1.919
-133.837 -163.021 -88.321 2.014
214.687 -164.969 115.287 1.865
-127.782 -86.123 131.453 1.989
-113.025 -20.449 -59.373 2.071
62.794 -39.169 -153.401 2.008
-45.619 74.186 -184.697 2.008
-9.218 79.598 115.010 1.981
82.422 -122.713 134.386 2.072
-96.159 -90.783 19.617 1.969
133.399 -24.048 57.979 2.093
208.554 -166.157 -140.466 2.163
-31.661 -18.260 22.218 1.977
5.142 -179.554 145.839 2.082
165.573 98.179 90.079 1.874
66.909 59.857 15.181 1.878
-15.356 -72.036 12.780 2.124
-32.978 97.791 -188.732 1.913
-186.852 -74.190 4.352 1.929
-178.635 41.734 -112.592 1.913
-1.275 -61.366 177.382 2.054
121.739 145.849 110.741 2.077
-96.808 138.794 -58.440 1.878
182.869 -2.899 98.387 2.107
-24.454 -118.490 -131.972 2.109
191.192 -150.834 6.768 2.114
138.229 -9.429 197.051 1.804
202.314 62.522 172.471 2.057
-223.518 104.000 164.317 2.039
111.634 36.808 -188.195 1.930
161.082 54.373 -35.712 1.857
218.853 -3.445 -166.256 1.855
-187.763 180.491 -46.826 1.974
170.094 -153.758 -56.026 2.078
214.382 90.981 -101.296 2.042
-2.612 52.755 -137.309 2.036
198.494 55.335 68.109 2.076
-58.826 114.199 134.783 1.943
13.975 66.265 151.471 1.932
-147.734 66.287 -136.205 1.975
-74.363 20.440 120.399 1.939
116.406 -60.279 -44.740 1.833
-32.210 145.461 -15.403 1.986
118.306 30.803 -30.058 1.889
-214.653 -24.052 193.087 2.110
-140.259 -141.525 85.466 1.882
106.874 19.878 -159.279 2.024
-177.361 61.556 120.951 1.930
85.978 -79.361 127.397 1.907
172.470 -175.767 146.344 1.913
211.589 178.271 -75.207 1.952
49.107 75.989 7.924 1.880
132.473 -85.369 -193.404 2.096
-10.426 -188.262 -1.031 2.192
125.116 11.884 106.231 2.020
-97.015 182.820 161.257 1.957
54.834 83.907 189.182 2.062
116.880 167.253 -25.659 1.846
-13.857 -90.635 111.312 1.907
-16.641 -45.599 196.919 2.342
-195.466 -150.560 -147.371 1.971
-17.465 -30.590 -148.275 2.035
97.580 -43.413 54.462 1.933
23.055 86.659 25.074 1.870
-72.371 32.574 130.606 2.024
-202.629 46.888 -56.900 2.070
-93.028 159.626 99.669 2.085
110.190 -7.423 183.396 1.921
94.043 -54.428 42.304 2.099
-130.706 97.445 -186.359 2.148
-82.583 -144.669 72.176 1.881
-18.454 -133.193 -158.667 2.042
-72.003 144.248 186.156 2.023
-214.883 53.705 2.678 1.961
167.920 -13.381 194.663 2.102
-168.892 -175.318 189.444 2.054
31.658 143.248 -80.092 1.846
-209.970 136.249 -150.123 2.128
195.321 64.602 -195.662 2.127
-96.270 126.153 87.040 2.044
218.504 -0.804 -182.972 1.935
-62.503 -71.320 70.505 1.916
1.879 -143.051 -25.745 1.970
44.761 169.699 -24.739 1.951
-39.037 -170.720 176.386 1.980
-115.808 113.224 194.715 2.065
-86.156 -2.013 -38.540 2.006
-131.747 -29.399 -155.475 2.053
198.398 -171.498 -62.419 2.081
-203.345 -123.531 65.368 1.889
209.713 -75.088 -59.111 2.004
185.975 -140.853 0.621 1.941
9.686 91.947 88.199 2.042
55.045 130.300 -170.523 1.985
-88.471 23.485 111.084 2.085
-224.144 108.884 -197.999 1.818
206.626 -57.428 110.538 2.074
-192.358 -157.252 51.754 1.987
153.441 -135.598 -121.380 2.167
-19.813 -81.010 91.661 2.168
76.272 -76.667 -171.840 1.870
162.470 -0.432 110.907 1.959
146.245 -175.951 122.239 1.917
-112.138 189.727 143.591 1.937
-151.002 -149.253 -89.013 1.910
106.459 175.922 123.234 1.992
80.946 -131.582 36.758 1.878
144.479 -8.925 56.992 2.098
-217.151 37.975 101.714 2.045
103.781 60.610 -141.859 2.159
-89.603 168.491 66.952 2.017
-33.251 -149.327 25.309 2.009
-211.756 -33.967 -42.532 2.041
172.096 -96.140 186.155 1.894
182.169 -84.147 79.628 1.960
-139.942 145.092 -90.934 1.980
113.247 132.896 -173.956 1.955
-6.056 -27.908 -71.649 1.985
207.516 -94.211 193.669 2.146
142.419 183.064 -13.654 2.020
158.163 15.850 167.270 1.829
-212.858 -161.513 -18.530 1.982
10.109 -38.771 -146.351 2.131
115.664 -127.990 -137.665 1.893
137.916 -46.220 -71.724 1.928
54.751 90.091 -187.454 1.973
-77.284 41.589 52.986 2.047
128.296 -149.153 -44.437 1.952
158.941 150.328 184.515 2.077
106.471 -51.167 -144.539 2.132
-122.129 22.879 163.675 1.947
-13.958 -93.704 55.675 2.039
151.565 -138.084 87.597 1.890
-95.915 -23.308 22.047 1.960
-18.216 60.206 42.394 2.050
-175.965 11.434 96.154 1.764
-56.799 155.601 97.496 2.026
181.110 -61.263 72.132 2.017
-174.145 178.826 -179.867 2.037
-175.593 -102.257 -90.641 1.992
-119.308 -187.079 103.265 2.125
-224.274 162.103 186.124 1.886
-128.521 -2.877 49.026 1.856
157.241 153.831 -124.452 2.002
-201.443 -1.912 121.308 1.769
146.309 -105.087 -57.338 2.033
120.760 148.122 34.206 1.930
72.778 -69.042 -106.643 2.125
-132.049 22.552 3.614 1.956
