151.010 83.907 -109.220 2.161
-93.442 -42.478 104.848 1.820
-104.836 -78.821 66.545 1.931
159.099 55.102 -175.131 2.066
-70.262 -103.058 -11.388 2.043
42.472 78.809 47.696 2.082
147.711 -103.337 -20.874 2.043
68.509 74.695 -27.684 1.921
-76.043 -148.697 148.955 2.016
-26.373 -120.035 53.701 2.087
-17.353 172.430 -47.289 1.978
199.724 61.565 166.472 1.925
113.631 -98.381 104.582 1.942
-33.797 -188.396 54.922 2.036
96.329 134.323 179.332 1.858
224.769 16.496 17.418 2.056
140.648 -6.602 -171.688 1.892
-107.542 -160.232 39.106 2.046
-135.503 -111.526 96.774 1.910
-12.437 -24.339 54.056 2.039
-43.854 -34.180 -13.712 2.163
-169.584 -133.741 5.645 2.023
-164.778 133.179 166.756 1.931
153.013 113.822 156.508 2.197
-13.702 124.248 107.830 2.202
-59.670 155.499 -75.367 1.945
-127.196 -19.461 -84.510 2.024
85.263 -35.773 -39.527 2.066
215.746 93.935 -197.239 1.923
192.561 -76.898 152.492 2.015
22.750 -139.133 -103.798 2.112
-21.780 94.858 -132.243 2.184
-150.171 -60.557 -156.595 1.972
111.767 103.939 163.792 2.112
-70.049 -36.293 -183.208 1.962
-180.488 9.152 52.833 1.836
122.861 36.699 117.147 2.129
17.928 -141.272 109.012 1.876
191.870 15.386 -53.858 1.882
-32.070 -21.701 29.482 1.985
79.671 93.031 -76.850 1.960
-47.140 -9.806 -197.486 1.983
210.707 83.196 -129.776 1.949
101.933 45.215 121.321 2.120
174.215 -2.505 -114.111 2.023
-8.009 125.592 -164.895 2.101
-18.064 65.876 59.946 1.919
77.687 77.531 72.247 1.833
-9.257 43.234 -46.078 2.008
163.857 79.630 115.206 2.091
20.929 3.618 -104.766 2.019
52.132 115.047 -180.876 2.007
150.526 -179.102 18.268 1.920
92.947 28.538 -31.388 1.863
207.176 179.975 62.315 1.885
-223.103 -154.477 -91.125 2.223
101.818 6.518 -176.842 1.937
59.240 31.047 -45.876 1.975
203.531 91.442 -187.382 2.134
94.298 108.168 142.593 1.958
-28.447 27.337 -49.648 1.882
84.503 -80.073 -146.666 1.922
-151.101 -127.347 -159.914 1.930
-198.805 -183.186 106.468 1.953
192.953 -98.272 19.796 2.001
219.626 -172.139 116.983 2.059
55.930 59.747 -100.738 2.089
180.962 160.536 -131.641 1.893
114.842 125.851 18.181 2.192
70.498 166.113 103.692 2.047
131.895 -135.534 -168.004 1.931
-8.928 3.642 6.022 2.110
-76.175 -47.095 -56.231 1.947
-96.095 -72.673 -10.706 2.266
23.037 -63.309 168.543 2.198
-21.074 -7.918 -150.465 2.229
-75.000 -58.483 71.664 2.025
-195.423 95.818 -56.615 2.060
123.228 -131.330 -152.494 2.091
-29.834 177.396 -18.401 2.046
-151.604 86.045 81.018 1.963
111.541 167.549 -195.803 2.057
41.456 -41.837 157.887 1.889
-103.785 -151.603 -60.671 1.997
224.602 25.477 80.524 2.047
-9.091 71.428 -10.301 1.811
217.263 31.382 -110.205 2.120
-209.244 -21.388 128.260 2.005
115.253 -114.744 -184.890 2.014
-172.867 -30.641 -155.585 1.791
9.773 -128.831 -131.855 2.056
140.663 19.571 188.810 1.987
177.571 -65.431 100.454 1.902
79.175 20.182 109.108 1.892
-11.939 -12.226 62.973 1.968
118.301 -29.764 91.062 1.937
131.728 63.455 17.713 1.804
27.715 64.386 -126.605 1.951
-165.202 65.285 -149.347 1.980
-167.960 -147.246 -175.217 1.882
-156.139 161.912 125.727 1.817
155.253 -164.196 104.308 2.098
-87.349 -6.824 179.837 1.908
-216.585 60.944 110.401 2.008
103.271 55.934 -31.468 2.080
-137.035 -164.393 106.300 2.151
-27.728 -8.523 78.893 2.110
91.701 131.417 179.454 2.033
-16.112 -69.741 144.287 2.150
40.713 123.464 189.396 2.018
-20.968 -97.269 134.963 1.967
-149.419 126.770 -87.774 1.899
-144.834 18.361 -83.576 1.991
36.321 -22.650 182.013 1.901
37.396 -124.684 -166.844 1.979
170.235 108.027 16.970 1.973
110.586 -25.219 -190.889 2.048
118.140 -144.328 50.642 1.952
198.631 128.645 66.928 2.181
173.023 -51.227 -177.682 1.710
-45.642 -127.513 160.437 2.053
23.034 -151.270 91.305 2.074
-89.013 87.632 196.677 1.747
27.145 114.217 72.230 1.987
-114.524 -46.304 176.463 2.096
12.061 -103.847 -156.287 2.034
-120.493 -158.050 -47.193 1.987
121.676 157.504 -83.102 1.982
-31.072 178.564 197.097 1.970
152.263 -22.263 -17.247 1.976
-14.952 161.151 179.590 2.025
-196.817 -130.386 158.389 2.167
-37.006 38.800 161.785 1.977
156.582 -87.395 -75.254 1.987
85.674 -114.910 43.476 2.050
-205.129 13.289 140.855 2.113
148.193 -131.046 -159.417 1.892
163.694 82.671 49.199 2.128
173.538 -13.027 -104.979 1.917
-137.075 116.700 10.943 1.856
17.592 -45.245 179.818 1.909
-24.499 157.991 178.392 2.045
-49.592 174.808 -126.165 2.096
7.600 61.541 196.527 1.947
114.328 105.874 33.939 1.859
169.490 -147.430 -140.725 2.069
96.542 154.671 31.462 2.020
-210.033 -120.614 6.081 1.874
52.679 145.313 145.164 2.152
172.709 -18.699 197.846 1.839
30.601 -143.181 151.668 1.898
24.670 -157.526 -162.245 1.940
117.926 -43.497 -131.405 1.948
135.715 139.689 -93.264 2.001
8.566 33.634 -54.457 2.203
-77.804 85.590 53.325 2.073
175.472 134.162 83.529 1.943
-157.117 -137.832 -94.148 2.054
-43.784 22.862 198.344 1.971
104.270 105.497 14.119 1.967
-205.154 -5.418 -106.921 2.131
-76.915 140.074 -108.974 2.045
184.442 123.953 -72.056 1.899
-159.307 -127.753 -128.673 2.118
2.113 -155.675 169.042 2.033
147.109 121.330 39.160 2.082
222.599 89.509 -78.638 1.842
87.955 -70.542 8.909 2.175
70.359 -125.399 -138.047 1.889
-158.069 99.254 -111.668 2.038
131.153 31.860 83.318 2.092
98.115 -31.573 34.076 2.030
63.638 -185.971 -184.030 1.994
90.795 -23.328 55.512 2.087
-191.566 166.319 -27.356 2.109
127.470 19.384 -21.889 1.970
-96.536 -72.568 43.483 1.992
81.151 51.904 100.864 2.028
25.077 99.108 195.925 1.887
8.982 -124.986 -4.117 1.775
107.102 148.750 -161.108 1.994
121.076 77.991 -65.905 2.169
69.786 22.085 -168.924 1.902
-36.744 44.717 -198.213 2.054
-220.538 -89.214 98.034 2.100
-23.260 122.527 77.685 2.057
1.731 110.870 -76.875 2.084
-6.748 -94.194 164.721 1.935
128.706 -38.336 -25.355 1.920
-27.949 86.018 166.209 1.892
182.484 163.092 -94.826 1.991
72.477 -80.353 96.362 1.962
14.404 -48.353 -120.129 1.798
-143.438 94.278 -0.036 2.096
90.747 57.967 52.788 2.121
-51.350 -180.829 76.506 1.973
-64.404 114.946 156.330 2.080
166.951 -172.199 43.997 1.991
22.155 -140.500 37.876 1.943
166.778 183.623 140.295 2.102
-77.451 81.255 -32.479 1.923
112.414 10.999 -135.708 2.002
111.931 125.405 -31.607 1.909
-198.885 92.926 137.227 1.735
-144.082 -108.398 -18.910 2.089
122.377 147.534 -198.149 2.116
-9.698 -1.069 12.176 1.869
-49.820 34.924 -85.005 2.016
159.263 114.518 90.078 1.924
-49.538 -103.367 143.009 1.941
-36.509 17.038 87.325 2.075
218.254 -159.093 82.853 2.144
87.634 -122.226 1.681 1.959
-53.448 114.100 73.128 1.958
50.266 21.311 130.192 2.071
144.862 89.638 1.923 1.911
-81.138 147.772 -79.086 2.041
200.404 -65.109 181.870 2.036
166.502 -29.787 -110.360 1.976
170.581 -177.084 119.109 2.171
-39.731 -137.842 143.497 2.106
149.524 -109.364 -197.778 1.887
103.355 103.246 97.871 2.055
223.661 -74.386 27.587 1.925
-132.283 -45.062 130.742 2.102
-50.142 45.262 63.773 1.936
138.956 138.028 -77.650 1.967
-173.804 11.948 -17.705 1.927
119.407 -83.122 51.615 1.947
-48.862 -106.698 -164.359 2.035
-191.938 -94.047 69.391 1.931
-164.118 87.273 -150.047 1.976
-196.246 -50.938 -43.175 1.982
0.107 -29.098 29.448 1.942
156.436 11.629 52.780 2.030
-75.028 50.501 102.417 2.005
47.590 -118.470 -163.176 2.111
-68.787 124.422 84.612 2.188
-76.243 -38.482 153.310 2.154
142.580 152.832 -149.303 1.946
-52.002 32.578 172.305 2.047
207.891 95.167 88.666 2.032
165.269 40.121 -62.734 1.987
54.497 180.326 101.619 1.983
196.051 -65.513 165.947 2.020
85.982 4.990 0.531 2.220
110.029 120.930 147.053 2.032
-219.400 -52.052 -108.576 2.032
189.732 60.121 -109.150 2.081
-220.858 70.294 181.144 1.964
-222.514 42.258 90.234 2.000
182.841 38.324 94.447 1.925
-194.291 145.771 -97.722 2.075
124.425 114.389 58.972 1.936
141.464 -26.842 89.887 1.995
-24.970 9.233 -140.996 2.022
-94.776 22.593 -20.802 2.017
-118.539 98.368 -57.450 2.045
155.782 -39.798 -16.141 2.073
-72.895 -155.894 149.321 1.742
170.616 -165.759 123.758 2.007
106.672 -165.551 167.979 1.844
-145.359 -106.890 107.734 1.981
22.681 45.466 -138.275 2.083
192.361 149.917 -120.712 1.931
-152.347 153.511 189.206 1.872
9.409 183.699 -96.589 2.143
-105.311 179.208 22.205 1.876
-201.173 -56.066 -15.410 1.966
-30.555 132.761 97.633 2.204
-9.778 -82.663 -68.802 2.064
-176.205 -188.312 8.547 2.013
218.282 -75.659 -199.305 2.052
167.602 -20.218 -91.967 2.104
221.917 103.824 97.175 2.001
170.764 68.791 40.335 2.042
178.543 11.668 20.820 2.011
177.752 90.502 76.401 1.996
-219.205 178.397 147.058 2.132
-82.995 -170.136 -182.303 1.974
136.116 6.724 176.694 1.910
-56.311 -79.215 -44.399 1.901
131.815 -129.221 122.739 2.004
-182.593 132.094 -53.136 2.186
-107.050 142.632 66.457 1.948
52.742 74.687 -51.470 1.835
103.070 -160.196 -35.432 1.978
-166.490 -155.412 -121.527 2.091
102.219 101.729 10.385 1.932
77.399 50.338 -5.588 2.088
-65.315 -29.294 94.400 1.916
1.340 -8.488 186.817 1.983
198.291 -60.026 127.431 1.998
73.441 46.898 13.586 2.001
115.545 10.087 17.357 2.099
35.754 34.278 142.324 2.159
-24.871 187.542 -78.429 2.038
-78.975 70.380 -18.226 2.014
-121.604 -160.630 16.413 2.060
96.878 -128.087 -178.089 2.049
74.079 -167.462 162.072 1.951
-73.346 -19.216 76.588 1.881
42.736 -37.952 -124.662 2.191
5.913 125.880 179.885 1.993
-104.539 167.968 -98.327 1.983
1.688 -130.884 -125.868 2.057
-101.566 -152.244 146.540 1.870
14.964 -81.224 -144.490 1.923
187.007 -175.431 -95.203 2.076
77.036 -2.795 -102.007 1.871
222.570 -7.113 5.528 1.911
-209.570 58.086 -76.237 2.080
-7.995 85.822 13.473 2.138
-160.471 -24.500 51.409 1.858
144.000 116.847 134.501 1.962
3.753 29.598 -149.409 2.049
77.799 -7.603 -169.398 1.843
-49.854 162.786 5.735 1.931
-9.066 -86.390 -7.752 2.021
-50.240 7.980 157.871 1.789
140.367 -127.250 64.823 1.975
177.077 -84.558 133.546 1.907
20.075 22.347 -112.355 1.877
-224.758 17.240 171.082 1.962
64.389 -183.980 -194.766 2.044
-5.116 -1.980 178.785 1.890
178.116 -128.835 -29.755 1.936
27.861 98.586 62.030 2.074
-67.065 -188.059 -156.173 1.991
211.855 10.533 109.627 1.929
70.720 -130.604 14.372 1.825
152.403 -124.954 183.649 2.055
-194.178 -42.720 12.380 2.142
-203.413 75.835 75.571 2.137
68.311 -68.945 -145.035 2.004
-99.687 171.068 183.986 1.891
-70.831 -63.245 -168.209 1.913
219.383 71.686 -94.554 1.985
-169.376 106.597 138.284 2.039
-203.844 -62.949 -191.690 2.133
195.117 -94.778 128.941 1.895
183.020 -72.066 -76.700 2.036
-37.660 -39.944 96.887 1.929
177.921 183.364 7.511 2.028
-136.078 120.171 148.947 2.079
98.202 -106.425 -155.660 1.995
-74.017 -119.148 -45.279 1.988
-21.159 98.540 118.190 1.965
-212.071 -79.206 -133.394 1.918
58.017 -138.873 -184.372 1.812
70.793 -189.534 168.679 1.920
8.826 30.242 -12.397 2.208
182.176 -179.352 -154.851 1.862
-46.871 9.419 -58.257 1.917
-140.705 -41.669 94.203 2.140
185.261 187.003 -156.443 1.970
-208.459 45.404 81.607 1.919
-130.532 -19.969 87.523 1.962
186.789 64.615 180.129 1.950
201.999 103.632 -106.770 2.006
-41.615 -15.685 69.433 2.059
5.457 63.657 29.899 2.010
204.422 -68.785 -95.409 2.050
-168.372 -187.855 -16.725 1.972
3.229 -176.616 -83.612 1.958
-32.978 27.064 77.518 1.832
205.968 2.017 -157.581 1.887
20.401 95.577 44.037 2.184
-138.149 56.666 -39.302 2.080
197.145 -17.087 92.378 1.944
78.775 140.973 131.168 1.999
118.078 41.643 44.025 1.952
-91.333 -141.183 97.157 1.963
160.603 186.836 -181.433 1.904
117.213 -88.640 -194.925 2.070
-171.002 -142.906 -37.756 1.874
-66.693 -34.522 -155.529 2.019
-84.636 -58.891 -1.720 2.130
78.992 59.457 62.128 1.859
118.854 65.798 73.728 2.184
-19.994 -141.373 -197.986 2.094
102.908 -25.483 -94.277 1.868
144.403 122.187 86.806 1.822
145.377 5.998 126.064 2.073
-16.318 -114.900 3.105 1.875
2.544 79.985 -156.940 1.966
12.645 -117.419 -80.958 1.941
-188.118 12.062 46.429 1.888
-103.941 -172.647 -21.097 1.897
111.739 101.548 -182.786 1.997
-127.877 178.936 3.041 1.937
-132.045 100.906 13.890 1.902
134.992 47.701 -28.669 2.125
72.810 121.972 121.526 2.009
-194.068 -152.118 102.360 2.121
-43.432 88.737 54.286 1.976
47.895 97.297 -148.378 1.899
-167.324 -3.938 -197.156 2.220
-9.656 -173.525 72.727 2.045
137.894 -35.250 140.118 1.989
8.517 112.382 132.718 2.039
146.679 7.631 162.122 2.189
-76.725 -89.784 -65.461 1.898
142.164 152.051 116.975 1.960
27.551 124.773 160.742 1.993
43.759 76.231 -98.364 1.950
-100.836 141.368 74.054 1.998
-73.102 21.270 33.253 1.999
3.510 69.737 -39.123 2.070
-115.829 -3.987 196.078 1.985
83.832 37.596 111.250 2.100
-124.457 7.482 -161.447 2.021
-186.037 -137.073 6.743 2.087
110.297 -185.342 81.889 1.966
155.781 -89.881 9.194 1.994
165.082 152.313 53.607 2.054
-55.475 105.809 66.730 1.787
119.880 121.858 -152.938 1.792
190.571 -58.543 -137.773 2.030
213.928 -3.287 -100.330 1.836
-43.106 46.265 97.912 2.207
-29.760 -149.362 -96.751 1.980
23.492 -100.723 -131.458 2.090
-11.152 118.103 -32.092 1.891
140.681 134.197 75.700 2.143
-182.441 -93.627 -103.063 2.042
-14.701 -15.013 24.083 1.962
-175.423 155.109 188.968 1.898
-46.180 -188.889 -132.665 2.063
-114.916 16.166 -174.645 2.056
-64.650 14.843 141.211 1.990
179.248 20.071 176.240 2.037
-56.400 90.419 187.922 2.072
116.414 60.089 -179.816 1.899
201.207 -185.808 -103.654 1.933
133.408 116.122 -130.221 1.863
-105.659 161.661 -191.677 1.958
131.368 24.704 54.971 1.789
128.306 166.773 -6.263 2.128
171.107 -139.282 84.475 1.900
108.225 -141.467 -92.419 2.243
-13.266 -37.269 9.736 2.010
-36.226 -149.620 158.230 2.049
68.055 -142.100 -155.797 1.909
87.128 132.404 119.509 1.972
81.694 -80.418 -151.612 2.132
-113.138 3.855 -158.309 1.984
205.327 -182.963 117.847 2.085
111.309 -148.516 97.563 1.961
-222.334 133.195 143.230 2.029
-20.307 -149.563 -168.972 2.116
-182.162 153.426 -53.532 1.948
206.727 136.288 181.801 2.074
-61.177 -107.541 -68.319 1.905
-111.453 13.577 -144.252 2.175
125.590 -63.716 -76.831 2.001
-100.511 -88.254 98.478 1.981
-68.929 -127.486 -128.105 2.008
-191.308 -143.495 -164.648 1.969
13.534 -34.912 45.845 1.785
109.319 -19.022 140.958 2.068
-124.430 65.404 -25.506 1.939
0.621 -185.994 5.357 2.026
-81.116 84.393 -83.795 1.792
-201.173 115.010 181.991 2.112
138.655 -115.470 -48.672 1.943
-153.402 93.477 192.947 2.089
28.589 38.386 -162.119 2.087
-5.514 111.884 -79.116 1.965
209.390 98.920 -167.318 1.959
131.802 -31.961 -195.008 1.916
205.195 73.797 35.137 1.954
-108.410 76.275 20.820 2.052
203.503 -160.083 160.756 2.087
82.085 -117.604 131.753 1.895
-91.344 -4.181 -75.528 2.018
224.669 43.346 -174.866 1.964
-72.311 -72.889 -127.486 1.867
222.350 -9.427 -110.743 1.981
-37.245 141.432 -177.917 2.184
155.642 -82.272 92.255 1.918
42.446 38.449 42.416 2.025
-74.787 -89.202 -135.872 2.031
-82.824 -28.247 -78.031 2.032
160.239 118.686 -172.711 2.140
80.645 120.143 -82.367 1.837
122.502 -16.936 -193.192 1.888
170.147 -139.677 122.168 2.087
-137.508 138.466 73.373 1.890
5.566 -109.010 48.741 2.100
-84.836 19.684 78.088 1.981
185.598 74.515 126.990 2.017
-74.309 -153.941 -121.445 1.921
87.789 -97.377 -6.123 1.867
-176.931 -99.429 3.344 1.935
-53.293 -104.570 -61.636 2.088
148.960 61.472 -42.843 1.982
-21.626 9.123 185.392 1.998
-53.272 -43.710 -23.407 2.160
-31.335 100.586 -156.782 2.034
4.178 18.325 191.833 1.946
-166.390 143.032 151.392 2.137
-59.674 -41.936 -151.311 1.797
203.043 -126.904 101.959 2.029
-60.505 26.429 107.005 2.055
62.693 -41.017 -95.281 1.791
-169.310 155.568 -67.845 2.005
-141.744 50.265 128.111 2.050
219.288 125.549 38.782 1.972
102.101 -60.269 -11.742 2.221
-156.674 118.699 5.801 1.947
0.297 -133.524 -164.589 2.055
152.200 -89.011 24.480 1.865
49.950 -136.150 132.145 2.108
20.218 102.304 29.330 1.928
160.660 19.180 133.772 2.226
-221.220 142.039 140.360 2.116
-166.764 -80.723 -47.268 2.073
-83.314 -73.198 133.744 1.854
17.684 -144.684 87.737 2.089
126.316 -97.668 -140.667 1.938
57.324 -79.127 -150.542 2.038
-94.435 109.296 -106.848 1.906
105.635 188.832 127.948 2.008
16.505 25.799 -14.212 1.911
34.684 83.521 -95.131 1.905
112.315 123.602 118.388 1.979
110.769 180.312 -19.723 1.893
-176.287 135.222 1.527 2.034
78.771 -144.365 -79.396 1.985
-16.606 114.826 -86.126 2.001
34.950 -52.272 163.353 2.020
-147.272 44.340 -39.261 1.925
195.256 170.145 180.941 1.902
-204.438 15.903 -61.319 1.996
43.997 -189.172 33.308 1.957
-187.692 -166.205 -118.430 1.711
161.544 17.205 -79.023 2.098
-110.282 -159.017 -188.724 2.158
-0.495 -99.840 147.498 2.070
46.927 -169.530 -193.351 1.907
170.992 -186.964 161.284 1.999
121.232 -18.763 -148.144 1.859
-119.431 -189.843 -186.319 1.863
-14.973 -49.598 -65.863 1.868
140.214 -165.081 -160.324 1.849
-118.353 -92.953 81.758 1.961
152.470 37.092 127.224 1.973
-212.040 7.818 -103.535 1.943
84.884 -81.538 173.627 2.065
68.320 -149.348 150.611 1.912
-109.286 -54.742 181.051 2.053
57.369 -59.049 -4.377 2.081
161.134 -155.324 -11.700 2.005
213.810 -78.639 0.091 1.987
-140.535 -115.390 -35.443 1.870
-154.078 145.697 153.185 2.072
191.558 94.899 -197.370 2.023
84.416 184.387 165.772 2.007
-29.443 -66.383 129.694 1.885
-134.946 -10.978 122.932 1.931
-81.266 -126.620 35.544 2.016
-114.850 139.440 -166.255 1.890
146.298 38.077 105.278 2.062
171.962 -92.098 168.958 1.943
174.647 -51.719 -80.099 2.054
-177.884 151.672 59.763 2.032
-33.002 -10.043 47.584 2.129
15.043 21.928 4.961 1.995
95.445 -53.362 -28.778 1.919
-57.111 -93.968 -154.042 1.981
159.833 45.125 14.440 1.833
-161.048 -181.571 185.678 1.866
-45.789 95.372 148.856 2.079
-58.384 -87.605 -153.409 2.152
174.942 -82.043 -75.391 1.981
-198.601 50.438 -154.407 1.962
216.963 -114.470 54.153 1.918
47.491 -95.000 192.273 2.012
-153.409 30.846 120.473 2.008
172.459 123.438 61.785 2.033
-202.919 36.693 -59.641 2.167
-113.062 -161.054 -33.213 2.009
-89.029 19.449 -2.555 1.954
69.542 -78.408 103.143 1.940
-4.233 160.968 46.979 1.906
-199.820 -22.894 7.865 2.189
158.463 169.006 -60.002 2.049
-83.912 124.074 -180.936 1.944
-87.500 38.776 99.044 2.043
-32.269 134.680 185.712 1.831
43.668 -137.606 -36.423 1.964
-156.206 139.624 76.567 2.139
197.961 -113.494 -180.790 1.963
-152.486 -45.916 -49.210 1.868
-190.123 -52.970 -96.259 2.067
42.057 92.390 92.256 1.954
-8.276 90.470 94.615 1.923
-3.870 77.462 -182.287 2.063
-156.924 45.764 65.195 1.847
70.940 71.985 172.513 2.063
-143.929 111.858 -79.268 1.876
183.108 -15.871 -190.531 2.014
51.602 173.197 -106.624 1.955
-185.999 -92.510 -127.660 1.987
60.139 151.204 -56.784 1.878
112.083 -66.631 5.048 1.992
99.068 -87.284 41.170 2.081
86.829 114.359 116.889 1.960
47.462 -155.324 178.752 2.121
54.245 48.872 42.083 2.156
-85.357 -29.314 -109.466 2.011
7.710 -50.966 -97.619 1.940
-185.308 -57.181 186.253 2.112
221.545 -114.426 186.806 2.003
211.259 -91.293 -67.935 1.968
-147.992 181.380 -20.730 2.042
124.881 74.122 -4.097 1.951
203.659 -149.866 -71.088 2.009
101.752 -189.461 127.904 1.874
-130.285 -41.179 -42.734 2.002
215.879 -31.433 -113.762 2.131
-99.271 4.799 5.148 1.949
85.254 -1.811 12.565 1.920
-152.054 -188.918 106.360 2.130
-132.523 -79.874 -179.355 1.976
-110.926 -88.828 -96.375 1.962
-54.139 -169.162 -138.847 2.108
-168.197 138.848 -140.217 1.945
-86.325 114.860 108.208 1.935
184.881 112.457 -32.968 2.028
99.171 108.166 -5.579 2.072
-191.093 16.062 163.178 2.071
5.015 186.551 -1.616 1.926
132.085 -75.126 -69.942 1.953
156.104 133.999 -136.523 2.138
42.135 -17.424 -17.076 2.047
-4.144 106.772 -65.392 2.039
212.924 186.968 129.485 1.746
223.893 -71.435 189.651 1.885
-32.521 35.965 174.794 2.020
50.372 164.149 -145.139 1.966
-193.776 178.606 55.038 2.301
221.261 50.223 -6.366 1.875
-137.770 -67.537 -146.601 1.839
198.507 -12.634 -103.550 1.837
96.756 110.110 -38.411 1.988
-138.771 -63.309 -186.868 1.895
-158.408 8.546 88.739 1.929
115.524 11.595 -47.233 1.962
-18.614 172.857 -27.290 2.011
34.251 -71.854 -106.611 1.757
-43.963 -166.503 -147.419 2.205
-16.415 -91.495 114.230 2.051
-187.746 16.149 195.324 1.971
-208.156 -52.863 -20.859 2.018
-82.810 39.731 -103.968 2.117
217.510 131.061 -77.438 1.999
197.299 -16.358 34.474 2.130
-216.726 -114.014 -104.254 1.936
27.346 119.293 35.699 1.943
70.676 -129.665 -1.146 1.820
175.392 184.850 -90.884 1.985
199.044 -20.518 -180.216 2.097
-191.611 -179.067 76.458 2.070
-140.031 -177.582 -134.727 2.068
146.809 -184.374 84.868 1.963
135.422 68.010 115.404 2.125
43.977 118.120 17.455 1.968
-168.237 116.341 -177.484 2.032
194.590 -98.439 15.018 1.778
-154.805 -176.860 -136.089 2.152
64.624 -44.396 14.037 2.085
192.069 100.882 37.672 1.944
168.021 39.978 116.676 1.881
-118.677 5.940 32.270 2.001
-101.542 108.132 175.252 2.109
39.866 104.641 42.289 1.982
-32.976 -152.467 82.275 2.074
98.874 60.096 122.509 2.014
7.153 -55.155 -198.270 1.948
-209.871 36.124 35.768 2.016
65.980 179.509 71.279 2.046
-149.023 100.257 -85.370 1.941
110.293 47.916 -74.597 1.896
-210.828 -102.388 73.041 1.936
-34.907 123.210 117.292 2.096
-177.015 -19.385 -55.559 2.050
28.530 28.116 -50.387 2.024
82.658 49.595 108.714 1.987
16.250 -91.178 52.489 1.974
-14.127 123.766 -4.291 2.039
139.929 -102.080 -156.405 1.909
85.086 -72.145 -72.261 2.037
57.525 -182.888 -116.919 2.123
110.033 52.631 134.377 1.991
-85.398 -94.430 141.017 2.033
-114.146 78.948 91.762 1.921
-179.819 120.073 12.270 1.867
112.348 -32.102 51.685 2.034
167.357 106.139 -176.418 2.114
202.037 -36.577 148.300 1.945
-117.441 139.692 -25.271 1.942
92.781 -56.564 -73.169 1.966
125.715 -58.266 -179.998 1.958
136.804 -29.139 0.565 2.093
-91.571 -3.644 -46.113 1.915
12.140 -78.731 177.042 2.087
-56.485 8.986 -167.314 1.956
-16.633 101.536 -129.177 1.902
-199.738 -94.885 199.432 1.936
199.278 -39.965 3.505 1.933
185.527 -183.812 31.828 2.145
158.036 94.364 -58.881 2.022
-79.697 170.590 57.808 2.159
187.741 -89.660 -65.975 2.081
-164.648 -88.860 -78.126 1.849
211.856 -114.220 85.359 2.059
-42.569 -91.784 149.475 1.967
5.631 74.655 177.555 2.025
-89.105 81.084 -53.283 2.063
6.262 111.433 -155.271 1.800
91.297 142.983 -37.589 1.970
-86.678 163.934 -129.878 2.019
-87.871 -40.196 -179.363 2.034
-140.809 -149.831 21.148 1.870
-57.543 165.599 -153.654 2.066
-145.219 -186.122 -188.227 2.088
86.210 22.124 -130.929 1.987
106.045 -132.452 -4.001 2.150
-120.153 -67.012 -109.362 2.042
-184.875 75.589 82.374 1.865
-8.427 119.037 -115.129 1.889
54.219 -164.345 -188.911 2.069
30.917 -83.069 -31.634 1.960
-181.330 -4.753 52.386 2.011
38.978 56.330 -142.245 2.109
-167.213 -116.216 62.439 1.948
-203.886 95.629 -192.736 1.899
-220.815 25.539 88.516 1.950
-89.811 35.280 181.333 1.952
-217.270 -70.256 -0.771 2.099
-62.461 144.909 -32.180 1.907
185.307 -129.140 69.788 1.994
-62.927 5.264 171.481 2.047
193.687 161.429 81.514 2.091
82.202 -117.287 58.646 2.162
146.804 30.163 117.100 1.974
141.020 119.802 -7.748 1.775
-33.642 -126.355 -181.362 2.093
33.719 -123.735 -165.949 2.087
53.967 175.481 -4.786 1.985
-59.473 107.979 -118.471 2.114
18.417 -83.369 -9.415 1.868
-24.173 -187.620 1.472 2.006
-142.304 -24.749 -96.779 2.028
-9.569 -181.214 171.327 2.045
-212.556 139.392 -148.715 2.020
-58.937 -132.179 175.708 1.930
-88.344 26.856 -169.383 2.058
-16.634 -140.560 153.132 1.996
-163.498 133.424 197.459 2.009
-27.830 144.013 156.025 2.011
80.703 24.631 -151.984 2.027
190.651 -83.124 176.377 2.107
147.773 100.024 109.632 1.961
-76.579 -136.564 -174.578 2.075
138.643 98.523 4.528 2.134
46.439 129.883 153.024 2.013
-17.131 159.729 140.697 2.064
-159.084 45.040 -30.270 1.964
-111.431 166.111 -30.425 1.966
-100.745 -127.760 -121.049 1.826
88.234 68.236 -110.782 1.832
-53.407 -49.215 -87.882 2.148
-202.951 -28.302 146.918 1.882
141.324 92.569 111.807 1.906
-61.220 -115.870 97.205 2.015
-58.209 109.679 -95.813 2.022
-159.627 -91.996 28.273 1.928
-111.805 -168.383 77.145 1.946
197.374 -1.094 -50.906 1.993
215.589 145.000 -103.338 1.953
108.948 -122.991 -77.323 1.984
-141.372 165.781 -77.101 2.063
145.389 20.515 30.164 2.076
200.866 -165.695 -95.738 1.913
-44.888 -123.826 -66.386 2.002
-198.264 150.712 27.731 1.871
24.080 7.165 -68.946 2.039
-85.530 -43.804 -181.519 1.902
-26.981 59.205 -161.014 1.836
-10.329 175.815 -41.107 1.778
128.551 -58.720 -27.793 1.992
-161.092 140.128 132.510 2.089
-114.305 124.870 129.953 2.153
157.592 21.886 -102.492 2.015
-186.174 -96.714 -25.410 1.847
185.951 -142.185 -102.091 2.179
200.207 -117.067 -105.460 2.133
-50.954 118.901 -79.992 1.837
-18.073 -66.863 133.183 2.262
-45.429 -102.153 -190.133 2.041
-184.341 -83.225 -77.869 1.896
-157.170 46.412 -50.221 2.049
-133.056 178.672 22.351 2.004
-92.895 2.463 -94.649 2.081
-196.062 79.065 -57.408 1.891
-84.117 30.490 152.920 2.003
66.263 -101.528 -110.376 2.020
-28.695 173.714 161.295 2.080
-127.835 -4.295 183.976 1.969
-33.293 4.203 -119.577 2.085
174.018 -146.973 58.281 1.846
152.980 23.092 110.095 1.947
-111.119 -160.949 176.716 2.051
-126.474 -186.109 -93.679 1.954
-133.297 -186.662 70.222 1.884
-205.142 22.192 -96.696 2.013
-1.414 -136.457 -163.127 2.058
-170.663 -74.288 -3.850 1.973
166.401 7.804 -122.016 1.995
-15.834 1.444 -44.893 1.912
66.853 -43.802 -140.195 1.975
68.164 -25.323 42.887 1.936
-126.748 5.084 113.675 1.900
-110.532 -177.936 -26.056 2.092
93.068 -115.179 -89.615 1.955
75.117 -148.600 52.482 2.097
147.452 53.788 -186.571 1.881
142.059 151.273 122.917 1.943
129.394 137.113 -62.841 1.937
16.611 138.756 110.514 2.085
156.372 61.980 181.500 1.981
141.723 29.310 -182.375 2.038
75.814 -66.558 -106.615 1.890
72.620 -95.318 57.131 2.056
-127.805 84.722 67.870 1.972
-170.949 -8.805 56.482 2.088
-132.616 18.493 168.911 2.123
-51.401 -130.975 -176.787 1.990
-162.041 152.428 27.903 2.013
16.022 -148.176 -120.685 1.960
178.210 -139.953 173.641 1.949
198.687 -33.679 -180.439 1.887
-154.087 -55.093 -65.506 1.930
-55.990 -139.225 43.179 1.917
15.611 180.624 -167.099 2.172
134.615 171.901 -129.943 1.970
-135.549 173.777 -133.655 2.082
109.336 -49.859 108.682 2.000
-9.052 14.936 -168.544 1.873
-107.617 135.825 98.020 1.834
-184.491 181.571 158.457 1.969
-133.573 -47.461 109.270 2.142
191.710 -167.723 -114.872 2.014
-175.928 -182.677 -152.787 1.997
-136.074 110.644 -28.413 2.030
-79.107 36.001 6.802 1.934
-145.036 -33.007 -173.692 1.990
-84.587 169.956 68.594 2.228
27.768 166.707 -186.390 2.169
-203.451 86.209 -122.186 1.939
-92.291 165.838 119.122 1.982
-133.508 -179.912 -146.132 2.110
-66.787 65.449 69.209 1.895
110.680 -95.625 -31.400 2.117
-202.334 -40.631 -124.465 2.017
-202.901 -15.025 -183.898 2.036
112.156 -57.015 -59.180 1.921
-219.715 -150.040 84.013 1.898
69.259 36.216 -194.945 1.991
109.185 -10.599 -132.602 1.975
83.428 -20.054 -77.445 2.018
88.699 -41.599 57.828 2.104
31.953 76.022 -84.099 1.975
-47.551 -84.778 112.093 1.749
-173.448 -0.794 -163.064 1.999
32.796 -91.802 35.386 1.922
193.390 -23.484 168.037 2.016
-191.483 -94.842 196.264 1.978
146.893 -106.401 107.815 2.016
42.560 -51.392 161.798 2.059
-180.987 -126.901 -4.924 2.074
-13.314 101.644 -140.329 1.928
-196.609 -139.290 -10.715 2.056
12.482 -123.697 194.691 2.028
135.733 86.650 34.411 2.088
-138.081 -97.989 105.327 2.064
78.776 120.671 -54.200 1.956
-129.438 -141.662 163.907 2.060
2.808 51.538 -15.432 2.090
56.723 -0.941 -140.922 1.988
-75.468 51.790 27.832 2.045
-29.856 -158.243 87.318 2.037
77.242 -49.195 102.520 1.886
192.454 -12.718 -156.373 1.982
119.687 -104.938 -20.522 2.138
-194.702 146.317 -178.897 1.986
-112.158 -91.723 68.085 2.220
120.850 163.037 193.434 2.049
84.462 -34.012 -48.116 2.086
-11.513 105.645 -92.947 1.872
-60.368 112.418 -36.103 1.959
68.618 -16.386 193.581 1.948
-217.484 162.121 -34.418 2.168
-84.326 -72.401 8.335 1.977
35.498 -10.315 148.241 1.902
97.144 -55.631 154.736 1.813
69.168 -121.129 127.869 2.060
-191.261 -44.860 151.120 1.752
189.198 49.383 -79.385 1.938
54.921 -75.594 -164.923 1.864
-186.200 -46.987 176.907 1.975
13.546 -17.224 -49.629 2.201
-43.486 59.367 66.024 1.925
119.353 84.971 32.027 2.162
-168.247 -90.565 177.910 1.954
-68.061 -179.742 49.897 1.930
-78.517 -98.834 186.491 2.004
-79.538 -58.150 149.040 2.051
-33.637 150.382 112.683 1.894
-194.274 106.329 -44.252 1.857
28.886 -19.455 138.036 2.268
-7.989 -90.764 -88.561 2.011
44.347 87.598 -142.134 2.208
-42.256 -167.806 -101.052 1.935
-35.683 -53.978 -149.919 2.019
4.876 96.893 -193.308 1.947
-8.159 -86.777 46.585 1.883
76.199 -43.662 77.536 2.045
-28.456 142.954 61.454 1.721
-86.056 166.102 141.346 1.971
98.260 -149.228 89.683 2.008
11.700 -187.085 178.388 2.028
-169.521 136.992 156.523 2.060
102.202 -168.810 44.224 2.046
-0.275 19.007 58.327 2.016
134.037 -139.735 -144.851 1.973
-33.247 58.194 -82.360 1.818
206.367 164.487 45.659 2.163
-119.889 124.888 155.356 2.011
-69.503 -142.017 -137.961 2.156
57.518 10.125 -99.437 1.754
157.485 -175.058 -92.565 1.981
-54.490 -13.717 -110.248 1.995
-171.310 62.524 103.311 1.964
14.445 -100.465 24.626 2.173
-170.097 105.362 -38.777 1.983
170.572 102.697 6.080 2.130
7.506 182.116 27.369 1.963
-130.780 178.453 12.846 2.104
-29.475 73.594 9.743 1.964
-87.951 -65.411 -173.078 1.835
-20.973 111.473 11.675 1.987
-150.371 55.510 157.645 1.991
150.401 66.515 54.011 1.904
101.447 -69.772 10.803 1.865
142.119 -99.417 -91.902 1.999
-188.875 72.165 -90.442 1.991
21.318 73.756 5.810 1.993
-160.908 165.958 68.583 1.858
-55.085 11.925 176.853 1.915
-70.311 163.716 167.812 1.877
-0.891 -6.261 -12.528 2.077
139.219 141.276 -129.864 2.122
-78.499 110.164 -184.284 2.037
-26.044 -37.637 155.317 2.017
66.694 -157.239 114.461 1.970
119.174 77.819 -135.814 2.028
197.850 -56.314 -96.099 1.989
-137.507 143.656 187.460 2.160
-59.129 60.109 -37.343 1.873
-145.326 -27.431 121.100 2.053
-218.307 34.638 154.860 1.979
-155.265 162.016 90.236 1.848
-190.733 93.720 -84.865 2.098
184.168 115.368 88.106 2.221
-215.833 97.464 192.642 2.021
52.083 168.859 161.290 2.155
20.324 -139.337 -103.664 2.052
9.532 124.700 67.097 1.960
-180.242 -20.180 -183.752 1.987
-132.654 -144.490 59.021 1.982
-138.650 102.261 63.910 1.942
176.333 91.172 -20.208 1.923
-184.672 141.217 -119.634 1.934
-93.246 88.056 44.251 1.773
132.907 57.330 190.268 2.020
-20.035 -138.171 112.208 2.278
-218.684 -61.289 -99.911 1.956
218.029 40.000 127.925 2.053
184.489 -138.245 94.223 1.947
-197.506 134.241 -63.066 1.924
-146.621 24.978 17.897 2.087
-188.126 59.355 -69.781 1.955
195.981 -150.808 121.175 2.028
-100.516 179.771 51.109 1.930
89.421 -107.143 196.636 2.191
143.969 147.773 -23.009 1.981
