167.988 182.460 21.287 2.148
-157.650 185.251 -55.915 1.844
222.787 -29.256 -53.198 1.999
-88.372 -186.965 -115.155 2.097
99.999 -173.224 25.716 2.148
-141.510 44.786 -162.316 1.984
175.845 105.089 195.746 2.092
-182.488 -172.116 82.420 1.943
180.999 -162.885 24.341 2.012
20.415 26.524 15.438 1.893
-35.815 -132.607 -58.800 1.994
5.322 -77.238 -54.148 2.068
41.189 -63.205 -104.229 1.984
186.188 133.384 -23.141 2.152
-138.193 -141.376 -111.229 2.013
89.328 -6.353 85.009 2.155
-209.673 135.701 11.629 1.952
-63.590 -19.209 22.368 2.115
-24.228 78.096 164.040 2.007
216.167 169.174 -69.327 1.823
-156.247 127.902 -0.424 2.050
217.846 49.370 68.637 1.942
143.289 129.863 31.587 1.844
-136.495 -74.487 -149.958 2.025
215.305 -16.240 192.239 1.899
-188.188 85.922 -176.345 1.940
-186.096 16.117 132.028 1.974
-208.733 -147.087 -187.417 2.051
-140.607 83.267 -24.249 1.976
-112.844 -116.580 -28.131 1.990
46.440 -93.310 -5.284 2.006
147.394 6.939 196.370 2.060
-59.159 -94.813 74.849 1.952
-204.874 21.146 -58.816 1.914
156.076 105.474 -116.300 1.970
8.391 85.567 105.462 1.996
72.114 -21.066 110.612 2.040
-40.604 17.164 35.782 2.006
-138.879 76.350 -108.070 1.973
-133.453 158.852 -185.285 2.024
-143.991 120.479 111.476 2.098
216.977 -7.029 -54.732 2.222
-148.223 149.499 151.974 1.853
-147.125 95.357 -18.397 1.991
155.603 120.766 29.064 1.871
9.907 60.934 146.939 2.198
217.364 89.164 38.733 1.977
-214.780 92.746 -92.712 2.058
-159.093 136.934 35.621 2.013
47.443 21.205 -167.860 1.943
158.190 34.203 185.743 1.789
194.118 -28.196 16.528 1.885
-77.568 54.968 -122.814 1.763
45.844 -89.988 65.354 2.364
-33.758 -183.461 -70.924 2.056
100.787 -183.213 -110.341 2.039
185.899 -185.446 -62.834 2.026
-21.902 -45.059 -93.161 2.103
-116.009 158.805 -100.359 1.996
-48.126 94.819 -177.024 2.037
-87.154 30.936 -61.537 2.071
-86.108 160.798 10.464 1.839
118.398 -55.484 -57.601 1.905
46.931 98.413 -27.767 1.986
129.196 -53.218 -81.440 2.094
186.687 184.939 -154.012 1.843
55.452 119.724 29.387 1.979
-158.615 -142.737 0.853 1.918
207.232 -21.366 -145.981 2.072
201.516 132.124 141.292 1.963
-188.936 -174.073 113.537 2.205
149.443 -12.280 48.605 2.073
-57.031 23.706 142.435 1.887
220.131 4.490 -97.931 2.106
-32.140 -148.430 20.788 1.853
189.858 -2.653 121.298 2.145
160.460 88.576 -120.307 1.965
206.517 77.576 -156.331 1.947
2.777 -73.641 183.224 1.904
140.361 88.862 0.307 1.949
172.855 108.435 -151.601 2.122
-13.219 -98.666 196.791 2.210
-5.797 184.960 138.069 2.015
84.391 -187.604 151.408 2.132
-119.276 -150.655 -69.143 2.056
138.906 117.391 104.106 2.188
-69.610 112.032 -157.205 1.904
55.775 154.046 154.864 1.855
-103.913 -33.604 -65.948 1.928
110.995 -75.743 137.161 1.897
-76.888 101.906 -183.209 2.007
-16.257 61.318 -137.548 1.942
149.660 188.295 163.509 1.881
219.897 -180.983 -80.023 1.959
78.460 -89.944 -106.380 1.962
171.521 67.011 -193.108 1.919
184.927 -180.011 -140.287 1.940
71.694 -98.216 -22.658 1.966
-62.653 54.486 182.168 1.907
-131.416 137.675 64.002 1.964
-222.154 152.237 44.410 1.972
7.629 180.496 17.172 1.914
170.493 -149.358 29.131 1.922
15.408 173.041 165.979 2.036
199.095 5.623 113.357 1.984
-105.117 -61.741 -168.199 1.932
-142.968 -16.944 -51.122 1.993
215.142 163.328 -186.040 2.036
-149.113 182.128 159.076 2.015
-224.753 167.931 -118.875 1.917
-65.131 -112.938 -4.459 2.034
8.159 109.867 -32.955 2.009
101.631 -85.001 159.622 1.976
44.134 -101.843 57.697 2.027
-107.724 -175.164 -164.963 2.056
67.661 -124.572 62.103 1.965
164.294 2.170 -57.354 2.074
42.947 164.963 -182.386 1.904
100.310 160.283 -158.742 2.022
22.919 172.766 79.027 2.077
-171.089 -12.767 142.341 1.949
-102.515 74.757 175.960 2.031
19.998 -151.386 69.051 1.987
-4.541 -142.809 -0.325 1.921
-70.667 -50.312 -133.186 2.028
4.947 -162.102 -38.870 2.068
190.906 20.554 98.623 1.981
-173.464 -181.774 4.671 1.799
-166.762 14.975 -19.744 1.866
49.158 -95.698 -73.161 1.921
-17.924 23.867 -182.670 2.055
-67.253 101.272 -43.952 2.009
-73.017 -79.708 -143.248 2.042
10.200 174.657 -122.395 1.994
69.996 -8.097 -84.014 2.043
189.952 -152.438 -165.560 1.907
-208.148 102.581 185.036 2.045
-174.030 -51.247 -87.928 2.028
141.162 -160.765 -184.082 2.005
-30.782 -132.084 115.910 2.172
64.536 -139.579 74.637 1.978
-204.226 54.567 125.638 2.009
-15.737 -74.593 124.445 1.972
-142.559 -141.059 40.878 2.010
-149.593 -105.518 171.661 2.051
207.859 90.280 174.275 2.038
181.456 163.748 -69.902 2.031
149.839 80.746 133.515 2.063
-94.241 6.831 -83.164 1.972
-5.305 84.461 49.992 2.196
142.231 123.437 30.103 2.110
176.040 189.108 -78.029 1.954
89.586 78.719 -97.467 1.875
224.512 108.386 -0.409 2.116
-88.715 -61.838 106.639 1.877
78.183 142.719 -120.974 1.992
-151.297 8.984 86.207 1.940
-161.153 47.495 -53.657 1.939
38.437 96.453 -54.341 1.918
-94.463 12.695 -22.225 2.075
-21.711 -18.400 37.284 1.781
-104.259 165.421 71.563 2.062
-204.390 -170.939 21.849 1.778
185.024 -47.222 -85.865 1.984
-207.278 -50.868 189.014 1.962
-198.318 -189.848 77.443 1.850
-142.560 -183.579 -108.653 2.147
-221.609 -89.384 -12.214 1.960
2.438 -31.442 -100.456 1.960
-50.294 -101.357 -145.121 1.794
-10.589 -57.257 -172.231 1.959
56.652 -9.338 110.484 1.918
127.821 -164.713 153.128 1.965
-11.726 -148.960 90.410 2.071
25.451 171.296 158.310 2.230
63.733 54.977 -115.956 2.152
30.351 88.874 -7.035 2.049
180.933 -188.700 42.987 1.905
55.459 -66.920 159.838 1.894
-187.230 94.857 111.662 2.039
-139.233 178.248 -71.732 1.827
-84.806 -12.132 28.847 1.982
-164.909 169.113 -146.799 1.951
46.542 -11.422 -27.767 2.038
21.527 -92.815 -67.838 2.122
72.221 -28.951 44.886 1.999
-190.739 118.148 -20.373 2.056
-63.766 139.840 -118.361 1.908
-17.601 -51.016 -95.342 1.925
-205.877 91.343 158.840 1.801
153.042 -113.703 149.031 2.013
-36.628 -68.400 49.332 1.930
-71.573 -76.020 190.541 1.979
83.454 -71.358 91.049 2.059
224.512 -173.620 -186.338 2.154
63.198 64.052 -43.095 2.107
-2.084 139.159 31.959 2.057
143.868 -50.612 -90.449 1.946
170.597 -151.556 18.019 2.039
-189.306 -131.281 -65.942 2.178
48.160 -64.660 25.482 1.920
157.658 -66.765 -148.816 2.111
-138.056 53.422 -187.703 2.153
181.399 114.356 -81.902 1.987
210.876 -173.884 129.950 2.053
69.493 -160.804 32.166 1.897
133.975 15.190 25.668 1.887
44.394 86.758 -50.003 1.870
0.447 -153.996 -167.501 1.886
193.652 -10.222 160.281 1.996
202.031 -93.495 15.769 1.815
-172.175 68.806 -184.678 1.975
158.189 80.372 -56.257 1.960
-37.328 143.242 49.438 1.915
73.316 153.879 33.560 1.993
80.810 74.676 91.758 1.998
186.358 178.402 124.051 2.041
-152.792 -166.031 183.263 1.946
70.864 60.841 147.554 2.186
4.797 118.281 198.666 2.072
-48.608 -92.046 114.537 2.019
113.929 -93.208 46.584 2.142
-60.697 31.747 -31.679 2.043
19.402 -51.494 -172.166 1.929
213.566 -90.503 -49.031 1.902
219.491 -87.911 -174.618 1.978
-179.360 153.488 -81.140 2.037
203.890 -123.657 -54.932 1.906
142.125 172.088 -160.184 2.085
-159.358 -32.737 -107.044 1.890
-8.432 19.693 -134.913 1.929
-139.585 -30.180 -84.911 2.093
-163.650 -82.735 -87.850 2.076
-39.028 184.683 -189.067 1.882
-111.970 -15.397 -69.940 2.096
-121.165 164.214 -58.842 2.049
-38.191 178.381 33.408 1.956
-0.155 160.414 164.576 2.126
78.863 -109.601 148.103 1.976
139.993 28.413 -120.322 1.937
21.384 73.509 -137.559 2.099
-192.858 -143.333 128.801 2.091
-76.871 -55.428 -5.766 2.132
-45.079 61.252 -31.098 1.844
91.279 150.381 112.394 2.026
-48.156 30.326 77.440 1.889
-168.708 70.122 182.581 1.932
-124.380 -110.036 -125.831 2.026
169.867 -49.757 -63.343 1.798
-153.132 -32.206 178.124 2.124
93.125 183.176 148.993 2.210
165.954 -25.524 -142.293 1.915
-181.480 -22.355 141.014 1.891
155.414 -99.250 167.748 1.820
-197.522 -54.909 -48.605 2.076
-99.894 -52.333 -38.573 1.845
-40.528 -4.785 -1.876 2.004
-18.336 -186.770 83.184 1.953
110.946 -164.957 -189.649 2.029
111.247 68.450 -87.633 1.888
7.285 -161.334 193.962 2.152
105.007 -150.567 182.598 2.065
-61.035 -166.159 -32.129 2.028
-187.605 -33.303 35.444 1.851
-193.973 125.285 160.486 2.038
139.722 -129.136 -28.882 1.862
19.388 -119.416 -33.651 2.016
82.807 71.555 153.457 1.964
-70.390 -66.057 133.837 1.971
-99.927 152.643 -184.650 2.060
168.956 -97.846 -97.591 1.974
-57.754 -9.605 -34.921 2.043
136.126 -7.493 71.862 2.006
213.538 -103.245 -190.766 2.031
216.894 -171.857 5.694 1.999
-185.224 -70.271 -50.781 2.084
169.241 170.138 64.211 2.032
114.731 -175.265 -113.062 1.977
133.968 -40.825 -184.294 1.863
135.670 154.969 143.115 2.009
37.513 50.107 189.620 1.894
-191.946 51.107 2.398 2.079
29.609 -100.610 77.397 2.077
49.374 -103.235 79.376 2.006
53.438 -124.682 78.675 1.992
198.000 -112.282 153.821 1.961
25.459 -113.996 80.545 1.904
-154.357 64.425 85.050 1.906
123.403 -14.974 30.659 2.118
-42.925 135.909 -24.366 1.913
221.832 -163.222 -138.864 2.152
61.086 77.766 -128.010 1.892
2.746 65.878 -175.644 2.019
3.813 140.773 -192.932 1.955
-159.558 -172.211 -195.214 1.997
-156.733 162.609 -112.490 1.975
126.586 80.589 185.306 1.895
91.725 -6.421 25.548 2.124
204.314 -109.412 -161.422 2.015
-122.281 140.553 -65.364 1.990
223.903 159.773 -183.462 1.928
44.596 26.826 -135.399 1.878
140.930 -24.832 -168.878 2.071
38.378 44.196 88.363 1.966
-73.769 120.636 -106.286 2.098
-164.912 -184.818 197.421 2.078
-20.083 101.834 -28.517 2.079
56.957 121.462 -127.407 2.078
-20.243 72.803 -181.876 2.152
43.592 31.510 -32.083 1.945
131.609 176.553 -86.222 1.914
-195.554 -138.940 87.854 1.984
-18.431 -32.250 7.414 2.044
94.457 100.397 -182.919 1.838
56.712 -111.206 191.525 2.184
-176.706 79.433 -49.665 1.873
65.394 110.701 -167.780 1.889
-204.946 187.450 86.887 2.016
-140.395 103.602 11.899 1.980
-216.113 -14.518 -3.579 2.129
224.652 55.976 -92.002 2.004
-121.475 110.588 -63.520 1.898
176.099 85.882 156.885 1.992
16.294 -9.239 -36.893 2.044
43.176 58.509 -112.598 2.028
-131.917 170.455 117.602 1.972
-195.629 12.820 -7.981 2.238
-39.789 -100.038 -132.595 2.101
139.612 61.046 58.818 2.000
90.879 136.345 -120.755 1.856
69.336 141.259 -177.604 2.132
-13.013 -43.544 -4.829 1.999
211.320 -29.908 31.509 2.047
-193.789 67.593 -51.448 2.000
66.673 66.395 125.336 1.850
-72.936 104.262 -55.152 1.833
-80.683 80.064 145.288 1.998
218.181 32.729 -151.581 2.056
-69.043 9.409 154.499 1.879
-202.101 128.364 116.826 1.936
151.240 -31.665 104.701 2.115
-87.866 -121.655 -34.020 1.998
30.191 103.376 103.840 1.974
5.077 42.454 -63.296 1.958
-106.664 167.745 95.645 2.052
154.928 37.688 -41.689 2.022
-224.088 -151.381 -170.126 2.137
-87.416 -7.372 24.029 1.947
12.590 -17.912 -146.287 2.096
-23.053 4.273 31.403 2.017
137.495 182.468 92.656 2.134
-156.340 113.129 120.899 1.916
15.952 -126.140 -149.577 1.963
17.970 -165.968 95.036 1.980
-188.109 5.417 -5.786 2.148
34.793 -144.038 72.312 2.092
25.046 21.851 -60.398 1.935
-218.731 185.781 -156.368 2.062
26.016 180.909 -180.093 2.035
203.556 161.959 194.787 1.974
215.076 184.701 -181.779 1.965
8.730 45.784 -196.458 1.880
-134.315 13.506 161.619 2.039
-124.350 120.509 15.506 2.072
-71.859 88.049 66.236 2.045
87.882 182.721 74.632 2.090
13.542 28.679 109.826 2.018
-58.941 -187.300 -194.009 2.100
9.944 -186.394 -7.820 1.946
143.526 126.929 -149.649 1.990
84.994 147.050 0.142 1.926
-185.585 106.423 -87.705 1.964
24.127 143.252 -96.784 1.947
-34.093 105.094 149.251 1.818
160.200 -84.059 46.196 1.929
-154.138 -134.474 -170.846 2.086
167.774 139.849 138.159 1.814
201.273 -141.599 -135.358 2.108
-3.646 10.270 60.225 1.916
215.665 39.852 -48.839 2.202
-178.654 85.257 122.384 1.889
-108.381 151.015 102.696 1.830
185.823 2.198 133.229 2.072
-52.371 -138.273 -23.252 1.745
-191.414 45.791 76.076 1.947
-147.335 -146.241 82.540 1.943
-187.418 -149.056 -26.861 2.153
-199.368 105.658 -39.174 2.010
186.620 116.024 -83.422 2.007
88.535 -129.463 52.762 1.948
-140.914 -95.676 123.296 1.970
-44.840 -126.249 136.333 1.945
-215.903 25.391 -150.040 2.039
-83.192 17.957 152.778 2.010
154.890 -68.181 -121.908 1.986
-177.417 124.186 167.803 1.831
-113.697 -125.797 37.230 1.950
76.229 -32.139 -62.087 1.913
120.971 -155.754 -76.216 1.846
210.018 -44.727 189.132 2.133
131.136 -183.320 157.874 2.259
214.732 -0.836 108.141 2.103
8.635 113.001 -45.493 2.075
-114.987 -51.461 -152.751 1.967
-57.468 21.457 70.524 1.833
-204.865 -146.229 169.983 1.860
24.084 110.177 -138.265 1.968
-54.766 -99.445 170.400 2.068
-94.225 184.176 -31.462 2.039
33.788 -183.621 129.087 2.221
137.696 159.251 136.138 2.073
5.659 -24.122 136.729 1.923
-156.014 75.265 149.105 1.814
96.812 -117.812 -149.969 2.059
-203.227 128.343 -7.845 2.059
-179.204 -62.399 -119.845 2.009
197.127 -89.358 153.889 1.996
-129.283 -181.719 19.351 1.770
67.697 -60.198 174.012 1.977
-61.354 10.753 -52.102 2.070
89.773 69.039 141.972 2.096
86.560 157.174 73.636 1.910
-144.308 68.093 63.786 2.214
221.645 60.344 -55.267 1.890
92.177 182.783 149.974 1.999
-162.904 -8.328 32.383 2.117
-24.560 10.202 -188.898 1.975
52.689 -125.292 171.971 2.194
-106.102 161.130 7.434 2.168
153.246 -103.321 67.017 1.907
82.965 -73.101 43.055 1.959
-145.642 -37.449 -20.262 2.104
-15.089 146.663 117.404 1.809
185.154 -5.813 128.481 2.240
-57.991 -67.780 80.652 1.831
-95.487 170.732 62.051 2.077
-69.927 -42.082 -47.505 1.892
88.328 18.632 -50.304 1.942
-9.214 106.352 -147.863 1.884
26.633 136.018 -144.269 1.963
35.607 161.226 138.807 2.157
-66.598 -163.639 -22.574 1.970
-15.308 0.242 -98.027 1.937
-64.017 -100.764 -22.653 2.042
-214.669 151.184 -102.053 2.204
54.949 -70.320 75.102 1.849
-28.382 32.760 -151.090 2.163
-224.108 -133.587 133.307 2.068
-107.949 -94.661 -63.675 2.120
197.873 -184.522 -171.041 1.869
180.638 38.231 -68.470 1.924
-135.510 -21.916 -82.136 2.223
154.979 -129.492 -121.329 1.721
41.724 -65.004 60.715 1.910
-146.306 145.988 -125.930 2.026
18.671 20.794 169.856 1.969
219.423 -144.849 -121.025 2.208
100.668 168.983 52.206 2.011
221.626 30.182 38.278 1.946
92.826 -17.353 -0.781 2.029
-148.245 -87.571 -23.575 1.988
200.807 121.722 103.105 2.029
-144.411 -37.123 90.636 2.094
180.706 -155.587 -24.137 1.994
-90.448 152.250 64.415 1.958
-65.568 -58.140 158.073 2.056
-39.318 29.271 73.873 2.054
-195.551 62.272 56.329 2.133
19.562 71.153 26.105 2.108
-191.139 113.719 2.539 2.114
110.219 156.353 -16.089 1.976
-220.333 -131.811 -89.666 1.964
131.726 4.857 -87.042 1.954
15.334 -170.298 93.146 1.915
29.839 -182.934 -174.469 2.050
8.908 -100.541 155.460 1.866
85.265 -165.120 31.095 2.068
-197.234 -0.676 -120.133 2.009
-173.151 -103.434 -57.135 1.787
11.008 -17.952 79.925 2.035
-82.115 -138.774 -105.326 1.842
9.813 -157.064 -142.469 2.044
49.477 -31.591 140.758 2.050
161.677 -161.938 165.672 2.137
37.941 26.512 27.461 2.126
60.802 -74.531 -0.967 1.923
-54.445 -169.028 -51.187 1.995
45.574 -156.021 7.025 1.861
40.082 98.662 41.776 2.013
-98.823 -129.881 65.728 2.103
-103.314 -165.444 136.648 2.076
195.530 131.616 45.352 2.083
114.994 27.358 -156.400 2.026
101.476 -129.780 20.951 2.016
-134.092 -64.145 -0.147 2.142
12.219 168.754 -88.788 2.138
114.179 -13.712 37.210 2.191
87.133 -93.095 -151.336 1.831
-145.846 45.048 93.381 1.915
94.660 -83.308 149.323 1.991
-4.487 183.748 175.048 1.871
102.678 -64.752 -115.409 1.924
211.567 -68.866 -173.570 1.998
55.150 -99.353 62.151 1.979
35.200 -157.854 24.539 1.888
-146.653 -45.324 -195.295 1.920
-191.466 -0.102 151.844 2.122
38.893 -163.150 48.858 1.883
-201.615 -42.970 185.352 1.865
159.169 -108.912 -76.758 2.018
-105.131 -179.262 -87.983 1.922
74.976 89.524 105.250 1.917
16.381 -140.078 -160.250 1.987
33.003 188.989 187.478 2.100
92.258 -111.196 -31.666 2.148
-194.096 4.611 198.674 2.059
-4.239 -73.257 130.780 1.760
148.378 -124.395 164.773 2.012
37.324 93.644 -62.003 2.011
-106.316 -35.892 -108.439 1.919
-142.795 3.202 -109.223 2.010
-149.687 -82.285 -62.745 1.852
176.593 99.498 -190.144 1.984
82.513 146.318 -23.145 2.116
50.713 55.401 -18.296 2.082
119.763 -101.120 19.401 2.020
176.677 189.874 -71.544 1.936
-57.114 -0.035 -131.712 2.015
-206.622 -138.025 -55.848 2.023
112.446 4.150 21.485 2.127
143.684 92.017 -152.958 1.949
38.956 167.906 -9.128 2.052
-205.329 -2.167 -47.261 2.005
-61.633 -84.721 149.910 2.000
-200.969 177.808 -81.121 2.165
43.845 69.652 25.218 2.115
117.210 -135.553 -159.635 1.890
-94.096 -171.459 144.233 1.918
206.682 -161.382 86.608 2.010
25.630 -86.457 -127.396 1.926
-55.702 179.474 -52.762 2.004
58.651 -83.986 38.615 2.167
-96.322 38.527 -36.946 1.925
157.310 -0.743 -76.141 2.112
144.202 77.821 -198.869 2.040
182.699 -97.111 171.555 1.882
116.729 -171.769 -78.259 2.043
-115.514 10.185 -84.698 1.988
192.763 -105.337 144.281 2.129
-111.037 -136.814 37.228 2.060
146.534 -10.280 -47.448 1.915
204.256 -20.616 -151.494 2.017
-185.403 -53.829 -31.345 2.025
32.575 13.920 6.424 1.945
23.769 -0.810 86.811 1.785
172.680 -175.324 128.092 2.114
-197.060 153.756 -94.019 1.994
124.124 -81.922 -141.642 1.860
-1.749 187.928 -152.603 2.015
-98.001 58.737 -80.860 2.185
154.714 -11.611 -125.993 2.183
-145.539 -0.599 21.537 1.991
186.911 74.342 -84.205 1.922
-171.432 112.956 173.817 1.952
0.833 -125.560 -193.607 2.065
217.140 -65.062 -129.434 2.018
-138.635 36.069 125.672 2.089
-142.551 -135.002 163.440 1.949
-18.882 -70.801 -153.789 1.980
-24.876 98.025 130.606 2.161
-128.328 55.650 -119.739 1.872
71.797 -144.985 26.568 1.988
75.375 -62.441 -29.828 2.157
201.753 -133.482 127.498 1.966
-28.084 11.882 -52.830 2.161
-53.888 -124.602 -81.921 2.104
-222.747 -185.304 57.451 2.130
-176.319 133.615 -115.096 1.967
7.828 14.823 -7.588 1.876
74.467 27.477 11.501 1.846
83.262 8.219 68.638 1.989
-83.556 70.201 12.659 2.057
92.037 111.339 101.918 2.008
-66.196 -144.403 170.752 2.037
-124.354 -63.586 -98.863 1.873
52.884 -40.214 -168.094 1.897
-46.179 -163.569 2.760 2.021
93.535 -63.563 86.267 1.938
-83.733 -188.626 172.425 1.947
46.010 62.122 -26.244 1.852
120.987 23.815 107.834 1.957
-162.621 -66.451 -198.028 1.909
-87.050 -113.294 41.010 1.968
-106.410 179.866 -161.372 2.074
-21.407 145.061 140.726 2.131
47.436 116.480 77.271 2.119
195.292 -33.567 28.194 2.064
-160.271 53.002 -30.929 1.935
7.592 -147.405 147.397 1.901
-198.038 -79.093 -18.445 2.164
77.077 99.124 -16.851 2.194
3.428 113.521 -9.630 2.092
185.186 111.407 114.114 2.252
-122.411 160.725 6.813 1.881
183.832 28.616 112.730 2.075
-159.470 -158.040 -25.354 1.987
-11.979 -82.780 -185.298 1.897
107.489 -28.659 81.509 1.896
150.098 109.270 144.247 2.018
-178.188 26.242 -108.977 1.961
-27.384 -68.651 -173.422 1.968
-124.460 114.606 -174.496 2.027
-116.799 -165.436 133.239 1.836
-111.659 71.948 82.267 2.065
-93.008 2.476 -167.495 2.112
29.750 68.348 -178.500 2.145
27.774 -93.487 49.814 1.965
123.242 -90.478 107.037 1.894
-201.035 103.522 186.756 1.898
84.764 -6.067 -104.417 2.010
17.001 -15.730 -63.145 1.909
-100.084 20.940 18.419 1.902
108.424 28.317 155.480 1.926
-146.383 -141.560 78.251 2.107
222.858 -162.737 -152.666 2.019
135.490 -75.960 168.693 1.974
-214.698 17.677 -79.953 1.874
-18.473 -54.474 -23.821 2.042
-150.173 -127.575 18.012 2.155
11.644 -130.844 -125.770 2.016
85.532 -133.378 23.490 2.016
-103.414 142.768 110.349 2.079
115.675 5.449 -49.615 1.810
159.547 -113.937 66.165 1.950
123.202 62.402 142.022 2.146
-133.643 -73.712 3.307 2.067
117.881 152.539 -97.387 2.129
-223.522 185.152 61.284 1.929
13.940 -163.653 18.200 2.119
169.395 62.403 149.849 1.881
-198.143 133.303 -46.070 1.973
-85.551 -120.476 -16.606 1.963
59.990 -137.599 175.469 1.998
-95.276 -132.081 -187.684 1.779
-43.233 -158.574 14.975 2.090
0.741 6.966 134.820 1.982
-204.288 130.665 13.411 2.119
222.734 93.241 -75.755 2.008
55.876 2.609 -148.654 2.052
188.998 -45.644 -114.987 1.934
24.775 94.634 71.125 2.148
1.367 -67.632 -187.577 2.082
59.854 -120.071 110.410 1.677
-112.437 81.453 70.418 1.976
-161.906 -58.470 19.516 1.889
-207.957 -31.843 -187.480 2.062
-42.035 -91.534 67.456 2.029
-94.306 22.123 -157.905 1.966
-177.729 51.126 98.956 1.985
-118.126 -121.511 137.552 1.979
182.759 109.571 -40.678 1.906
187.572 -40.181 39.620 2.019
-4.035 41.385 -55.857 2.036
113.546 125.992 68.766 1.948
-68.396 -158.999 10.134 2.008
123.790 -57.642 -4.349 1.974
60.246 -36.271 113.568 1.961
14.178 11.976 -83.665 1.960
62.266 -135.895 -6.499 2.080
-156.327 184.511 -122.217 1.910
114.948 -86.490 130.673 2.081
-222.394 -111.221 -84.744 2.147
37.498 -90.106 -87.754 2.045
-145.062 -65.152 -64.015 1.914
-151.305 -173.779 68.951 2.012
194.076 124.727 129.163 2.009
-192.713 144.496 -11.040 1.893
98.940 -127.268 -70.815 1.881
146.261 145.822 67.962 1.944
-152.978 -137.929 -26.678 1.865
28.793 155.642 135.275 2.029
-66.430 7.808 -128.610 1.883
128.355 129.329 -6.697 1.978
171.481 -4.945 -190.015 1.879
124.989 9.468 -100.593 2.023
-6.259 135.148 90.748 1.968
98.083 -86.221 119.203 1.927
32.461 -160.838 -114.579 1.840
174.916 -130.001 -129.685 1.905
82.148 -135.327 -167.023 2.213
-170.007 2.276 25.640 1.920
173.889 -119.330 115.472 1.928
126.488 54.604 176.983 2.164
148.268 -32.760 -105.578 2.011
-21.958 -37.562 -17.337 1.991
-122.994 46.238 -72.331 1.901
-148.737 78.908 -180.215 2.026
-106.410 -70.293 -147.312 2.016
-151.302 -76.116 31.555 2.193
110.540 -83.500 51.786 2.019
128.406 -165.982 -177.971 2.145
-207.767 -116.697 112.875 2.034
-80.658 -143.655 -75.139 1.958
-159.759 -10.075 77.629 2.070
137.014 132.622 -39.183 2.043
-34.441 113.217 59.344 1.867
88.703 84.906 -59.144 2.180
-222.155 -59.667 191.901 2.080
125.825 -51.388 77.484 2.188
163.774 -0.637 101.450 1.995
-92.781 -32.966 -135.352 1.876
-149.782 141.926 6.955 1.941
106.700 7.974 7.012 1.943
212.458 30.001 79.540 2.061
-104.296 163.914 61.396 2.058
-198.253 177.764 -157.968 2.091
-172.397 61.659 -72.389 1.971
-109.413 -168.670 118.285 2.162
205.119 28.390 87.495 1.894
139.168 132.660 12.821 1.983
171.081 -186.292 -181.911 2.136
-15.427 -117.119 -157.902 2.057
82.775 26.241 -117.643 2.034
-139.123 117.524 129.212 2.027
213.575 -116.199 -186.070 2.048
198.032 80.213 -129.441 1.933
-35.322 73.792 -50.930 2.195
-100.879 127.201 135.196 2.154
16.312 -165.852 48.027 1.998
-142.516 157.824 190.548 1.988
215.162 -55.593 -18.491 1.880
34.019 -90.973 161.483 1.870
8.858 -53.881 -25.941 2.132
219.300 -54.057 -179.879 1.878
116.536 -96.108 -161.172 2.159
-171.226 89.739 172.915 2.103
-17.241 106.123 -139.851 1.951
196.320 -30.978 132.173 1.969
-145.507 -142.767 22.413 2.055
-38.279 108.641 -120.291 2.036
75.302 59.980 16.804 1.897
-213.705 -73.177 -8.063 1.934
85.209 44.481 -41.969 2.016
-144.839 49.017 195.322 1.913
-178.670 -166.531 -137.230 1.891
45.993 126.547 47.896 2.127
8.473 -73.418 6.180 2.095
-188.162 120.489 -145.170 2.101
4.851 -31.991 197.386 1.910
164.759 -10.091 132.404 2.026
54.446 170.138 39.394 1.942
-14.788 177.539 -40.089 1.976
73.510 86.424 57.784 1.820
194.254 51.936 -183.564 2.119
-2.365 -94.175 -50.498 2.038
-33.706 -28.044 -55.478 1.967
-169.242 -182.978 78.936 1.905
157.902 31.678 15.530 2.059
165.704 22.683 -197.711 1.972
179.561 81.033 -157.342 1.897
73.203 55.885 195.485 2.010
-74.557 103.035 72.756 2.238
192.263 -19.818 -162.889 2.029
219.576 -98.991 -55.774 2.093
-35.213 76.370 -50.099 1.956
-17.569 -119.765 141.388 2.095
-31.797 124.834 -5.540 1.955
-66.720 1.155 -128.666 1.960
-201.317 4.621 40.308 2.083
41.873 -128.140 -16.582 2.046
-142.677 15.779 -103.445 2.045
208.400 133.570 -145.141 1.899
-202.714 84.695 188.948 2.054
89.740 8.701 -14.529 2.033
171.851 158.050 133.784 1.989
214.572 172.446 -183.864 2.008
105.005 -113.392 2.022 1.948
31.124 39.102 49.005 1.775
-141.829 47.253 142.564 1.979
-12.248 21.490 -140.878 1.896
124.499 15.785 111.491 2.045
133.661 -179.704 -44.657 1.964
135.165 170.080 -174.758 2.064
65.576 151.234 32.533 1.916
195.801 -154.512 147.010 2.023
79.144 188.269 4.333 2.091
-210.033 64.373 116.966 2.020
126.075 -81.064 128.253 2.109
200.837 75.534 57.507 1.864
219.614 180.211 -27.333 2.032
-181.115 181.422 43.174 1.930
-3.710 158.034 -16.764 1.889
-74.229 178.937 192.698 2.020
216.443 185.560 158.439 2.053
169.725 129.644 89.205 1.926
69.310 33.974 95.178 1.984
26.924 -127.664 -99.004 2.099
154.174 -29.198 152.387 2.105
-216.216 -104.277 156.810 1.885
-135.613 -64.214 -158.637 2.023
-167.922 -75.611 -162.786 2.266
120.458 -40.690 192.201 1.944
-84.773 140.254 -104.151 1.938
-18.919 84.301 -94.832 1.890
-117.217 -107.969 26.680 1.995
79.433 132.483 -88.264 1.904
23.012 -87.836 -174.337 1.967
136.443 78.350 -140.645 1.978
-182.224 -82.972 179.148 2.064
115.254 38.804 -188.217 1.832
134.450 -138.517 -53.611 1.952
-166.956 171.679 42.039 1.956
-10.785 -138.695 -175.726 2.053
-170.682 -50.824 -122.803 2.136
184.910 -111.856 121.918 2.228
130.993 -156.905 120.936 2.070
-129.408 -77.243 134.569 2.065
63.509 61.328 93.485 2.121
-172.810 -22.925 -106.018 1.984
-219.544 44.108 33.600 2.108
-0.201 84.986 141.194 2.151
-1.133 159.411 -165.024 2.119
-83.628 -164.813 199.677 1.973
-67.259 101.836 182.311 1.931
196.475 98.490 -84.281 1.844
137.493 142.803 145.089 2.061
-41.425 -151.070 -22.747 2.180
-223.784 -97.242 187.229 2.138
71.316 -153.872 59.391 1.982
103.914 111.345 89.919 2.121
99.002 -12.782 -134.693 2.187
-8.013 148.268 125.769 1.772
200.378 138.256 -5.277 2.198
-34.294 104.153 -38.943 2.082
-179.482 -96.456 -52.766 2.040
-107.605 74.513 -193.264 2.096
169.050 121.676 165.918 2.027
-52.300 -132.944 33.992 1.844
148.741 -71.908 -59.034 2.108
31.016 67.618 -167.108 2.100
57.631 46.974 -32.993 1.941
214.273 120.923 -111.404 1.947
-61.112 -108.823 -39.615 2.066
-13.629 137.991 36.897 1.828
-76.298 -45.618 -94.653 1.887
-12.026 -43.806 -196.688 1.889
82.840 -62.608 94.583 1.990
101.654 -33.609 189.042 1.921
61.118 -106.563 130.846 2.093
-102.212 -104.292 -24.755 2.034
-121.726 157.417 -160.668 1.977
84.244 74.445 187.086 2.189
-42.657 -89.841 -106.181 1.949
65.567 178.148 176.680 1.992
20.138 -141.365 -111.361 2.066
100.718 144.841 30.970 1.918
89.253 19.061 199.292 1.922
212.857 -63.841 -44.627 1.985
153.325 170.486 195.951 1.900
-76.548 -113.222 -183.501 1.977
68.845 40.404 -42.252 1.933
63.794 -87.562 62.967 2.016
-64.783 -89.738 53.211 1.999
-53.962 131.774 -168.558 1.995
22.045 105.434 -124.276 2.052
104.933 -116.932 -143.525 1.953
-31.948 -156.196 173.614 1.834
161.890 -113.921 -14.387 2.153
-12.906 103.058 -170.463 1.892
77.428 -86.531 -133.347 2.027
-6.900 170.116 -57.353 1.929
-113.967 42.622 -78.776 1.781
91.128 -68.823 68.817 1.924
-150.155 -100.621 45.839 2.063
-208.330 186.154 43.914 2.148
-134.758 127.803 -145.318 2.102
-215.169 -171.951 -96.566 1.907
-124.395 -88.567 -161.340 1.951
-219.863 -187.205 -57.829 1.900
-12.913 150.023 -185.283 2.046
111.439 18.248 114.538 2.092
186.790 -77.246 -129.187 2.007
-208.066 182.759 -155.613 2.016
12.632 -78.656 -75.479 2.043
65.164 168.095 171.960 1.997
-81.537 -152.254 -8.365 1.902
133.166 4.313 -178.638 1.992
-122.743 -120.117 93.339 2.013
-89.256 136.393 -142.211 1.932
-28.608 -105.619 23.579 2.156
90.403 164.641 -151.394 2.091
143.061 -142.586 -199.829 2.176
-33.207 -89.241 129.559 2.091
5.042 172.989 -122.144 1.971
-78.826 15.233 -101.276 2.022
-218.959 -89.343 -156.391 2.025
136.583 -65.076 5.931 1.952
113.149 104.245 -102.937 1.951
148.915 -143.561 -22.122 1.901
89.276 73.843 61.000 1.963
-157.469 -101.778 14.510 1.915
-99.623 -12.533 151.106 2.018
-129.056 47.844 16.140 1.989
-147.346 177.831 -153.808 2.012
-140.249 -181.580 -165.965 1.881
-144.925 -119.153 199.878 2.057
224.973 171.649 -102.422 1.823
-140.878 -127.265 -109.443 2.170
-42.892 51.145 -104.206 1.891
26.463 132.886 -132.368 1.991
58.579 -149.806 77.877 2.028
-116.808 -70.777 -177.441 2.136
215.183 108.783 -95.764 1.941
-22.690 -63.188 39.448 1.766
-54.006 -98.842 -37.226 1.943
147.662 107.352 88.887 1.898
58.080 71.393 -77.252 2.094
201.997 146.262 -154.369 1.920
-18.314 -143.155 -153.204 1.919
-104.905 -35.031 -47.358 1.977
-89.210 31.368 127.300 2.133
-160.508 -63.773 121.867 1.992
-199.388 105.677 -87.712 1.945
-203.088 -33.026 40.235 1.878
27.908 -169.829 140.572 1.944
-196.282 -13.260 93.563 1.889
207.788 -2.583 -26.171 2.019
-18.555 -139.854 -44.196 2.030
-155.724 154.728 -31.573 2.067
-23.699 -35.807 -28.959 2.083
12.380 108.675 -151.293 2.096
9.447 -38.064 169.287 2.033
-207.320 -109.291 197.768 2.026
178.115 105.507 131.216 1.999
-66.482 -46.763 -127.059 1.998
125.969 178.421 -93.373 2.155
-114.129 103.236 -66.170 2.028
-182.893 98.538 -1.520 2.054
124.719 -178.173 -51.966 1.999
24.224 114.140 -100.338 1.939
-135.530 15.714 51.344 1.915
93.970 -41.050 67.289 2.055
200.198 187.590 137.386 1.953
128.755 -43.355 54.522 2.120
216.710 -49.923 141.206 1.997
194.236 4.200 -81.711 1.991
-89.793 42.367 -9.157 2.071
205.433 -164.687 153.618 1.907
30.831 23.796 190.569 2.092
-33.043 -144.732 133.429 1.974
-65.350 -171.701 -81.495 1.986
156.729 89.947 183.225 2.145
181.875 -77.073 121.670 1.968
56.152 84.658 -100.774 1.950
-105.456 33.969 -0.333 1.956
-193.066 3.640 -84.844 2.158
-132.334 57.884 -53.594 1.980
96.044 -21.263 -65.624 2.013
-161.313 93.353 -83.327 1.850
195.981 -154.101 -56.835 1.915
167.634 -115.401 129.666 1.997
175.200 -85.169 -119.743 2.014
-15.987 38.321 17.018 1.897
-92.659 -10.443 -144.811 2.161
-21.984 -76.459 -24.754 2.184
-221.221 131.095 110.550 2.058
-213.290 -49.965 -57.483 1.926
47.377 62.666 -176.656 2.038
102.810 -12.205 -139.279 1.994
156.758 53.446 -167.356 2.097
-181.313 -75.455 162.790 1.959
51.189 -134.482 -32.237 1.975
46.033 161.796 68.947 1.979
-55.648 -18.165 -16.310 2.079
-103.902 -140.223 -61.120 1.824
-130.264 -126.897 117.477 1.881
166.893 92.870 -157.292 1.946
-208.977 -145.450 194.989 2.014
-53.267 -50.799 162.992 1.917
-1.110 50.511 -65.272 1.942
202.148 -47.710 -37.718 1.973
199.001 161.489 -198.135 1.969
-186.166 65.204 98.141 2.040
-102.033 2.971 -163.001 1.930
209.045 1.634 164.947 2.082
205.907 -96.065 77.411 1.832
189.194 68.920 -88.166 1.940
80.242 56.704 22.162 2.115
-65.300 5.885 -14.308 1.962
-91.585 -18.548 26.427 2.029
94.018 -32.461 -116.654 2.074
-184.313 36.606 -159.778 2.107
-180.402 -21.309 199.875 2.058
56.978 -28.261 6.882 1.927
85.002 187.743 53.093 1.858
-52.693 18.097 -30.410 2.060
27.837 165.152 -24.165 2.021
138.779 88.747 183.152 1.981
206.705 -74.136 -87.594 1.967
85.674 181.136 -122.939 1.888
