160.341 149.891 -199.003 2.098
161.737 4.533 83.518 2.136
33.589 168.269 83.968 1.923
-192.861 36.946 56.773 1.978
-153.264 -103.946 -4.364 1.996
-118.154 -123.786 -123.667 1.959
208.727 4.721 -81.177 2.094
-81.516 111.217 -165.062 1.937
-51.636 -74.685 144.142 1.932
-129.016 136.980 -95.891 1.881
105.854 13.052 -199.280 1.946
151.118 -64.873 18.679 1.844
142.473 160.453 102.897 2.077
60.247 -61.274 173.614 1.890
-39.767 -146.526 46.636 1.806
-88.626 155.944 57.299 1.893
-196.040 -149.737 128.563 1.893
45.874 174.230 -106.462 2.206
-131.873 110.325 -97.967 1.888
56.742 68.648 86.925 1.978
169.430 23.919 74.325 2.019
-170.600 7.601 0.939 1.959
87.925 34.861 -95.893 2.007
72.957 -6.170 61.332 1.824
-61.954 4.488 -163.929 2.051
69.221 17.991 111.007 2.144
186.495 123.751 93.849 1.931
-130.840 -139.705 145.406 1.941
114.610 118.071 166.037 2.010
-156.029 -137.338 -29.601 2.046
-209.163 149.002 -107.746 2.026
-34.907 133.168 77.779 2.044
-61.202 -77.378 169.588 2.104
-82.167 -73.609 60.033 2.056
16.570 -45.803 114.774 1.972
-5.774 165.889 -181.408 1.936
-24.195 163.750 48.144 1.971
-44.486 -37.639 -27.270 1.989
-36.579 145.962 -196.210 2.050
-210.458 -75.505 75.295 2.037
128.319 111.645 -43.958 2.031
125.715 129.917 -104.040 1.974
-67.378 -32.183 -59.081 1.872
8.061 -97.778 121.036 1.955
96.135 15.149 -142.337 2.111
6.287 158.621 -175.050 2.173
-28.176 32.887 33.946 1.872
-213.768 57.477 -40.095 1.948
-148.423 80.872 -147.427 2.033
-69.510 119.132 -197.027 2.057
86.179 -111.170 -30.065 1.979
100.333 114.313 -6.767 2.061
-23.849 -147.474 171.185 1.923
-95.217 -134.437 131.379 1.753
12.671 173.994 179.275 1.979
34.020 121.836 -58.012 2.002
-189.352 -172.860 72.586 2.121
-15.916 -36.860 -129.647 1.920
91.045 -101.424 -174.027 2.006
-13.150 44.461 -117.418 2.181
-190.901 174.479 187.684 1.883
-70.647 159.891 -128.735 2.014
192.406 -16.014 -21.310 1.952
-171.402 -47.764 185.274 1.981
136.345 15.144 62.998 1.783
203.711 -94.700 12.884 2.040
218.319 -99.287 32.155 1.774
-177.270 85.440 -106.338 1.929
79.350 53.755 156.269 2.083
-49.830 76.292 -71.734 2.090
9.028 46.024 -26.713 2.089
-46.617 -179.997 96.952 2.031
135.666 -166.206 105.203 2.132
-215.032 -30.264 29.276 1.934
-2.511 -55.478 -61.853 2.065
166.242 -154.216 -61.745 1.880
-87.959 -106.041 -197.027 2.002
-36.735 -107.040 -93.140 1.859
69.490 -93.574 -102.368 1.885
-180.035 -133.841 12.378 2.050
-35.097 185.219 64.108 2.014
131.094 186.897 182.445 2.074
-197.903 86.468 71.459 2.029
198.375 49.597 104.971 2.075
39.189 82.162 -149.701 1.728
-203.467 1.097 65.263 1.946
-32.422 -182.321 132.318 1.949
-46.435 -169.642 -194.626 2.092
-42.459 41.281 87.132 1.904
150.272 -120.569 -191.440 2.192
-102.565 -153.660 63.418 2.097
-27.534 8.670 189.993 1.933
86.516 -189.379 -33.009 2.046
-93.272 170.558 191.851 1.943
117.795 136.394 -6.092 2.047
-150.343 43.436 -189.392 1.933
-84.977 27.434 170.016 1.902
-82.460 35.065 122.947 1.948
197.896 178.239 147.711 1.896
-38.177 66.597 -166.357 1.966
-12.885 68.670 55.819 1.957
-210.010 -96.911 79.443 1.776
158.228 124.591 -76.198 1.958
179.914 49.633 -16.664 1.949
-6.456 126.844 164.127 2.055
-148.224 -16.905 -41.920 1.976
112.771 124.286 -199.733 1.889
75.161 39.970 -62.210 2.101
182.698 -35.443 -125.855 1.999
-58.186 17.579 -33.059 1.886
-78.118 71.078 -78.231 2.100
-33.522 -91.126 -167.516 2.087
70.712 -60.947 -130.898 2.109
85.020 -79.955 -5.203 1.897
-4.933 8.557 81.199 1.775
-53.383 -57.761 -0.386 2.149
61.546 102.318 15.467 2.171
216.244 -16.404 -91.072 2.080
46.083 -138.327 118.465 1.991
40.699 -16.945 -62.671 1.849
-69.267 70.820 -46.761 1.988
-107.785 -172.607 -174.043 1.986
148.739 -41.364 125.060 1.844
-211.017 -60.959 114.044 1.971
-120.117 -159.829 0.429 2.018
204.065 80.795 193.162 2.096
191.454 34.240 136.154 2.045
-107.568 155.732 -197.252 2.015
-27.034 158.857 -192.658 2.075
28.779 -178.710 123.386 2.127
-67.456 -80.046 120.447 2.304
-200.504 -80.554 116.216 1.964
-24.067 167.377 -128.362 1.838
151.176 98.896 -40.355 2.168
-99.305 -93.186 -101.174 1.909
27.750 187.766 13.618 2.167
-186.695 -127.641 -143.473 2.149
77.197 -47.314 -199.864 2.197
-74.998 -5.713 -80.248 2.208
-58.384 -85.279 137.478 1.789
82.248 -185.027 -190.161 2.083
100.706 188.229 -150.676 1.905
-20.946 -82.980 -43.475 1.963
-135.228 144.740 -162.228 1.984
154.793 77.542 -196.750 1.878
-205.795 -87.348 -163.119 1.946
40.275 102.427 147.949 1.976
-11.684 6.942 51.508 2.147
-36.694 -89.963 -191.216 2.007
202.255 128.875 -54.630 1.880
-93.171 -52.424 -114.523 1.947
-32.533 42.681 -196.878 1.878
-195.180 -118.068 -32.618 1.932
187.696 -130.132 -52.620 1.900
181.844 156.661 53.779 1.850
85.771 -164.429 150.288 1.771
219.966 -135.994 -46.603 2.024
133.874 89.226 -5.673 1.888
164.549 -103.780 121.724 1.910
188.142 -53.450 -59.299 2.042
15.474 -81.024 89.578 2.177
0.579 93.110 -136.198 2.112
94.875 8.162 29.790 2.031
-111.976 -106.477 -30.733 2.080
-172.380 84.691 -136.602 1.989
179.884 -30.978 -173.666 1.903
8.364 -129.690 -113.723 1.916
-28.251 -105.164 18.788 1.973
-187.538 64.401 -81.574 1.818
-12.232 -90.539 -172.233 1.951
-98.936 -35.848 99.366 1.909
-187.777 99.170 -191.403 2.045
-53.731 -0.646 -183.151 2.015
6.156 -165.833 16.627 1.996
3.538 143.136 -14.179 1.830
-169.581 -142.694 -4.429 2.010
141.265 71.526 158.594 1.974
-35.630 -169.403 167.954 2.034
-79.807 116.251 -180.987 1.933
-111.806 92.076 -26.346 2.102
202.459 -63.235 -160.732 2.010
61.485 -42.101 132.875 1.997
211.668 -173.921 154.070 2.010
74.157 -66.810 -112.612 1.969
116.983 45.213 177.012 1.946
62.134 95.342 135.153 1.958
-34.940 -87.301 11.483 1.992
18.593 20.076 -190.085 2.073
-170.120 -152.518 76.167 2.047
-63.459 -17.501 26.589 2.035
-179.535 -40.156 158.897 1.905
1.128 149.465 34.585 2.060
29.186 -76.951 -125.141 2.076
175.839 -163.205 -44.002 1.786
-79.398 2.040 -184.901 1.863
-149.142 -18.564 -194.016 2.173
77.005 91.778 34.953 2.002
1.226 156.259 -103.245 2.012
-117.711 4.091 -75.092 2.108
159.847 12.471 71.966 2.064
206.086 -152.272 -76.032 1.901
11.822 -152.632 113.238 1.859
-190.751 -78.481 40.824 1.965
5.612 -127.831 155.079 2.022
-177.643 80.745 -154.692 2.212
67.997 57.319 186.425 2.023
123.199 63.684 74.152 2.027
10.822 102.379 -25.123 1.979
-28.267 47.369 65.967 1.994
83.721 -116.133 -118.734 1.908
-97.478 -86.625 92.282 1.874
208.450 16.182 90.722 2.000
-95.580 143.056 -129.390 1.954
-61.280 -165.040 -25.804 1.941
-100.536 -62.429 -107.603 2.038
34.763 -166.975 -73.562 2.019
133.885 182.805 -98.203 2.019
-147.196 -118.176 -90.021 1.959
199.367 77.820 -3.559 1.992
57.049 -143.820 196.344 1.941
61.209 -75.674 -190.310 2.165
-189.565 -179.490 26.513 2.053
-110.365 45.213 23.328 2.025
12.423 47.939 147.594 1.909
-41.127 -81.892 179.870 2.193
-25.588 7.279 -75.749 2.015
-3.883 180.080 -128.245 2.033
73.021 146.390 81.036 1.819
-171.617 168.954 -193.386 1.857
175.421 -177.792 -45.026 2.112
127.751 -50.610 156.552 2.011
124.890 119.007 70.128 2.001
-78.414 48.762 149.806 2.106
-114.864 42.361 65.480 2.078
-205.027 178.834 159.278 2.085
-50.329 27.305 90.723 1.997
-132.318 181.178 -91.642 2.099
-74.588 11.358 172.080 1.735
-100.438 -86.473 -60.535 2.005
-30.976 95.282 -8.840 2.107
106.566 114.398 -94.342 1.937
182.874 -97.910 -181.320 1.950
-181.156 -129.419 162.097 1.904
193.846 0.019 -61.417 2.098
-56.164 -55.426 -98.500 1.938
211.853 -140.426 86.474 2.104
55.658 -63.146 152.677 2.160
148.587 62.462 -20.801 2.046
96.238 -153.053 191.661 2.028
-177.210 -23.628 -76.706 2.127
121.913 -163.574 -35.145 1.988
-26.459 7.996 -12.499 1.895
181.586 74.825 122.837 1.951
-122.284 -49.906 136.975 2.040
-8.387 104.601 113.131 2.018
24.464 -102.019 116.374 2.049
214.852 126.323 84.278 2.062
-153.973 121.870 90.323 1.867
-16.798 -56.308 -69.487 1.984
-21.155 -106.078 158.933 2.022
-79.069 -130.473 71.189 1.970
48.498 -107.026 134.827 1.886
132.905 -158.751 57.476 2.057
-6.349 -134.807 -127.560 1.988
-103.524 -117.172 140.705 2.111
151.627 -167.104 -156.043 2.062
-125.669 -154.949 119.876 1.927
-185.555 128.383 -25.359 1.902
-72.149 -7.144 121.618 2.149
208.708 -128.679 28.701 1.677
-108.621 16.779 -134.181 1.991
27.863 -3.016 61.005 2.048
-205.735 131.112 133.105 1.980
-68.552 57.742 132.879 1.983
-104.712 -182.019 -64.059 1.815
43.700 173.711 29.402 1.893
40.463 91.146 -163.374 1.919
80.574 188.612 -126.754 2.103
32.555 -62.959 -25.858 2.024
-136.408 19.039 -124.257 2.012
110.320 -105.147 -134.953 1.980
1.894 -8.322 -155.709 1.922
40.866 83.640 -51.497 2.053
5.341 -83.145 69.802 2.155
169.155 159.517 6.435 2.072
-132.285 1.157 139.030 2.045
211.934 -185.356 -75.725 2.207
159.492 -4.941 -22.224 1.963
36.012 53.123 -198.539 1.974
11.325 -140.755 53.510 2.285
-209.245 182.219 -194.207 1.865
34.728 74.603 12.143 1.980
161.137 151.144 167.796 2.180
-171.358 147.581 194.109 2.111
187.834 135.952 -128.131 2.074
183.365 -139.200 98.109 2.013
-155.889 184.350 -7.116 1.892
-100.144 65.005 190.472 1.872
90.742 -57.864 -126.893 1.883
61.390 -53.380 -175.260 2.049
-76.003 -135.065 -0.716 2.145
-207.540 -14.796 -17.419 1.965
-46.847 -159.949 -86.383 2.010
85.532 66.187 89.475 1.964
168.898 -85.434 126.944 2.022
-22.539 -127.481 35.155 2.013
-49.532 -129.435 166.024 1.867
59.492 -62.373 151.694 1.933
-60.893 -133.470 189.627 1.901
150.188 155.360 199.279 1.968
-105.088 160.333 103.461 1.894
25.409 35.271 23.109 1.944
135.198 -2.719 -123.922 2.029
-165.281 153.806 -191.747 1.819
107.011 171.283 168.925 1.927
-65.619 189.615 181.070 2.220
-186.358 85.679 35.298 1.794
-64.248 160.071 105.317 2.044
37.185 -24.627 -76.149 1.993
68.994 -61.192 179.654 2.036
-196.875 -93.374 38.170 2.128
-223.216 -95.780 187.893 1.905
215.937 -22.551 70.694 1.895
-105.403 -51.742 -97.857 2.092
-219.413 160.754 -124.543 2.114
-185.863 -136.607 -14.273 1.966
-88.044 -5.497 153.609 1.868
180.937 -8.029 -161.730 2.032
-210.926 -72.210 80.079 2.090
-208.628 -128.482 -14.092 2.059
-1.398 84.933 121.032 2.186
42.076 -1.892 167.093 2.072
11.640 -73.436 -29.918 2.032
-79.341 -169.276 164.487 1.920
181.753 125.429 -65.723 2.024
-70.368 22.511 -160.975 1.936
151.424 -106.992 37.646 2.154
46.990 118.017 -109.613 1.977
-63.380 115.974 -85.430 1.975
57.105 83.086 137.551 1.913
91.852 -117.944 17.127 2.044
117.661 -181.704 -15.854 1.979
72.221 -158.055 114.468 2.124
131.843 -165.285 -70.917 1.952
-62.647 -157.047 151.712 2.083
41.718 -186.306 56.059 2.077
167.797 157.212 26.493 1.974
-51.728 -98.762 -127.553 1.985
19.281 189.936 87.939 1.909
-156.581 -49.448 116.864 2.033
-173.120 -86.039 -86.961 2.084
214.499 82.359 73.579 1.983
7.887 132.180 44.508 1.985
-9.295 -40.632 175.005 2.043
65.898 35.613 -193.709 1.960
106.971 170.876 199.275 1.988
-152.618 -87.144 -113.442 2.070
-162.274 -21.442 -79.470 2.225
-99.221 -7.005 -33.147 1.937
152.820 62.970 -26.873 2.154
46.963 102.499 34.301 1.933
120.113 -127.755 39.972 2.039
10.163 -124.000 23.406 2.002
75.815 65.601 183.556 2.168
-21.903 188.653 93.958 1.933
94.314 -166.728 175.441 2.003
134.328 177.410 -168.528 1.893
123.262 84.296 -48.381 1.907
208.327 32.786 -94.158 2.065
107.739 -128.814 139.507 1.932
97.080 -64.874 22.786 2.036
-70.745 -126.589 1.124 2.049
-53.691 -19.647 -156.165 2.085
219.683 129.119 37.366 2.069
170.588 151.389 -115.270 2.053
-22.414 31.666 69.325 1.999
-128.540 183.982 -135.146 2.135
213.895 -75.017 -167.231 1.924
67.670 -55.145 90.347 2.043
54.027 -23.269 54.228 1.931
29.619 180.929 -10.436 2.007
-17.909 -86.015 72.933 2.020
17.119 -136.015 -144.670 1.863
206.242 -18.099 93.556 2.073
87.991 135.195 -145.722 1.990
-208.394 26.190 111.525 1.943
33.475 187.597 177.085 2.197
23.654 -4.826 -184.561 1.861
-92.468 82.995 -162.239 1.876
-98.443 41.182 -83.342 1.889
63.545 3.630 117.961 2.067
-94.509 159.647 -191.481 1.890
-22.665 -168.392 141.711 1.990
70.459 -146.805 -46.863 2.008
-69.567 -189.668 49.488 1.933
-36.493 -132.265 -161.145 2.099
150.829 -131.879 108.260 1.956
-67.398 -175.930 -161.890 2.076
132.477 -93.123 -135.491 2.010
28.901 121.039 149.214 2.174
118.320 60.770 150.193 1.952
58.933 -11.959 -13.243 1.997
218.213 51.867 -183.586 2.064
39.771 -125.925 3.232 1.981
-51.294 109.008 -52.418 1.963
-54.859 125.192 -78.196 1.974
-123.465 181.461 -164.826 1.941
42.365 157.388 -48.950 1.952
-50.627 4.356 143.795 2.165
19.329 27.590 -43.817 1.905
-182.510 -26.744 -20.313 2.002
-22.083 -57.939 -138.624 2.060
-189.774 -48.201 -161.404 1.905
63.952 112.781 36.580 1.759
40.622 -112.298 181.167 2.081
-46.905 -35.203 -58.221 1.898
144.859 -58.471 -42.921 1.939
-114.860 98.687 -54.234 2.055
-101.175 -101.535 59.092 2.038
135.953 40.699 187.546 2.082
-155.678 -33.995 -156.249 2.022
-168.109 82.656 -141.631 2.195
58.308 133.462 -47.936 2.191
-114.600 -62.486 161.231 2.014
149.133 -93.465 -70.385 2.040
-217.425 -91.162 116.970 2.060
5.420 -65.272 -109.696 2.075
-127.605 19.834 -81.894 2.047
-15.677 150.421 130.714 2.015
8.080 87.994 159.338 2.121
83.329 78.477 -84.789 1.867
28.768 -96.319 -74.939 2.019
-44.222 -58.051 88.675 2.078
-102.795 -2.121 105.428 1.828
-80.019 45.624 65.615 1.874
-33.756 150.327 105.628 2.121
204.314 -3.248 -87.604 2.044
186.518 -60.257 143.151 2.152
-162.169 -167.705 -75.133 1.834
24.734 107.851 -130.403 2.040
81.017 -24.170 -47.163 2.070
-158.114 -44.191 62.646 1.939
12.852 35.894 82.887 1.839
-188.027 108.759 -129.831 1.937
-37.407 -115.317 76.733 1.950
163.026 45.311 -2.334 2.058
26.176 -124.260 -75.374 2.094
84.541 -100.713 192.725 2.074
-96.024 110.125 161.175 2.060
182.009 -61.308 78.740 1.948
-216.218 114.260 -146.106 2.168
-74.503 -100.204 71.605 2.001
157.058 -81.737 -166.255 1.995
192.767 158.293 -171.557 1.965
-120.606 -153.122 27.675 1.838
-92.519 184.003 136.536 1.991
-222.639 82.167 -68.057 1.944
-79.835 -110.221 55.231 1.846
128.908 -118.433 44.406 2.013
-99.339 -17.626 146.976 1.820
-139.531 66.268 -48.744 1.763
-41.841 182.199 1.209 1.909
45.087 13.088 133.643 1.990
-170.570 98.680 151.718 1.930
-205.936 -21.701 162.308 1.686
-158.872 90.708 -145.002 2.073
61.376 -79.079 -191.983 2.035
-193.234 177.637 -31.818 1.984
-95.275 157.342 129.150 1.945
-69.149 -167.085 -13.493 2.147
216.970 137.371 -129.094 1.947
-195.199 74.270 156.770 2.028
44.441 -56.567 -30.319 2.187
-123.428 -44.178 -104.482 1.971
134.810 -78.244 -84.063 2.011
-106.525 -173.457 -124.394 1.829
11.454 -107.580 167.937 2.092
-78.540 62.792 -38.255 1.922
-6.256 57.643 -129.345 1.817
-11.296 157.959 165.762 1.841
122.160 23.588 -22.072 1.990
-79.408 -89.241 58.677 1.893
29.443 75.857 -17.565 1.871
70.355 130.890 -190.899 2.037
204.808 -169.316 152.737 2.087
164.205 -160.927 116.239 1.952
-72.104 -155.509 14.021 2.034
31.857 163.617 145.938 1.863
-222.785 -130.467 -50.299 1.934
223.990 -134.111 66.640 1.868
124.121 -54.876 124.390 2.020
-40.637 -121.851 184.726 2.113
119.192 46.933 47.236 1.997
28.050 -137.033 -60.751 2.078
-68.358 -142.960 -79.735 1.886
134.060 -133.142 -66.634 2.147
203.295 87.353 -195.298 2.158
14.970 51.951 -4.489 1.909
184.534 95.435 128.676 1.845
-195.550 -81.494 -33.026 1.943
-167.744 139.082 -110.809 1.937
87.985 -189.835 187.866 2.006
191.830 87.661 -38.243 2.109
110.659 -187.648 -77.969 2.073
32.706 154.925 75.305 1.991
-53.060 -77.505 -9.708 2.132
201.580 -87.573 176.150 1.958
-126.949 -96.663 -68.179 2.154
199.427 162.789 -46.218 1.859
-20.808 -25.607 51.461 1.865
-161.821 -43.219 138.563 1.834
-220.978 72.415 131.472 1.969
195.678 183.436 -26.135 2.041
-28.561 -168.219 45.528 1.937
-130.907 -80.565 101.768 2.063
0.988 -93.073 186.436 1.893
-12.004 -160.107 87.610 1.940
-200.969 -37.449 -69.859 1.944
-75.490 24.517 -45.815 1.937
-32.928 157.080 -31.969 2.179
134.048 -133.014 152.361 1.960
-73.431 55.865 173.290 2.076
124.550 -9.654 -84.624 2.009
103.080 50.708 -50.806 2.056
41.857 128.758 77.063 1.959
209.576 -4.571 121.946 1.901
88.859 58.887 177.679 2.128
123.917 21.365 48.667 1.999
-126.339 -120.148 -93.221 1.943
-23.752 -172.830 -32.256 1.977
-72.133 88.274 -107.996 1.933
-76.555 35.804 83.764 2.091
62.064 138.464 -169.374 2.005
-15.408 -5.869 74.941 1.896
-173.758 55.421 123.827 2.012
-139.902 118.946 -133.065 1.987
-74.030 -144.881 -62.309 2.097
133.980 -31.724 7.447 1.959
-127.733 -184.331 45.482 1.982
-203.920 -175.446 168.450 2.063
-96.493 -168.222 29.251 2.081
-204.647 -49.825 -1.015 1.990
-65.887 94.324 74.576 1.870
-221.345 22.903 134.656 1.880
-89.924 -20.365 104.845 1.884
-133.446 -170.860 102.553 1.941
124.873 -89.385 107.804 1.870
54.393 147.233 79.268 1.919
214.464 -152.668 -101.002 2.051
-114.762 55.237 143.756 2.233
150.093 81.608 -177.067 1.982
-210.483 143.090 84.121 2.047
207.525 176.760 -130.714 2.172
120.244 133.902 -24.978 1.892
213.628 32.736 166.568 1.949
181.505 177.165 124.358 1.847
188.159 -57.757 72.402 1.960
18.189 -101.699 -159.051 1.797
-90.222 70.763 -17.289 1.946
-116.923 58.063 -92.105 1.995
55.665 88.672 -89.464 2.148
-66.923 -142.355 84.512 2.135
98.949 130.403 41.155 1.824
-148.281 -119.836 32.413 1.911
72.820 3.192 -15.564 1.844
146.293 127.412 70.459 2.049
48.879 -153.224 -49.395 1.931
178.857 141.452 180.075 2.108
72.498 -77.733 136.671 1.835
77.900 -130.574 -153.078 1.915
110.186 -101.799 -199.810 2.132
-114.028 70.764 8.393 1.874
216.212 -178.591 -189.917 1.979
50.211 -108.743 133.653 1.895
214.826 152.856 15.260 1.923
212.637 -127.072 -64.973 1.981
136.031 8.545 185.286 2.062
-171.863 -76.591 -107.859 2.034
123.622 68.120 -90.352 1.909
75.270 140.523 166.545 2.107
114.888 85.475 143.491 1.917
120.075 -141.210 134.332 1.867
-18.674 -35.207 124.933 1.992
181.079 -41.695 -198.285 2.010
-69.708 -143.709 139.671 1.877
158.056 -88.084 -188.125 2.071
137.209 75.043 63.589 2.051
90.788 67.039 -103.338 1.962
47.437 -168.504 60.862 1.879
-216.692 -90.206 57.297 1.833
-56.659 -20.411 -142.763 1.860
-95.657 -151.013 -15.036 2.250
81.656 -88.492 -77.434 1.948
172.230 182.545 -29.183 2.008
62.019 34.372 145.573 1.820
52.197 -47.550 -63.943 2.004
-115.543 -128.369 -142.027 2.006
-115.659 65.449 76.364 1.899
75.888 -74.230 -27.408 2.085
-159.977 -23.631 3.776 1.973
-85.150 94.693 2.950 1.830
63.426 68.908 -136.694 2.204
158.220 177.076 -19.955 2.066
64.684 167.306 -75.962 1.944
-99.154 87.696 42.393 2.022
93.928 -81.739 -147.118 1.998
64.101 -108.687 40.145 1.933
8.642 11.768 124.038 2.052
-83.601 181.988 28.620 2.042
59.254 4.897 -91.046 2.018
-32.256 -92.286 -85.413 1.953
192.711 -65.969 174.225 1.968
72.439 155.438 -167.976 1.976
-179.254 -43.168 89.907 1.861
57.815 -151.888 -178.841 1.915
-6.940 84.419 -118.873 1.990
-118.163 -24.872 -99.814 1.981
213.189 -27.459 108.108 2.114
-209.822 -165.933 20.783 1.947
41.554 -100.983 84.193 1.877
-198.956 -72.415 -118.425 2.151
-7.232 -46.935 -58.777 1.842
123.876 80.401 -121.727 1.961
-135.090 59.969 -37.148 1.997
-167.476 -184.934 92.909 1.803
38.042 -49.515 -60.985 2.071
-93.347 189.582 -193.946 2.023
160.636 -24.973 28.534 2.154
121.260 -58.113 181.821 2.082
-217.510 116.008 -82.570 1.973
130.868 -81.393 68.406 2.049
66.905 -147.087 -188.009 1.973
-78.238 150.988 189.814 2.067
21.429 120.305 -146.869 2.028
-139.910 10.329 124.003 2.112
165.326 -172.727 -121.112 2.020
-141.638 -83.101 80.537 2.043
88.219 164.179 194.226 1.904
-65.978 36.273 154.424 2.033
69.663 73.224 8.454 1.916
166.712 87.974 -38.921 1.903
64.695 -184.662 59.175 2.179
45.169 154.742 185.308 2.055
4.552 -34.327 145.922 2.103
-8.324 -64.404 -158.497 2.036
106.777 91.650 -146.348 1.940
173.306 88.489 -32.500 1.918
16.648 -161.172 -68.214 1.887
38.974 -52.028 -197.750 1.983
163.348 -146.563 113.007 1.938
-217.275 -137.705 -21.580 1.982
183.730 -105.292 -17.535 1.936
179.692 61.536 -148.114 1.931
175.943 -30.948 -44.505 2.091
-0.560 4.115 165.316 1.973
163.485 59.937 -188.554 1.912
177.222 113.407 -56.070 1.945
169.752 -177.068 -52.551 1.972
-211.945 -111.548 141.324 2.055
72.879 -117.392 -28.842 1.968
139.809 -139.430 -49.172 1.793
-84.416 -176.968 103.526 1.927
59.762 -109.419 -62.847 1.958
-102.175 97.508 145.749 2.057
-155.731 21.257 60.330 2.096
-222.851 -151.673 189.549 2.011
-22.115 99.167 29.209 1.954
-130.386 135.005 -114.603 2.049
47.007 95.648 108.427 2.006
-59.296 -128.372 -34.242 1.977
-81.677 -95.047 -85.050 1.870
-162.175 103.941 -15.932 2.013
113.906 88.324 -192.056 2.154
147.255 76.512 106.839 2.101
116.946 115.608 161.906 1.913
52.101 -77.799 96.332 2.027
-146.614 149.008 -157.073 1.803
163.111 16.926 -138.583 1.928
-112.674 -50.311 26.637 1.882
-113.877 -153.805 11.350 2.074
-139.857 -42.093 -151.450 1.978
82.084 -22.127 -3.264 2.147
176.135 70.083 -112.756 2.089
-75.230 160.472 -89.804 1.921
129.461 -62.624 -33.626 2.070
-59.045 13.308 -118.888 2.073
38.392 91.991 -186.625 2.082
179.416 74.347 -62.591 2.085
94.863 124.357 -150.616 1.881
13.926 96.245 -90.947 2.084
-164.720 140.818 166.710 1.992
126.052 -126.315 -29.029 1.977
99.027 -81.425 -50.573 1.976
-120.650 21.841 -108.966 1.992
51.112 131.678 -104.532 1.983
5.685 -24.729 -63.821 2.034
-204.981 -115.725 -181.014 2.083
107.388 137.899 -106.375 1.815
-133.202 -14.096 94.603 1.944
-34.000 12.049 -24.945 2.006
11.957 -160.234 49.082 1.870
13.589 177.373 -162.220 1.986
-21.239 -57.030 114.206 2.011
-25.966 -151.541 -124.241 2.016
60.111 84.424 -116.650 1.879
-221.211 -98.773 138.142 2.152
-95.109 72.194 67.363 1.980
0.823 149.252 -118.850 2.091
-123.199 185.654 -24.092 1.968
-100.977 -154.457 -93.532 2.132
-46.300 -131.752 -175.936 2.114
-187.021 -102.789 -161.311 1.907
105.692 -158.626 -68.368 1.971
-64.784 19.856 56.990 2.119
53.725 182.177 -180.123 2.012
154.633 -153.843 -39.945 2.024
52.964 68.323 -119.459 1.886
59.758 165.898 -169.396 2.000
76.586 -169.317 -86.712 2.055
32.774 13.328 27.868 1.928
-89.052 -56.483 -88.256 2.034
116.587 35.199 69.495 1.824
179.148 -162.755 -145.593 2.040
-209.127 -114.694 -73.866 1.908
-170.669 -22.180 -114.789 2.020
38.023 37.787 -18.952 2.001
58.161 -6.216 105.268 1.860
18.386 42.836 -187.748 2.049
-88.249 -144.228 -93.761 2.173
100.436 -159.823 -66.711 1.901
221.147 -61.056 180.757 2.017
-217.441 117.508 29.176 2.035
-107.975 -157.715 -17.149 1.916
-155.963 -146.320 9.915 2.176
-91.123 176.576 -101.338 1.889
-32.394 101.846 51.474 1.908
-3.641 159.931 -191.088 1.995
-30.778 156.551 -181.911 2.000
27.761 106.729 45.404 1.879
29.642 19.474 131.240 1.997
-165.635 -121.547 -3.674 2.056
-80.552 -173.272 -96.651 2.143
-191.554 -121.476 -44.816 1.907
-172.396 174.172 193.396 1.964
-199.055 -51.986 -97.419 1.974
-98.065 144.861 61.150 1.923
-196.321 -141.939 -96.332 1.892
148.575 68.390 -189.386 2.027
-144.367 -76.997 -54.939 2.006
145.521 135.259 156.689 2.077
-154.605 58.816 -196.213 1.918
170.418 113.863 98.131 1.891
73.480 63.130 -181.238 2.034
172.709 40.740 -51.084 2.102
83.520 11.082 143.226 1.980
58.018 81.139 -83.682 2.170
-103.302 163.407 -86.693 1.851
-167.214 -61.384 -32.269 2.014
87.842 59.415 81.547 1.826
-61.614 16.316 -112.602 1.969
-181.951 -46.860 145.112 2.028
-199.455 155.857 -109.810 1.969
-102.326 -124.915 -111.791 1.870
170.856 123.003 -21.840 1.989
-50.143 -30.080 146.610 1.988
164.112 -99.006 -144.001 2.103
215.113 20.389 12.103 1.997
-200.710 112.053 199.641 2.033
30.581 70.752 -176.819 1.994
114.384 -32.960 -151.635 2.136
205.469 -113.964 146.764 2.060
-95.920 -187.938 161.654 2.152
-32.184 -105.356 118.477 2.304
-96.484 4.116 46.626 1.849
-131.874 176.404 79.994 1.952
-65.037 -47.420 -48.093 1.766
120.316 -43.013 186.442 1.990
34.440 0.257 -26.638 1.990
-37.584 -150.123 52.575 1.999
189.711 -63.067 23.836 1.943
-14.932 -12.494 62.462 1.917
46.031 2.525 90.420 2.145
-31.585 -34.823 -161.526 1.979
202.118 86.464 165.321 2.219
217.924 169.936 166.025 2.034
139.942 94.159 12.669 2.119
-145.282 45.063 11.128 2.097
-38.202 153.600 99.204 2.102
168.250 -181.810 197.700 2.040
161.337 88.235 129.631 1.990
-213.127 62.462 24.504 2.016
20.724 139.735 -100.991 1.913
114.515 -106.317 -63.470 2.058
65.397 97.659 -188.929 1.921
-101.101 106.669 -7.148 2.016
213.814 -36.094 -21.697 2.103
129.769 33.396 -144.425 2.100
-76.918 -176.529 59.238 1.907
109.721 -59.776 -44.716 2.042
-221.369 41.795 2.608 1.952
-107.485 -161.089 71.972 2.044
-15.521 20.843 69.383 1.879
-39.553 35.331 -20.569 2.037
211.136 106.390 159.168 2.005
192.072 -78.152 -4.942 1.983
14.857 -82.509 -47.492 2.110
-202.284 17.525 40.674 1.951
50.558 -58.640 -135.287 2.074
5.407 -175.437 47.522 1.780
129.307 -100.848 -83.242 2.069
-29.036 146.659 192.068 1.936
182.006 90.577 -174.521 1.981
202.489 93.011 -68.428 2.180
-5.451 18.001 32.185 1.906
167.345 94.394 -132.500 2.030
43.403 134.075 -105.534 2.056
-111.397 -101.047 -160.303 1.895
58.351 168.605 195.633 2.070
-91.304 164.356 57.894 1.962
-177.087 -51.495 -67.362 1.981
-72.163 -11.501 102.680 2.028
56.854 -117.002 -78.504 1.995
185.658 -104.320 58.879 1.838
182.252 21.234 -157.416 1.917
9.748 -97.256 139.086 2.092
67.787 -43.585 -57.301 1.990
198.099 -1.349 -127.260 1.869
27.032 177.607 34.065 1.969
-100.967 -123.818 -156.063 1.931
-131.649 -69.436 45.820 1.738
-7.496 138.991 19.868 1.919
189.135 -69.388 56.919 2.038
80.287 172.250 -1.237 1.962
-22.885 -114.473 144.613 1.996
-62.758 -170.373 -81.489 1.863
-150.946 17.855 53.999 1.862
110.976 -42.267 -174.323 2.034
37.350 -115.682 191.992 1.888
151.520 -38.000 162.413 1.844
-82.560 -52.630 -115.442 1.993
128.237 41.466 66.660 2.243
-108.429 143.064 -174.913 1.904
91.645 22.244 30.636 1.999
-123.560 98.945 198.319 1.944
115.247 -184.100 -95.743 1.980
-168.169 -150.437 -156.634 1.896
135.513 17.688 -61.978 1.926
-28.953 -95.375 -157.872 1.917
-21.439 130.157 28.425 2.020
79.264 -27.028 67.482 1.889
165.114 -57.949 -84.343 1.976
-112.654 131.050 -175.061 1.834
40.556 158.661 165.294 1.974
65.244 -121.593 193.673 1.994
204.497 -119.967 -58.374 1.930
-15.032 72.831 -172.342 2.108
77.799 -174.719 -95.228 2.104
155.999 145.849 -125.449 1.997
-119.277 179.807 -183.971 2.085
35.159 -72.948 124.374 1.883
-77.952 -56.272 -6.615 2.038
141.747 144.821 9.047 2.174
88.633 -41.978 -156.905 1.866
-88.609 55.982 -164.224 1.904
-96.162 137.360 184.540 1.942
55.093 157.315 -108.863 2.033
-98.341 92.042 -55.347 1.827
61.279 -155.356 94.415 1.872
-207.161 -53.440 -77.356 2.033
-30.373 83.305 -63.083 1.997
93.076 10.501 91.951 1.965
-26.977 -22.314 -78.209 2.104
-18.179 -101.078 146.694 2.034
-126.643 -136.671 -112.921 1.820
-191.387 88.430 63.966 2.019
-69.802 164.612 173.048 2.197
45.597 116.368 62.153 1.865
168.170 -70.895 159.112 1.969
57.975 -168.967 -139.831 2.056
60.450 -35.803 195.884 2.094
-90.535 142.598 67.608 2.011
-209.243 -66.588 -186.712 2.047
157.041 167.073 -30.151 1.878
-194.900 137.452 -93.033 2.024
-105.302 120.585 77.557 2.081
36.962 96.484 -93.004 2.049
34.233 184.462 34.253 2.106
200.577 -148.084 99.122 1.988
55.565 -21.798 -139.367 2.246
134.452 56.854 -15.140 1.731
204.949 -90.824 46.842 1.952
-112.559 39.795 -29.670 2.033
113.927 -128.577 25.549 1.929
164.926 -137.802 -190.589 1.977
222.636 152.616 173.901 1.923
10.571 0.240 -108.662 2.084
-131.628 -183.680 -158.801 1.908
-89.280 -91.385 -37.836 2.049
-198.824 -133.682 105.494 2.146
-168.001 -12.187 -36.057 1.948
6.965 33.170 -158.312 1.910
-200.445 121.663 -76.189 2.084
143.527 26.625 -173.755 1.755
71.863 160.321 171.487 2.216
88.725 -49.614 46.269 1.943
-6.487 45.316 101.565 2.025
-17.526 116.566 -153.875 1.942
50.129 18.240 -133.234 1.800
76.504 13.001 131.036 2.086
84.323 -51.855 167.062 1.989
-204.334 -45.365 -32.196 1.888
35.586 -115.445 -186.560 2.119
-144.479 36.743 -115.720 2.083
163.280 -128.573 147.691 1.991
156.116 -1.009 -55.221 1.868
185.040 59.628 -173.055 1.875
135.292 27.135 -107.185 1.899
-70.769 -41.125 191.101 2.063
174.569 95.826 84.425 2.017
-115.486 122.679 -126.053 2.011
-5.969 -32.978 198.384 1.927
-178.590 -111.984 114.351 1.941
-82.568 177.267 -13.648 1.888
14.099 -171.388 -27.226 2.162
131.152 -182.353 150.416 1.814
-129.821 -126.560 45.004 2.006
64.873 165.576 -92.250 2.061
-78.078 -180.870 -17.031 1.993
-35.885 76.496 -194.428 2.136
9.651 -38.458 -39.709 2.060
-163.397 -64.447 125.842 2.092
12.224 126.454 -31.861 1.956
92.824 -160.524 3.138 2.023
-180.539 180.388 -11.789 2.125
167.748 25.325 44.827 1.985
219.332 -168.251 -51.407 1.955
136.720 -161.978 -82.237 1.903
-84.185 117.224 15.615 2.100
156.983 51.620 -132.701 1.687
34.396 -179.696 13.676 2.056
-28.282 -135.931 144.938 1.814
72.660 44.583 63.450 1.994
-201.340 119.574 37.092 1.992
132.295 143.237 -22.044 1.925
-130.152 155.820 -64.386 1.904
127.311 29.345 114.361 1.892
191.732 -69.321 4.443 1.955
-153.828 -86.729 91.657 2.087
6.486 -180.714 8.959 1.885
-147.274 -120.792 -105.509 2.165
140.307 -107.971 35.273 1.999
59.948 -106.718 20.574 1.934
215.245 56.922 -81.887 2.094
85.764 -173.931 7.147 1.982
73.076 -55.107 -57.279 2.106
-208.669 -170.353 144.451 2.168
112.655 140.860 -65.458 2.007
-184.037 43.478 -35.964 1.960
25.851 80.640 184.035 1.947
-224.597 58.847 77.765 2.068
22.392 80.117 148.209 2.012
182.059 128.564 7.791 2.075
-121.054 -70.463 -95.784 2.185
207.710 -140.114 9.320 1.824
62.445 -101.919 -61.491 2.063
185.661 -44.509 -23.641 2.071
195.635 -60.251 -93.451 2.095
-3.743 88.807 0.062 2.020
-116.043 -7.196 -192.191 2.033
189.781 115.751 -60.258 2.082
-73.726 -189.578 -10.823 2.046
87.823 -29.057 95.351 1.986
81.561 33.493 35.444 1.965
-151.754 -159.920 185.482 1.997
-93.991 76.787 0.737 1.828
116.751 61.665 78.943 1.969
-138.313 154.170 151.715 2.008
-108.727 -165.596 97.796 2.007
150.595 98.331 194.669 2.154
212.831 172.670 132.317 2.110
-11.758 -67.365 -158.564 1.939
40.847 -60.957 -176.055 1.999
181.971 76.362 -175.153 2.092
202.330 -14.586 4.876 1.812
-33.739 -1.849 111.017 2.147
126.786 -92.883 -108.567 1.959
214.340 -126.826 -136.048 2.225
170.667 -115.990 82.184 2.030
-194.591 -48.259 168.773 2.069
-103.214 -134.776 155.358 2.098
-12.727 138.006 -70.392 2.068
-45.452 -90.356 -109.438 1.973
129.927 151.843 92.245 1.897
-83.704 1.566 182.412 1.968
-215.311 51.316 32.422 2.008
128.603 123.970 -110.752 1.872
-160.115 -90.797 -197.995 1.973
126.594 -25.831 -170.607 1.966
-117.662 -171.079 181.906 1.980
-191.664 -138.739 7.556 2.069
