133.368 64.486 38.787 2.027
-162.508 -132.559 -58.218 2.013
120.918 56.555 181.692 2.125
-134.574 -31.079 -8.369 1.914
197.189 77.475 -196.940 2.017
208.138 -169.779 55.984 1.869
-30.659 -72.604 58.286 1.983
141.657 67.637 158.833 2.070
63.121 -124.875 48.561 1.992
-23.600 -114.281 -61.948 2.014
-212.492 168.921 145.010 1.828
-16.468 -10.636 -152.545 1.873
173.099 52.105 12.645 2.132
-85.443 11.908 -184.092 1.974
-16.444 -54.347 19.140 2.101
-215.854 -23.055 122.876 2.010
217.062 84.126 143.617 1.937
-158.317 175.251 119.754 2.068
-5.076 51.135 -179.081 2.099
-17.306 -183.450 177.679 1.936
-63.007 69.987 -192.767 2.014
87.103 -52.928 -138.397 2.081
62.093 115.053 -70.649 2.041
-141.623 13.388 -104.807 1.949
-215.333 186.508 184.725 1.900
0.921 83.428 -108.522 1.940
212.542 184.652 113.933 2.046
197.340 153.891 -109.178 2.147
165.172 -46.476 -58.636 1.962
107.760 85.850 -69.287 1.883
169.778 -68.453 98.853 1.997
-101.455 -76.342 106.720 1.986
156.553 177.684 47.487 1.742
-69.043 -188.831 -140.466 1.990
175.745 -32.747 52.806 2.125
-167.634 45.250 138.163 2.121
204.353 93.571 -145.179 1.997
161.299 -175.749 178.755 1.959
-70.988 169.933 -152.650 1.939
-136.114 157.317 52.818 1.929
197.351 -104.842 28.977 2.156
-25.219 -57.022 -148.775 1.963
189.981 -13.090 -113.155 1.965
-149.228 149.360 19.459 1.983
-203.719 -178.218 129.973 1.817
131.671 -0.990 10.282 2.161
218.449 4.549 -78.901 2.150
-162.315 56.049 -10.259 2.026
46.921 22.227 -115.273 2.091
221.255 -186.400 35.880 2.211
104.994 58.212 -57.560 1.936
49.570 162.895 144.855 2.084
-190.490 187.974 -68.803 1.994
157.495 47.649 -70.162 2.043
-224.510 17.562 -75.472 2.128
-122.127 78.064 -181.360 1.842
65.481 102.556 -84.381 2.048
-151.604 143.673 -118.561 2.143
208.536 -53.205 -18.141 1.968
-34.918 -146.318 -102.638 1.890
-21.374 -82.800 190.480 1.959
-63.937 -153.197 -144.829 1.927
126.138 153.319 75.949 2.175
-172.435 174.511 95.179 1.969
-145.908 -22.081 155.616 2.014
16.553 159.890 -146.455 2.226
26.634 90.478 -56.393 1.939
96.015 169.833 3.433 1.926
-214.895 -68.605 -53.524 1.953
88.447 118.103 -64.100 1.946
132.469 22.233 -101.487 1.966
-72.174 -93.320 -11.641 2.039
2.004 -53.268 119.690 1.944
210.054 -14.818 0.488 1.912
-108.525 121.703 -97.526 1.925
-203.561 165.722 129.771 1.879
-56.002 177.031 189.076 1.822
146.301 37.276 -1.594 2.068
183.160 97.099 38.667 2.102
-145.134 -135.444 -74.227 2.059
99.084 15.121 139.211 1.913
-16.312 -21.512 -87.122 2.039
-18.135 -110.914 56.070 1.784
-158.285 9.195 136.479 2.047
155.766 8.000 18.362 1.913
157.138 131.616 67.438 1.919
95.928 120.093 -118.526 2.141
135.235 -84.636 -72.554 2.084
-111.835 -23.956 68.539 1.963
-219.080 27.450 -104.967 1.903
-157.846 -33.019 -129.916 2.066
-173.452 178.016 -182.772 1.958
15.706 125.672 -180.130 2.012
-22.813 -5.124 -123.637 2.029
-207.631 58.561 68.003 1.942
77.819 5.198 -192.308 1.858
67.184 -9.443 -90.211 1.920
111.158 -112.292 179.194 1.955
-70.201 61.360 -75.612 2.046
-156.097 -28.861 -184.569 2.185
-76.132 -133.069 159.341 2.016
-85.596 54.990 105.627 2.043
-25.898 9.699 163.489 1.845
-114.546 -149.356 35.028 1.986
193.809 91.614 -190.880 2.134
197.634 111.452 -21.934 1.924
-149.880 -145.965 182.015 1.973
36.521 179.280 -125.846 1.946
-20.612 184.633 -29.983 1.994
-116.404 -2.020 -98.267 1.859
154.127 51.322 20.446 1.881
-16.220 -136.364 -22.551 2.006
147.137 -18.859 172.601 1.933
-190.081 97.979 87.759 1.996
57.408 119.509 -162.820 2.107
150.768 -142.613 108.094 2.005
-136.115 -70.120 75.734 1.881
-30.859 145.395 -10.651 2.075
-16.157 117.249 145.296 2.056
-176.317 -21.234 -83.941 2.099
204.608 -112.629 -135.623 1.997
207.255 -181.239 -199.766 2.027
148.829 154.005 -56.301 1.938
50.075 24.232 181.731 2.140
-86.348 90.101 55.353 2.040
110.645 23.751 183.137 2.052
21.576 -39.415 -127.681 2.096
-27.145 127.033 156.631 1.895
-20.897 115.125 -190.393 1.819
18.363 -95.350 -13.501 1.953
4.010 9.456 93.843 1.902
-180.681 -176.270 168.609 1.788
-41.147 -189.817 140.072 1.770
192.407 -189.378 198.938 1.956
-151.481 -148.616 -39.318 1.901
-65.609 -165.855 -55.462 1.893
-156.494 37.047 -142.390 1.946
-148.164 11.396 68.994 2.005
0.800 -116.425 -37.358 2.013
70.050 -7.055 -125.137 1.867
-139.963 -125.568 -77.318 1.909
-62.550 156.751 90.041 1.913
208.420 155.804 175.081 1.979
-73.564 -137.563 -42.982 2.047
97.262 -185.173 -100.250 2.002
31.104 -112.371 63.195 2.138
7.191 -128.389 -159.409 1.918
-217.125 -44.636 -35.465 1.835
-108.696 -70.740 -175.574 2.030
-207.639 142.299 -13.130 1.961
193.405 161.315 -110.195 1.988
216.538 -33.763 -118.471 1.796
60.082 -118.970 -52.419 1.967
44.005 -67.378 -99.928 2.024
-118.228 -169.233 16.887 1.883
120.586 29.961 -19.308 1.804
-222.650 -102.953 -24.433 1.970
8.363 101.654 129.511 1.964
104.517 96.285 33.165 2.089
-127.614 124.351 -170.603 2.035
207.441 -143.610 -67.479 2.147
-178.451 48.530 121.390 1.965
96.942 133.688 22.467 1.910
-66.353 -154.876 -18.361 1.919
-184.319 -103.871 -40.542 2.099
193.663 77.780 19.021 1.971
-44.087 142.760 8.687 1.898
196.729 172.805 -26.786 1.910
60.345 -121.552 -127.315 2.024
137.467 -23.259 91.255 1.983
25.729 -119.367 -93.057 1.933
-189.330 115.715 139.942 1.908
-181.140 117.066 4.718 2.145
220.324 45.384 65.666 2.142
-109.034 115.688 -0.856 2.040
-167.704 -183.253 -83.379 2.049
35.715 -28.578 180.062 2.031
9.625 -32.746 90.318 1.987
180.383 111.623 116.256 1.908
41.354 161.597 -125.946 2.061
-161.254 159.085 -183.134 1.847
106.499 -171.461 81.846 1.928
-42.937 158.607 -171.620 1.955
157.782 -115.266 127.409 2.089
-39.313 -154.998 97.690 2.110
161.356 -131.790 -161.437 2.038
-78.296 -6.889 -155.864 2.144
-69.508 88.107 18.551 1.926
1.155 140.181 149.963 1.910
-50.858 153.745 -108.206 1.930
92.833 -165.200 168.365 2.066
-53.314 -178.054 -69.987 1.917
-187.670 -122.005 -184.940 2.065
179.918 19.651 15.263 1.956
196.012 52.554 67.118 2.089
-48.595 -72.439 178.859 2.087
134.752 20.885 -164.378 1.895
216.302 132.448 60.514 2.058
-129.430 -100.166 129.142 2.073
99.719 22.089 -94.097 1.951
76.236 -35.133 141.086 2.072
73.039 95.981 173.034 1.779
195.577 7.019 53.353 2.100
67.115 -34.380 177.502 1.958
117.679 -169.900 1.997 2.068
72.012 -183.755 145.994 1.850
-103.607 95.116 170.112 1.977
-157.157 -73.215 -170.153 2.115
162.374 -5.648 -28.511 2.009
-71.277 35.578 81.549 1.969
-73.633 63.267 194.244 1.964
-74.400 -151.416 -138.798 2.149
142.445 -180.696 -102.737 2.119
-125.726 78.651 -134.923 2.157
143.057 12.241 -64.587 1.865
-220.146 -101.939 168.366 2.209
31.616 -177.488 17.250 1.940
-114.987 162.555 147.219 2.090
29.786 -14.569 -9.135 2.042
224.015 57.918 140.022 2.077
113.479 5.363 -110.647 2.071
123.175 97.036 -122.268 1.948
-118.494 -146.405 -99.275 1.916
-27.568 -176.734 -2.048 2.156
-170.744 -35.998 -123.685 2.036
10.029 6.723 100.197 1.993
164.831 -111.176 171.628 2.053
184.473 49.145 -6.585 1.948
-170.435 54.347 174.530 1.945
121.101 34.458 -50.540 2.091
15.409 -178.523 73.297 1.805
-83.899 113.445 -140.291 2.020
184.985 -106.790 150.773 2.049
-43.247 72.912 137.654 1.973
213.954 169.076 194.371 1.899
222.058 -180.083 -59.047 1.949
126.493 -1.638 177.327 2.027
-121.006 -42.253 -87.225 1.986
-85.111 -32.464 66.181 1.949
-5.840 -154.364 -179.975 2.097
177.349 66.873 -198.754 1.930
213.042 -16.485 168.146 2.048
24.603 -30.120 -98.030 2.011
164.317 113.961 186.277 1.913
196.267 -132.015 15.895 2.098
110.780 -26.010 196.653 2.023
138.492 174.803 1.131 1.982
-128.642 132.128 -160.089 2.025
-207.375 127.259 124.080 1.945
-210.367 32.773 -49.187 2.206
-214.583 64.011 45.686 2.019
-203.763 -61.665 154.225 1.956
125.163 -53.535 -91.203 1.959
-13.231 63.679 -30.023 2.089
-28.182 -67.913 64.661 2.026
-68.697 -61.015 -195.931 2.001
109.001 89.749 34.039 2.240
70.760 -102.484 103.518 1.989
-190.876 -184.537 17.436 2.054
-8.830 -88.729 2.907 1.904
106.268 17.776 159.385 1.772
-163.554 69.018 -113.751 2.267
-44.713 109.051 171.374 2.062
23.440 -49.390 -68.056 2.023
172.438 38.605 -173.297 2.025
80.450 -81.821 -180.867 2.053
84.168 94.534 175.392 2.028
-182.290 130.178 -66.977 1.833
-186.954 133.349 -118.703 1.773
-48.216 15.600 -55.954 1.937
-78.073 53.790 122.037 1.908
160.009 23.191 192.206 1.888
53.038 -48.424 103.635 2.037
104.357 110.227 137.776 1.960
-148.652 -112.598 -190.058 2.019
83.337 -176.622 -153.205 1.935
4.883 31.623 -182.342 1.951
-167.505 -41.639 83.100 2.043
222.356 78.857 -169.955 2.071
-213.045 19.557 177.909 1.940
-221.481 -88.438 47.081 1.850
94.319 140.890 196.210 2.025
117.873 -129.963 -196.604 1.954
-13.640 158.206 83.506 1.969
119.298 -161.518 -63.975 1.957
-71.889 59.811 -110.440 1.741
-159.089 -47.401 174.537 1.871
151.259 62.929 -132.192 2.079
-155.382 -161.086 7.111 1.947
52.742 -124.136 23.892 2.204
47.785 88.921 -24.638 2.100
36.969 -86.144 151.154 1.970
-89.729 -33.130 -145.764 1.992
37.117 -17.192 8.654 1.961
-83.116 37.026 -65.910 1.969
-65.026 -164.984 14.547 1.761
136.607 -42.872 -127.475 2.077
175.739 -28.201 131.537 2.026
-183.790 -86.580 -10.133 2.080
-77.456 156.658 162.932 2.040
-86.553 180.786 24.846 1.826
-187.976 -10.780 124.416 1.795
-189.331 90.435 157.294 1.980
-11.517 77.386 37.155 2.057
-134.003 -115.576 192.069 1.975
121.473 -181.660 -127.629 1.993
140.379 88.516 57.383 1.973
205.256 176.663 143.189 2.057
123.555 -96.898 -108.897 1.841
110.383 34.311 130.804 2.072
193.336 175.904 -123.044 1.985
-30.826 -139.776 147.693 2.186
-15.925 56.407 -89.218 1.990
-114.484 12.967 4.014 2.081
37.177 170.427 151.794 1.822
-123.533 61.538 -57.711 2.059
165.811 -167.332 -65.614 2.128
-195.278 -50.536 5.096 2.086
-128.665 148.194 -89.391 1.895
-52.702 -130.477 -52.001 2.061
109.972 160.533 165.678 2.146
-74.569 -28.567 11.479 1.855
-140.202 -131.612 -15.522 2.031
-146.417 72.164 11.556 1.956
-81.616 100.269 -62.222 1.956
91.328 -71.856 68.271 2.043
-123.035 8.799 187.178 2.038
104.926 53.733 116.386 1.961
-81.460 -147.214 -42.601 2.066
-192.597 177.758 179.007 2.136
-22.490 -7.989 193.213 2.104
146.157 -174.178 36.042 1.966
90.463 53.809 21.623 1.930
-218.405 -25.280 156.192 2.112
150.674 57.942 -7.582 2.234
-18.278 117.778 -90.956 1.944
-48.932 -187.301 18.197 2.098
95.536 168.415 -139.674 1.982
130.753 167.026 -1.890 2.097
8.757 105.766 104.052 2.036
-133.919 -126.529 -117.336 1.947
170.055 -90.980 -92.406 1.888
107.360 -23.698 -91.127 1.986
24.578 -128.101 111.317 2.055
-26.465 34.794 123.463 2.060
-25.052 -113.915 -129.330 2.144
91.718 59.390 -106.026 2.030
66.626 66.440 10.414 2.046
13.206 99.096 -64.546 2.058
-195.696 -159.037 -187.925 1.777
-90.634 -123.071 -104.140 2.137
-133.101 -166.720 70.035 2.022
-26.440 119.316 -122.251 1.964
-138.385 126.285 -73.160 2.021
130.425 21.508 -23.921 1.944
57.178 165.309 21.940 1.958
19.457 68.168 -165.185 2.060
-195.058 -130.184 -69.515 1.946
-15.877 53.435 14.509 2.210
-146.794 188.149 -106.518 2.028
-187.458 -148.175 -129.874 2.051
100.016 41.754 -99.230 1.829
-15.550 133.829 144.195 2.048
202.291 -17.770 35.133 1.955
6.104 -135.695 -71.837 1.936
96.204 -182.606 -88.923 2.003
-167.660 -179.188 14.623 1.955
-13.621 -128.691 -171.661 2.156
-145.109 57.884 -163.369 1.879
132.785 76.869 18.973 2.011
-53.909 -98.311 -36.173 1.898
-196.106 -3.669 14.093 1.990
-78.566 140.085 90.748 1.960
195.116 -39.132 183.090 2.074
15.708 -131.548 144.882 2.051
-74.311 104.064 156.134 1.985
-197.597 19.315 -136.073 1.951
-137.403 188.641 -190.735 2.045
203.467 -44.378 -39.376 2.093
222.894 137.718 20.368 1.907
90.128 -173.574 75.431 1.765
197.839 144.505 38.548 1.990
-3.811 72.127 192.975 1.975
201.086 -179.843 -135.657 1.766
-209.073 51.999 -115.135 2.131
179.439 17.843 174.599 2.006
-79.432 21.403 122.893 1.997
-214.142 123.507 115.146 1.907
86.905 63.119 147.506 2.032
169.010 -123.661 177.304 1.895
217.635 51.391 178.076 2.092
31.388 -83.259 -144.734 2.033
-181.408 -148.909 146.420 1.985
3.603 -105.490 -2.026 1.938
-186.742 -84.179 34.072 1.931
160.606 -95.169 64.525 1.825
-195.996 -96.394 -84.645 2.171
-161.341 179.711 -137.441 2.136
33.531 20.472 3.936 1.975
-99.386 127.864 16.516 2.196
37.307 99.206 37.160 1.902
44.246 186.329 -168.283 1.942
-141.676 188.009 22.497 1.862
-133.863 -140.925 81.708 2.022
91.105 140.915 -74.409 2.150
-45.433 86.344 144.208 1.985
-173.586 -90.886 -152.418 1.819
-56.384 69.002 -156.846 2.042
76.644 -116.916 -145.500 2.030
158.849 -110.196 86.874 1.797
-29.262 22.490 95.623 1.824
-9.838 -72.395 73.751 1.960
-68.380 148.882 117.235 1.956
91.014 -89.321 -96.778 1.986
142.202 64.050 -23.911 2.052
-179.787 -166.927 112.733 1.854
-134.631 111.026 126.905 2.078
-175.586 19.866 155.172 1.958
-79.074 64.666 161.322 1.790
157.591 28.665 98.529 2.045
-78.637 167.524 -191.689 1.879
198.295 -132.514 106.192 2.159
-26.992 -34.617 108.566 1.916
-6.080 44.431 125.408 1.957
-14.946 -71.300 125.297 2.216
-94.731 -50.503 127.728 1.852
176.442 -85.644 11.663 2.083
84.656 91.046 76.075 2.099
-66.802 48.704 -199.491 1.999
-202.515 56.025 166.869 1.925
110.051 -170.532 95.002 2.154
-153.874 -9.165 -81.137 2.090
185.544 -139.552 -14.723 2.024
219.111 -118.515 113.173 1.995
30.365 -76.779 3.179 1.986
-169.005 189.414 -25.755 1.893
50.974 157.686 189.582 2.094
-87.301 -13.992 154.757 1.982
153.586 4.170 135.374 1.900
-178.072 -118.909 -94.611 1.942
-116.383 161.131 138.754 2.032
-179.422 55.901 -103.638 1.917
-123.051 -76.573 -16.414 2.004
95.429 121.881 -89.326 2.055
108.818 159.175 102.441 2.009
160.351 183.662 23.347 1.940
216.054 159.687 -90.925 1.955
197.726 -70.437 146.961 1.988
47.365 161.350 96.370 2.063
-71.238 145.696 -79.741 2.011
100.641 92.405 95.366 1.995
71.324 160.935 54.023 2.041
-13.924 94.404 -29.680 1.951
-60.604 70.734 -148.505 2.121
-62.462 76.236 13.398 2.206
-171.513 26.372 -173.552 2.032
205.444 65.108 6.436 2.117
-40.197 184.005 -111.485 2.065
164.539 9.384 27.158 2.021
-165.271 -166.490 163.638 2.007
9.464 61.273 170.976 2.096
-82.565 177.217 -65.703 1.956
13.782 -17.414 -101.347 2.028
60.749 170.524 90.586 2.162
123.435 49.166 -132.309 1.986
-107.237 -144.508 50.771 2.098
90.576 34.805 -185.392 1.854
30.101 -11.321 51.291 2.067
-85.951 -22.941 -17.622 2.073
-133.904 34.567 64.328 1.974
135.121 -158.182 -182.557 2.040
60.802 -188.080 85.649 1.844
41.439 -30.079 -159.151 1.985
167.899 -148.362 136.926 1.986
-207.454 44.206 -7.606 2.020
-41.503 -11.494 143.742 1.827
129.240 52.280 51.630 2.053
-7.230 125.295 -175.751 2.041
-220.309 -41.392 -143.760 1.855
141.505 -45.596 -131.000 1.905
-119.596 87.129 51.000 1.970
80.707 -17.648 42.515 2.072
86.872 2.734 -195.884 2.106
-119.069 -34.982 150.938 2.046
-152.851 -99.889 49.553 2.142
-37.262 -32.497 -53.656 2.097
143.954 -78.062 197.882 2.057
-22.400 -137.359 -116.837 2.096
145.786 145.013 -110.740 1.965
128.577 25.769 -145.026 1.940
-197.509 -8.680 -188.026 1.982
55.649 115.968 -158.315 1.969
-105.609 140.542 -86.461 1.945
-170.962 -24.420 -62.924 2.083
145.288 130.225 -58.079 2.194
109.043 -97.897 -157.666 1.668
-202.785 130.165 75.769 1.819
37.369 -117.895 -7.804 1.994
202.967 80.061 -20.419 2.036
180.932 162.118 -194.728 1.892
176.934 -21.871 -110.643 1.862
131.530 83.015 180.519 1.989
-181.522 -133.316 -112.011 2.058
152.100 -123.811 141.619 1.931
146.833 -110.743 174.345 1.925
80.172 -58.290 55.563 1.968
222.052 134.904 118.404 2.068
117.895 0.199 51.195 1.845
-101.886 -88.933 24.096 1.986
-174.889 31.646 147.182 1.880
-59.354 -9.767 -198.215 1.759
-38.141 76.028 67.801 2.081
185.062 -39.990 177.947 2.110
-151.445 -181.886 99.600 2.057
153.413 -169.597 -107.831 1.941
-20.249 -181.939 -79.604 2.017
148.775 -143.225 59.247 1.815
-83.639 183.927 85.067 2.064
-43.843 -122.127 15.987 1.874
-103.885 -75.382 42.553 2.045
-62.026 -43.973 167.617 1.875
-153.745 -28.601 100.496 2.081
91.410 -111.670 74.134 1.923
-138.418 32.056 -13.144 1.951
-30.195 -26.190 -55.691 2.136
17.779 160.588 142.070 2.028
-198.459 7.278 -114.676 1.908
-159.194 102.839 -107.864 1.839
-163.646 65.675 190.392 1.955
-15.419 -55.079 181.506 2.013
53.956 -169.398 -139.878 1.910
-223.744 163.250 51.564 1.967
-129.249 -18.122 56.292 2.231
-16.020 -149.178 -21.428 2.049
-221.674 34.391 -13.594 2.147
-118.351 84.351 176.175 2.088
-195.921 65.105 7.333 1.823
175.481 102.151 -168.703 2.116
35.480 52.200 92.077 1.983
-98.024 51.490 30.435 2.024
-169.470 -73.438 -176.733 2.121
-217.466 -64.006 -0.866 1.995
-90.176 144.947 146.873 2.135
199.308 -150.500 -141.745 1.995
206.400 30.339 37.870 1.866
92.384 110.937 62.572 1.832
52.883 51.613 49.824 2.086
224.191 -164.001 -63.523 2.016
189.477 -122.603 -27.528 2.041
70.300 141.050 109.532 2.147
-108.563 16.133 -140.498 1.929
163.110 -74.275 -80.021 2.039
63.059 72.460 136.059 1.942
83.932 81.807 199.373 2.006
-65.757 37.029 155.743 1.815
-81.764 183.278 140.198 1.939
39.096 -147.650 183.072 1.959
223.078 -63.995 149.757 1.880
-46.850 -134.426 164.335 2.116
121.324 -24.581 90.474 1.985
-94.625 -120.737 76.228 2.220
196.898 -4.866 1.073 2.169
96.253 103.119 138.541 1.890
-203.264 52.399 91.042 2.164
87.063 64.624 59.162 2.211
71.749 -68.156 147.163 1.883
-147.106 -150.732 4.540 2.106
-150.966 86.799 177.620 1.964
-158.287 126.631 192.720 1.951
-129.618 89.870 -30.087 2.129
-198.085 -188.061 -0.444 1.748
-204.591 98.921 95.238 1.840
53.737 -181.146 -22.383 1.977
-220.887 -53.148 -34.991 2.229
-99.644 120.894 -68.952 1.906
-200.422 -24.481 -20.956 2.141
81.760 179.456 -152.412 2.174
35.691 -162.736 -61.226 1.917
-160.957 55.808 190.393 1.909
7.581 106.357 198.532 2.020
-38.462 -50.339 -194.738 1.940
-76.660 175.271 173.917 2.124
99.438 16.988 45.425 2.009
-11.680 166.699 60.638 1.982
184.454 109.305 -51.556 1.948
-148.759 122.223 -186.940 2.042
211.042 -155.982 -89.933 2.144
-85.878 94.337 -68.043 2.050
118.970 159.551 -13.387 1.943
126.751 136.618 100.194 2.108
43.103 19.794 105.258 1.861
91.734 140.642 -183.663 2.118
96.738 -157.763 55.537 2.028
50.221 100.342 75.631 2.085
201.269 -166.450 103.077 1.863
-103.453 -166.722 -128.302 2.073
-167.683 -147.826 -53.094 2.005
9.644 7.948 -83.792 1.863
-204.821 -109.462 -100.929 1.939
135.420 -63.230 93.924 2.162
-66.738 -149.273 42.062 2.143
-158.069 -19.252 184.563 2.027
12.405 -1.991 194.217 1.765
96.146 -167.352 118.892 1.915
-131.397 -105.840 -4.152 1.886
-221.748 -159.726 123.003 2.044
-86.189 -127.581 -157.967 1.995
191.686 129.200 -74.804 2.052
133.995 129.366 166.855 2.145
-13.376 124.283 77.646 2.098
-47.080 -88.652 -185.063 1.981
-89.198 -104.833 63.959 2.085
122.072 101.068 170.848 2.039
180.639 -105.011 102.040 1.890
-209.494 -176.464 51.280 2.065
-25.707 99.026 116.649 2.027
44.927 110.295 -93.265 2.143
-218.339 -26.244 94.496 2.126
-33.142 -147.485 -24.935 2.022
178.639 84.429 -103.878 1.962
-85.060 -84.491 148.204 2.025
3.780 -186.136 63.409 1.784
-120.054 154.630 -28.099 2.098
-206.309 -181.647 70.873 2.145
-186.500 -106.909 -85.653 2.197
-44.021 47.770 -149.638 1.966
-98.550 -173.962 -62.465 2.066
-154.563 -28.071 -124.551 2.041
52.695 -81.080 77.124 2.086
182.971 70.356 45.061 1.995
118.816 -93.564 -143.413 2.094
173.678 98.369 144.498 1.939
84.776 -37.772 140.681 1.935
54.259 43.481 125.787 2.008
122.930 -42.355 -159.827 2.121
115.918 187.718 65.990 1.900
38.490 32.550 141.612 1.815
-111.502 86.331 59.596 1.966
-90.465 -43.606 -88.801 1.953
-184.179 39.337 109.894 1.934
70.860 102.242 -128.560 1.918
171.998 -31.257 -126.277 2.082
118.396 -24.433 -118.747 2.064
-155.540 -175.984 103.299 1.929
97.767 119.619 86.319 1.900
-87.846 -87.390 21.921 2.094
208.808 -15.688 -35.747 1.922
-212.597 29.223 87.199 1.919
184.308 54.977 -96.435 1.752
193.648 22.945 -123.253 2.171
-196.378 20.592 -119.364 1.940
-189.935 97.014 -100.350 2.025
-145.602 -133.608 -34.758 1.835
-66.330 17.254 86.208 2.065
-207.263 73.743 -28.813 1.877
-35.842 81.954 158.899 2.118
-65.471 26.456 -60.188 1.932
-136.267 -59.652 177.208 1.881
110.533 -172.379 179.772 2.073
80.587 -5.604 -117.293 1.969
177.920 176.840 -135.965 2.013
57.216 54.612 -3.948 1.969
0.371 95.875 -61.953 2.124
168.122 -24.287 -146.598 2.048
-164.013 -184.069 188.156 1.882
148.366 -48.161 -44.541 2.092
-77.596 -53.851 83.552 2.268
20.515 137.210 -145.765 2.049
150.852 29.805 -133.509 1.918
194.519 -23.916 13.351 2.018
160.437 -13.325 177.747 2.013
-79.360 -88.793 -161.829 2.004
191.908 56.812 -84.666 1.963
-164.936 45.696 -80.119 2.023
217.620 171.228 -77.117 1.975
-201.509 -188.167 -48.277 1.969
-23.311 157.587 -117.514 1.982
-122.122 -46.464 -121.951 1.977
177.909 123.977 50.101 2.121
26.443 0.208 16.074 2.083
148.378 -117.768 -12.833 2.114
55.374 -9.939 93.428 2.008
-48.686 -161.942 36.690 1.901
-51.407 -86.576 -176.981 1.865
-123.410 -24.171 -59.618 1.953
167.572 -27.673 98.839 1.913
74.366 -45.526 156.973 1.998
195.886 174.839 99.959 2.034
-168.704 -76.560 -71.842 1.979
-32.659 157.727 -149.685 2.015
122.996 163.313 15.608 1.831
-191.207 -140.475 -153.608 2.285
124.862 105.675 65.710 1.929
-213.793 -61.427 -41.029 2.011
-53.460 -57.192 -5.321 2.032
-159.905 -132.257 4.061 2.056
-82.114 9.437 -137.696 1.925
144.805 -176.163 63.952 2.095
125.833 35.861 75.154 1.944
-16.442 152.445 -51.388 2.029
45.953 -151.010 7.216 2.126
171.383 72.480 -75.527 1.889
162.970 104.349 171.467 1.924
101.511 -139.032 -78.202 2.017
-83.653 169.752 -20.205 1.997
141.026 116.850 -68.728 2.053
-69.364 115.553 81.640 1.819
190.641 88.855 -41.140 2.052
-33.171 -69.592 112.549 1.950
140.430 50.647 1.539 1.893
-149.147 45.156 183.509 1.876
102.233 -24.114 -155.797 1.997
176.564 184.576 38.271 1.923
-179.192 19.266 1.019 1.944
163.380 -3.777 -116.064 2.006
-82.124 108.603 -23.886 1.907
168.016 169.781 145.772 1.997
-15.657 -8.403 184.099 1.916
60.483 -31.080 47.880 1.940
-50.607 -155.609 -47.726 2.011
161.375 -173.753 -182.632 2.086
-72.443 -55.874 -66.122 1.897
143.524 125.110 113.006 2.032
168.114 100.266 -61.421 1.988
124.029 2.474 -41.999 1.891
-203.260 152.569 -193.650 1.794
-35.796 172.748 163.130 2.106
-11.607 34.502 165.367 2.055
-120.801 -146.657 -170.569 2.130
140.251 157.330 -138.137 2.122
-193.701 -0.490 -2.351 1.907
-51.429 -189.527 1.128 2.033
-124.731 184.453 -100.251 2.018
-193.355 159.709 78.115 2.113
40.218 162.760 151.660 1.918
205.257 -88.684 102.636 1.982
5.443 -9.428 194.934 1.885
99.827 -34.097 -17.727 2.063
-105.106 -75.807 -5.399 1.956
111.107 119.138 95.334 1.904
159.387 136.891 193.973 2.022
107.680 152.594 -41.568 1.964
131.637 156.091 -172.927 2.121
-102.274 61.711 -120.941 1.920
-64.726 -20.834 25.174 2.070
-13.248 122.456 80.760 2.081
26.315 -114.030 87.720 2.008
-206.581 173.274 47.792 1.812
-114.366 88.995 -134.246 1.946
26.700 36.242 182.140 2.093
168.878 -182.661 -51.261 1.874
165.750 186.792 -135.170 2.009
-103.207 -124.928 170.815 2.183
-17.065 -153.670 -35.619 1.987
-166.249 116.628 32.999 2.035
49.027 -94.008 183.645 1.968
69.934 175.437 -6.224 1.983
-158.947 -180.189 -173.433 2.004
208.040 32.673 172.255 1.909
63.584 -100.981 174.475 1.995
30.289 113.007 40.689 2.053
-48.323 76.387 -177.878 2.105
-185.222 -119.044 70.371 1.985
-136.676 102.914 30.781 2.095
40.576 72.787 130.967 1.987
4.097 -114.744 -34.854 2.024
16.629 35.339 -199.727 1.985
-22.915 -66.862 188.278 1.988
-142.910 83.351 88.326 2.057
-166.974 -28.172 -90.344 1.999
-32.104 39.392 35.680 1.898
5.074 36.567 -24.710 2.009
66.180 140.560 -33.841 2.124
-75.416 -131.220 -34.270 2.119
48.255 134.769 -182.230 2.194
-135.712 -92.003 -199.456 2.127
-108.200 -92.975 77.535 2.101
-131.079 -23.711 -189.899 2.085
-72.612 -170.203 192.364 1.946
170.468 41.730 159.455 2.003
6.637 176.954 152.167 2.066
-146.521 -139.159 -34.450 1.831
205.934 132.849 110.744 2.236
-110.079 51.129 -158.054 1.859
86.028 172.329 94.066 1.994
59.354 32.583 103.864 1.898
-198.704 -139.679 138.599 1.842
155.419 137.107 -64.870 2.120
-138.282 65.566 22.620 2.014
216.009 -79.852 -4.792 2.038
214.921 -68.868 -29.515 1.959
-37.491 -124.153 142.884 2.129
-209.895 -130.915 -20.671 1.905
22.166 185.569 197.652 2.051
-195.108 -30.994 -163.608 2.072
-17.856 0.237 189.219 2.259
194.713 15.478 21.145 2.171
-113.280 131.886 190.465 1.946
-127.679 185.151 -141.907 1.847
-112.574 97.312 -134.890 1.988
210.461 -161.099 -38.285 2.102
38.961 3.151 74.049 1.943
-19.335 -126.425 -156.721 1.879
-163.827 61.010 -108.474 1.816
124.081 107.115 79.475 2.020
-96.615 49.980 105.684 1.812
149.537 -36.040 95.757 1.878
17.680 -82.217 28.551 1.906
-136.414 -180.639 0.554 1.988
147.491 26.342 76.838 1.864
-161.907 153.022 174.012 2.024
164.636 -26.458 -153.885 2.145
-72.138 5.060 -70.591 1.830
94.052 -130.122 -62.194 1.945
-166.223 116.933 165.077 1.846
150.389 10.330 -4.723 2.004
107.321 -121.312 69.428 1.958
-106.482 101.052 -51.208 2.044
-199.184 -100.456 113.570 2.149
190.664 -66.703 113.474 1.822
120.622 -143.793 -179.250 1.839
-52.895 29.615 -104.996 2.127
0.342 71.550 20.208 2.006
19.515 45.947 3.240 2.060
92.324 126.698 2.536 1.970
-25.325 -176.351 -147.364 2.034
27.210 78.638 -121.946 1.954
121.445 -13.026 -32.326 2.042
129.587 26.587 -110.710 1.871
-180.630 -137.894 -151.239 2.013
53.804 61.059 -1.381 1.917
163.502 -42.151 89.549 1.887
-152.859 43.760 77.248 1.887
203.279 129.169 141.405 2.013
-27.071 4.877 194.768 1.987
19.988 176.357 -133.809 2.050
-139.424 57.021 -105.723 1.988
143.916 -22.786 -37.420 1.897
-221.294 -185.287 161.599 1.948
53.496 175.297 16.126 2.190
-151.984 84.778 84.250 1.929
214.664 -126.097 134.663 2.175
-100.433 82.807 27.283 1.686
16.301 -83.034 -42.456 2.119
70.965 -23.543 -49.430 2.005
-101.493 80.275 -67.378 1.952
128.629 -28.923 -101.231 2.085
-120.412 112.917 81.766 2.037
60.958 120.705 -84.184 1.912
-202.205 53.894 -143.670 2.060
187.566 -29.817 100.695 2.107
-214.443 132.041 41.782 2.094
121.230 62.298 -67.003 2.012
36.734 40.142 -90.956 1.983
-84.064 160.867 -56.561 2.170
146.759 10.813 -139.774 1.877
-13.158 -45.779 57.125 2.112
-7.258 -129.594 30.758 1.947
10.541 180.269 -171.460 2.083
-120.827 -34.442 -59.998 1.911
-52.377 70.063 38.026 1.871
115.846 114.101 140.664 2.090
137.481 96.748 -146.817 1.986
-98.123 -160.582 184.702 1.964
67.905 -29.373 177.086 2.012
-47.242 -179.153 72.036 1.928
-42.903 -139.196 121.783 1.959
57.452 -27.089 -121.238 2.009
113.631 -57.061 108.048 1.902
142.119 -19.293 144.913 2.066
133.433 177.028 197.304 2.087
45.531 95.673 -40.119 2.062
74.493 -66.771 132.256 1.788
-197.155 147.254 14.642 2.025
167.125 55.703 160.545 1.998
112.591 -130.487 -191.366 1.965
-29.051 11.280 -19.062 2.077
213.873 54.199 -82.113 1.951
11.983 90.978 -192.809 2.112
-157.709 -90.300 148.510 1.972
-192.389 130.552 -75.640 1.979
-18.582 -55.749 -51.909 2.081
-55.699 -106.294 -166.681 1.988
28.652 19.710 21.916 1.862
-210.502 -130.489 -145.717 2.096
-111.366 172.948 24.032 1.977
63.118 98.052 138.014 2.089
-162.154 -34.895 195.046 1.889
-175.894 -99.900 41.918 1.865
-145.105 -149.774 -176.897 2.212
124.331 -179.491 -23.012 2.194
175.335 49.298 156.285 1.994
-133.611 72.086 57.221 2.068
92.915 153.217 -85.085 1.837
-183.990 123.331 -70.227 2.022
-134.934 -11.250 -11.502 2.148
-6.221 -38.466 -192.813 1.823
49.143 -8.326 -149.367 1.858
21.868 -186.237 -194.813 1.913
-149.110 159.173 -194.880 1.992
-62.079 39.283 -18.403 1.917
-26.487 96.880 87.462 1.957
93.902 -77.320 -56.072 2.076
-140.785 -177.177 98.947 1.845
194.625 -7.364 115.735 2.223
55.678 83.191 -137.545 2.091
-61.401 10.313 -12.336 1.972
-15.340 68.943 2.938 1.953
-80.460 -24.949 113.814 2.052
-24.447 -76.241 149.718 1.966
16.629 -25.938 101.086 1.863
-64.167 56.436 131.697 2.190
44.968 160.761 98.858 1.869
92.402 8.909 -121.793 2.055
-167.963 138.938 -189.273 2.132
-34.813 -180.520 -74.827 1.876
-42.856 67.843 48.449 2.079
80.640 40.303 -110.968 1.983
-115.947 -55.813 -179.131 1.859
157.675 122.683 -157.290 2.116
187.009 -81.345 -88.363 2.055
212.993 10.265 -58.891 1.937
100.625 178.192 -158.012 1.950
119.834 -113.543 -139.136 1.939
-36.345 29.283 -95.154 2.030
147.631 -70.506 -11.571 1.966
-87.135 -188.986 -9.661 2.027
-40.024 166.874 -117.099 2.106
165.326 -157.214 -88.671 2.052
-162.992 145.460 -131.772 2.089
97.288 -146.457 40.749 1.924
84.119 43.513 74.174 2.095
-92.610 -102.112 -9.661 1.950
-34.371 -44.730 -102.936 1.845
-222.470 -99.388 7.645 1.913
-99.252 -144.798 113.319 2.052
166.288 90.061 -111.656 2.155
-126.254 156.765 -4.332 1.986
114.539 -140.608 -188.297 2.004
-51.699 66.961 37.602 2.047
69.580 29.349 126.587 1.926
157.810 -94.323 -47.669 2.036
215.386 124.405 -117.397 1.951
127.096 170.298 61.216 1.951
-154.664 -164.066 65.084 2.174
196.305 -4.138 -85.592 1.944
215.722 -93.397 47.479 1.990
-205.838 54.746 -101.851 2.025
-161.981 -1.317 -162.583 2.145
-127.906 -75.737 -191.211 1.937
-51.105 -46.051 -132.869 1.990
2.228 145.874 75.783 1.944
173.427 -149.136 -31.497 2.032
-79.490 162.184 127.242 1.915
102.888 135.515 136.760 2.074
-198.020 -158.862 -130.985 1.997
-106.178 64.644 -79.345 1.982
185.592 -107.953 62.754 2.067
176.544 -89.492 -126.139 2.155
127.133 58.032 169.313 1.806
-149.118 4.431 -175.823 2.083
30.400 83.266 132.897 1.976
158.855 91.645 -127.385 1.904
-150.592 149.002 3.602 2.044
159.941 42.394 168.298 2.190
-20.139 54.008 -148.680 1.987
16.027 21.607 -170.545 1.800
142.032 26.057 111.661 2.042
-0.744 -175.522 148.662 2.080
50.253 52.961 -23.226 2.140
105.582 -171.800 -135.684 1.989
62.297 168.628 -110.324 1.900
44.996 -163.689 152.026 2.086
212.876 37.514 97.958 1.868
-78.663 -169.393 -57.974 2.087
-167.714 -71.226 -156.632 2.062
-97.773 115.413 -108.359 2.099
57.510 81.974 -195.584 2.078
-169.738 59.361 -96.031 1.981
-81.434 67.356 51.786 1.851
-106.948 70.413 175.626 2.087
25.304 117.320 157.770 1.661
205.307 16.049 -175.118 2.172
132.249 33.576 41.210 1.905
26.792 117.276 -11.972 1.904
-126.206 130.908 23.022 1.891
-188.369 -173.647 93.833 2.127
-43.986 -89.899 -178.235 2.041
198.581 -188.388 -143.623 1.994
-78.247 18.267 -18.226 1.978
127.566 49.016 -121.893 2.170
-155.556 69.789 176.745 2.043
-188.836 -144.066 -184.977 1.942
-2.808 -9.625 -79.204 2.098
65.425 159.920 189.965 2.063
184.969 -6.475 -73.792 1.826
-201.439 -33.599 -124.046 2.039
-207.967 -93.843 183.588 2.001
210.381 29.471 59.758 1.976
-189.989 141.751 -183.141 1.974
