165.697 122.319 -141.809 2.020
-218.847 74.164 13.585 1.946
-160.519 -145.948 179.650 1.945
181.126 86.170 -154.574 1.931
56.935 -121.215 -187.366 2.048
186.715 -179.974 -186.315 1.984
-131.217 -122.141 68.531 2.058
-181.249 72.219 -19.659 1.950
-193.547 -177.209 109.341 2.049
-155.523 58.689 147.605 1.935
30.816 173.082 -12.364 2.101
132.888 131.195 -108.639 2.218
94.994 108.762 -50.609 2.139
150.934 -106.085 -27.242 1.838
-41.343 77.384 -158.556 1.942
191.622 -110.325 -152.149 2.124
169.859 -101.382 -17.020 1.936
65.315 -20.476 -64.045 2.002
77.131 -69.842 -84.061 1.834
-143.898 -125.985 -167.101 1.985
-126.311 29.926 198.737 1.969
40.787 63.710 26.360 1.882
-217.100 79.047 -42.473 1.964
215.030 188.964 -23.980 2.060
67.626 -145.496 25.789 2.015
-72.545 -24.736 73.065 2.037
-90.358 -5.600 -164.519 1.933
96.898 155.745 -19.511 2.136
-166.573 -77.211 89.630 2.058
-199.017 -44.525 -96.524 1.975
-167.359 73.655 157.484 1.776
203.885 187.505 -122.094 1.803
52.527 132.747 130.642 1.915
-21.817 -183.101 -80.573 1.932
223.151 -182.292 64.242 2.050
-113.183 -142.193 128.756 2.037
-130.534 -19.105 -122.714 2.048
-167.548 -36.054 -60.645 2.145
156.489 146.263 -12.439 2.137
127.983 -157.873 147.084 2.042
-125.135 66.695 -105.541 2.101
-27.448 -103.269 17.553 2.032
124.841 162.210 79.351 2.026
-26.614 177.431 110.384 2.353
209.377 119.709 111.148 2.032
24.927 53.941 150.454 1.879
-76.288 -3.153 -84.768 2.001
25.687 71.297 -66.422 2.133
-63.855 128.000 182.897 1.992
-89.316 -149.196 95.709 1.974
91.507 164.516 -82.147 1.925
112.166 -167.826 52.252 1.982
36.544 -52.013 184.105 2.001
34.412 -45.654 164.740 1.992
145.554 172.357 45.312 2.036
135.845 109.932 -57.281 1.914
-85.850 -112.108 34.247 1.891
166.024 -176.228 31.731 2.001
127.362 -42.658 -185.721 2.039
-98.837 23.547 -104.655 1.902
-134.827 -21.216 54.488 2.172
-34.610 7.104 19.410 1.954
25.735 78.045 -105.123 2.049
158.917 99.315 85.578 1.886
-155.004 15.650 101.015 1.925
189.917 104.093 -104.155 2.027
180.317 -7.171 -183.707 2.149
33.445 -78.004 33.140 1.891
107.445 -152.329 -195.838 2.115
107.395 -1.410 -75.771 1.972
146.414 -140.589 193.876 2.020
214.242 -107.736 44.678 1.918
224.743 -148.973 -150.686 2.056
210.659 -168.993 -147.966 2.012
84.884 116.982 -161.205 1.950
-220.447 126.767 190.749 2.192
-46.951 116.481 96.561 1.962
-222.714 -25.170 2.434 2.123
26.989 107.151 -52.997 2.096
107.312 -43.693 123.043 1.996
-89.067 -159.723 21.640 1.889
138.764 179.525 144.753 2.067
-27.854 23.878 27.054 2.022
197.684 -135.796 -174.018 2.053
53.493 -187.439 118.647 1.968
160.562 150.065 -118.529 2.030
-194.355 -116.834 -127.909 1.988
-85.201 -138.704 -85.843 1.993
67.601 -38.310 -52.396 1.978
-144.655 163.244 -18.841 1.865
-220.002 -46.800 -59.990 2.030
80.890 -110.865 -145.435 2.078
118.435 34.019 114.732 2.146
-102.271 -168.114 199.389 2.064
-196.074 115.656 -193.366 1.913
145.118 -16.332 -145.604 1.928
127.842 -141.962 46.371 2.000
43.401 6.548 18.624 2.000
186.636 -139.816 64.430 2.118
79.858 62.936 -147.326 1.898
-108.449 -156.688 -93.526 1.798
203.622 0.609 54.005 2.110
-219.461 170.277 -45.279 1.836
87.482 54.689 -97.942 1.900
-190.815 -37.941 50.741 2.169
16.784 186.649 28.642 1.867
-202.358 119.926 194.720 2.102
-76.172 -174.577 -171.171 1.980
-104.917 9.401 -95.325 2.065
221.769 -88.139 -129.095 1.851
-94.783 78.807 -88.924 1.942
167.228 -105.780 -0.789 1.879
-84.898 125.391 32.865 1.856
-84.254 -110.809 -47.735 1.981
-99.942 -71.056 -92.803 1.960
-120.176 11.372 8.442 2.007
121.899 109.949 -147.029 1.987
3.952 120.986 58.316 2.137
159.032 45.588 8.397 2.115
-63.931 33.238 135.270 2.166
15.511 -146.491 -155.274 1.998
191.981 22.232 3.863 2.211
-124.751 -73.008 -185.171 2.043
-93.007 -92.157 84.940 1.776
118.678 21.160 50.838 1.944
-7.349 -132.877 187.498 1.828
-177.424 61.074 -96.867 2.110
91.221 108.585 -150.339 2.015
-90.584 178.272 106.450 1.858
70.221 188.421 153.584 1.911
186.755 -187.456 -20.427 2.039
-2.194 133.861 -58.285 2.100
161.611 127.758 -38.908 2.216
-72.025 45.869 57.688 2.076
201.401 -184.604 143.151 1.966
-195.036 32.669 122.598 1.875
-67.340 -58.463 -6.864 1.926
-42.755 95.349 49.722 1.948
-201.838 -38.638 26.562 1.998
-140.169 44.318 98.642 1.905
58.557 12.772 -177.686 2.087
219.292 -61.034 -160.413 1.943
-147.089 117.387 149.084 1.934
177.236 -60.943 -72.702 1.887
-105.168 114.226 -26.167 1.923
22.326 -149.199 25.761 2.089
-42.318 -2.693 -32.457 2.051
62.153 61.093 -13.138 2.006
-173.737 -37.779 -0.133 1.919
170.727 -155.218 55.736 1.914
94.694 -142.339 -68.125 1.969
196.187 66.803 199.912 1.893
-66.870 -143.761 -152.868 1.937
14.350 -104.522 -38.255 1.907
150.329 -5.022 135.584 2.090
-113.999 2.099 26.821 2.056
-55.022 12.778 -159.566 1.801
57.774 -51.015 -93.686 1.978
8.196 3.786 165.960 2.024
-142.868 23.473 -108.839 1.943
115.158 -38.597 -28.809 1.923
-99.872 37.160 83.060 2.204
-156.687 56.730 -145.935 2.152
-213.939 14.923 -88.266 2.029
-58.860 1.602 109.430 1.869
65.842 -144.297 143.092 2.117
-187.604 167.875 -116.904 2.050
-52.329 -19.130 -96.054 2.039
138.512 47.228 18.438 1.970
219.360 -27.833 -86.883 1.983
114.056 -137.895 196.611 1.978
216.093 -163.393 131.798 1.886
39.137 46.879 143.407 1.980
-129.175 78.464 -34.899 1.966
-221.593 157.749 132.683 2.063
-39.461 150.454 151.428 1.820
5.744 141.762 61.819 1.957
194.210 -68.386 -176.816 2.132
120.688 -90.941 -53.907 1.895
154.141 44.809 53.657 2.027
81.947 -149.279 -185.828 1.823
158.664 -189.672 -152.354 2.029
-136.574 -105.594 67.839 1.945
155.941 164.084 -56.592 1.951
-182.608 -43.846 -11.770 1.891
54.993 126.740 5.469 1.927
-190.088 -79.098 195.727 2.054
104.540 -119.453 -66.710 2.003
-119.451 136.276 52.913 2.088
2.347 8.379 82.852 2.158
-149.857 173.431 36.384 1.979
-87.340 155.278 145.025 2.061
201.724 96.210 -27.414 1.917
158.766 125.280 146.422 1.986
83.537 -15.070 -115.671 2.008
149.594 -116.117 55.932 1.925
-65.325 102.239 197.079 1.935
-149.712 -139.674 -10.193 1.988
102.189 151.016 176.968 2.149
-88.543 -171.144 113.627 1.965
140.309 -16.750 55.772 2.028
185.237 -176.312 -7.346 1.858
-212.903 -111.936 94.868 2.041
-90.113 8.628 91.478 1.966
-81.135 -59.476 86.794 1.957
-19.918 2.653 -166.242 1.948
88.569 48.914 -145.315 1.930
-190.348 -106.293 171.768 1.936
-85.972 60.210 45.645 1.918
-192.023 -84.043 181.030 1.906
-31.158 -163.654 16.019 1.998
126.312 -101.614 148.421 2.016
-22.200 132.575 -53.396 2.056
11.955 80.263 -137.380 2.139
127.980 37.806 1.467 2.021
220.419 0.177 -83.592 1.878
129.344 76.132 -7.829 1.891
-3.628 -168.279 -52.552 1.923
-42.705 46.411 11.490 2.114
-209.248 172.753 -140.478 2.055
41.455 -86.445 122.531 1.980
-115.641 47.606 -0.890 2.068
-214.889 61.684 46.411 2.070
129.050 115.739 33.121 1.778
-13.680 27.275 -24.943 1.981
195.600 22.120 -162.315 2.071
-134.625 147.588 193.776 1.992
171.388 -27.295 -125.537 1.726
149.808 24.933 12.623 1.957
-130.445 -137.116 22.314 2.164
14.013 26.565 11.720 1.979
-93.722 100.278 -124.494 1.892
65.640 -65.634 99.804 1.981
-149.589 -149.378 169.451 2.004
-61.820 -66.980 -112.456 2.099
-76.632 -3.037 140.187 1.884
198.193 -9.702 154.661 1.897
50.007 -96.411 131.517 2.116
-14.507 -40.857 96.376 2.053
-71.017 -11.373 49.085 1.957
-144.956 182.594 107.990 1.956
-12.502 -154.799 144.397 1.963
-27.186 -70.220 75.981 2.124
157.279 175.815 197.725 1.998
68.039 -45.409 77.972 1.707
58.415 -13.535 86.917 1.981
-219.292 106.074 56.360 2.151
161.753 86.570 -13.322 2.052
48.096 161.232 76.467 2.008
-118.372 -101.743 -76.281 2.135
212.975 -63.273 -194.338 1.879
-198.662 70.011 162.044 2.102
-53.940 152.241 -18.884 2.023
-215.677 -92.993 -89.786 1.978
-179.478 141.466 33.299 1.916
-77.928 36.627 162.409 2.018
169.926 -93.422 166.552 1.959
-113.516 -140.377 106.376 1.886
18.202 90.383 109.768 1.985
52.927 -8.323 -156.375 2.105
32.504 178.399 -0.793 1.926
97.757 -163.863 64.307 2.077
-26.024 117.210 -41.688 2.168
-174.314 -172.940 5.254 1.981
150.085 17.136 79.368 1.899
-212.147 -139.076 -189.590 2.087
-88.124 -93.674 11.818 2.093
-199.170 -21.139 118.212 1.976
75.109 24.815 -125.736 1.995
-129.146 91.780 111.927 1.927
91.663 -132.607 -60.515 2.112
120.538 -145.999 110.758 1.977
-25.872 -26.096 -114.221 1.994
-10.806 146.128 -19.042 2.045
-216.092 69.257 157.355 1.911
204.968 -113.480 -191.632 1.923
-166.899 36.715 -76.443 2.008
176.695 85.597 49.489 2.110
60.285 -96.180 -147.401 2.121
92.440 120.165 -59.020 2.007
-175.057 -22.227 21.510 1.957
204.125 84.037 187.768 2.040
169.918 -142.769 -137.379 2.017
-101.036 -81.158 121.422 1.868
-165.502 183.233 74.462 1.952
124.568 30.654 -148.497 2.044
-155.460 179.424 77.787 2.025
-181.562 -16.195 -195.000 2.212
76.323 -109.123 153.639 2.004
0.147 82.625 123.463 2.050
-112.984 -96.790 -8.308 2.015
159.681 -20.450 49.368 1.928
194.801 -114.722 -173.965 2.013
-82.884 -178.077 -48.804 1.853
84.141 82.394 -137.888 1.903
203.670 127.851 -13.198 1.979
-24.831 -110.612 -42.702 2.035
-134.391 160.950 -135.208 2.037
-82.820 0.975 -81.750 2.008
-199.633 -113.200 -79.333 2.088
-85.837 44.466 -39.981 1.865
52.531 105.212 -96.323 2.010
43.155 -87.366 -26.284 2.042
-133.966 -16.513 -33.721 1.905
6.100 155.993 -154.149 2.045
-49.619 -2.311 -143.802 1.992
-58.269 164.872 20.077 1.963
93.508 14.459 -160.347 2.117
68.676 38.599 109.963 1.891
-127.854 -10.058 171.915 2.167
-181.182 -98.810 9.911 2.061
-158.744 65.337 -19.565 1.984
170.278 93.278 199.434 2.049
14.750 -9.539 -88.657 1.899
71.979 -180.276 80.905 1.999
34.408 46.259 -42.365 2.002
-60.753 69.261 143.007 2.130
-209.419 71.111 -183.538 1.837
169.516 81.380 -111.373 1.882
-161.087 180.181 94.226 2.056
-66.257 154.999 -1.781 2.075
134.053 27.375 86.362 1.933
-120.548 -5.718 -121.650 2.057
-44.558 -64.250 43.795 2.105
185.567 145.290 -61.300 1.990
-24.396 141.801 108.152 2.105
161.679 -74.316 107.126 1.896
-142.617 57.816 132.642 2.029
12.791 167.040 -151.099 1.946
-159.783 102.711 -0.398 2.096
-60.029 -127.407 188.183 1.920
110.227 -92.521 15.113 2.143
138.300 -47.613 118.028 2.086
85.281 147.978 -154.622 1.973
-189.894 -47.031 65.363 2.045
-41.796 15.720 49.139 2.135
-62.949 -186.571 139.992 1.998
-133.413 66.021 36.400 2.046
126.783 73.361 158.089 1.948
115.605 108.295 102.206 1.943
112.690 -60.152 109.522 2.033
176.898 -38.915 32.847 2.104
204.262 14.966 146.063 1.873
152.034 -15.459 -16.148 1.959
-207.363 123.216 -85.974 1.985
-155.647 157.832 -101.438 1.797
13.755 -124.104 190.276 2.046
16.631 -154.555 78.503 2.114
12.997 -127.957 110.635 2.008
146.723 -160.798 -89.547 2.001
140.333 151.565 65.444 1.916
216.906 3.822 0.980 1.935
198.369 -33.853 198.231 1.898
3.349 -111.394 91.574 1.980
124.278 35.234 3.482 2.113
-185.108 71.075 164.062 2.031
-106.756 109.005 129.196 2.006
-97.835 31.298 -111.095 1.977
-179.269 -95.478 108.276 1.768
179.213 29.389 185.830 1.810
70.888 131.727 -77.258 2.014
-72.078 80.499 58.959 1.876
-177.599 132.797 -195.079 2.047
-14.874 40.193 149.660 2.159
-36.180 32.319 111.450 1.802
-26.575 -128.930 181.134 1.956
39.358 0.419 39.275 1.907
46.536 -92.754 137.172 1.997
88.376 -171.054 -23.516 1.990
66.533 0.881 35.334 2.036
-127.750 -0.478 -58.192 1.969
-59.723 -37.705 186.134 2.123
224.476 -90.006 -132.223 2.030
-128.756 57.482 -6.984 2.083
28.608 0.694 8.622 2.105
-168.231 163.344 135.750 2.008
-176.271 51.814 71.528 1.960
-210.874 169.279 -87.662 2.035
131.413 -35.235 82.102 2.030
68.123 23.143 56.737 1.807
121.755 -124.380 121.453 2.143
-29.970 28.397 -195.163 2.060
-222.353 77.528 50.439 2.134
-212.119 -96.628 -51.869 2.100
4.423 153.210 141.815 1.846
16.048 28.683 139.808 1.902
-205.308 -177.352 -144.523 1.968
-118.180 106.142 99.672 1.861
55.599 0.365 -147.769 1.859
-0.798 5.405 -95.393 1.855
-50.558 -8.330 113.187 1.728
-82.605 -77.326 45.940 2.085
160.876 27.409 192.352 1.915
-190.262 109.042 -143.000 1.861
-90.398 121.435 148.884 2.136
0.552 -36.494 116.062 2.071
-50.958 -82.517 153.968 2.202
69.808 39.539 -3.371 1.993
-58.904 133.328 -87.477 2.148
-189.783 -25.340 -28.052 1.914
159.530 -36.973 -76.302 1.976
81.145 -46.371 85.493 1.874
187.478 187.849 5.683 1.906
-201.087 -137.572 -91.995 2.074
219.749 189.621 -83.443 2.047
-197.699 -176.020 106.581 1.916
-193.872 10.581 -166.715 1.997
-162.542 -182.867 -198.957 2.020
109.982 -155.659 140.889 2.050
163.308 -143.660 130.071 2.064
57.565 -95.823 43.170 1.967
180.817 72.718 -43.691 2.093
-193.079 95.658 117.682 1.909
-158.839 4.010 -2.373 2.010
-58.433 11.425 -123.360 2.159
-23.376 31.167 180.061 2.038
68.832 113.855 -5.740 1.866
-131.065 56.276 -104.136 1.910
51.799 -176.414 -53.684 2.202
-107.420 -19.049 -38.811 2.002
179.558 26.771 74.441 1.989
-78.498 -25.323 39.016 2.124
120.757 -61.777 62.218 2.095
146.091 -169.568 51.587 2.189
141.962 -39.270 194.243 1.896
81.521 13.168 64.892 2.028
-112.767 159.480 -15.642 2.167
95.433 -137.951 122.958 1.932
131.655 169.543 42.872 2.082
-54.876 -35.994 -135.640 2.014
16.135 98.155 91.232 1.966
-90.742 -127.883 3.956 1.993
-16.847 -149.798 164.615 2.118
32.380 -43.532 -128.931 2.220
137.602 -51.486 10.719 2.094
-12.332 181.368 -102.891 2.047
-134.275 27.035 108.933 2.077
-165.722 163.492 57.736 2.148
65.150 176.695 7.335 1.883
-15.243 -83.314 98.692 1.901
-155.621 189.132 130.658 2.120
-223.384 108.074 131.366 1.977
172.895 72.920 -49.304 2.096
221.275 -148.117 114.333 2.048
64.146 -48.508 -157.187 2.156
103.242 19.387 -127.211 1.940
224.050 82.438 22.428 1.953
-188.024 150.394 -39.181 2.027
-103.232 -63.338 149.736 1.873
-146.512 130.786 -169.973 1.925
-109.210 -51.896 -10.065 2.207
147.565 -6.924 -19.238 1.948
25.205 -17.009 -70.524 2.063
-141.347 -7.773 -62.466 2.182
-68.389 -152.146 -62.924 1.842
129.047 133.841 115.424 1.933
110.163 94.220 69.518 2.230
-114.152 -76.832 -196.504 2.084
29.022 163.270 71.659 1.904
52.595 180.260 126.344 1.866
214.701 -52.188 138.719 1.887
220.969 -17.465 91.546 1.971
155.779 -108.300 -166.049 2.055
219.260 -62.969 123.380 1.867
90.851 -139.225 23.208 1.970
11.963 -35.957 -161.548 1.879
200.210 -74.530 145.999 1.997
178.478 -180.773 -44.453 1.898
-167.880 -32.896 -16.256 2.074
-118.698 91.014 33.380 2.109
-117.661 -135.712 -104.064 2.015
-55.216 -164.780 -38.835 1.810
-174.578 -133.822 133.924 2.166
98.911 56.944 45.831 1.810
-54.639 -152.714 -50.947 1.933
192.742 19.440 -157.339 1.981
142.790 -184.822 16.748 2.061
192.038 -96.669 19.402 1.977
57.755 39.565 -107.386 1.984
99.213 140.627 -79.219 1.845
17.280 132.539 35.075 2.122
219.915 155.098 102.517 1.927
-47.453 160.583 70.937 2.120
25.124 -30.751 139.102 1.955
109.719 -10.730 -100.526 2.178
-56.580 -151.095 75.323 2.045
-219.408 -10.512 -34.233 2.032
-206.620 30.730 -33.922 1.985
197.126 -75.704 -27.046 1.876
121.128 -42.901 -57.930 2.014
-94.052 -189.727 73.089 2.096
-156.709 96.079 16.564 2.129
-158.779 -56.004 -162.805 2.226
163.036 -102.440 153.380 1.974
-97.584 -166.804 76.344 1.713
-1.650 -114.703 101.801 2.006
20.811 80.930 186.928 1.888
37.443 -15.225 -33.273 1.961
-83.773 -88.594 -159.321 2.090
206.236 -26.175 138.175 2.056
-87.097 -80.138 -39.393 1.975
-212.389 -48.137 177.706 1.930
-1.490 104.930 -79.939 1.936
31.863 -123.730 186.728 2.001
-29.364 -47.149 2.086 2.055
-92.584 138.391 -154.624 2.000
-168.927 -21.070 2.938 1.974
8.714 119.953 133.059 1.904
195.702 -3.139 -195.060 1.951
-159.776 147.842 -16.913 2.040
-145.158 -42.260 -183.251 1.803
-138.455 96.109 -156.864 1.886
155.956 19.280 -91.894 2.173
-192.637 -84.319 -51.377 1.901
-40.019 -142.934 -55.305 1.810
-220.403 -80.242 178.821 1.952
-217.700 -138.029 -41.750 2.012
161.780 -73.633 -32.164 2.148
27.473 55.561 -140.037 2.042
-93.905 -8.480 61.207 2.011
-91.526 133.412 -32.824 1.960
186.945 -95.567 -182.202 2.100
148.921 102.785 19.886 1.957
-116.003 12.563 -175.213 1.950
28.428 -182.474 100.997 1.959
-10.041 -134.190 -17.924 1.940
-174.640 52.499 -7.725 1.951
25.696 -59.687 -136.690 1.979
-213.757 -46.218 -2.321 2.039
54.495 96.190 -15.335 1.992
-131.369 -187.893 101.420 1.909
-39.252 77.821 41.862 2.003
-42.636 157.345 -177.616 1.882
-74.902 63.668 -129.450 1.931
185.740 -4.661 -75.143 1.905
-137.954 131.943 101.538 2.042
214.028 130.844 -12.159 1.987
-198.783 86.681 13.452 2.018
-202.652 130.113 -67.151 1.853
-184.233 151.534 166.440 2.105
73.654 173.799 -63.071 1.907
-150.870 44.840 -72.983 2.056
205.967 118.651 23.789 1.882
-153.148 109.821 -42.570 1.992
-27.201 -110.406 62.496 2.072
-107.663 18.113 -118.657 2.135
-120.337 -76.786 54.588 1.759
208.369 -154.234 -27.044 2.104
-172.564 -19.919 -130.808 2.093
-216.892 -170.598 97.027 2.207
148.259 -111.193 -110.590 1.925
-87.357 -32.323 69.351 2.008
80.951 41.468 -74.671 1.952
-115.787 -13.227 -13.838 1.971
64.822 164.416 75.034 1.916
-74.068 -165.099 -55.967 1.902
98.234 -8.824 -124.678 1.945
-29.193 10.294 45.783 2.005
156.488 -55.289 3.563 2.052
-74.411 30.370 -158.957 1.842
90.120 -121.461 3.113 2.091
211.636 -145.167 157.109 2.230
140.547 96.147 152.711 2.035
179.105 66.146 -94.404 1.926
-146.938 -56.537 83.510 2.016
39.903 152.062 -55.293 2.082
-194.911 63.464 97.172 1.973
-181.935 35.715 -92.535 2.062
-86.220 -24.884 45.999 1.957
-106.527 -0.642 64.441 1.977
124.709 -20.525 -92.377 1.964
-138.415 -67.187 195.626 2.062
221.840 66.704 118.313 1.893
-40.826 118.627 37.141 2.105
38.894 122.508 161.572 1.955
-154.524 -150.437 -7.248 1.954
18.253 -53.455 -130.920 1.981
77.879 164.252 -130.104 2.069
-177.422 -187.028 -197.319 2.035
-12.913 -67.963 5.519 2.054
-218.985 110.512 -59.707 1.894
126.573 132.646 -1.258 2.021
-176.566 -154.639 88.834 1.831
85.042 -133.378 190.977 2.099
-158.835 -150.597 19.894 2.034
-221.486 -112.672 25.677 2.039
-36.379 34.932 100.497 1.814
-20.444 -29.056 16.090 1.936
-181.763 164.631 30.805 1.996
-21.331 -189.936 -67.596 1.971
200.950 50.133 -107.661 2.126
154.202 -93.938 109.070 2.125
-49.014 -139.309 -157.092 2.027
81.132 64.423 85.659 2.079
-41.298 -4.983 152.112 2.095
32.503 -188.652 145.867 2.021
32.425 -19.760 144.224 1.923
64.966 -129.200 20.588 2.109
120.520 61.059 -161.693 2.019
-12.513 -160.398 -74.183 2.027
-104.892 139.211 46.016 1.914
-98.404 -133.560 -40.416 2.120
137.228 -21.084 -59.908 2.139
182.703 -86.299 -116.352 1.986
47.723 127.832 24.222 2.038
-153.320 6.644 63.768 1.925
-1.674 40.219 -48.173 1.985
-27.941 20.639 188.775 2.104
-91.531 -30.661 -179.738 1.896
-87.576 -133.212 12.373 1.872
141.194 -70.269 34.761 2.016
-90.604 79.550 -109.524 1.943
33.243 -42.660 115.846 2.091
116.064 68.097 -121.673 1.996
41.071 43.176 -157.895 2.132
41.407 182.058 194.130 2.092
174.313 146.528 -148.600 1.994
140.436 185.638 -83.575 1.953
-144.376 -169.993 -41.132 1.877
-125.455 -181.206 120.869 2.134
92.309 -51.732 78.025 2.081
-22.511 139.027 127.718 1.921
213.322 -152.306 -155.879 1.838
126.712 152.280 -181.970 1.905
-204.496 156.211 32.290 1.865
-129.056 -65.990 0.394 1.949
-84.539 18.471 70.950 1.873
-98.003 -34.224 68.842 2.082
187.376 189.995 -73.721 2.101
-51.118 148.282 41.656 1.957
-50.917 53.816 199.357 1.965
157.568 120.443 -150.842 2.084
82.592 -16.462 -6.573 1.904
56.454 74.716 120.124 1.844
71.964 83.972 -35.663 1.898
-139.847 -29.942 179.038 2.027
128.118 -162.617 192.683 2.115
-116.910 -26.819 -128.451 2.073
129.775 163.829 134.384 2.094
110.366 -2.651 -154.255 2.049
-195.875 -168.366 134.656 2.018
31.720 55.605 162.387 2.015
3.380 94.245 162.022 1.784
-65.647 96.012 -52.885 1.877
75.641 187.493 92.499 1.980
127.395 -18.138 -9.797 2.036
221.563 -166.786 104.982 2.149
-85.377 184.215 -106.348 1.925
170.279 112.261 -198.487 1.738
-70.420 101.410 113.720 1.999
-96.730 -128.669 -45.392 2.104
95.052 -87.301 37.928 1.897
191.261 -16.383 -37.701 2.054
-108.561 149.711 107.668 2.062
177.054 -50.498 70.773 1.798
149.115 86.715 -146.441 1.929
77.636 154.081 50.669 1.929
94.057 118.375 -65.966 2.012
88.112 59.582 157.704 2.049
-148.691 -88.929 162.498 1.946
-117.238 47.359 -51.043 2.070
-32.502 182.809 0.217 2.045
-63.527 106.789 181.160 1.969
20.560 -37.767 174.362 1.889
-200.929 -146.649 -8.314 2.004
-19.589 -169.190 158.991 1.965
-134.184 -127.348 -189.860 2.057
84.650 159.824 144.532 2.068
-61.990 -72.766 -121.059 2.093
-122.994 110.697 -133.531 2.104
127.742 183.212 -177.138 2.078
-219.583 186.600 -27.966 1.891
88.175 109.715 53.878 1.784
-57.726 -25.344 180.695 2.096
58.813 -187.619 21.712 1.977
41.097 175.490 -2.706 2.115
120.961 150.042 105.486 2.004
-53.886 -171.306 143.797 2.265
171.354 183.428 2.367 1.974
45.383 170.474 131.948 1.894
141.098 132.549 -196.302 1.922
-144.633 95.218 -179.465 1.984
190.783 76.620 147.464 2.115
-130.676 105.676 -67.393 1.861
161.243 -117.253 129.030 2.089
210.105 -34.065 -93.001 2.045
-50.823 -69.880 188.269 1.988
63.328 93.319 -195.767 1.950
134.058 102.549 -161.496 1.816
172.045 63.715 141.212 2.114
113.258 -111.420 172.423 2.011
117.326 -15.117 84.038 1.988
-68.754 -160.350 178.722 1.971
-137.546 -149.006 111.855 1.933
-74.940 -30.825 144.297 2.053
-16.609 95.002 47.731 1.989
-112.680 36.298 197.601 2.073
224.386 -62.374 -93.435 2.172
117.018 -24.625 -169.943 2.143
133.785 -139.608 8.064 1.922
-179.433 -73.882 -16.145 1.707
-223.617 125.621 97.070 1.867
-20.192 -111.772 -143.445 2.044
22.067 65.531 77.204 2.016
-111.978 -49.052 144.591 1.784
-73.958 102.589 90.884 1.929
15.423 33.173 129.446 1.986
-178.945 140.310 -196.946 1.930
169.466 -79.036 194.531 2.013
-54.832 117.766 -88.228 2.012
-133.594 -37.237 -5.018 1.963
-176.676 -42.304 143.954 2.016
59.385 -117.094 -150.986 1.970
56.933 78.176 50.628 2.030
173.955 71.026 -60.643 2.187
-111.752 -181.609 -20.258 2.073
-49.656 -92.600 -35.975 1.998
-63.114 3.988 31.179 1.941
-220.275 70.122 94.004 2.049
137.968 -180.688 144.107 2.089
198.517 119.319 -133.072 2.092
38.187 -135.778 131.676 2.121
-71.314 79.857 -187.485 2.027
103.633 0.049 -123.027 2.086
-127.242 -11.103 162.237 1.961
-48.625 150.310 160.409 1.999
54.459 157.023 190.064 1.984
103.434 -58.480 162.576 1.878
-98.771 27.196 -22.703 1.929
-49.943 -124.070 75.105 1.995
-58.914 0.283 -188.442 1.983
49.681 125.561 47.362 1.932
-8.971 100.797 196.014 1.960
153.795 112.344 62.186 2.146
16.325 143.415 81.589 1.971
133.302 -87.207 124.935 1.918
-53.692 -42.233 -32.754 2.204
179.662 79.052 77.588 1.951
-158.543 -109.501 -34.777 1.800
-81.664 116.641 -35.621 2.035
-82.740 154.830 183.570 1.912
64.452 -21.115 -4.517 1.920
144.727 -15.367 -60.524 2.062
-213.494 -57.379 -127.748 1.932
-109.580 149.515 33.364 1.908
176.293 -1.383 -68.689 1.958
224.061 40.458 19.801 2.118
-198.747 101.975 93.781 2.093
-2.148 162.784 -55.149 1.912
-164.617 -80.165 -61.382 1.911
-224.678 -39.260 78.343 2.114
28.645 -35.125 -28.396 1.660
183.847 -46.540 -24.888 2.004
-56.309 149.648 -55.741 2.105
202.331 44.891 118.792 1.962
49.113 -50.819 -169.139 2.027
-39.452 -41.717 74.466 1.904
32.433 110.374 160.837 1.888
-183.355 -45.218 -2.886 1.931
60.772 4.945 134.334 2.060
187.728 15.237 125.295 2.040
-208.473 -23.601 192.392 1.843
183.486 -88.934 -58.447 1.901
-10.375 -179.296 12.643 2.108
-8.678 -154.286 -140.350 1.884
-223.738 -54.770 -156.327 2.020
-15.574 -51.362 195.954 1.892
13.572 42.179 -47.288 1.870
9.342 -134.809 -48.393 1.909
33.806 -75.551 -46.940 1.977
-6.902 -126.843 181.444 1.880
-137.750 77.988 8.293 1.925
20.739 131.129 149.065 2.149
-46.996 84.540 -105.505 1.989
-110.330 37.193 122.546 1.986
-64.600 30.363 -95.336 2.060
-27.487 -168.256 -144.194 1.866
-108.184 114.220 4.381 1.979
69.103 84.976 -151.121 1.911
-102.155 134.593 -48.508 1.946
135.759 -75.482 158.434 1.903
115.817 121.276 153.311 2.123
-77.717 -135.818 14.816 2.229
-36.971 170.930 29.781 2.075
98.423 19.244 -193.112 2.071
217.925 67.159 -183.928 1.959
151.914 36.580 57.986 1.944
83.231 -176.193 176.478 1.876
2.218 -166.649 -103.217 2.018
-147.765 -29.115 -13.418 2.207
-4.610 -19.984 -127.057 2.274
-203.226 141.043 18.839 1.909
14.175 98.571 -163.227 2.080
-86.514 122.172 14.874 2.049
-54.940 -50.069 -120.609 1.954
209.862 169.852 -111.199 1.968
-166.214 -93.556 -95.315 2.067
-173.993 -126.093 -38.204 2.029
-120.398 178.646 121.917 1.976
116.985 184.800 -45.595 1.831
103.821 -122.431 100.068 2.000
149.861 39.649 96.442 1.980
-126.380 149.150 86.502 2.061
-78.585 146.480 182.703 2.008
143.406 83.126 -127.424 2.120
200.558 -13.187 -173.629 2.039
-17.662 -161.167 -93.320 1.770
103.184 -54.097 -118.262 2.068
-199.269 -166.176 -23.236 1.867
114.644 -41.823 -97.290 1.968
-164.369 57.704 121.583 2.189
-10.463 -88.737 -52.710 2.268
-197.688 -13.597 7.413 2.143
-9.978 107.338 -2.857 1.977
16.485 137.303 48.679 1.994
192.323 60.679 -152.774 1.983
-48.420 -11.410 -168.186 2.202
-82.092 -7.170 171.537 1.936
78.676 -163.408 122.360 1.936
-176.175 97.042 -180.434 2.169
-191.751 92.211 133.400 1.937
203.348 -39.519 52.803 1.899
-94.028 -118.770 -79.194 2.004
153.137 152.033 -175.835 1.966
77.486 -124.728 -100.244 2.075
26.456 -3.580 -38.450 2.058
-154.207 -127.762 86.646 1.932
-144.071 -176.239 -7.788 2.012
54.699 -70.679 21.658 1.965
90.654 -128.161 163.441 1.948
-154.148 -77.258 -139.150 1.784
186.560 -178.490 -120.509 2.119
-20.099 42.730 -137.877 2.006
140.620 -103.199 -69.699 1.967
125.163 -16.286 69.262 1.889
-80.844 72.550 -121.587 2.070
168.360 -32.966 145.963 1.887
132.520 -44.110 -122.528 2.139
-125.605 145.435 192.851 2.060
0.537 181.858 -100.818 2.112
213.459 55.610 173.590 2.016
-62.862 -77.376 -59.250 2.065
-152.139 -122.857 -149.486 1.970
-135.308 -100.863 178.409 2.106
-95.628 175.716 147.848 2.052
-2.721 30.950 33.029 1.841
194.948 -42.830 -165.941 1.866
-221.553 29.100 -137.056 1.894
-7.276 127.752 -62.424 2.174
208.493 189.951 129.027 1.922
-77.581 79.084 41.174 1.997
142.732 34.217 -187.634 2.033
-169.443 -80.855 151.211 2.227
-6.489 82.575 -140.677 1.887
-101.691 -154.214 -115.350 2.084
-83.352 -87.883 122.065 2.028
189.946 185.163 33.667 2.098
131.510 182.552 -94.358 2.033
95.974 -9.189 88.264 1.832
-207.599 27.775 -108.101 2.109
133.654 143.083 -16.298 2.029
-50.987 -189.460 -122.251 2.026
-119.897 -103.448 82.544 2.122
-100.576 -95.989 -152.798 1.900
120.799 -131.621 -58.592 2.059
71.045 182.575 -26.723 1.904
78.924 95.341 56.274 2.061
-185.356 127.615 37.939 1.984
116.410 -77.828 -88.480 2.160
90.748 -177.421 99.199 1.894
-83.374 -112.087 -49.530 1.928
224.420 46.353 96.492 1.990
128.167 -97.324 102.802 2.123
168.230 102.960 -163.689 1.951
-48.354 63.311 -143.537 1.889
44.338 -118.966 70.474 2.031
-41.526 80.128 67.792 2.175
-65.535 -111.237 23.086 2.128
93.721 -167.796 115.749 1.882
-168.733 -110.454 -79.157 2.073
-120.709 41.107 29.529 1.976
-221.486 12.692 -112.302 1.907
43.569 -95.006 0.288 1.763
-3.661 -90.430 93.597 2.010
146.547 -3.177 53.849 2.182
-123.679 -15.051 -69.944 2.003
105.355 12.888 -187.925 2.089
18.239 -154.435 -75.703 2.066
-154.147 52.338 90.021 2.028
138.562 -183.351 -72.683 2.003
187.157 -55.231 3.795 1.997
213.206 -31.951 -144.835 2.103
-113.641 -175.922 -56.481 2.055
152.639 65.513 32.192 2.118
-200.936 -157.771 -167.845 1.948
178.788 -181.305 -197.852 1.945
-88.593 -50.627 153.366 1.924
-222.027 45.413 131.463 2.123
119.199 -36.241 -126.593 2.120
212.050 -184.341 -48.047 1.997
-10.128 129.520 96.008 1.891
154.294 44.139 -87.692 2.117
101.161 155.021 181.034 1.915
-93.500 -3.207 -32.847 1.993
120.728 -134.576 22.644 1.907
199.315 18.320 139.318 2.142
-206.805 182.954 -9.554 2.032
34.482 -115.560 -166.516 1.872
-169.904 164.321 -7.671 1.918
-165.633 -8.040 -101.997 1.843
203.759 -105.617 131.949 1.960
-207.753 -55.644 -142.340 2.116
142.927 -29.521 -68.827 2.029
-159.074 77.312 26.489 2.076
116.543 -8.491 -186.820 2.286
-6.457 -34.884 141.481 2.128
-36.372 138.872 16.982 1.876
-134.255 45.188 -9.125 1.970
-210.530 -177.733 -36.520 2.107
-170.831 45.432 173.894 2.145
-137.614 174.588 -29.331 2.128
-183.989 34.945 -4.498 2.027
-21.276 18.454 32.586 2.018
-191.612 58.328 -90.909 1.971
-144.546 114.139 -27.895 2.022
-216.012 -119.094 83.444 1.807
198.411 125.697 190.087 2.107
-67.798 -2.935 -52.156 1.919
49.076 115.824 -105.361 2.022
-57.797 -94.225 -33.396 2.177
-100.147 -61.295 40.552 1.886
0.593 12.422 -17.975 1.991
42.215 23.181 68.708 1.964
-177.023 -119.314 -196.738 1.996
72.834 -83.782 127.749 1.906
100.927 159.737 -163.906 2.041
-104.743 -182.798 -9.256 1.900
52.233 36.334 83.025 2.051
-36.990 -189.730 137.197 2.072
12.775 162.538 -147.069 2.178
-43.651 170.801 -190.747 2.318
-55.094 -25.210 27.122 2.131
-122.975 -153.807 199.446 1.963
74.390 -56.476 -3.070 1.961
-110.879 187.756 -3.604 2.032
-172.810 136.435 195.506 1.962
37.300 -181.036 198.161 1.967
185.035 -80.494 179.345 2.144
-112.784 -172.595 -177.028 1.975
139.738 -61.518 177.699 1.968
-63.200 93.938 69.079 1.998
25.501 -119.373 -102.450 2.165
-171.000 -59.277 -44.153 1.957
-72.416 -43.730 -139.380 2.141
164.596 74.288 12.491 1.916
189.317 184.992 -182.160 2.076
76.642 -161.151 -37.699 1.965
82.391 -123.275 192.806 2.150
70.660 -137.919 -97.883 2.253
-90.712 -176.725 -52.759 2.083
78.405 99.157 179.548 2.008
-82.723 162.889 -14.988 2.014
54.003 -154.389 -34.617 2.033
16.133 -42.112 191.266 2.007
56.958 -76.622 -70.620 1.991
-204.714 141.783 87.323 1.879
-88.597 -130.585 -187.076 2.114
-190.912 -130.903 64.504 1.987
-135.158 161.881 105.838 1.771
186.424 -155.882 52.201 2.095
222.992 -176.273 64.535 2.051
-130.233 -38.388 -22.155 1.988
-154.320 72.760 109.576 2.019
-62.184 -51.850 -7.674 1.946
-52.191 -151.171 150.541 1.873
3.174 -122.909 37.053 2.027
-110.111 79.015 -157.922 2.117
31.905 164.909 184.066 1.895
-28.037 118.090 113.724 2.012
-167.366 73.189 -26.883 1.861
74.830 -12.501 -38.721 2.137
104.659 54.508 -170.377 1.953
-93.747 182.216 93.188 1.915
-188.239 136.714 -157.941 1.808
-123.665 15.820 133.369 1.931
131.486 -33.673 40.708 2.063
60.066 29.071 126.526 2.063
184.298 10.944 -71.907 1.939
10.400 -50.490 88.070 2.062
-162.606 168.026 -147.599 1.919
20.792 127.079 111.012 1.932
13.384 -18.257 108.331 1.769
-64.878 -173.930 -147.222 1.930
-146.747 155.217 -152.841 1.989
-73.245 -98.058 -75.977 1.931
170.173 147.009 -107.758 2.112
-135.765 105.385 96.656 2.000
-164.966 -33.755 143.978 2.032
67.004 138.864 34.001 1.856
-29.593 155.872 -150.824 1.916
