-109.780 -48.656 -180.611 2.103
21.474 143.232 131.309 2.080
-6.817 174.531 122.257 1.756
162.056 -30.791 -160.106 2.220
-119.216 -4.996 -49.144 2.087
21.066 -7.493 149.681 2.178
214.261 -32.203 52.544 1.971
-68.939 33.258 42.328 2.090
196.676 63.364 4.686 2.094
25.903 -11.138 -189.426 2.061
17.546 146.660 75.122 2.078
22.833 154.017 141.044 2.003
201.966 -42.060 -191.719 1.963
212.666 -157.914 10.224 1.921
7.818 -115.748 120.356 1.976
19.354 124.788 -112.846 2.000
-89.710 -120.324 110.321 2.062
-92.190 -27.882 180.161 2.153
-172.983 12.504 86.795 2.138
32.554 -19.954 46.062 2.034
-190.475 20.456 47.465 1.996
-6.383 30.806 -52.939 2.114
-19.248 4.184 2.199 1.987
102.728 -36.095 11.985 2.124
-28.956 136.226 -78.721 1.973
-15.032 -134.833 -79.734 2.055
131.711 -33.602 -138.791 1.954
-195.377 187.584 159.476 2.039
-65.247 81.730 143.721 2.006
-134.632 153.926 -6.295 2.012
-115.103 -179.347 66.229 2.102
73.156 17.221 -173.403 1.995
125.445 -151.245 117.794 1.919
88.515 3.198 -115.937 2.052
9.735 138.060 -23.154 2.076
-139.090 181.487 -7.447 1.999
173.221 79.264 -198.988 1.890
-144.937 -62.615 107.724 1.982
-140.785 -121.010 -46.168 1.995
9.575 -170.767 -12.307 2.072
-33.096 -50.387 -154.975 2.075
-117.775 -17.281 98.037 1.917
58.759 64.361 64.299 2.215
-144.300 47.220 150.584 2.036
-135.209 54.323 -179.001 2.049
-131.754 9.499 194.715 2.067
157.996 -126.350 67.309 1.933
-145.428 -143.438 89.675 1.964
170.363 -123.338 -90.332 1.975
10.012 -158.715 -186.465 2.064
19.435 -21.036 165.686 1.954
84.579 115.502 -4.692 1.957
98.538 -186.775 -122.021 1.976
-173.551 -70.909 1.010 1.908
138.051 -159.021 58.432 1.944
78.654 149.080 -77.942 1.957
-106.792 -3.436 196.557 1.963
143.820 118.158 101.277 2.020
167.941 188.314 -195.987 2.025
-63.397 -25.268 -98.296 2.062
-151.528 140.266 -39.711 2.028
-209.243 30.084 -161.538 2.110
91.706 56.347 31.201 1.923
-62.545 -34.163 -7.211 1.895
30.238 10.159 -24.256 1.844
-57.137 -4.096 96.435 2.123
31.028 -104.132 -112.186 2.028
-73.395 -143.552 -105.509 2.066
-24.004 -33.424 -72.749 1.890
-103.933 109.957 43.397 1.985
-195.223 -146.329 68.392 2.048
-163.566 -51.154 -94.776 2.009
46.603 109.314 -12.938 1.962
-218.398 154.425 31.290 1.957
48.997 173.852 167.850 1.917
221.655 61.839 154.569 1.887
-43.919 -8.465 -23.966 1.956
-119.296 -138.086 -101.699 2.120
-19.722 115.948 38.629 1.778
154.891 -30.921 -177.654 1.898
-31.723 91.964 128.790 2.137
-205.869 -41.700 -108.886 1.966
-11.749 -179.130 -24.329 1.991
-21.729 -67.199 74.784 2.095
31.517 -53.168 168.253 2.091
-149.465 16.313 109.750 1.923
-89.796 -131.323 -159.027 1.773
29.209 -37.672 48.361 2.149
-15.153 -55.233 -198.118 2.144
170.283 173.634 -85.064 2.108
149.741 124.646 -63.835 1.859
-56.548 -94.034 162.019 1.896
181.663 -144.791 -143.069 1.933
-197.062 116.330 -144.704 1.922
-180.155 -189.133 -97.796 1.990
-82.114 -31.623 -8.460 2.020
153.845 164.292 -186.529 2.190
-153.349 189.873 -174.951 2.075
67.461 90.444 -185.438 2.079
-200.193 -68.892 70.434 2.135
-121.031 104.772 23.055 1.964
175.013 133.825 -111.450 2.130
-183.227 -33.684 89.948 2.022
21.159 -169.421 126.672 2.043
-111.791 -55.073 108.465 2.118
150.655 -84.866 50.798 1.946
105.398 176.462 -109.367 2.009
-60.719 94.542 133.923 2.039
182.567 -12.451 134.627 2.019
204.653 43.829 -174.154 1.965
177.229 172.867 -73.571 1.898
-32.432 -130.218 -101.310 2.071
186.638 -154.200 168.083 2.094
-143.204 -98.762 -39.027 1.731
137.942 153.689 -182.315 1.814
47.881 -156.211 27.868 1.920
-60.659 37.435 143.797 1.925
75.033 -122.088 60.739 1.855
-119.718 17.236 -89.244 1.881
-34.957 -128.217 152.045 2.013
-139.385 37.580 118.711 1.982
91.567 -47.125 -147.942 2.210
217.636 -35.828 -117.439 2.121
72.145 13.267 160.771 2.010
220.928 -67.978 -194.355 1.871
145.908 -7.851 -31.464 2.056
37.896 49.203 -155.135 1.907
-43.088 70.298 122.869 1.932
89.657 -163.175 -161.285 2.056
90.648 118.829 -69.811 1.874
23.596 -150.007 122.301 2.074
174.233 26.993 -144.624 1.933
-52.988 183.638 20.651 1.872
-99.156 151.411 -150.979 1.997
24.864 174.981 55.053 1.941
135.982 82.793 -19.570 2.190
183.291 106.223 192.478 2.023
24.542 108.500 185.014 2.029
-127.519 -15.240 169.606 1.992
-125.597 159.441 -42.717 1.890
-23.131 -172.792 97.103 1.926
-118.216 141.110 -72.224 2.022
-43.697 -88.756 -59.915 2.030
-190.191 47.617 36.481 1.915
-62.133 -98.416 -130.074 2.076
213.760 -178.569 107.783 1.931
220.286 112.324 143.508 1.975
190.093 98.156 -143.968 1.941
130.086 23.768 -115.820 1.942
-125.491 171.823 -11.854 2.109
-194.261 -29.288 -24.280 1.919
53.556 -133.359 -132.080 1.866
-119.597 -175.300 -21.617 2.123
-223.344 98.317 -172.728 1.959
-68.549 -36.229 -173.383 2.121
46.597 35.329 140.980 2.018
41.894 51.685 -51.355 1.877
-2.020 -6.712 -60.892 2.061
-24.672 -30.299 -96.296 1.992
-185.323 -49.518 -125.826 2.131
150.758 -132.799 -121.277 2.018
-161.004 -115.987 -155.957 1.949
-188.469 108.084 65.080 2.030
188.195 -69.501 81.747 2.096
-34.181 -178.070 136.751 2.084
32.402 -63.489 132.656 2.072
-178.342 91.006 -92.922 2.124
17.042 14.773 85.296 2.000
-174.592 9.467 -123.997 2.148
158.037 42.027 -59.170 1.718
91.249 142.527 -132.072 1.990
-53.949 42.461 25.123 2.096
210.223 71.205 -84.208 2.158
-7.080 -166.245 160.652 1.942
-88.023 106.350 -192.141 1.898
202.235 81.772 -65.854 2.048
-189.413 -152.900 158.999 2.014
191.723 62.511 -129.715 2.004
-201.498 103.210 -39.441 2.100
-12.847 -172.514 -141.885 1.958
169.805 -62.499 119.083 2.077
-114.432 183.751 -107.932 1.869
153.267 107.928 -9.628 2.027
110.189 56.393 44.796 2.044
58.931 36.984 150.480 2.207
216.130 0.105 114.241 2.266
60.184 -16.880 -70.996 1.903
-164.856 26.655 -82.677 2.024
224.286 102.794 17.258 2.035
149.796 -134.287 156.316 1.876
198.802 -165.424 56.830 2.146
-36.267 121.356 -196.407 1.952
-98.233 39.691 -166.248 2.064
-186.999 83.757 45.878 2.153
49.284 0.906 -85.920 2.005
-108.548 82.850 81.069 2.202
83.005 -136.921 -17.777 2.067
157.778 -23.431 -64.030 2.083
213.707 160.400 -179.218 1.830
154.427 128.151 -118.328 2.044
-123.648 127.758 90.847 2.030
186.047 3.130 -139.084 2.032
-44.865 -5.740 149.018 1.854
160.734 -92.345 172.106 2.033
153.604 118.093 -44.209 2.087
125.529 26.710 197.105 1.947
29.454 -172.145 140.600 2.170
-40.826 -170.494 -108.499 1.918
173.660 37.794 -190.439 1.962
61.208 147.875 -37.309 2.036
189.425 -121.541 -38.303 2.071
-84.962 -132.335 -127.268 2.000
190.192 -157.795 -27.897 1.977
-80.223 -167.143 -29.700 1.930
28.985 -189.290 45.804 1.942
-17.111 -84.478 -164.458 1.950
-182.466 36.848 129.018 2.112
4.503 -99.865 -95.525 1.979
78.674 -73.073 7.818 2.042
-30.354 114.024 64.719 1.898
36.847 51.760 -32.484 2.262
101.613 135.844 -135.953 2.049
-169.298 -44.338 186.970 2.069
-115.698 -119.858 -23.966 1.924
-65.180 -58.300 193.361 2.093
137.155 -154.813 109.790 2.021
-171.506 -88.287 -126.600 1.903
141.285 35.688 77.111 1.987
-56.006 -189.154 -192.696 1.790
-110.880 -121.838 120.488 2.150
-32.617 112.693 86.771 1.895
65.357 -124.321 -133.550 1.932
-152.952 134.180 90.017 2.174
-203.700 -118.279 -28.197 2.143
-62.388 -79.959 -32.938 2.072
-64.456 159.780 -110.390 1.955
-157.010 -80.353 157.349 1.868
-20.773 -24.256 -77.233 2.041
39.345 35.128 -151.506 1.948
37.089 -15.415 -182.518 1.872
212.422 159.396 -171.295 1.918
-214.848 70.275 -82.321 2.020
70.253 61.581 -151.043 2.074
13.325 113.279 27.190 2.025
-92.038 -78.879 -21.041 1.924
33.195 142.518 -43.826 1.945
57.561 92.954 -167.675 2.008
222.078 -94.955 -44.379 1.986
-85.250 -147.545 119.828 1.867
-33.325 -148.914 -73.581 2.055
-134.929 -116.645 -82.220 2.027
126.881 -131.681 112.526 1.863
-205.270 9.176 -168.767 2.103
-93.952 -110.752 -98.547 1.891
43.587 -16.777 -124.338 1.955
-191.839 128.335 -195.916 2.068
113.567 -148.040 -188.473 1.898
3.564 83.704 -82.675 1.891
-162.736 29.647 -159.383 1.985
53.692 -97.984 33.574 2.071
180.269 -27.914 -122.775 1.915
63.149 -151.828 -169.343 2.140
39.996 -1.410 -121.143 2.098
-131.154 62.074 51.741 2.104
-12.244 147.273 116.411 2.009
-137.338 54.049 175.684 2.000
181.437 -41.435 119.709 2.058
-183.150 129.475 -1.707 2.045
159.650 10.672 -94.290 2.075
-68.581 -90.528 83.783 2.053
-65.730 72.531 -170.625 2.036
-37.457 -176.620 54.222 2.022
221.733 73.619 179.502 1.921
186.225 -119.293 76.502 2.273
-44.150 79.990 154.247 1.842
-178.779 -50.656 -107.509 1.912
30.490 138.977 194.848 1.940
175.323 150.631 143.717 2.123
159.911 40.263 -103.767 1.835
-216.844 71.471 145.424 2.129
62.068 152.788 -186.056 1.918
-5.625 -131.796 -191.455 2.069
-216.066 -159.564 192.935 2.088
-120.351 -63.487 14.941 1.946
-52.378 45.234 57.242 1.906
212.185 158.978 -44.841 1.809
81.443 -166.767 113.841 1.973
-73.206 95.321 92.045 2.017
69.622 78.632 -166.917 1.940
6.134 118.743 -190.676 1.917
43.718 -63.020 24.159 1.954
-33.475 -41.681 -41.801 1.978
-181.923 129.134 155.125 1.965
-8.632 -29.909 49.482 1.929
39.788 127.830 11.833 2.150
-36.659 89.097 -126.141 2.128
147.481 -56.611 49.599 1.960
-82.554 -77.098 37.351 1.905
-14.300 12.678 68.811 1.950
13.534 -152.402 58.160 1.833
-221.520 -13.823 -164.843 1.954
120.306 177.386 -107.414 1.893
158.959 71.399 20.691 2.172
-80.092 -99.501 -177.990 2.113
-63.643 -131.540 -55.995 1.999
-121.001 172.836 129.796 2.052
-14.162 -83.947 120.105 1.930
97.747 -29.109 -161.873 2.004
116.609 -160.945 104.932 1.941
-57.145 -1.095 -61.336 1.936
-148.981 -124.009 -149.497 2.141
-116.016 -101.961 3.888 2.025
-222.808 114.640 -78.605 2.122
-12.361 43.019 -148.751 2.089
-86.148 170.960 162.215 2.036
-71.202 161.833 -183.780 2.060
3.080 -157.830 15.695 1.803
-187.362 -42.953 118.694 2.071
119.150 -116.537 -171.646 1.882
96.998 -72.002 -33.978 1.940
200.656 123.733 158.999 2.050
17.460 100.183 171.842 1.989
113.765 92.716 -25.763 1.772
109.699 -146.791 110.826 1.845
-202.907 160.736 -112.231 1.961
-9.656 94.770 197.240 1.946
-203.411 -76.542 182.229 2.076
-153.146 138.807 -37.771 1.962
-187.911 -56.472 152.579 1.953
-3.268 -187.170 191.569 2.036
56.102 68.757 163.063 2.008
-77.609 -15.136 -12.453 2.009
23.364 119.464 -28.566 2.063
98.314 -143.225 -110.489 1.899
-213.735 -175.092 67.527 1.991
-3.466 -49.851 -112.263 1.964
67.243 64.415 114.170 2.017
-215.891 162.281 32.655 2.043
-147.353 60.022 42.475 2.187
150.948 -22.785 -88.809 1.930
-88.504 -28.111 94.760 2.063
-174.805 -187.715 50.726 2.080
-55.762 17.888 -30.509 1.891
6.456 -32.776 174.201 1.866
209.125 -48.379 195.843 2.024
-192.472 4.433 -56.983 2.087
-2.685 -161.090 -136.622 1.898
-189.187 -113.949 -53.832 2.005
4.078 50.053 158.688 1.879
-24.306 -13.998 129.270 1.904
94.401 173.401 -38.866 1.883
29.567 -89.573 -131.390 1.986
-196.495 -104.607 -74.775 2.063
-28.409 92.894 186.127 2.073
209.174 -159.329 -107.734 2.093
-93.263 -101.249 112.822 2.105
215.682 171.172 -4.877 1.986
-217.926 148.589 23.453 1.982
-178.998 171.995 125.904 1.976
-81.416 83.693 16.036 2.088
-204.495 103.818 -171.497 2.144
-129.125 -145.944 76.705 2.167
61.531 134.563 -156.652 2.032
-17.680 -104.513 67.095 2.131
-22.815 138.656 -111.290 2.151
-34.854 -89.955 -114.483 1.843
-120.130 183.627 -132.408 1.874
-15.208 -69.871 -6.425 2.090
127.418 -97.898 162.703 1.970
127.664 -94.033 196.358 2.081
-113.158 99.619 9.782 1.937
127.273 -128.552 20.536 2.120
156.254 41.968 46.673 1.827
-175.771 -89.396 -126.595 2.043
83.643 -189.379 -90.682 1.887
-148.449 113.208 -156.015 2.025
210.782 16.071 94.131 2.237
60.888 128.814 112.952 2.034
100.536 85.696 -72.193 2.235
-162.156 -63.784 -119.424 1.819
-148.759 188.792 159.472 2.114
-173.301 -160.220 198.848 2.014
185.149 26.103 -64.937 1.923
149.792 -47.124 118.846 2.124
-23.066 28.684 104.699 1.904
-141.788 -35.225 52.809 1.836
122.964 51.489 -179.459 1.824
-120.307 -166.302 38.096 2.001
-166.276 43.378 88.076 1.973
-138.586 -92.136 132.107 1.862
-167.107 -54.293 -24.412 1.971
56.339 -156.319 1.693 1.997
-19.931 -40.693 -15.509 2.067
-160.119 -112.629 -18.136 2.066
143.326 -36.740 -3.478 1.886
144.569 -79.626 -174.911 1.993
-59.935 -110.281 168.457 1.994
87.756 149.149 -15.118 1.971
215.009 79.912 34.178 1.908
212.142 183.158 -179.544 2.190
-98.580 117.902 -11.123 2.206
67.528 -185.046 -78.929 1.999
81.235 -96.096 11.574 1.973
-166.400 71.901 28.611 1.995
96.546 -113.470 106.829 2.019
54.140 44.829 120.800 2.141
-166.846 -90.623 45.677 1.892
182.326 18.530 -51.093 2.137
-22.842 97.708 186.687 1.896
-55.931 -186.439 -26.973 2.096
1.192 -161.254 104.722 2.105
99.497 80.606 159.430 1.984
-176.682 -77.879 -25.027 1.971
-80.899 163.723 -148.928 2.216
-151.589 -169.703 -189.859 2.060
16.407 142.972 -60.641 1.958
132.084 -174.930 185.377 2.020
-132.308 142.205 77.940 2.138
-99.828 62.194 -193.244 1.970
-206.154 -186.659 -26.440 1.985
209.119 160.365 125.970 1.988
-119.748 -29.085 -29.130 2.070
-53.366 43.970 -65.525 1.927
-195.081 130.301 -69.508 2.027
161.605 80.037 97.559 1.868
-101.332 38.993 38.098 1.915
-208.078 -142.828 182.942 2.043
208.452 -91.885 -76.849 1.981
-199.002 -111.068 -42.229 1.896
-101.030 19.523 -8.983 1.936
190.666 147.386 -83.588 1.998
37.710 -47.266 151.145 1.903
20.807 -19.577 25.383 2.025
-59.210 183.394 4.464 1.877
155.375 -48.618 -29.236 2.203
173.280 -107.837 72.591 1.894
24.831 166.043 -8.215 1.877
13.972 82.772 -99.759 2.044
48.502 -165.042 166.416 2.002
89.590 -71.617 -120.510 2.030
-217.798 -110.760 -127.167 1.965
-29.402 122.188 145.251 2.079
171.426 39.410 -100.583 1.957
-139.415 -110.950 45.356 1.856
-10.937 -44.287 -93.939 2.112
-48.134 44.755 54.126 1.954
-62.350 -109.757 -80.091 1.952
105.256 79.729 -58.148 1.804
5.204 127.394 -96.293 1.982
-46.470 94.409 12.736 2.024
-221.261 -46.583 179.220 1.932
-201.095 -64.055 86.892 1.870
47.333 91.525 57.118 1.919
4.625 114.970 -129.322 2.147
-179.917 -188.006 -29.097 2.065
-44.271 -186.521 -100.591 1.925
-70.789 132.682 -3.387 1.952
-65.709 45.412 -198.821 2.011
7.473 88.880 -110.759 1.996
45.815 128.763 131.394 2.048
-74.747 79.825 26.763 1.951
-60.515 -151.922 182.521 2.107
222.168 -97.100 36.710 2.032
133.109 162.063 3.564 1.831
204.738 -21.677 91.741 1.974
55.114 -56.582 45.282 2.025
124.778 -79.233 71.816 1.906
-17.353 -17.696 0.942 1.985
-56.894 42.535 123.304 2.008
-34.054 -45.791 150.156 2.019
-93.130 -146.226 -87.987 1.983
28.182 40.017 198.987 1.987
86.202 -176.680 -191.256 1.976
-101.167 150.368 -17.907 1.851
97.248 -26.865 147.293 2.308
211.464 -14.647 143.256 2.058
-78.432 73.537 46.696 2.099
180.591 -114.194 91.674 2.107
-158.072 -121.140 62.424 2.083
201.173 -148.407 103.690 2.033
159.254 -114.399 142.044 1.839
-161.472 -175.422 -165.223 2.023
-91.110 -42.011 165.996 2.041
-170.410 -142.360 125.186 1.969
153.142 -42.636 134.043 1.994
47.815 189.999 -153.105 2.116
-174.777 184.270 -3.976 1.984
-138.404 38.276 -138.048 2.054
132.607 57.490 115.053 1.816
-57.000 20.149 190.596 1.875
-182.028 -189.449 -90.865 1.902
32.865 -59.844 168.695 2.182
-159.892 -35.062 -106.255 2.068
5.142 -102.997 113.818 1.936
203.300 76.804 -52.695 2.105
135.999 177.398 13.004 2.102
-17.447 1.113 173.403 1.965
-205.660 -88.756 95.987 2.056
-50.651 24.731 -147.591 1.976
-82.502 -45.197 29.878 2.033
160.497 160.414 -49.579 2.014
154.328 27.047 -51.021 1.992
19.073 91.674 190.306 1.834
87.528 78.882 -187.921 2.070
48.630 187.479 102.226 1.993
-124.659 -55.909 146.970 2.032
151.559 -44.269 73.109 1.909
36.416 -165.153 22.502 2.074
-128.648 -39.962 -118.342 1.896
206.304 -183.289 42.084 2.155
43.192 34.630 -17.129 2.083
172.900 170.420 198.854 2.118
126.970 -90.860 47.627 1.993
130.105 171.892 54.212 2.031
-76.534 48.838 -51.082 2.163
-210.737 -81.485 31.236 1.927
4.256 -179.246 -194.598 1.936
156.989 88.774 38.082 2.070
-197.001 164.161 -131.803 1.997
-31.283 -0.566 138.521 2.073
200.825 -46.331 31.785 2.092
-218.120 -83.336 139.348 1.988
-207.525 -35.848 114.072 1.976
-7.741 -44.881 -62.948 1.963
-52.110 -120.158 163.911 2.027
-171.595 60.447 76.813 1.874
91.699 -93.192 -161.997 1.995
-71.250 -10.566 102.047 1.915
99.266 -90.743 -176.310 1.945
-169.617 110.169 101.068 2.025
-85.184 -121.282 -93.103 1.919
-38.180 -72.855 -64.108 1.981
-149.530 16.609 -54.828 1.987
-20.707 138.747 -145.955 1.999
-217.744 73.289 108.689 2.033
215.567 54.411 149.842 1.928
182.674 123.545 -168.200 1.925
-133.328 1.572 115.216 1.973
37.266 -8.848 132.686 1.948
-24.890 72.705 157.259 1.992
168.552 -140.729 -78.382 2.012
-97.144 -98.730 124.226 2.001
-112.943 -130.025 12.515 2.005
12.800 149.440 64.373 2.020
-197.483 -140.628 -38.753 2.210
24.453 39.924 175.325 1.977
138.933 1.887 78.737 1.966
-155.978 37.027 -123.102 2.005
153.312 13.106 -110.384 2.067
-166.462 125.832 11.105 2.022
223.788 187.611 -89.487 2.164
-43.392 -181.679 -185.430 1.927
-146.693 130.719 -74.237 2.075
-94.953 -176.588 -65.243 1.953
203.856 150.433 -14.858 1.958
-102.951 161.830 157.790 1.937
-204.743 105.272 -133.334 2.001
-50.429 160.840 110.778 1.947
-95.551 -67.661 126.869 1.998
-186.574 53.144 89.407 2.007
93.170 181.853 -197.975 2.137
213.345 -128.716 -124.652 2.074
9.617 -144.867 122.267 1.996
158.120 -187.275 -1.158 1.977
193.893 134.845 -111.542 1.867
84.461 17.115 -18.612 2.113
-185.683 -69.257 -39.395 1.995
-92.799 144.105 191.769 2.127
-212.498 -47.770 -50.477 1.855
-61.473 93.303 -126.377 2.149
-122.016 -1.948 -33.296 1.867
21.886 -169.608 159.107 2.016
84.574 -57.878 190.500 1.903
123.589 139.218 -76.327 2.078
165.599 139.638 -90.020 2.103
-16.489 -75.935 187.867 1.962
117.807 117.348 26.477 2.088
-123.360 -158.534 -28.664 2.170
97.995 -7.354 67.108 2.129
85.885 -19.877 146.234 2.013
89.855 -180.013 30.487 2.054
-137.967 -163.803 -159.822 2.078
-162.048 -8.588 117.063 1.981
-94.376 155.683 7.748 1.953
-141.470 -109.230 -12.041 2.023
127.208 -21.213 -57.627 1.993
165.300 63.597 -28.514 1.872
70.876 134.199 170.526 1.939
70.938 73.975 184.067 1.993
182.022 53.951 -187.295 1.997
11.311 177.496 165.003 1.888
88.961 33.714 70.839 2.091
-115.176 174.373 35.060 2.208
109.395 -129.815 -38.243 1.903
119.390 -165.616 -8.255 2.086
-172.471 -114.860 86.605 2.030
44.479 111.703 -4.341 2.024
-28.832 -81.981 -32.799 2.001
-195.380 84.877 161.696 2.014
217.301 108.604 64.573 1.832
-102.711 -140.288 56.546 2.047
11.514 51.705 -61.263 2.063
111.037 -175.789 -36.626 1.986
169.327 2.700 5.066 2.038
-14.625 -153.168 147.768 2.039
133.423 -184.478 136.833 2.114
-224.789 -59.358 99.505 1.911
-180.467 -119.289 127.451 1.969
79.599 -142.334 95.220 1.994
69.281 -125.685 30.595 2.013
164.983 2.012 -101.887 1.931
94.927 174.457 -169.554 1.974
113.752 -127.632 17.396 1.979
3.558 -97.613 97.057 2.066
95.685 154.591 45.437 2.004
161.824 113.892 -115.860 2.053
-135.316 -151.330 -95.357 2.115
131.561 189.083 -113.261 2.007
-191.091 -140.122 -90.274 1.890
-49.649 -177.980 -106.339 1.978
18.338 52.863 155.090 2.149
27.032 -182.803 165.125 1.875
-168.561 -135.215 138.750 2.009
-213.800 -6.254 -47.990 2.032
-135.130 -184.372 -168.250 2.057
53.503 -179.898 -82.396 2.073
-185.988 9.514 -110.641 2.003
-193.379 -5.262 68.459 2.039
190.860 74.439 151.241 2.032
157.996 168.679 -59.502 1.899
124.799 13.052 -7.816 1.639
85.387 62.595 42.196 1.990
56.392 -43.798 -145.784 1.971
-78.722 122.111 198.903 1.835
-125.154 -34.112 70.940 1.859
-126.563 -155.265 72.334 1.992
152.444 101.517 -173.942 1.981
-177.769 101.713 -190.565 2.101
208.124 68.464 -100.525 1.949
-96.256 -13.659 125.790 2.043
114.400 -116.819 -62.418 2.094
-107.103 46.791 -7.253 2.157
-193.771 -65.042 133.789 2.038
221.051 105.338 105.704 2.070
-176.701 -109.886 -38.437 2.032
-213.929 137.567 -117.817 2.206
-176.400 113.939 171.246 1.931
-219.211 182.459 159.339 2.035
-182.024 72.032 81.091 1.904
112.261 -153.190 -31.083 2.100
-190.674 83.750 -185.847 1.930
145.883 27.568 -99.134 2.000
-132.491 52.393 -193.314 1.966
125.754 -104.201 50.434 2.025
113.252 179.866 82.706 2.108
-5.004 42.984 -165.849 2.035
-103.762 113.233 -51.021 2.062
209.866 57.201 31.885 2.063
-75.116 167.090 -60.582 2.075
-218.922 11.484 -120.910 2.071
-184.573 61.110 68.183 2.100
26.134 -3.661 -154.513 1.923
-169.778 -95.172 73.712 1.890
-54.668 -132.413 170.894 1.915
-15.377 -179.813 -186.516 2.139
-127.063 37.390 -131.494 2.149
185.197 24.980 -185.171 2.109
122.179 -120.572 -163.671 2.045
181.057 -93.145 134.282 2.041
-27.657 -146.999 36.376 1.983
-97.842 78.876 7.119 2.123
34.117 87.279 38.467 2.058
198.386 -158.671 -13.224 2.147
-90.030 -138.865 -126.521 1.913
-200.856 175.878 83.871 1.932
53.082 117.335 175.405 1.944
189.412 19.093 162.104 2.170
-196.823 120.960 -156.535 2.125
-44.448 -78.391 115.247 1.990
-173.482 -186.037 180.990 2.125
198.008 -164.690 52.991 1.904
196.254 -51.983 10.481 1.966
-222.610 -15.547 -117.732 1.882
48.703 154.590 151.679 2.118
-142.190 -130.942 -158.465 1.924
-133.663 -145.745 181.136 2.000
-222.294 -161.383 -135.629 2.121
59.008 157.438 146.369 1.754
123.754 20.361 141.510 1.930
-222.816 -34.291 -81.256 2.074
136.004 141.448 122.907 2.107
-42.318 -125.596 151.195 2.050
-203.576 1.063 -55.873 2.014
199.219 120.477 176.871 2.150
156.552 -62.790 174.499 2.021
218.856 -134.426 87.384 2.078
0.871 -15.225 34.522 1.894
-129.707 135.522 -94.095 1.971
38.388 4.035 -61.511 1.840
165.960 -32.085 168.730 1.980
67.706 99.213 84.174 2.137
160.101 -10.758 -122.550 1.962
208.892 -188.017 193.640 1.959
143.400 6.834 93.965 1.891
-216.923 -178.441 -81.266 2.045
183.026 -28.692 -157.511 1.915
-127.784 -163.735 -53.808 1.911
-206.774 165.448 -161.533 1.861
75.635 -45.020 142.934 2.037
12.902 -88.452 46.193 1.825
202.352 40.012 199.511 1.914
-15.995 58.126 -31.274 2.069
18.942 171.757 119.431 1.861
55.778 -78.245 -139.407 1.846
107.558 -167.710 33.710 2.019
123.258 -74.930 73.589 1.758
-93.470 23.977 -136.892 1.943
81.218 154.584 -43.445 1.893
119.291 -120.918 -65.846 2.092
-19.280 156.225 -99.015 2.073
-47.933 170.140 -183.987 1.930
138.448 148.124 -183.537 2.000
-35.863 -141.547 -136.671 2.083
203.704 152.882 -40.366 2.114
105.194 178.334 -5.718 2.046
-16.466 -15.305 -98.719 1.970
33.617 0.811 41.258 2.160
-83.157 122.707 134.597 2.085
-28.223 -50.577 48.505 1.885
101.520 119.009 19.065 1.968
-67.973 162.075 71.879 1.938
22.614 122.179 142.947 2.030
40.398 74.651 -154.638 2.038
110.661 136.067 96.302 2.064
67.762 119.561 152.986 1.767
-13.496 -150.651 67.627 2.007
99.655 -27.381 -67.565 1.970
68.193 -135.016 -125.659 1.977
-11.597 29.713 136.096 2.005
85.308 172.978 -135.399 1.786
-185.614 184.438 -188.973 1.917
97.611 -126.219 78.253 2.048
-16.514 128.751 -5.864 2.264
-9.858 -45.475 -17.599 2.059
123.066 -152.232 -51.669 1.888
-13.942 -3.116 -39.360 2.088
-14.318 -63.062 -20.271 1.944
26.297 -135.009 -142.015 1.987
62.011 -188.102 -197.218 1.965
-60.205 150.003 -46.928 1.878
182.076 -73.399 -169.371 2.045
-203.312 -185.258 105.658 1.976
188.425 -105.458 -20.505 1.844
122.248 180.430 188.004 1.917
-134.829 -161.479 -8.930 2.044
24.463 141.132 -140.652 1.854
-119.865 -10.529 131.723 2.118
-223.313 91.198 -144.345 1.820
1.905 -117.007 119.060 2.078
-142.196 167.378 131.685 1.963
-133.239 8.027 125.092 2.117
-2.312 -132.979 -76.755 2.020
84.840 77.001 -110.170 1.957
-53.003 -97.148 54.949 2.079
166.403 77.833 -73.547 2.034
185.625 30.054 -26.791 2.033
-75.829 64.136 119.825 2.001
-125.882 47.720 54.792 2.055
34.403 94.237 80.374 1.845
-81.739 -41.761 -14.938 1.853
-221.934 19.459 -10.646 2.213
-40.351 126.956 -166.741 1.970
149.707 -51.115 170.416 1.924
72.803 174.325 -157.223 1.869
-40.051 -6.671 111.747 1.813
-141.962 -58.455 75.368 2.076
-52.950 -91.403 -122.166 2.062
-124.304 -81.673 105.804 2.072
-50.336 32.619 0.823 2.045
122.519 -137.895 -144.625 2.071
-3.673 -94.782 -22.557 2.064
-192.817 -102.806 -196.128 2.071
-207.240 -38.229 -105.100 1.831
-211.899 -134.771 -190.412 1.851
-185.493 -24.238 -48.607 2.002
46.447 99.909 -145.217 2.017
167.630 44.277 -70.958 1.868
-107.526 -98.867 148.799 2.002
198.072 19.691 64.871 2.034
-194.326 -74.631 100.567 1.898
-7.778 -26.828 -160.966 2.036
-206.721 67.325 -107.220 2.069
190.433 176.070 -177.297 2.158
76.442 -166.213 -64.884 2.192
-146.692 -2.886 118.703 2.073
82.515 -124.421 109.581 2.033
-78.785 -20.182 -158.352 1.830
-185.851 146.642 -187.636 1.930
157.613 -96.472 115.104 1.975
-41.638 -132.936 91.115 1.966
132.285 179.386 -31.315 1.963
67.527 118.687 -114.286 1.986
168.739 2.678 -135.674 2.075
-99.421 -46.759 -18.363 2.054
-97.544 94.940 -34.015 1.951
179.486 122.786 -149.816 1.958
12.137 87.166 93.521 1.946
-92.080 -80.829 -36.064 1.933
65.447 100.787 -185.556 2.129
-7.564 9.425 -192.020 2.038
29.271 -140.841 -50.540 1.867
109.386 119.312 -84.702 2.035
171.687 181.969 -121.334 2.153
81.216 103.182 122.246 1.994
146.918 -98.154 125.127 1.977
34.566 -159.610 13.207 2.204
40.967 -149.976 77.262 2.075
-14.920 23.212 29.184 1.895
-214.494 21.509 55.440 1.969
168.329 34.546 -24.334 1.972
47.899 25.492 -3.341 1.907
55.414 175.649 158.872 2.106
11.786 38.601 93.631 1.893
-179.777 -132.936 -146.894 2.094
162.692 -12.877 -186.578 1.961
-218.148 52.578 182.340 2.006
46.742 71.131 43.000 1.913
-209.753 -97.371 -22.955 1.870
176.464 44.968 44.720 2.051
-170.059 -91.222 -46.764 1.952
31.862 -182.443 119.301 2.124
-181.238 3.728 -150.024 2.061
-217.049 -159.346 151.205 2.111
23.260 -65.298 145.293 1.959
-168.488 -158.062 89.981 2.166
-148.402 84.505 -107.767 1.967
119.609 156.179 -154.725 1.858
104.578 -188.378 139.126 2.002
40.417 -154.513 119.190 1.873
103.272 161.492 -50.740 1.875
-23.433 -22.905 -57.887 1.977
70.367 33.147 -39.567 1.957
203.326 187.141 95.259 2.143
89.674 -174.294 196.795 1.922
-72.567 -58.766 145.581 2.086
-16.635 56.992 175.816 1.995
-175.926 157.930 52.842 1.985
40.376 -17.689 195.549 1.898
-95.798 -166.788 -160.698 2.002
47.125 -165.827 -144.473 2.133
112.714 147.461 -137.508 2.179
-150.236 133.701 -178.425 2.048
156.746 -14.520 -27.306 2.107
-8.879 159.856 -193.377 2.075
187.576 121.707 149.651 1.877
-147.849 102.439 62.961 2.206
199.187 139.985 47.965 1.885
-66.099 70.008 -162.047 2.008
203.234 -73.738 30.103 2.085
-73.525 -8.103 -100.675 1.942
149.032 71.977 158.179 1.925
-44.881 -75.056 98.909 1.900
-141.616 83.553 73.483 1.962
89.515 -1.405 28.995 2.143
92.144 -185.795 -180.276 1.957
-113.783 -155.206 167.622 2.042
91.652 -45.414 157.245 1.840
209.517 -150.157 -24.937 1.978
-8.115 -114.821 165.069 1.885
-155.411 154.754 -125.002 1.980
213.270 -143.212 44.772 2.095
-87.119 -60.572 -135.832 2.085
-120.572 -157.397 85.524 1.929
-40.512 60.408 -170.438 2.111
-221.901 186.414 -63.498 2.036
213.710 -2.973 18.276 2.015
80.613 92.694 -133.600 1.915
-134.676 -19.278 3.987 2.032
-20.056 -118.379 101.758 1.864
-144.217 157.464 -123.028 1.994
-5.301 91.101 -43.473 1.823
8.080 -91.847 -41.005 1.832
46.181 -135.322 -45.122 1.934
51.571 -142.409 174.697 2.095
107.509 126.406 -60.210 1.998
54.181 168.480 191.867 1.835
35.183 69.763 -36.560 2.016
34.507 123.433 169.600 2.016
140.042 -134.689 43.411 2.200
37.842 45.570 -6.004 1.936
-142.401 -101.354 -121.570 2.064
-132.247 -160.712 7.347 1.976
-32.924 153.123 -137.742 2.026
220.553 116.064 -52.802 1.804
68.954 -188.946 154.220 1.903
35.534 -51.788 -44.239 1.799
196.222 -13.409 142.053 1.916
52.745 98.097 24.096 1.822
13.284 134.016 27.278 1.792
22.276 137.722 79.425 2.020
-84.067 -33.075 134.750 1.928
53.790 63.841 145.905 1.985
-161.677 -27.521 31.338 1.967
-139.693 150.436 -140.871 1.957
-76.127 -56.306 143.678 2.140
210.216 -53.448 107.117 1.934
190.050 -155.437 120.586 2.040
100.664 41.178 -5.461 2.091
60.312 -175.438 -31.065 1.999
-211.152 -66.345 -189.012 1.955
-129.134 -130.349 -160.229 2.100
-221.723 -14.340 -7.287 2.034
99.757 147.955 0.437 2.024
-106.559 155.254 -86.983 1.927
49.811 155.207 192.370 1.827
-75.266 -129.345 91.433 2.069
-52.186 32.694 131.728 2.111
175.155 133.273 -117.616 1.890
159.157 38.322 12.955 2.065
-74.419 -147.873 -53.413 2.144
149.171 160.840 -71.718 1.938
-50.441 166.435 65.810 1.930
156.537 148.798 192.192 1.856
4.539 -13.476 -99.832 2.045
-5.023 142.519 69.178 2.118
-149.151 -94.432 -35.471 2.175
-90.689 -61.903 188.203 1.959
-133.493 48.487 -152.078 2.047
-181.620 156.559 -158.197 2.159
134.672 157.560 -93.217 2.023
-218.104 -35.104 -112.471 1.964
39.959 -153.274 -108.243 2.168
87.039 -106.363 -25.651 1.949
-89.118 -23.525 8.128 1.966
-220.479 109.555 129.308 1.947
49.267 -188.323 30.314 1.959
213.914 -50.854 -32.800 1.907
122.969 -34.317 175.198 2.242
-203.757 64.637 46.640 1.922
-88.242 -147.272 -181.427 1.966
-107.369 -113.305 2.572 1.795
-205.531 123.432 19.041 1.918
-83.611 32.578 7.196 1.900
80.727 20.146 -20.274 2.013
-214.134 170.999 -199.156 2.103
-170.050 90.497 -67.747 2.060
-154.440 -78.748 -82.825 2.071
199.020 -79.643 138.359 1.980
-116.772 59.966 -177.233 2.071
48.246 -87.521 161.989 2.124
-77.657 18.989 -124.284 2.030
-158.396 62.194 -110.456 2.037
207.314 22.166 -58.598 1.968
46.608 -142.810 46.239 2.031
-218.726 159.042 11.058 1.998
-55.506 170.456 -68.469 1.871
-94.119 18.323 -92.032 2.004
108.673 -104.585 -73.999 1.922
-60.402 91.601 133.541 1.988
89.020 -3.884 129.206 1.954
8.829 117.781 97.547 2.027
-122.069 103.638 -84.662 2.105
131.785 -30.466 -93.962 1.735
-35.046 136.528 -18.251 2.095
7.076 16.507 75.721 1.833
-78.368 -102.423 -88.611 1.946
133.065 -42.155 137.276 2.070
195.142 44.755 -47.360 1.979
-214.408 -35.133 42.833 2.119
63.329 116.421 -56.436 2.002
-30.738 -95.411 -168.169 1.878
30.849 57.333 158.263 1.925
152.001 -20.710 190.189 2.021
-167.770 -7.935 -12.970 2.260
-218.312 -4.668 110.972 1.868
112.956 -168.997 130.335 1.963
-85.451 -157.389 194.473 1.831
-114.350 -109.860 -23.608 2.014
-28.620 -94.362 -101.922 1.869
-14.761 -60.906 -141.504 1.953
-119.857 149.811 15.594 2.066
-189.367 49.389 -98.646 1.953
-13.122 -98.496 -46.507 2.144
206.731 38.075 183.287 2.092
136.577 188.836 -45.652 1.950
118.252 -133.548 145.104 2.032
-160.430 -177.130 -76.280 2.078
211.076 41.914 -84.932 2.029
-7.691 -133.390 164.819 2.019
53.715 167.641 62.507 2.092
-56.718 150.757 -32.397 1.819
-3.721 68.101 35.151 2.042
120.244 -137.892 0.508 1.961
65.954 189.940 110.580 2.011
163.117 -160.355 138.881 2.160
51.917 -148.113 75.527 2.034
-134.301 -5.740 -89.623 2.028
-205.475 -179.549 -60.721 2.121
-71.524 -60.673 189.254 1.999
133.883 -24.896 157.415 1.979
