146.699 -6.093 176.514 1.932
185.974 99.805 67.610 1.993
-56.556 -20.611 -60.347 1.985
-173.696 102.792 114.383 2.117
-88.120 -18.545 -33.078 1.898
-181.663 -6.685 -131.527 2.106
20.630 -15.087 127.411 2.092
67.311 -2.624 71.520 1.988
5.897 -72.308 -159.653 1.946
124.566 -35.344 -158.679 1.965
92.520 -136.214 -111.663 1.974
-117.015 54.881 -127.681 1.991
-179.444 48.738 110.354 1.941
201.828 -73.881 -29.983 1.998
144.169 -0.827 100.686 1.984
129.116 1.598 -12.554 1.996
-13.322 -22.537 -171.228 1.973
32.198 9.644 -55.825 1.935
-172.093 36.033 104.474 2.049
-85.791 61.214 -152.204 1.815
68.564 5.718 -22.563 2.153
167.935 28.592 -12.503 2.036
-211.494 -20.128 76.753 2.075
71.019 -184.773 -99.508 1.753
188.088 -120.692 -23.289 1.954
118.282 27.113 -56.473 2.007
171.568 175.522 18.635 2.064
37.622 -5.546 12.001 2.114
-36.645 -73.780 -73.805 2.060
-58.063 -144.129 -75.424 2.099
-55.210 82.935 -199.363 2.070
-27.194 -178.225 -34.562 1.966
-40.788 -94.555 5.603 2.110
83.630 -37.252 86.105 2.099
144.343 -164.785 170.314 1.906
-57.270 10.465 93.106 2.061
-175.505 -147.596 74.126 2.062
145.195 76.332 -170.468 2.006
39.118 64.515 -121.771 1.866
-7.644 42.101 72.309 1.936
-42.338 -132.920 110.843 1.782
85.077 31.247 147.120 1.947
-12.549 -33.762 -64.780 1.877
-9.535 131.265 -159.376 2.010
16.714 -104.041 -86.129 1.993
-36.796 168.899 164.015 1.823
-117.845 75.103 85.385 1.991
42.760 171.600 86.059 2.053
-167.763 52.029 -96.348 1.990
194.839 -21.112 84.143 2.009
-19.850 83.333 -4.986 1.783
32.432 -8.322 40.820 2.028
169.178 -74.992 183.366 1.940
-60.170 133.900 -150.175 1.866
150.554 92.567 -80.904 2.230
-198.051 -99.248 109.796 1.978
111.873 67.980 126.266 1.942
-138.663 119.608 63.650 1.881
-95.009 -171.364 181.103 1.907
-192.383 179.561 16.379 2.127
-64.121 18.645 95.640 1.956
-22.547 -67.771 176.803 2.079
-107.029 163.951 174.437 2.118
-211.897 79.119 120.053 2.188
-213.292 159.817 -195.874 1.833
-14.259 -59.181 158.508 1.978
-78.770 -135.868 -158.161 1.963
-134.520 -182.306 189.211 1.943
-141.232 -121.145 100.032 2.059
83.927 84.430 -122.828 1.986
-217.929 -145.178 -105.185 1.946
170.547 158.075 102.715 2.118
153.666 -96.915 -102.389 1.851
128.596 -77.176 -177.924 1.951
57.420 -83.275 162.334 1.988
87.626 -56.502 -152.531 2.075
95.896 -43.676 22.354 1.956
-8.697 16.492 182.053 1.986
58.300 69.247 94.942 1.966
-16.408 -181.532 -199.647 1.741
194.698 169.887 -77.433 2.137
107.156 41.721 157.600 1.994
174.276 123.713 -59.316 2.011
-214.017 92.641 -178.822 2.160
176.829 20.409 148.678 1.964
189.385 -66.695 140.276 2.111
74.027 162.632 -54.096 2.098
-5.287 -103.307 -106.902 2.158
114.002 189.650 41.186 2.119
-109.551 -131.518 135.415 1.982
18.117 -107.037 -168.117 1.884
-183.473 114.450 154.636 2.180
73.871 -103.028 8.855 2.025
105.182 183.880 -16.686 2.157
-54.352 24.057 -106.642 2.028
218.670 57.724 156.951 2.123
-189.058 113.746 -88.132 1.994
201.024 32.041 175.469 1.990
223.479 -88.625 158.583 1.970
-21.429 58.621 12.413 1.810
6.118 -54.891 33.627 2.049
219.325 -128.181 -192.989 2.077
-193.686 -44.884 99.293 2.135
209.866 -115.345 -66.427 2.003
147.762 -116.113 -168.571 1.913
-102.021 38.071 194.590 2.042
98.172 -118.917 -21.034 1.919
-27.972 -106.277 -118.344 2.065
159.893 82.253 -130.075 2.018
204.016 -42.063 126.184 1.931
-217.720 -151.272 -111.399 1.947
96.841 50.587 1.257 2.080
-195.818 69.226 -143.604 2.045
168.000 -90.499 -191.246 1.998
202.347 -63.901 -74.331 2.039
198.855 152.785 -82.580 2.157
122.266 121.669 133.572 2.107
-16.149 147.406 178.704 1.921
27.396 113.036 186.297 2.092
-140.272 139.666 125.671 1.948
15.418 94.810 -70.299 1.866
208.296 -150.138 165.685 1.805
176.791 -155.739 160.135 2.199
209.695 -167.089 -76.860 1.898
-41.279 -37.600 195.443 1.893
0.756 179.732 -121.675 2.018
198.368 -40.867 -48.988 1.980
-118.600 -175.475 -181.867 1.964
180.109 4.144 145.623 1.945
205.102 -69.312 15.152 1.886
156.041 -119.961 75.781 1.863
-126.041 -128.140 61.688 1.911
182.395 -124.033 -188.578 2.068
-114.217 -10.291 -67.421 2.090
-66.126 37.229 15.436 1.995
156.443 71.466 -7.537 2.187
200.078 -95.459 157.965 2.083
-136.930 -1.029 -65.075 1.898
78.990 -123.719 -114.479 2.113
131.979 177.749 -15.965 1.954
-204.837 110.205 21.087 1.998
116.716 104.591 -61.981 2.014
-224.777 -25.212 -77.377 2.091
98.290 19.590 128.664 2.042
-76.583 158.469 56.842 1.962
46.836 173.472 -10.016 1.992
-56.016 -9.877 -174.588 1.807
-205.867 -40.555 -71.188 1.988
212.529 107.771 -99.840 2.200
165.554 138.905 115.959 2.085
-69.276 -55.790 -108.652 2.125
-184.685 167.092 -110.224 2.029
214.983 -77.299 -33.604 1.982
61.820 154.420 -185.167 1.958
137.623 -176.370 -93.517 2.046
138.020 33.035 -123.681 2.010
-53.354 3.429 73.223 1.941
-0.983 -177.402 20.921 2.004
221.468 73.154 38.887 1.859
74.857 119.274 -169.352 2.197
115.822 111.162 147.401 2.071
121.276 101.604 -96.850 2.077
65.388 116.151 88.373 1.770
-145.699 -42.043 146.641 1.883
-135.589 147.397 -142.528 1.982
-124.420 78.478 187.023 2.029
-158.725 -36.727 188.702 1.969
212.419 87.531 -22.488 1.846
221.212 68.288 -5.076 2.004
-127.637 136.215 103.034 1.984
-159.016 75.896 -108.685 2.200
-214.282 172.259 164.792 2.086
51.729 154.538 -111.957 2.026
162.319 186.163 -85.275 2.009
163.412 -136.630 -183.233 2.074
-125.495 29.912 111.871 2.013
-212.173 84.726 -132.232 2.114
-105.117 -127.195 20.610 2.211
212.509 -90.954 85.757 1.894
194.973 -29.035 193.898 1.862
144.599 135.760 185.851 1.924
93.555 116.658 -13.429 2.060
36.206 -175.240 36.942 1.901
-94.970 149.157 58.910 2.004
-87.345 16.786 71.195 1.974
106.137 60.751 -174.581 2.155
-92.272 -109.908 -119.665 1.948
-139.874 110.345 -166.760 1.927
194.177 -137.901 15.394 2.068
-152.019 -0.606 165.234 1.891
223.927 -18.155 75.550 2.176
-157.325 -106.912 -121.388 2.000
140.045 151.077 37.416 2.019
124.194 78.215 -118.691 2.137
-188.142 98.609 74.159 1.703
150.106 179.079 94.376 1.845
217.762 93.580 94.163 2.027
-128.857 40.738 -150.655 2.057
-33.605 -139.335 -150.789 2.065
-187.684 150.474 -198.328 2.057
150.860 12.640 -120.317 2.018
81.388 -174.176 -177.356 2.099
-139.156 -79.395 18.166 2.012
-191.028 131.685 39.362 1.968
-107.727 -104.750 -3.285 2.129
119.519 -19.306 -162.682 1.850
101.136 -161.890 4.341 1.949
211.130 24.219 34.115 1.843
211.329 187.967 -94.496 2.030
30.253 -8.804 15.832 2.059
-54.504 70.154 108.504 2.015
76.910 -133.884 51.012 2.041
-22.942 -67.244 -5.056 2.037
-30.500 -100.617 -149.466 1.925
114.710 -75.168 -121.540 2.168
73.728 -63.100 -57.565 1.902
-116.459 -98.335 -117.169 2.071
-172.643 171.514 27.771 2.169
87.469 63.558 158.479 2.112
-107.133 39.034 119.900 1.988
189.491 -176.555 -10.766 2.123
-216.617 -42.143 -44.409 2.015
38.287 142.092 115.492 1.770
0.843 -82.386 -41.134 1.953
159.838 68.472 -90.535 1.952
-58.852 5.121 -94.372 2.001
170.941 183.438 148.538 1.898
12.030 98.901 -10.534 1.967
-88.500 159.345 -171.127 1.944
-37.180 113.739 -158.529 2.017
12.152 67.718 -83.171 1.967
-158.759 185.878 -94.604 2.033
-58.356 -177.873 114.997 2.026
91.988 16.441 -173.892 1.974
-31.648 42.880 39.858 2.065
-54.476 9.155 10.704 2.148
138.255 134.154 -100.596 1.938
216.813 -78.041 -25.672 2.016
31.442 -180.059 -176.377 2.175
43.542 -97.620 74.258 1.956
78.637 -52.935 72.259 1.892
-175.245 -17.678 -67.600 1.883
150.224 80.746 50.816 2.070
-77.211 -39.739 -63.189 2.221
-147.091 182.288 161.686 2.163
215.474 -128.195 -10.403 2.010
-18.981 -104.007 129.219 1.957
-87.476 -144.901 89.519 1.902
-15.059 -134.931 -45.579 2.129
-41.951 -76.758 57.030 2.127
-183.213 61.953 151.624 1.932
69.145 105.095 -186.510 1.866
105.877 38.453 7.999 1.873
88.024 -76.393 -43.513 1.930
77.177 -82.027 -95.876 1.959
107.450 128.626 -124.134 1.946
-137.114 -36.752 165.875 1.765
-105.536 129.432 -149.250 2.005
34.453 18.510 174.119 1.916
-0.934 -32.843 -82.953 2.018
193.551 121.699 83.475 1.965
-221.460 173.865 -85.246 2.073
165.539 -12.121 -159.324 1.941
215.133 147.102 -193.064 2.018
93.321 -114.522 38.661 2.045
-10.216 -38.101 184.430 1.930
-84.729 -188.808 118.251 1.858
-6.530 -127.860 -113.686 2.113
-177.902 -80.758 -24.208 1.873
-158.748 182.945 18.265 2.233
23.718 -146.408 150.480 2.107
212.867 -127.467 144.051 2.024
69.798 162.442 -183.234 2.109
-99.731 -122.561 -26.467 2.019
20.270 34.522 -4.107 1.980
-140.334 79.104 21.751 1.894
223.589 -117.358 -148.772 2.000
47.604 114.168 -67.688 2.128
-32.842 -14.715 35.048 2.018
-220.472 -32.196 -1.636 2.125
-31.494 -13.657 -67.895 1.900
145.341 -22.588 107.615 2.144
-109.054 -54.141 -27.565 1.956
207.650 84.955 191.750 2.084
-14.198 176.454 -29.346 2.072
-204.765 -189.061 -165.925 1.819
-28.637 68.443 -51.553 2.128
-110.592 -25.734 -195.930 2.031
-37.555 138.003 78.741 2.044
46.115 -169.511 -65.402 2.026
-25.276 -88.368 -35.203 2.061
13.263 75.857 -143.992 2.115
-69.262 184.619 -159.378 2.112
-91.109 -134.681 -88.310 2.139
158.758 -177.491 -179.687 1.886
-32.078 -48.941 69.159 2.000
-27.050 -104.555 -146.923 1.944
58.199 -12.513 86.902 2.035
43.057 42.205 29.164 2.010
-146.854 126.072 -0.004 1.870
159.527 -160.892 64.869 1.981
100.521 34.069 -17.621 2.060
67.891 14.682 -9.175 2.065
103.338 40.622 198.836 2.053
-14.813 139.249 -113.062 2.039
23.202 -71.178 -140.818 2.087
-5.304 174.738 -81.785 1.978
-188.695 -100.890 -139.500 2.117
209.715 -174.197 101.050 2.078
61.894 86.264 37.668 2.005
83.763 -65.546 167.430 1.838
76.572 37.244 -78.716 2.064
20.157 188.586 166.337 2.089
-88.666 129.666 -10.364 1.879
-139.381 108.958 -194.419 1.917
135.593 -163.842 114.539 2.015
-178.516 -73.112 79.388 2.053
52.642 -28.018 70.664 2.251
186.075 31.470 79.976 1.943
138.042 -125.850 -18.476 1.874
-62.613 120.908 -58.771 1.839
-131.306 7.422 177.614 1.988
-53.156 -170.804 139.468 2.041
-149.844 -53.867 190.036 1.914
-48.503 -4.187 118.661 1.822
-100.357 98.326 189.088 1.935
105.715 -144.234 -86.374 1.972
-112.765 30.459 -72.445 1.865
-107.880 138.892 62.735 2.164
-153.463 176.506 64.496 1.830
196.636 -40.246 -35.716 2.020
-216.762 -9.473 88.967 1.973
-185.989 -107.622 75.613 2.062
103.161 155.742 41.482 2.191
75.057 -121.454 -97.811 1.898
-60.143 -13.720 -136.131 1.965
71.414 141.690 20.844 2.132
-150.933 51.155 -145.040 1.794
46.121 -170.511 90.507 2.045
-95.797 160.192 171.286 2.091
207.545 -161.300 21.964 2.115
-99.133 103.788 -106.385 1.935
64.314 -88.186 -39.753 1.976
83.926 47.912 -96.243 2.073
94.645 154.052 123.327 1.989
197.388 133.156 -108.677 2.152
-60.942 -94.558 -103.683 1.965
-132.034 -138.654 189.881 2.235
96.765 -21.391 80.406 2.053
-4.966 -48.708 -172.509 1.774
131.048 -100.637 -58.019 2.105
-81.903 28.314 -41.757 2.065
108.424 0.718 18.110 2.015
216.635 148.330 87.167 2.177
113.479 -163.149 92.358 1.889
151.510 131.064 154.406 1.974
-15.499 -102.367 -74.220 2.143
126.711 -189.708 -169.239 1.859
-35.781 -101.535 78.014 1.919
-20.510 150.489 70.708 1.989
-135.918 -177.102 -79.044 2.035
-57.065 -139.045 84.057 1.927
-216.055 -21.452 91.048 2.068
22.569 -173.439 45.046 2.134
-64.328 18.196 115.140 1.981
69.617 185.872 -199.026 1.922
213.304 69.912 114.208 2.128
97.764 -78.766 56.794 2.020
102.455 -66.205 -99.528 1.880
34.528 -139.423 -17.636 2.252
-153.089 156.849 -144.188 1.880
-2.725 -146.211 -14.231 1.867
-169.245 91.241 -62.053 2.104
77.693 -157.947 185.793 2.033
122.435 112.837 38.347 2.108
169.093 91.135 165.697 1.851
46.445 93.761 -48.471 1.957
-184.168 -68.629 197.889 2.027
-152.768 9.222 183.055 2.068
-213.968 95.253 38.861 1.966
-26.994 -101.875 -34.715 1.977
-178.359 -63.673 -28.766 1.750
89.802 -132.654 -25.330 1.914
85.257 19.462 169.184 1.984
53.436 -137.245 86.364 2.019
-158.101 -144.673 173.612 2.088
-180.978 -47.634 -80.144 1.981
168.323 -57.497 10.273 1.894
-30.980 -64.605 97.752 1.944
31.603 106.342 -134.036 1.994
-9.379 -184.237 -140.555 1.981
221.943 124.550 -18.504 1.760
99.846 119.155 -79.498 2.115
150.145 -130.262 28.000 2.047
-136.140 -105.942 -40.211 2.038
-127.765 161.279 116.703 2.202
-166.729 -163.462 109.140 2.129
7.702 103.426 174.855 1.829
-20.493 110.951 -112.861 2.170
178.969 -47.031 101.372 1.959
-150.395 -9.701 -21.870 1.823
162.758 -87.781 -38.770 2.091
75.850 182.406 -198.713 1.869
-52.936 -36.472 -38.332 1.999
-175.923 -115.300 -134.388 1.956
-24.756 106.910 58.063 1.734
183.412 113.081 62.082 2.140
51.098 -94.785 86.037 1.913
-137.712 55.616 -36.689 1.965
-147.151 33.745 89.366 2.111
21.410 99.565 41.617 1.909
88.846 84.003 -28.145 2.001
53.952 -143.010 -186.873 2.110
163.943 90.917 -113.279 1.927
164.926 42.991 -102.215 1.966
-6.593 139.760 -34.805 2.048
144.443 -181.598 -3.353 1.979
-132.839 1.768 39.998 1.941
-187.119 -130.092 147.295 1.878
202.941 126.711 70.133 1.821
-199.213 128.694 -158.124 2.052
-101.009 135.162 83.955 2.005
-73.373 128.636 -65.507 1.956
8.549 -182.813 -80.514 1.963
-147.752 -95.131 -122.564 1.946
193.662 167.545 -25.073 1.944
218.318 165.401 -139.020 1.951
-181.499 -85.048 169.241 2.103
-29.720 175.378 150.734 1.905
81.727 -11.100 -141.269 1.976
89.235 164.248 -75.198 1.891
200.828 151.138 13.217 2.098
150.903 -133.279 -77.402 2.073
-61.804 117.096 -104.319 2.023
-3.573 -118.750 -140.277 2.012
-57.474 135.922 -105.530 2.027
-200.153 -7.316 -130.696 2.240
-165.222 169.721 178.630 1.973
166.138 158.973 187.530 2.173
-159.189 32.012 -104.511 1.887
-153.174 29.672 173.732 1.865
-5.646 91.755 79.200 2.018
-23.192 -126.802 -151.808 2.030
-210.865 -80.264 -187.457 1.919
1.034 151.753 -152.776 1.912
190.173 16.079 197.267 2.062
-9.850 108.257 -180.538 1.983
-85.129 24.215 13.492 2.035
76.792 -136.364 -11.443 1.930
-157.809 -150.480 181.156 2.052
79.180 -177.354 176.173 1.923
-52.374 -140.005 -74.682 1.907
-127.302 -105.301 151.561 2.242
155.450 -174.265 24.081 2.069
50.241 54.847 -18.984 2.081
-173.292 141.627 60.524 1.986
-9.582 -153.286 -157.530 1.938
130.178 -63.809 24.016 1.940
-157.750 -13.419 140.339 2.015
-129.077 -30.831 -28.939 1.959
210.592 -24.271 -160.724 1.824
-183.752 -142.687 121.769 1.991
87.298 23.167 -22.810 2.057
-187.209 -103.635 125.448 1.844
170.092 -186.262 159.547 1.967
15.233 64.552 -19.856 2.084
-214.223 -103.068 -109.608 1.820
-9.388 -42.186 59.748 2.007
-121.411 -155.726 -104.347 2.247
157.405 -14.132 59.410 1.991
-59.426 -61.666 96.232 1.983
-44.507 70.106 -119.140 1.950
-5.432 38.947 189.183 1.855
-218.115 128.710 14.709 2.017
124.495 -161.562 -188.453 1.839
-131.486 -0.074 159.395 2.007
54.215 24.669 -170.511 2.007
-6.276 -54.243 -149.771 2.017
115.809 -128.534 -91.201 2.084
190.617 -165.795 -97.210 2.111
17.357 117.209 -101.765 1.891
-204.435 55.796 -146.940 1.850
203.699 -57.690 -51.504 2.107
-147.172 138.238 -91.104 1.930
-62.592 129.339 -165.372 2.135
185.351 -161.675 -89.285 2.117
50.293 143.147 35.232 1.942
-172.861 96.869 166.668 1.907
89.608 131.882 -139.610 2.043
15.475 181.393 197.061 1.823
-203.976 56.296 199.355 1.904
138.439 186.024 -168.104 2.023
-137.470 -25.543 -152.138 2.084
184.086 -118.887 -160.618 1.927
100.305 -97.650 34.155 2.141
-172.653 -156.302 -67.352 2.160
184.195 29.179 96.409 2.083
45.902 163.110 133.896 2.094
186.255 -142.758 -4.845 2.041
37.675 -140.203 -94.088 1.765
-65.846 171.356 -110.014 1.909
-159.384 -182.726 40.966 1.980
193.256 -36.645 -42.311 1.990
-70.568 47.478 -52.954 2.001
92.231 -85.539 25.460 1.946
-127.705 165.387 -53.013 1.937
-188.192 166.826 -53.349 2.121
-147.041 154.323 74.160 2.015
-196.200 -161.796 138.334 1.924
186.026 -23.170 191.709 2.016
-151.269 -143.165 131.467 2.148
-166.550 103.119 -97.861 1.987
-177.809 -189.656 -67.421 1.930
127.466 9.778 139.941 2.143
-73.263 25.481 -121.818 1.931
7.293 85.906 -41.701 1.942
81.412 -75.137 184.292 1.989
25.944 -19.612 48.848 1.897
222.758 -2.232 93.691 2.041
64.996 -43.900 -98.889 2.093
-76.815 -2.548 -66.730 1.963
-117.263 184.397 -186.611 2.126
-138.920 -130.739 185.099 1.981
70.211 -50.597 -192.581 1.980
-28.349 -48.065 -56.475 2.075
21.914 -115.180 146.402 2.254
134.570 -84.219 -157.350 1.862
149.019 -112.858 178.307 1.991
-20.821 180.278 -107.270 2.099
-133.219 -74.917 -163.128 2.161
-63.456 -20.947 -104.303 2.128
109.560 65.312 41.208 2.056
127.967 130.001 -158.358 1.802
101.634 78.642 -63.961 1.964
-168.703 114.232 11.420 2.069
-164.684 -2.098 199.122 2.008
-28.108 -43.428 -171.472 2.107
-84.034 -4.766 -58.551 1.874
-36.184 130.504 166.748 2.075
-155.865 85.830 197.022 1.923
74.401 110.879 -108.273 1.961
-123.412 -51.670 -168.599 2.007
-223.060 -65.007 187.375 1.975
-67.138 -110.775 78.370 2.038
136.168 87.024 193.644 2.094
-120.535 152.836 197.412 1.991
171.091 -27.638 16.355 1.937
-187.785 -38.198 166.851 2.308
145.260 -186.369 87.029 2.154
-122.815 -121.399 -132.211 1.945
-182.660 37.657 -199.167 1.879
-140.194 105.313 22.565 2.043
-208.929 -37.783 118.348 1.989
-120.784 3.897 19.391 1.945
-134.268 123.672 85.084 2.069
-181.490 -189.247 192.900 2.151
-161.133 -72.686 -40.740 2.004
125.043 -44.384 -137.450 2.076
220.591 184.915 163.833 2.058
198.461 -100.026 123.536 2.067
64.478 -147.944 -173.888 2.015
-76.732 -78.117 4.843 2.301
142.231 -14.261 -53.714 1.998
31.756 112.648 97.729 2.080
-176.843 146.707 -129.914 1.918
139.056 -182.722 195.341 1.941
150.547 21.766 156.781 2.003
192.778 75.574 78.286 2.009
-106.479 -3.440 56.591 2.102
-67.601 144.681 26.900 2.068
44.800 4.864 -39.634 2.115
81.006 158.158 57.607 1.986
68.645 -112.497 173.709 2.106
113.158 81.470 -185.434 1.845
-43.307 -108.496 -182.002 1.952
76.917 50.459 -91.719 1.959
-50.993 168.921 33.283 1.932
195.950 32.321 -137.857 2.068
128.350 -64.257 76.403 1.974
96.324 -144.984 139.077 2.012
-17.522 -170.750 -170.956 2.033
-162.601 -164.786 -31.119 2.029
-98.264 2.805 -193.859 1.991
117.083 -20.202 71.798 2.037
-99.955 4.359 53.454 2.003
-151.945 63.931 114.901 2.030
7.162 175.528 -59.738 2.136
30.743 154.759 -134.476 2.056
84.607 158.842 -1.347 1.971
-20.028 175.080 -191.531 2.052
37.762 176.796 131.132 1.955
196.784 185.055 151.723 2.021
-28.856 151.345 98.319 2.109
80.664 113.738 -154.397 2.056
-54.931 -121.296 115.322 1.864
-67.387 143.234 70.260 2.036
115.790 -70.779 -18.891 1.952
18.971 -38.262 157.710 1.846
39.397 2.279 87.868 1.984
-45.759 -100.287 -137.714 2.214
107.291 19.981 -42.847 2.047
128.193 24.755 12.087 1.962
-10.409 83.855 -96.530 1.996
-12.042 -151.919 -40.093 2.136
-54.700 -167.167 -113.730 1.886
56.536 46.159 -189.860 2.008
189.251 116.287 -112.647 1.932
92.608 -134.838 154.106 2.244
-104.483 -113.396 -182.835 1.871
-164.913 129.131 -12.386 2.025
-15.731 -141.845 -154.928 1.810
-24.880 3.902 107.509 1.936
-38.734 -35.529 189.672 1.895
-4.877 19.639 -120.352 1.992
-174.804 59.336 34.781 2.178
-208.146 -37.955 -111.578 2.037
208.062 146.307 165.619 1.933
-175.706 -0.890 -63.264 2.033
-5.216 -187.533 155.181 1.882
56.347 184.102 -50.835 2.008
123.852 33.091 54.819 1.928
-182.435 -59.537 -142.137 1.858
34.786 163.230 -9.633 1.877
-45.036 56.913 118.122 1.919
-76.686 -141.372 -99.930 2.065
-18.117 36.067 -148.614 2.090
41.939 -152.641 98.368 2.036
158.791 -24.825 183.198 1.964
20.346 128.776 142.674 1.960
-160.654 -42.238 -32.610 1.914
-111.918 164.608 27.187 1.998
-13.806 10.313 -36.144 1.893
-30.982 -75.521 196.270 1.988
114.593 62.512 152.035 1.961
39.309 -20.430 5.731 1.960
-96.757 39.103 -128.675 1.934
-76.812 136.390 -89.921 1.955
110.767 143.306 122.933 1.856
93.031 49.008 5.633 2.103
73.841 171.526 -136.256 2.154
-116.187 166.477 -59.973 2.089
-167.347 132.596 -0.042 2.170
-30.795 -34.375 12.637 1.874
-191.030 -86.836 -2.644 1.782
68.131 -183.179 -72.138 2.105
-110.223 -45.112 174.143 2.012
75.548 1.998 68.244 2.039
-162.541 24.340 198.814 1.884
142.213 -122.622 156.620 2.095
-34.885 -168.026 -62.257 1.917
-111.715 56.818 45.217 2.101
105.561 170.241 -105.313 1.872
3.910 142.317 -121.640 2.028
-0.141 -119.131 196.812 1.914
-97.521 150.575 -184.166 1.982
17.379 21.460 -126.335 2.105
65.892 -42.398 87.827 2.026
-222.960 55.018 -46.133 2.040
-188.625 148.539 194.788 2.109
114.897 125.556 -130.195 1.741
209.002 4.165 -118.287 1.897
128.249 -82.859 189.942 2.099
-152.732 -142.753 -141.889 1.961
-66.604 -133.086 164.444 1.991
-69.136 146.942 -175.889 2.262
197.568 110.246 -182.805 2.156
-55.996 -141.028 -66.510 2.003
209.920 -155.065 34.050 1.972
-94.578 -96.421 39.398 1.895
30.664 -120.706 161.886 1.797
212.750 -155.230 -112.186 1.991
-123.810 93.242 -27.421 2.054
3.574 48.899 -161.202 2.071
-113.232 58.351 -139.689 2.000
-39.833 -64.681 44.743 2.049
207.934 -7.638 5.885 1.997
139.393 -179.178 158.498 1.902
24.029 -166.045 -4.355 2.133
-55.222 -11.493 -69.798 1.771
156.836 -147.212 64.332 1.801
71.105 5.988 -18.669 2.000
-5.726 -67.556 173.735 2.031
206.979 -120.882 -64.697 1.929
-223.928 -183.283 123.748 2.072
-104.058 168.569 57.763 1.927
-42.803 -102.492 187.729 1.848
-11.613 -4.619 -198.972 1.863
146.592 -166.441 -192.038 2.089
-82.509 -127.709 -71.231 1.989
-100.180 -118.616 -134.654 2.022
62.033 151.962 173.123 2.035
-108.557 -137.171 -45.909 1.915
-191.338 162.242 100.493 1.857
27.368 -83.964 -14.543 1.947
-183.885 -65.816 132.003 1.884
-144.545 -2.665 17.831 1.844
-57.067 123.853 -123.619 2.130
154.218 43.315 -64.084 2.038
155.452 -188.847 139.225 2.065
81.513 24.418 162.190 1.789
220.489 -39.796 -25.005 2.081
162.350 -166.914 79.051 1.923
58.709 -90.350 32.505 1.871
-153.731 49.261 39.063 2.002
-36.049 19.766 30.266 1.909
-6.084 96.099 -20.645 2.042
-181.308 -149.654 57.090 1.953
-209.592 -83.012 -137.373 1.871
-215.780 57.491 -131.993 2.014
-97.016 166.524 -24.839 2.006
-90.606 53.131 -156.505 1.840
116.589 2.182 108.885 2.150
145.518 25.474 6.611 2.065
-76.404 122.963 69.882 2.013
75.229 27.464 -172.589 1.934
145.907 -36.620 199.946 1.904
127.428 -100.359 -168.759 2.140
104.881 6.884 176.312 1.945
-35.831 -1.636 51.090 1.880
-114.089 155.187 -194.191 2.056
69.383 -139.249 -83.394 2.106
-112.418 107.401 57.895 1.951
99.073 -8.175 -68.935 2.063
-77.844 -12.615 -113.852 2.102
-2.354 85.097 -11.718 1.978
-56.191 -189.859 -80.122 1.984
10.294 18.637 71.809 2.090
-139.538 184.221 -17.498 2.049
221.048 104.540 -86.630 1.861
202.973 -164.140 -55.443 2.009
112.453 110.434 -110.531 2.047
166.177 -174.236 42.042 1.937
210.325 -97.472 94.829 2.061
98.338 -109.266 65.870 1.826
17.870 -150.898 180.922 1.965
193.084 -26.633 -50.595 2.015
53.096 178.994 -102.427 2.013
-100.503 104.609 126.212 2.062
181.224 -102.505 -91.237 2.062
18.142 -168.092 -3.624 2.108
90.981 -9.507 104.967 2.015
151.077 90.729 124.306 2.033
100.731 -169.837 -61.000 1.863
-2.702 -71.211 -182.027 1.878
216.197 91.257 147.587 2.160
83.564 -49.743 -165.667 1.977
-111.738 -118.193 81.577 1.971
183.102 127.554 85.527 1.968
-50.570 43.101 -156.190 2.090
-20.561 152.830 1.769 1.858
-167.389 -154.292 -76.865 1.832
-5.684 39.457 -198.570 1.979
-148.701 135.010 -62.175 1.794
-24.417 -103.091 -90.223 1.960
67.136 145.289 182.106 1.857
24.918 132.013 -70.428 1.869
222.488 17.417 -162.080 1.997
96.667 176.169 -15.625 2.198
137.529 -142.855 -167.216 1.862
-103.184 30.443 -126.798 2.075
12.226 -5.590 -198.244 2.034
-200.111 -43.690 -184.562 2.056
93.756 155.013 174.458 1.919
140.889 -7.729 -18.679 1.926
9.643 173.212 -151.136 2.129
-100.509 178.359 55.316 2.002
143.357 -109.411 -117.506 1.776
-196.599 17.279 -121.496 1.963
-86.258 -156.663 50.663 1.942
-168.746 59.488 81.092 2.147
-103.101 -1.118 -197.207 1.998
-124.792 -127.828 -12.559 2.129
-67.661 -127.420 -59.056 1.916
80.516 96.250 -179.438 1.853
-208.186 55.024 -99.379 1.899
133.427 107.507 -29.976 1.884
109.102 -154.956 29.415 2.043
-142.252 -117.442 -169.695 1.961
24.678 -67.380 -21.165 2.111
210.096 132.407 128.078 2.009
44.732 -24.510 -61.036 2.014
117.817 4.717 -5.966 1.936
-77.322 -155.411 70.218 2.092
-131.241 186.331 -94.885 2.055
-85.305 -152.803 189.530 2.101
218.413 160.453 -110.715 1.916
66.344 140.327 -17.746 2.220
-198.328 -154.352 -29.151 1.782
97.176 -171.800 168.668 1.985
114.827 85.788 83.167 2.015
-39.574 132.450 35.404 2.166
127.190 0.002 -184.551 2.142
126.286 27.905 -37.520 2.080
121.012 34.930 -101.008 1.985
203.835 -136.414 -38.046 1.919
-7.703 -2.420 16.321 2.089
65.893 137.212 193.066 1.897
130.293 -103.294 128.993 2.089
222.468 171.421 103.034 2.025
-24.163 -184.347 -18.315 2.059
-73.832 -101.991 191.143 1.997
-162.496 -160.263 -21.859 2.064
-137.270 106.724 -21.718 1.994
118.998 162.326 104.659 1.916
31.338 147.368 90.908 1.899
-148.922 -20.419 44.276 2.100
-178.037 -142.966 -68.128 2.052
188.221 -187.196 -55.860 1.992
-170.174 -41.880 -81.537 2.017
51.123 -93.155 16.277 1.971
-38.561 -186.408 -23.037 2.128
-15.007 44.066 192.089 2.010
-43.651 -56.899 38.383 1.975
-190.458 -15.251 164.814 2.051
147.961 -145.177 155.138 2.246
-58.488 -97.682 142.783 1.883
28.941 160.095 18.248 1.860
192.285 -103.113 -33.565 2.084
26.143 -166.661 11.214 1.901
-1.678 85.472 70.885 2.033
-193.951 87.318 -101.171 2.225
-0.368 -94.742 55.459 2.147
-88.722 55.154 173.598 2.074
-56.684 34.839 139.457 2.125
36.079 -22.284 131.862 2.033
224.382 -184.944 118.526 2.029
-73.913 -183.627 -176.516 1.842
-163.726 106.658 40.787 1.795
-18.271 -96.052 182.198 1.976
-214.266 23.302 -45.706 2.109
-187.406 174.395 175.585 1.920
-51.289 33.461 -140.821 2.005
-144.175 105.715 146.762 2.040
-224.311 -70.516 34.856 1.820
15.644 -112.091 54.216 1.974
-19.621 -103.821 167.188 1.913
195.617 44.826 -11.639 1.991
186.695 39.599 91.843 2.090
56.734 30.629 -78.180 1.731
25.282 146.376 180.279 2.104
-103.629 -72.524 61.646 2.148
-155.079 -119.704 -128.905 1.903
204.413 39.133 7.440 2.175
124.811 -0.529 8.389 2.022
-9.871 -121.776 155.615 2.000
155.444 153.129 -168.427 1.981
-45.225 -59.285 79.219 2.034
-182.352 138.273 39.691 1.920
102.103 85.654 175.646 1.913
188.126 101.049 92.730 1.955
36.041 -53.222 -187.090 1.888
-153.084 74.891 -14.612 1.929
-34.127 -115.279 -132.300 2.239
-182.064 -171.871 -103.003 1.945
-216.308 29.765 -197.312 2.220
105.595 -107.910 119.734 1.989
198.442 -8.391 -27.672 2.028
57.394 -81.184 -148.590 2.101
-49.856 175.660 -199.975 1.987
205.083 86.085 103.652 1.976
-59.865 -86.221 94.747 1.943
-142.377 -103.717 138.857 2.059
-142.411 -88.347 -186.747 1.932
122.344 -132.856 185.803 2.009
-136.540 -105.130 -108.115 1.815
49.794 23.612 -120.815 2.170
-38.669 178.099 -40.113 2.055
-40.307 -127.782 -98.900 1.888
-119.022 -184.488 31.237 1.785
159.529 -15.772 3.002 1.948
98.403 173.675 -38.822 1.955
-176.371 -58.855 14.257 1.978
-28.700 -161.094 -133.122 2.083
-196.648 -86.769 -182.491 1.931
91.763 -107.014 38.027 2.007
-52.541 -112.290 149.872 2.099
-127.165 -183.323 72.375 1.907
-110.696 -117.436 61.213 2.043
153.448 -90.600 83.331 1.861
-9.758 66.345 73.304 2.003
173.567 -89.412 57.159 2.135
4.143 -77.516 -135.610 1.914
-205.302 -157.216 41.260 1.882
84.319 98.386 23.527 1.949
-113.645 122.892 83.120 2.049
1.873 127.374 32.219 2.077
183.468 121.201 -179.275 1.927
196.284 -90.566 -92.753 2.153
-168.907 -46.758 -96.913 1.949
-7.314 -43.156 97.670 1.895
-54.803 -77.983 -140.065 2.000
179.712 -13.769 -28.158 1.936
26.611 129.558 -38.107 2.156
-217.005 -1.408 -68.638 2.009
-157.328 66.070 126.791 1.907
-21.417 -106.210 92.740 1.896
224.641 -138.026 -187.624 1.856
200.577 157.097 -139.868 1.761
66.482 -16.347 -106.685 2.047
-4.077 -171.684 -66.640 1.956
-20.796 102.303 -42.978 2.023
-165.716 149.087 62.051 2.113
80.368 -47.994 14.671 2.109
162.780 -103.872 174.240 1.834
155.662 -181.118 -69.508 2.009
-138.752 157.802 -165.796 2.190
44.054 42.566 55.753 2.165
128.577 -35.391 7.605 1.891
91.947 28.182 -27.739 2.033
189.828 -22.311 89.455 2.032
0.168 -58.248 101.448 2.050
-24.618 167.737 -84.973 1.923
60.879 34.967 -125.511 2.075
-44.095 3.112 -56.754 2.086
164.789 105.336 -149.714 1.981
-196.373 102.213 135.637 1.998
196.339 106.989 -123.552 1.892
65.328 108.774 -145.163 1.949
-17.267 -182.091 -118.282 1.879
-100.200 -130.958 -116.137 1.961
-37.312 -186.127 1.459 1.969
105.900 72.588 89.305 1.921
-102.724 -154.016 -118.122 2.240
59.950 43.423 174.470 1.940
-38.956 -53.595 -33.803 1.996
22.622 178.463 137.300 1.945
190.320 -143.605 97.274 1.866
-63.388 24.215 -11.894 1.916
-66.391 122.567 -98.742 1.965
217.140 54.833 10.180 2.026
-86.474 153.731 -115.964 2.162
110.409 88.097 135.936 2.106
-101.249 60.840 113.775 2.029
209.599 -30.388 98.493 1.915
88.119 -144.582 -46.454 1.984
-91.604 128.097 169.453 2.095
-161.969 -88.822 52.173 1.963
-153.569 -149.582 44.064 1.897
-12.860 176.217 -157.664 1.989
-200.846 92.705 124.135 2.014
111.539 -137.978 8.956 1.917
-194.613 140.825 -6.946 1.865
61.542 -93.063 -6.983 2.067
21.265 -2.780 107.793 2.103
57.829 130.525 -127.765 1.983
201.913 -187.113 1.695 1.805
43.761 -131.029 157.655 1.869
120.198 3.544 -117.229 2.036
-145.298 122.533 -101.872 1.969
200.997 -108.860 72.835 2.068
123.755 145.109 -146.049 1.952
-153.585 -174.673 -19.875 1.858
52.150 49.003 -69.728 1.869
-143.986 -26.976 -23.508 1.926
-186.358 -60.373 -31.556 2.114
-206.762 -92.033 24.968 2.007
-25.693 142.851 -12.250 2.035
25.929 142.531 -19.782 1.973
42.269 -70.326 -96.039 1.924
-135.186 -99.151 -110.999 2.017
103.267 -7.938 -86.188 1.807
96.441 172.382 161.290 2.090
131.816 176.358 113.572 2.045
125.150 6.934 102.815 2.101
-137.420 8.897 -8.160 2.117
11.034 -6.766 52.815 2.172
-12.217 -109.752 179.402 1.883
-104.867 34.840 -10.055 1.907
-74.620 58.352 -144.698 1.986
88.254 -179.961 -98.651 1.895
-222.588 67.557 -65.920 2.013
-67.800 -178.914 14.847 1.830
-24.534 -185.865 -167.086 2.116
149.477 -140.716 73.832 1.938
-88.110 -14.249 -47.783 2.020
-58.533 -78.263 51.348 2.034
162.830 -94.958 113.939 2.144
-47.201 156.873 47.798 1.843
195.157 -156.767 32.179 2.022
206.157 111.378 -4.716 1.954
-64.063 -63.896 120.286 2.187
82.322 -59.423 161.486 1.848
93.605 -36.102 90.917 2.103
-86.921 -179.914 -157.183 1.894
119.204 -41.090 101.894 2.012
166.716 45.792 171.387 2.077
-35.845 -112.560 0.850 2.054
204.277 156.593 -25.520 1.950
29.927 27.306 23.510 2.154
-27.438 -109.263 137.208 2.129
-122.544 -14.528 -149.028 2.040
151.485 -106.880 157.397 1.999
61.861 78.319 60.853 2.081
180.149 6.997 82.550 2.008
-40.118 117.640 123.942 2.121
-85.014 -9.892 -26.819 1.999
101.981 128.588 186.471 2.141
115.785 -101.535 86.166 1.895
185.133 99.646 163.228 2.159
93.554 -165.834 -19.773 1.967
