137.409 138.300 -10.975 1.984
119.157 -127.425 -10.519 2.037
121.510 -8.289 -105.660 2.079
-171.851 -6.727 33.849 1.924
103.858 -147.701 -28.879 1.880
-76.402 30.034 -164.131 1.986
-52.388 7.437 187.222 1.982
-10.076 114.012 90.267 2.084
25.593 -88.888 -162.504 1.937
41.156 -182.715 46.516 2.066
151.537 82.896 74.361 2.003
85.035 -25.250 -189.848 2.053
-178.747 -138.977 -137.446 2.091
-123.219 68.799 -55.614 1.927
148.434 114.987 128.223 1.892
-44.493 3.246 -100.134 2.046
-173.169 -50.702 -175.808 1.873
-220.111 -49.237 107.250 2.240
129.167 -146.823 -89.631 1.871
-218.795 46.535 -182.640 1.891
-87.467 -167.185 -22.967 2.048
-146.908 -51.539 168.921 1.852
105.681 137.242 -30.598 2.072
224.040 90.717 -111.086 2.084
-140.388 71.148 161.686 2.056
-51.776 -104.569 58.981 1.689
-132.858 -187.717 -21.176 2.049
34.910 52.302 40.352 2.099
-170.026 -22.486 -189.118 1.818
10.411 174.754 75.039 2.046
139.020 98.525 191.364 1.917
54.592 -40.928 -160.903 2.050
190.656 -150.194 -157.588 2.041
139.526 -22.129 153.193 1.906
39.954 -106.041 -166.919 1.957
219.619 187.382 -139.344 2.084
-204.200 127.641 -94.536 2.051
115.943 -34.285 185.827 2.113
204.752 -141.242 55.565 2.109
-4.492 72.077 -139.896 2.089
-132.945 -99.911 -15.717 2.103
52.644 -157.483 38.523 2.116
-153.053 -147.392 -18.346 1.970
98.817 -71.127 -131.890 2.000
172.059 38.684 152.111 2.244
9.104 126.821 -152.473 1.970
-49.833 2.110 -153.135 2.188
54.110 11.715 -172.653 1.949
5.806 126.540 -168.521 2.003
-119.019 -123.988 -48.595 1.968
101.300 83.629 -2.613 2.094
217.558 15.729 -98.482 1.998
-195.340 147.632 -64.433 1.902
42.203 -147.704 161.225 1.923
60.210 101.120 -12.112 1.709
119.144 31.080 -26.877 1.996
-72.879 25.749 -198.541 2.107
-154.074 116.777 -128.318 1.975
-46.127 -135.249 -38.035 1.848
63.819 182.568 -137.571 1.811
160.792 -76.231 -109.621 1.999
-52.198 -3.843 101.514 2.121
29.810 58.182 168.986 2.055
8.154 48.811 -114.235 2.069
181.530 21.986 -168.978 1.940
154.269 48.335 -6.584 1.855
169.420 -37.250 -133.874 2.190
-119.006 -110.484 -199.984 2.097
154.022 -169.860 169.048 1.949
-38.916 7.455 -120.387 2.005
-13.436 -169.238 -19.323 2.084
-117.345 -138.781 -19.822 1.976
-29.006 -10.780 -84.975 2.128
135.345 -127.639 -39.793 2.031
127.156 -185.164 -198.286 2.014
-170.561 -56.003 145.386 2.100
180.488 -101.045 -190.893 1.874
-121.371 -19.070 -32.793 2.100
188.708 -91.257 -53.967 1.969
-192.871 170.691 178.199 2.001
-58.761 12.148 157.626 2.170
141.655 74.264 -160.610 1.974
-191.448 23.023 8.316 2.101
93.943 -41.627 157.454 1.956
-137.150 160.846 -135.509 2.077
96.650 -184.859 150.349 2.081
-155.946 93.774 25.414 1.830
-198.312 75.348 -93.111 1.921
-23.233 0.694 113.253 2.027
115.367 -48.706 8.753 1.981
-0.894 -3.627 120.157 2.060
32.892 108.450 -78.302 2.169
-162.119 30.085 -120.595 2.019
-15.732 -101.404 135.670 1.963
84.279 -95.334 0.325 1.906
-179.220 -129.839 -46.983 1.858
-172.646 151.459 193.300 1.969
-21.478 34.025 41.344 1.940
170.553 40.308 -108.666 2.078
-159.802 76.932 -18.720 2.021
92.322 53.616 -77.456 2.051
-216.478 -124.783 -70.225 1.901
-139.483 65.086 82.770 1.967
-60.359 154.269 76.290 2.051
-40.537 -68.322 -161.798 2.001
-157.748 -61.054 -81.681 1.991
114.483 58.356 191.718 2.001
134.339 8.785 -58.959 1.888
160.970 -77.121 8.707 1.973
-10.643 -62.905 157.061 1.957
65.830 152.156 -133.853 1.961
-198.324 149.295 168.776 1.960
-195.860 106.747 88.111 2.100
119.217 -76.507 45.367 2.029
-193.258 -80.509 111.925 2.004
43.339 113.856 199.382 1.867
-190.074 -130.759 -29.756 1.860
-83.198 58.628 106.065 2.082
-196.025 -48.530 -138.407 1.949
-193.949 -80.816 -120.721 2.052
161.034 -27.543 -163.767 2.063
142.898 50.379 78.047 1.954
-181.890 -166.321 -180.314 1.855
-144.083 -71.262 -0.853 2.045
-148.557 103.480 -198.551 1.966
-59.676 133.517 -132.164 1.951
172.423 -106.904 180.588 1.972
191.639 -184.253 -24.739 1.954
196.758 178.731 100.835 2.083
201.291 129.770 159.350 2.132
170.800 92.645 30.925 2.013
144.558 -29.328 -161.402 2.124
95.659 89.290 -31.920 2.170
168.846 130.797 105.597 2.085
-218.065 61.752 10.192 1.917
15.438 -79.156 -63.632 1.993
-95.338 -189.229 137.904 1.953
216.946 114.871 7.035 2.057
-180.584 -64.390 59.382 1.966
141.880 37.947 -133.214 2.063
220.412 -43.034 -120.855 2.003
125.448 4.013 95.890 1.822
100.479 -164.919 155.315 2.222
-117.748 69.687 -12.430 1.904
-210.359 120.507 -51.074 2.022
-88.769 21.446 -45.667 1.970
33.359 185.972 197.723 2.033
-29.360 18.379 -10.178 1.998
-2.713 -102.707 -112.362 1.891
144.065 -9.938 -137.888 2.076
214.414 -135.129 188.625 2.039
172.429 1.013 39.699 1.867
78.792 176.864 77.616 1.957
-178.068 160.711 -21.264 1.775
-22.412 -4.493 -1.660 2.010
-43.789 45.041 -89.754 2.035
62.075 95.552 -102.909 1.991
-129.394 121.076 136.425 2.082
165.116 -26.161 192.999 2.100
180.342 -39.094 -178.588 1.925
157.464 -24.395 24.929 2.099
87.926 134.551 -56.457 1.994
-184.227 -170.719 141.039 2.170
137.146 53.441 48.080 1.748
70.370 186.280 -55.142 2.023
36.734 123.306 117.874 1.967
-101.569 110.819 -26.177 2.080
117.072 177.242 141.089 2.104
-26.988 -30.609 -94.982 1.919
-181.221 37.563 -62.481 1.988
-154.268 159.999 91.557 2.051
13.826 79.056 -196.626 2.012
-13.028 -16.837 -70.008 2.037
46.186 148.704 197.328 2.054
-203.659 -73.683 27.737 2.013
14.187 95.605 -41.617 2.053
-104.753 176.172 -103.327 1.990
-153.492 119.695 -15.219 1.877
-65.248 88.102 82.563 1.810
-24.361 -83.471 24.496 1.933
-57.644 -67.525 -160.072 2.122
19.300 140.236 -124.650 2.093
-47.452 -169.865 -29.136 2.128
0.348 82.120 133.764 1.924
48.435 156.951 -121.805 1.990
4.728 21.080 -163.902 1.941
14.433 -114.437 166.397 1.962
44.290 -110.480 -128.970 1.941
178.935 -121.918 -108.543 2.220
17.375 183.783 -106.058 2.148
-61.196 141.199 10.564 2.105
-34.727 89.646 -190.156 2.119
-94.715 62.999 63.108 1.965
-205.447 -8.805 134.315 1.951
-1.592 -153.369 112.878 2.074
106.268 160.629 -121.379 1.846
-80.962 -103.206 114.064 1.923
-170.119 151.583 -108.828 1.999
32.990 -32.526 69.154 1.949
-107.326 -47.215 -91.063 1.865
155.460 17.524 -70.564 2.057
2.144 87.036 110.802 1.836
-140.111 15.859 116.937 1.939
-221.845 -139.103 73.667 2.171
-206.262 -77.367 0.591 2.067
-28.251 124.131 -123.711 1.837
188.460 24.062 134.336 2.022
118.360 -134.773 -44.792 2.103
61.323 97.952 -175.798 2.192
-77.902 -67.989 -56.344 2.066
-93.985 7.719 -149.997 1.800
-153.923 167.923 -34.498 2.052
-27.336 -7.888 -18.926 1.941
140.141 -131.340 55.542 2.235
-154.554 69.913 -13.726 2.052
144.538 9.716 -198.046 1.930
85.066 -112.902 -170.553 1.946
133.985 -46.226 -87.868 1.947
124.076 36.942 -70.497 1.910
-120.397 115.861 -32.405 1.931
15.523 -20.065 56.709 1.926
-130.992 -39.185 186.837 2.030
-76.318 123.015 -3.738 1.988
-28.451 -14.531 -24.207 1.930
117.282 56.727 54.760 2.110
-72.333 -47.221 -133.657 2.106
-91.096 75.180 -73.556 2.084
-178.620 50.206 109.316 2.123
-205.678 171.167 90.886 2.149
183.091 139.928 74.723 2.069
60.174 188.821 -193.266 1.984
39.644 101.875 117.017 2.048
-116.878 145.376 -161.877 2.013
100.723 28.620 -49.315 1.950
72.539 100.586 -159.142 2.018
-23.190 58.567 110.653 1.862
-170.156 165.782 16.900 2.063
13.840 71.049 122.383 1.860
-177.194 -7.150 -39.899 2.006
-31.539 112.951 65.975 2.113
75.945 140.182 -3.008 2.008
-220.841 111.057 -80.143 1.892
-181.988 42.764 19.223 2.026
107.926 -77.438 -167.807 1.979
189.574 109.013 28.971 2.094
223.020 -31.055 70.841 1.764
29.651 -3.921 50.271 1.941
-79.935 159.248 -24.414 1.908
200.744 -169.499 -100.855 1.992
223.563 7.668 132.424 2.065
168.550 -116.006 -63.398 1.987
-200.114 -126.256 189.812 1.954
-174.703 93.724 -179.542 2.026
-1.585 -104.638 -105.479 2.061
14.678 -32.547 11.783 2.155
-50.043 -164.849 119.168 1.957
203.990 -159.813 -89.607 1.936
112.530 -80.660 -114.677 2.050
139.447 -139.050 -130.389 1.942
175.868 150.053 -30.546 2.064
118.028 86.236 38.353 2.055
-64.986 99.446 -63.095 2.032
-176.464 -102.148 -102.398 1.869
51.652 151.763 109.844 2.202
16.854 -35.127 -101.908 2.083
-78.923 -114.043 -0.713 1.955
-120.303 -29.958 149.767 1.986
-62.047 26.600 168.995 2.053
115.935 126.449 -147.229 2.016
182.373 59.961 69.720 1.877
158.595 -4.081 113.893 2.104
-217.527 -14.242 162.240 1.851
206.411 38.549 97.442 1.948
-15.139 -105.975 60.181 2.004
221.449 -87.819 108.361 2.022
203.182 145.183 50.729 1.879
-112.340 -107.863 145.949 1.833
-75.083 140.993 42.540 1.917
-52.677 -182.036 -93.129 2.113
41.610 62.329 86.834 2.117
46.813 160.874 77.663 1.782
-155.187 139.704 -89.519 2.179
-155.873 -151.318 -6.199 2.050
88.052 40.057 57.625 2.135
202.449 10.523 89.491 1.898
219.424 17.992 -142.979 2.073
201.740 -16.898 -153.094 2.156
-168.919 -95.001 -34.113 1.963
30.196 9.735 -74.154 2.037
-182.566 -129.399 58.490 1.919
142.180 -182.556 -112.924 1.947
-88.611 -90.786 -65.181 1.950
-26.325 -14.696 -134.333 2.106
-168.217 -115.815 115.687 2.077
209.596 -41.634 -61.994 1.995
-126.223 72.792 -194.299 1.833
-149.851 118.621 2.828 2.039
-221.494 -62.235 173.434 1.978
-96.870 167.957 170.235 2.025
92.109 26.771 62.213 1.928
-19.087 55.467 57.032 1.963
7.185 -175.120 182.595 1.926
144.182 22.450 7.160 1.800
126.607 -55.645 -166.220 2.073
-101.923 0.815 67.794 1.983
119.588 5.101 92.974 2.054
187.913 -20.463 -142.965 1.978
13.328 96.635 105.205 1.891
-68.031 -184.347 -184.714 2.076
165.400 -16.025 -41.755 2.046
158.438 -146.870 -37.027 2.035
90.854 158.371 -125.463 1.866
-89.561 -153.815 -87.116 2.083
156.980 14.639 -197.730 1.877
-111.101 -32.391 -15.720 1.934
-99.846 100.538 -167.848 2.181
-61.890 -125.769 7.508 2.005
-210.478 14.087 22.129 1.894
61.862 -125.645 -193.639 1.917
46.265 -85.126 20.196 2.136
40.385 -76.352 115.996 1.851
-98.002 140.644 62.619 2.111
-200.202 -59.242 -67.314 2.129
-154.306 -18.290 32.307 2.289
53.555 -78.766 -176.642 1.998
-199.456 111.169 71.136 1.995
33.441 -61.685 164.986 1.950
10.472 -128.189 -81.279 1.839
162.758 36.649 18.968 2.076
-218.182 -160.391 -13.784 2.084
82.738 31.942 167.674 2.134
136.610 -170.739 -187.871 1.919
115.485 33.280 19.831 2.074
75.559 120.156 91.974 1.953
-176.204 60.513 45.730 1.753
220.330 -104.298 -118.226 2.216
-15.942 -93.642 49.227 2.119
-64.065 23.819 -155.736 2.129
-36.182 180.890 72.772 1.877
-14.055 129.272 118.865 2.039
138.511 -166.482 -168.646 1.978
73.305 -59.959 178.413 2.091
-126.409 44.597 21.645 1.814
-184.665 4.994 -121.512 1.918
-78.112 -66.372 195.149 2.000
-98.873 157.244 -7.777 1.910
16.165 -15.404 -66.130 2.186
139.670 118.589 -97.184 1.942
161.922 -43.284 175.473 1.937
211.101 175.337 164.711 2.056
115.355 -177.550 58.116 2.040
-6.618 44.766 -198.383 1.884
6.231 -63.974 -101.110 2.114
-161.619 -63.031 62.357 1.892
160.090 -126.899 -93.540 1.977
-204.033 106.854 180.332 1.947
35.233 -97.578 -128.043 1.908
-109.452 -130.792 120.102 2.194
77.044 141.569 35.964 1.897
104.783 175.120 128.028 1.939
1.848 44.494 157.844 2.140
127.098 -91.269 -72.475 1.840
-177.270 -31.211 46.605 2.025
118.896 139.352 -173.083 2.021
151.571 159.924 73.616 2.108
60.013 58.311 -47.674 2.147
-64.674 -144.697 -19.306 2.045
216.665 -142.730 -85.074 1.866
-212.575 -64.747 -170.486 2.086
-219.110 -147.585 -189.599 1.950
-183.147 82.066 34.524 2.058
-187.248 92.105 159.365 2.013
174.693 -27.402 122.997 1.911
-209.716 -183.970 126.636 1.954
-141.493 -94.535 155.341 2.022
163.567 -66.676 -180.166 1.910
213.423 34.877 -33.838 2.014
-72.844 -174.151 126.691 2.002
-154.623 -184.769 47.078 2.032
217.732 41.203 31.447 2.162
38.810 142.574 -70.140 2.040
-13.073 -21.839 161.763 2.155
151.925 88.605 -37.418 2.042
-194.808 -16.253 -63.343 1.952
-11.881 -178.250 56.363 2.067
-135.544 -58.921 53.657 2.020
103.249 162.285 -157.182 1.787
108.976 77.628 -115.887 1.793
-223.982 5.680 -154.114 2.018
214.266 -169.522 -79.279 2.030
158.742 -35.661 -1.632 1.844
57.641 -53.097 57.054 2.200
-148.551 17.442 89.615 1.888
66.076 173.127 109.497 1.922
-48.212 41.602 89.544 1.984
156.158 -19.465 63.205 1.933
91.056 -3.735 35.961 1.928
10.840 96.171 -174.521 1.998
-135.940 158.227 96.216 1.900
-145.639 -158.323 -52.169 1.932
133.619 63.339 28.571 2.171
71.680 172.500 -47.871 1.931
170.934 -25.854 -197.179 2.039
-191.156 -38.813 105.659 2.097
164.046 -20.195 158.092 1.891
46.232 154.112 -139.740 1.845
-66.181 165.319 -161.776 1.926
-97.696 76.927 99.184 2.031
-200.436 -43.972 -114.991 1.817
4.573 -175.403 -164.493 2.036
194.474 132.357 -109.985 2.085
-148.336 54.336 82.055 1.892
-217.740 57.019 -48.216 1.939
-4.452 -29.851 -8.907 2.047
-80.752 -178.080 -128.599 2.028
-197.248 -90.129 48.809 2.132
-81.246 34.374 116.915 2.021
-132.872 -148.171 -113.058 2.082
-42.190 -12.768 172.904 1.821
123.625 -133.955 -140.980 1.919
213.066 -47.848 -132.171 1.878
204.962 -58.740 -141.998 2.131
99.456 107.962 -26.528 2.084
-114.688 -57.383 -19.254 2.082
111.143 188.401 160.565 1.891
12.148 10.419 -162.152 1.923
-89.590 -121.873 -55.679 2.091
68.130 -162.412 133.874 1.984
-42.857 -158.626 5.094 1.947
-49.157 -122.867 -50.918 1.987
-223.509 5.974 62.280 2.034
21.946 -48.042 24.564 2.108
-9.868 -82.034 -188.306 2.113
-112.981 -24.454 171.795 2.025
-56.690 188.820 -139.567 2.031
-67.043 -142.832 160.095 2.011
29.069 -88.606 -36.753 2.080
55.003 154.828 -187.975 1.844
-64.868 178.228 153.573 2.074
91.472 4.219 191.321 2.061
113.710 -172.923 -40.717 2.074
-183.727 177.519 101.446 1.909
23.576 144.176 151.026 2.013
-192.100 -37.544 -147.897 2.181
188.288 142.878 -181.945 1.992
116.315 -177.837 157.123 2.093
-211.123 8.636 -153.774 2.044
-49.428 83.123 74.544 2.049
-57.744 157.247 -68.314 1.992
-119.228 -171.711 50.288 1.984
-22.494 -52.761 83.775 2.070
-87.738 -151.450 -145.227 2.091
178.046 167.791 10.598 1.998
82.163 0.293 186.466 2.025
55.495 46.686 -97.004 2.149
49.405 108.300 -126.435 2.044
-72.874 79.041 -81.469 1.993
-11.848 -117.515 68.741 1.963
155.507 65.305 131.704 2.184
93.114 -37.137 -17.811 2.158
-188.728 -167.929 -50.312 2.096
23.360 -142.811 -149.172 1.844
16.107 -65.993 45.361 1.905
-59.430 118.695 -93.198 1.955
-183.457 109.759 84.724 2.131
-19.572 162.263 -173.353 2.005
-32.789 45.674 149.624 1.960
-212.328 -187.246 61.228 2.033
123.271 -144.978 120.643 1.930
110.538 38.941 58.067 1.843
-99.341 50.353 53.953 2.127
26.527 17.283 149.188 2.016
12.639 12.244 21.246 1.973
224.615 -113.187 13.971 1.914
-205.846 -27.666 64.087 1.939
192.151 -24.707 119.029 2.185
-56.865 10.399 -163.591 2.038
-33.928 182.615 -149.364 1.905
51.734 -28.811 171.640 2.000
-96.410 -172.034 51.571 2.050
149.083 34.308 -29.153 2.052
-168.921 121.619 -102.314 1.995
-73.149 127.986 188.400 2.104
56.027 -139.913 -119.662 1.966
108.799 32.434 54.054 2.015
68.598 9.514 -184.025 2.038
-177.499 181.423 -71.792 1.745
-193.463 36.050 128.493 1.969
137.639 -161.654 6.125 1.885
195.513 -73.896 -134.060 1.961
-49.655 -186.991 -111.118 1.760
-54.271 -14.473 -112.344 2.129
-162.369 -151.280 91.508 1.952
130.024 -141.482 -157.388 2.078
-96.859 -16.851 11.879 1.903
-91.175 -45.459 57.903 1.758
-148.595 97.799 183.508 2.195
-122.146 54.842 12.202 2.083
-116.517 -121.105 -75.507 2.049
37.696 150.689 -114.175 2.116
86.131 -97.720 -177.275 1.919
-131.970 168.440 -113.620 2.142
-133.530 -73.515 97.775 1.877
27.692 143.123 -52.590 2.106
4.075 -162.907 -126.605 1.760
188.516 -136.327 -94.900 2.050
-139.475 25.071 63.363 2.225
-204.649 -15.518 -177.522 1.980
-44.512 -163.286 -84.966 1.979
168.541 137.212 34.373 2.049
192.996 53.128 -163.609 1.927
160.235 72.122 182.303 1.787
-2.549 -16.074 160.304 2.073
-180.443 178.284 57.302 1.968
-155.379 -146.025 113.783 2.042
224.970 11.841 79.243 2.079
-180.647 -170.964 -101.782 1.867
-43.664 120.109 7.205 2.050
-197.949 110.948 -194.428 2.000
-76.236 63.003 -69.882 1.908
-131.081 -41.860 -114.972 2.017
44.804 -73.420 -79.736 1.969
213.620 144.272 193.563 2.041
-200.092 -96.271 75.132 2.242
121.128 78.883 146.272 1.965
200.785 -9.556 148.438 2.103
-44.802 -8.514 -159.350 1.882
181.189 101.790 121.870 2.054
-124.752 94.984 36.191 1.991
7.573 76.677 143.025 1.972
64.304 -127.951 -0.046 1.962
3.781 36.687 -64.470 2.143
-188.802 126.377 -191.161 1.962
32.273 -98.095 34.532 1.985
42.694 30.552 178.003 1.905
-21.612 176.977 -95.770 1.906
-34.571 188.282 192.655 2.080
51.381 183.018 -165.499 2.123
99.033 146.066 177.360 2.037
51.431 184.751 -108.355 1.895
-128.805 -34.019 70.318 1.902
14.918 86.961 33.459 1.825
-146.979 -37.887 -188.871 1.930
195.845 86.316 45.874 2.131
161.026 -81.365 14.116 2.159
74.673 77.716 -47.174 1.949
-19.940 -60.710 57.095 2.003
-94.214 94.093 152.381 2.076
182.714 71.639 15.490 2.172
51.410 176.841 -157.321 2.186
-47.186 87.294 170.697 1.906
-161.473 37.238 154.338 2.003
-220.019 -139.899 133.134 1.941
-223.979 61.275 47.959 2.064
91.955 130.964 33.175 2.121
75.105 179.659 127.739 2.074
-125.949 -9.181 -57.330 1.934
146.713 -70.381 -125.997 1.818
3.092 -78.034 -143.620 1.945
223.434 -10.298 105.103 2.017
-72.470 42.785 158.586 1.834
-46.842 152.817 -112.170 1.956
153.800 -81.052 184.050 1.870
115.254 -151.145 107.230 2.107
115.982 157.440 139.246 1.792
209.545 -116.002 -155.350 1.985
-109.018 187.424 17.278 2.117
-164.994 -163.435 -119.542 2.046
106.060 134.854 -89.922 1.923
130.254 98.494 -115.104 1.975
98.775 -172.560 -34.775 2.020
-29.518 -100.820 127.482 1.972
-115.866 -101.845 94.883 1.931
18.816 169.001 -175.051 2.170
-149.089 -134.712 77.039 2.010
-182.595 47.799 -128.701 1.868
86.277 118.439 -197.933 2.020
8.804 84.163 101.367 1.802
-6.334 -55.601 -162.045 1.742
96.328 183.956 -170.198 1.912
-159.033 142.914 -60.552 1.877
-40.019 -48.866 -64.374 2.206
71.542 112.507 -17.938 2.030
-134.962 69.224 185.026 2.167
-216.125 10.333 -18.491 2.059
200.239 118.002 -43.572 2.074
-178.607 -170.108 -19.152 2.004
128.898 17.846 -50.054 1.903
196.576 -2.106 156.125 2.044
111.541 -135.486 -122.216 1.987
86.976 132.555 -162.675 1.990
-90.805 67.705 108.024 1.871
9.621 27.195 -187.078 2.019
127.267 39.115 155.202 1.845
89.150 -15.044 146.691 1.994
77.978 -134.495 -164.537 1.936
5.691 -102.279 -149.642 1.922
224.202 125.862 171.457 2.109
-174.840 -75.660 -72.221 2.125
-70.116 182.410 170.346 1.975
18.310 -94.016 157.495 2.002
147.643 -31.654 187.590 2.098
29.134 110.619 12.855 1.996
-162.459 -154.159 111.460 1.852
-93.959 -113.922 137.981 1.899
152.065 -179.135 7.464 2.133
-193.366 80.274 -114.248 2.171
-169.416 -56.511 183.045 2.126
-77.424 -176.836 -77.169 2.007
188.507 29.262 0.416 1.875
-65.301 -154.375 -177.064 1.941
109.569 36.494 90.178 1.963
53.408 -162.855 15.373 2.098
180.443 77.438 -96.448 2.170
192.380 139.460 51.779 2.012
178.819 110.821 -193.411 2.155
94.205 -13.830 -51.307 1.857
-197.240 -112.904 66.362 2.128
140.036 -7.260 39.518 2.140
214.733 -183.208 127.807 1.970
-223.229 -26.560 -64.826 2.116
14.450 98.877 125.197 1.980
133.771 119.736 197.978 1.883
17.511 2.678 60.854 1.993
206.570 179.092 -83.380 1.925
-85.295 -61.693 109.489 1.971
-87.827 -116.849 195.859 1.968
108.730 -141.996 -104.424 1.881
211.440 80.278 163.487 1.844
-168.819 -104.509 -181.435 2.127
-18.084 -135.305 -121.211 2.040
188.492 126.995 105.108 1.982
-110.784 27.063 174.634 2.052
-195.229 100.729 114.347 2.026
165.157 187.018 115.607 1.922
176.450 -50.456 66.631 2.055
195.687 53.907 1.553 1.951
-48.622 64.621 194.886 2.096
156.771 -33.315 -96.525 2.064
-19.248 84.900 57.430 2.041
-212.394 178.332 -98.455 2.112
-42.355 163.517 -71.778 2.016
171.110 189.040 10.051 2.157
-82.389 -140.028 105.455 1.834
117.930 -154.561 -43.451 2.036
-213.116 -43.895 15.732 2.085
-124.233 46.256 39.140 1.957
-192.287 87.191 -81.278 1.868
-155.503 -162.826 4.753 2.032
166.188 -115.336 23.972 2.034
-105.489 111.566 69.051 1.984
-33.010 84.753 -44.903 1.939
-1.205 -19.008 -185.511 1.949
-121.925 -27.941 -113.903 2.029
47.353 -143.822 -125.837 1.985
183.880 -132.272 -188.249 2.017
79.269 180.380 -20.856 2.184
-135.820 63.124 -140.515 2.139
-113.519 -97.443 -154.083 1.825
-201.886 -68.824 131.017 1.936
-145.967 9.490 141.041 2.015
157.364 114.721 125.887 1.968
-176.633 -10.482 90.769 1.959
-154.464 -153.603 -57.172 2.177
-54.357 150.016 195.763 2.030
-28.010 -112.618 -131.250 2.082
-42.442 -138.984 -183.769 2.282
7.740 166.587 115.934 2.065
19.383 -136.941 35.974 1.971
183.870 116.862 -197.171 2.028
-151.780 -124.680 157.014 2.117
-100.316 -187.203 -14.338 1.955
14.114 132.873 91.295 1.977
-46.802 75.400 136.836 1.901
-11.761 -174.227 85.598 2.001
-177.654 -22.185 102.179 1.937
7.856 90.316 -58.749 1.928
148.862 -188.131 -97.838 1.890
192.239 -186.226 180.414 2.150
-167.568 -88.264 -165.955 1.966
-206.980 9.582 181.498 2.050
-68.270 22.173 -108.718 2.035
17.004 148.991 17.271 2.065
49.169 126.463 -50.180 1.866
50.458 148.116 -180.542 2.040
45.695 -39.935 -126.363 2.018
-194.520 92.331 153.968 1.915
-184.595 -5.288 26.339 2.001
165.702 66.565 89.722 2.030
149.882 -7.975 82.691 1.882
-164.398 76.541 174.315 2.055
-141.391 171.854 -55.133 2.073
37.659 -43.189 -190.328 2.022
-129.743 77.710 38.991 2.033
178.670 22.927 -151.951 2.131
-18.034 -173.243 113.458 2.051
-72.377 116.025 -16.625 2.059
204.468 60.296 25.850 1.882
198.434 -109.167 -59.664 1.921
-20.383 96.639 -54.367 1.981
9.546 2.688 53.865 1.776
204.660 -92.880 163.902 1.967
26.768 84.059 -95.078 2.188
17.448 -187.529 -118.455 2.072
132.858 -104.659 6.448 2.062
-154.653 50.666 18.711 2.102
216.353 -124.662 -199.219 1.870
160.014 126.031 -38.954 1.964
-12.751 -51.456 -78.136 2.143
-121.707 -62.997 6.124 1.992
-108.941 -164.355 126.184 2.010
60.906 45.133 -163.314 1.937
101.678 -157.698 193.737 1.971
-117.174 182.961 39.009 2.056
-221.958 -61.053 -162.040 2.265
87.312 71.952 90.291 2.106
64.140 -113.745 24.403 1.963
15.002 -165.010 121.549 1.904
-72.215 -51.446 156.793 2.091
104.702 -82.363 -177.905 2.025
-33.578 55.148 -43.182 2.191
-125.792 149.012 63.808 1.941
120.293 73.448 -106.002 1.917
-103.503 47.865 198.106 1.905
63.201 -139.443 47.386 1.951
163.514 -30.136 69.251 2.098
178.334 -117.335 104.475 2.131
-30.323 -135.330 -1.493 2.080
-95.103 29.290 -151.005 2.060
-111.594 -146.923 -55.189 1.985
174.370 -43.221 112.677 1.993
-194.558 -84.531 -195.852 1.938
27.494 -58.495 46.359 1.883
176.111 38.096 80.911 2.047
-114.048 113.437 -59.418 2.142
121.967 -78.038 162.297 1.900
23.513 -124.194 -39.884 1.933
-171.165 -118.193 119.658 2.178
55.171 158.177 170.356 1.902
-146.305 40.474 -170.261 2.096
75.344 110.958 -144.327 1.941
-155.632 19.314 -174.451 1.942
103.882 64.272 -38.008 1.907
75.767 42.156 133.656 2.016
-221.857 49.268 75.645 2.030
205.408 14.752 187.416 1.830
-195.875 -180.085 -96.727 2.041
156.738 96.203 174.179 2.189
-160.749 164.597 -150.186 2.051
-14.192 -92.722 -33.646 1.976
-34.069 -137.332 -31.877 2.128
-179.213 -151.002 89.370 1.988
-60.488 -175.857 -95.261 2.118
-214.063 -164.684 68.224 1.813
118.104 -124.403 -171.265 2.078
-171.655 123.875 51.473 1.851
110.178 -66.402 -17.843 1.999
89.619 186.609 155.517 1.922
-222.507 16.809 -164.472 1.945
-172.900 -129.948 -6.466 1.864
174.541 -181.346 -168.185 2.078
192.059 -116.351 11.249 1.857
-90.703 -80.516 106.266 2.016
164.389 -3.318 -124.164 2.220
131.525 -32.653 -128.609 1.926
24.263 39.492 65.252 1.962
-11.949 3.514 82.064 2.144
69.116 -15.561 -173.524 2.020
133.994 -90.660 -46.128 1.950
114.885 22.212 150.995 2.200
69.260 168.768 -131.609 2.006
-28.283 -145.538 -108.011 2.243
-159.215 148.710 -93.573 1.858
-161.592 -138.783 -15.683 1.938
-163.370 45.150 197.425 2.094
133.723 119.777 -43.470 2.021
182.428 49.659 -160.072 2.017
93.326 -46.486 -54.207 2.001
-41.710 147.919 -91.515 2.042
151.886 158.400 57.107 2.040
99.520 72.491 107.638 2.050
-216.630 -74.697 -122.041 1.990
193.685 19.605 114.578 1.807
-220.763 62.381 120.571 1.940
221.453 74.500 -77.784 2.044
4.186 -99.799 84.475 1.997
-199.581 -16.261 -107.118 1.872
143.814 -109.930 48.847 2.069
196.237 97.005 29.319 2.014
133.875 -136.010 27.278 2.090
223.491 -39.517 -93.348 1.986
17.533 -71.423 -80.707 1.962
-83.328 -34.310 65.966 1.729
68.169 133.577 -12.639 1.854
-120.045 9.072 -101.308 2.001
64.952 63.277 74.611 2.052
12.388 -105.657 -12.385 1.963
-44.582 -84.167 -186.562 1.995
20.600 173.703 -68.090 2.069
-106.344 6.335 -68.566 2.047
119.642 -120.387 62.080 2.042
157.634 -75.957 163.521 2.032
16.925 157.577 -73.329 2.063
-104.667 -133.439 86.077 1.831
113.911 149.060 -20.825 1.928
66.374 -56.760 83.848 2.196
-23.927 -135.197 189.282 2.163
-57.401 -74.028 -54.073 1.913
-86.012 0.587 -189.790 2.012
-109.615 130.743 -116.454 1.864
32.055 -19.792 89.088 1.828
85.240 -33.624 -184.532 2.079
137.935 -25.352 -22.366 1.933
179.510 -86.348 -110.859 1.975
1.070 55.673 111.562 2.008
141.543 -39.793 42.593 2.082
55.504 97.435 134.271 1.959
-11.466 -107.815 54.913 1.965
196.446 151.524 174.080 1.836
-182.857 112.536 67.416 1.937
129.648 -189.888 -133.600 1.813
204.040 57.374 165.970 1.956
190.263 -185.243 143.847 1.771
-210.259 158.367 -180.449 1.950
-84.209 -184.106 111.524 1.972
2.251 87.999 72.581 2.126
85.951 1.890 142.930 2.159
-145.446 -142.437 152.747 2.068
-23.061 113.756 -120.445 1.943
195.752 -189.454 -172.176 1.847
179.265 -3.717 -120.281 1.941
-36.257 177.435 -61.045 2.004
60.426 172.164 -81.142 1.915
144.963 24.808 -66.490 2.033
212.295 112.234 175.930 2.090
131.138 62.613 117.458 2.106
-19.952 -64.330 -10.305 1.954
-80.204 41.734 -12.359 1.974
221.597 -111.459 178.020 1.960
182.383 -147.662 113.227 2.228
170.134 -114.881 131.509 1.960
149.962 -15.926 -61.384 1.946
-138.825 -39.923 -27.229 2.101
-154.170 148.541 129.317 1.953
-118.289 29.205 -152.146 1.977
18.041 18.652 -199.375 2.183
108.939 158.365 -74.257 1.910
20.398 143.563 29.996 2.090
81.676 -147.972 149.260 1.956
145.271 34.102 -127.236 1.961
220.736 -169.535 -123.864 1.956
195.108 -188.459 -15.183 1.782
-154.434 -39.899 173.967 1.997
30.172 -73.422 153.413 1.885
-63.109 111.333 -137.513 2.024
-91.689 -66.196 -35.699 2.056
-1.210 38.150 -193.723 1.890
115.385 -58.764 155.546 1.859
-74.711 162.401 95.447 1.958
167.476 -126.921 2.068 1.972
30.989 -69.334 -133.773 2.140
3.967 -84.099 99.449 1.958
198.992 155.208 107.622 2.011
-2.813 24.295 -51.584 1.981
103.103 -166.592 69.284 1.948
25.345 -1.626 -74.639 2.174
204.248 120.114 142.297 1.985
-144.551 -134.389 38.335 1.784
107.534 -119.013 -138.551 2.108
-67.811 83.379 -82.787 2.026
-92.378 79.176 183.600 2.037
-180.025 140.518 -26.026 2.099
-92.711 45.445 134.652 1.922
-135.288 -113.163 57.529 1.931
-60.335 164.112 77.321 1.965
215.955 43.810 -113.248 2.037
-172.517 37.190 78.899 2.072
94.042 -112.574 -51.650 1.880
50.188 153.905 -142.159 2.096
114.608 -101.246 5.200 1.872
-24.430 73.653 86.575 1.987
-214.649 -142.607 94.176 2.050
-164.641 130.997 127.714 2.099
54.651 104.280 -192.680 2.183
-38.434 -66.852 127.929 2.052
176.839 -10.575 -184.216 1.993
202.344 37.943 -134.289 2.005
-201.320 104.641 145.501 1.797
-57.294 -40.184 -171.827 1.982
118.760 111.904 93.888 1.814
56.660 92.298 -47.594 2.017
-38.157 -106.492 191.949 1.770
92.151 151.025 33.619 2.068
-210.229 98.544 -77.670 2.172
40.285 136.854 -151.164 2.103
-151.620 -29.286 148.260 1.839
196.269 -6.592 -163.338 1.912
89.243 -117.668 -137.950 1.907
47.257 131.767 93.112 2.109
-4.724 -39.135 93.234 2.225
49.264 161.228 -88.524 1.893
-118.477 38.236 -132.637 1.954
-115.127 82.853 -152.264 2.034
187.221 111.962 188.457 1.835
-195.402 -90.475 82.051 1.966
60.106 -134.261 -54.174 2.122
-190.798 -89.407 -160.530 1.985
28.172 168.427 105.425 1.923
-67.967 33.492 -177.987 2.076
55.718 71.686 -66.613 2.114
-70.969 153.877 12.183 2.080
53.303 -19.593 -1.039 2.042
-126.427 -174.665 99.993 1.913
-143.432 172.070 116.427 2.054
-178.852 -146.604 -77.668 2.086
36.932 -66.247 67.297 1.948
184.898 146.475 196.647 1.964
-100.166 -77.381 62.575 2.023
202.266 -132.187 -107.077 1.926
164.223 0.778 61.865 2.241
-224.875 2.384 133.328 1.980
57.207 -73.796 -132.704 2.073
-135.996 -41.644 -181.969 2.068
-20.351 -29.369 -92.309 2.093
-14.042 -73.667 -164.458 1.957
-194.000 170.635 185.420 1.777
8.899 -62.345 -4.142 2.077
224.972 -70.654 -104.914 1.931
182.641 13.542 -177.186 1.943
207.806 -153.345 -29.093 1.952
152.900 10.079 85.671 1.776
205.229 74.416 -32.515 2.018
-126.879 -11.315 -159.292 1.859
-125.079 69.432 -61.948 1.875
-5.360 74.172 -92.896 2.035
94.311 182.391 84.053 1.882
-133.673 -88.094 -143.742 2.016
-139.506 52.473 -82.543 1.947
143.043 187.448 -183.196 2.103
170.990 84.685 -129.578 2.118
102.743 85.017 -39.220 2.018
51.111 32.331 -25.968 1.943
81.708 114.939 -156.778 2.001
147.829 -103.481 -121.849 1.972
4.332 38.466 131.263 1.837
181.070 -21.678 93.600 1.834
-92.643 -133.750 -93.405 1.973
195.807 -105.076 -128.687 1.977
-217.074 116.835 93.627 1.957
-94.565 152.667 52.049 1.966
-90.504 37.392 172.869 2.151
-88.277 -61.772 176.839 1.909
149.761 61.030 -10.698 1.892
-204.129 108.179 -9.983 2.147
-9.247 -78.953 -129.786 2.009
149.166 170.442 -142.743 1.971
-55.445 25.770 156.310 1.966
-170.724 110.607 -80.713 2.111
-116.748 37.362 -49.813 1.897
151.175 -87.746 87.785 1.894
-85.473 -114.335 -11.170 2.070
80.458 -88.468 70.601 2.011
-207.180 54.712 73.857 2.042
167.918 -72.768 28.419 2.057
105.442 39.138 -42.019 2.047
38.046 -38.871 -172.106 2.024
-35.138 116.200 154.683 2.073
40.929 -6.808 -134.523 2.200
41.449 -65.115 52.049 2.134
178.486 42.486 84.843 1.932
201.323 -24.301 83.850 1.961
61.087 47.474 64.707 2.125
120.299 -15.961 -24.131 1.964
-198.167 161.741 -6.251 2.052
-172.107 -45.074 -153.516 2.150
-174.064 87.839 70.090 2.033
-189.726 162.650 12.773 2.007
46.579 -182.160 -78.524 1.976
-210.842 57.440 -2.442 1.836
-87.338 106.194 13.169 2.075
-214.531 70.544 -50.116 2.094
74.848 140.784 -139.946 1.961
-145.643 88.238 -43.965 2.107
-217.410 8.435 197.439 1.929
-129.859 -95.460 98.347 2.032
16.903 0.465 -33.174 1.993
-156.521 -23.973 -155.735 1.929
95.877 -179.166 15.731 1.934
142.905 -41.496 -191.199 1.801
213.189 -124.799 174.642 1.971
3.078 -2.576 10.965 2.061
-223.658 -134.425 -173.360 1.862
-217.816 143.290 -162.935 1.914
195.106 -88.821 180.120 1.977
19.196 -149.127 89.036 2.141
-62.314 175.870 -82.559 1.946
157.420 -159.353 -154.136 1.880
39.978 -124.067 -12.011 1.960
145.166 149.787 125.255 2.119
-98.914 -179.597 -49.726 2.124
