-125.539 -104.744 44.464 1.937
152.317 -122.501 -189.719 1.946
-191.215 130.844 -119.955 1.995
-156.991 24.213 -186.100 1.969
38.475 -84.357 -199.016 2.018
83.523 -95.766 -73.290 1.974
150.185 -134.622 -112.443 1.968
-158.658 -99.668 67.336 1.961
-211.485 74.287 -64.906 1.973
121.737 95.992 -82.617 2.011
192.873 19.054 -108.097 1.969
7.957 -130.165 -19.808 2.018
-223.287 -76.962 -51.620 2.162
-84.384 -28.403 190.045 2.056
-72.682 56.182 180.940 1.937
-104.883 -61.437 57.604 2.077
-6.778 -160.350 -155.775 2.221
-161.355 -3.758 -87.934 2.049
156.263 109.721 -192.077 2.102
200.297 -102.688 102.988 2.009
78.538 43.714 53.020 2.099
-216.501 26.260 -25.746 1.923
-99.457 40.879 28.180 2.173
43.430 -149.571 43.615 2.086
167.565 -96.082 -29.159 2.051
-64.356 -149.257 -154.239 2.001
82.765 -111.849 -128.484 2.173
-152.209 -8.150 -168.628 2.020
54.109 -11.282 -143.107 1.891
-204.378 28.309 46.149 1.850
34.076 -170.131 7.410 2.043
-221.359 20.629 -4.101 1.964
114.460 -93.141 -156.913 1.946
-70.899 -102.063 29.641 1.695
-98.933 134.249 -9.216 2.074
-101.217 -7.029 71.845 2.066
156.445 -39.848 -60.511 2.029
104.342 -73.153 -11.932 2.194
125.166 147.055 61.929 1.993
-55.354 44.476 -193.530 2.074
34.013 -169.356 128.659 2.172
-118.671 36.863 -141.655 1.978
185.039 120.635 77.944 1.900
-10.064 -47.916 7.554 2.083
-49.810 -152.425 181.416 1.890
-205.625 148.652 -71.063 2.074
45.131 40.908 -194.395 2.031
-51.555 38.156 -113.469 1.902
76.755 149.252 99.769 2.016
-201.319 103.663 175.060 1.875
-26.930 136.028 -27.021 1.965
108.016 -34.069 -117.100 2.001
-139.954 -12.865 -89.117 2.082
80.761 51.855 39.446 1.771
-16.621 25.409 -131.459 1.963
-44.982 -141.185 -159.763 1.993
205.686 17.287 -175.064 2.013
64.150 -178.493 -48.383 1.924
-40.298 -37.012 2.941 2.182
-85.737 -59.791 -171.073 1.997
-86.851 13.033 170.110 2.110
-80.989 -62.247 -120.089 2.013
-167.609 16.480 170.535 2.074
36.049 155.254 146.018 1.905
-132.762 -87.469 -46.948 2.059
98.365 46.324 -159.815 1.903
-83.246 11.913 81.672 2.151
54.174 -73.020 121.968 2.042
204.649 -37.569 -185.463 1.831
-65.700 2.507 88.548 1.899
205.673 -32.257 43.671 1.813
138.650 -104.987 72.631 1.908
-182.324 -95.885 -70.204 2.150
222.145 137.965 -173.005 2.048
-20.010 -115.281 -88.856 1.984
-59.116 22.186 -70.078 2.061
128.713 -134.851 -56.149 2.002
24.578 -141.220 -70.526 2.040
22.543 24.396 -140.543 2.049
45.980 103.301 7.589 2.152
52.669 -103.840 193.883 2.072
145.493 -142.618 48.817 1.981
-134.863 144.668 -138.409 1.871
136.300 -75.012 151.606 2.064
211.368 -2.434 -57.440 1.833
-215.745 -18.226 155.324 2.005
-90.088 123.583 22.294 1.933
-44.167 18.385 152.937 1.971
-126.490 -18.195 148.577 1.864
-127.593 14.029 68.103 2.015
-140.290 57.655 -45.221 2.068
187.161 -24.803 102.678 1.980
-136.317 -122.804 66.996 2.030
-209.990 -66.181 48.625 1.925
-15.620 -17.525 166.078 2.003
-118.475 -27.683 147.306 2.050
42.637 127.422 71.743 1.958
202.154 87.925 194.199 2.062
197.694 100.893 39.395 2.205
-181.067 35.178 106.070 2.008
203.499 -124.889 -49.251 2.015
162.977 -67.495 -57.086 2.089
15.685 -37.647 167.933 1.891
66.976 -147.411 30.869 1.981
30.444 -31.717 -46.797 2.188
-43.797 -51.988 4.395 2.066
-156.540 -60.806 -97.348 2.037
97.240 51.816 -103.856 1.926
-89.187 -94.206 -51.902 1.969
-147.351 -141.158 25.838 2.146
-41.291 -78.679 -183.601 2.052
-93.330 16.929 28.402 1.960
-164.365 -71.786 -136.972 1.934
-89.890 70.134 -7.123 1.962
88.842 -95.887 189.959 2.014
204.441 -10.745 21.628 2.071
105.307 111.171 53.843 1.923
-182.904 163.107 197.783 2.069
136.509 151.619 -194.685 1.945
-192.440 112.620 106.480 2.161
-103.649 -69.862 -157.129 2.009
-136.133 86.447 57.521 1.956
91.977 -17.129 11.709 1.980
134.619 -0.199 -168.110 2.141
-48.389 110.386 85.880 2.000
171.557 60.440 -185.979 2.025
-135.119 -133.864 -193.107 2.193
-48.453 119.522 93.146 2.257
-213.158 51.631 -92.629 1.841
-23.733 21.587 105.713 2.114
-109.375 -3.041 -46.794 1.789
-208.533 -166.851 -67.040 1.908
57.619 175.003 113.048 1.942
-169.812 32.292 -63.409 1.917
-6.417 107.468 81.418 1.954
-206.198 -95.392 4.671 1.976
-65.516 126.338 36.973 2.200
43.658 83.865 -75.172 2.099
146.160 65.117 184.012 2.025
-207.328 -163.614 -47.240 1.942
151.972 -65.087 -12.379 2.065
31.280 108.812 34.067 1.962
200.242 159.186 136.096 2.070
-166.115 -126.921 -48.515 1.922
8.951 -60.229 189.968 2.011
-199.106 -11.486 -141.680 1.976
-179.962 34.303 -36.517 2.109
207.128 -88.793 42.371 1.881
-61.203 -171.225 -188.261 1.862
-146.896 -7.130 184.423 1.893
27.683 -149.439 167.005 1.996
-137.884 158.608 -162.998 1.959
39.171 -154.721 26.536 1.896
-5.521 -35.562 84.845 2.142
76.526 156.089 -199.680 2.028
78.374 72.177 -19.169 1.980
-123.090 -71.207 24.616 2.004
210.260 -143.821 -46.335 1.976
202.619 -25.959 -20.894 1.997
88.281 -111.872 -23.130 1.825
135.060 -144.984 10.641 2.029
165.635 -95.186 -48.824 2.177
157.295 -89.921 -175.195 1.909
24.245 -167.080 136.965 2.115
147.747 -154.869 68.162 2.112
107.466 141.995 -145.666 1.930
82.632 -24.749 -93.396 1.982
-125.216 42.146 -12.406 2.165
-164.305 56.223 -139.050 2.042
65.967 -56.185 -145.112 2.251
-216.960 -65.232 34.547 2.071
-0.417 173.958 138.087 1.773
39.297 -16.923 -92.540 1.954
-81.366 -17.122 -4.401 2.044
-34.771 165.366 -100.733 2.129
-224.996 10.902 -120.164 2.200
72.466 110.873 -173.792 1.931
221.823 -157.599 -60.233 2.138
15.982 -9.431 156.560 1.836
207.507 33.678 -16.111 2.013
-33.973 -146.859 139.105 2.167
-34.144 -105.915 -60.477 1.996
-187.265 -53.677 147.470 1.954
83.592 42.481 49.938 2.128
-3.564 113.986 48.011 2.120
102.651 -120.803 64.749 2.209
-147.033 -139.742 -23.433 2.225
77.464 -140.098 -129.093 1.927
46.632 -66.268 152.731 2.140
-1.854 121.518 -178.029 2.098
92.457 21.694 92.324 1.949
169.081 26.098 149.921 2.145
-42.706 23.929 37.104 2.018
-149.411 55.764 194.132 2.075
2.812 14.990 96.691 1.995
203.677 55.825 45.825 2.070
135.724 -103.773 -139.044 1.997
-156.585 -11.265 -79.035 2.040
55.458 -186.869 20.855 2.047
-213.736 -157.011 99.548 2.035
-101.789 -8.677 -183.821 1.935
-57.521 19.755 47.465 2.164
17.684 -186.874 -164.032 1.933
-34.618 127.097 -107.556 1.890
25.669 62.138 -174.940 1.926
208.306 103.928 137.338 2.067
222.099 80.973 163.222 1.901
194.103 74.308 -55.857 2.022
-162.720 50.305 42.156 1.921
185.708 100.354 148.321 1.973
-40.096 -3.442 145.692 2.059
162.324 48.668 61.730 2.113
-165.203 63.723 -119.522 1.987
202.403 -45.777 -33.000 2.011
-201.805 -184.715 -25.142 1.921
178.554 -159.205 -112.232 1.957
43.489 65.927 -41.989 1.968
-97.440 27.043 141.003 1.977
42.827 -149.949 120.080 1.974
-119.509 -72.134 -141.090 1.999
35.966 -40.308 16.014 2.021
38.723 24.077 0.754 2.168
-156.216 151.644 -150.539 2.066
86.288 -68.534 -101.727 2.119
-181.326 -11.700 2.683 1.882
-104.753 136.604 199.826 1.979
-118.038 -170.499 -72.831 1.983
110.239 36.981 85.660 2.077
191.126 0.069 -199.595 2.129
112.360 79.756 -11.091 2.163
-76.109 -57.512 -106.992 1.870
15.661 188.843 -130.609 1.962
-192.190 189.621 -149.962 1.999
-209.243 21.206 -23.607 2.023
106.652 150.127 -197.813 1.948
121.121 -164.266 177.895 1.897
-206.420 2.878 99.629 2.122
32.028 51.395 52.796 1.943
29.316 -150.734 181.143 1.839
-65.181 -124.919 -130.946 1.837
-126.143 81.113 159.339 1.832
80.762 131.643 172.726 1.826
-198.307 78.800 142.307 2.215
50.958 70.190 59.381 2.035
-94.674 31.015 12.076 1.810
-147.377 -151.264 -64.147 2.036
128.548 -106.709 136.916 1.917
-150.425 71.465 138.250 1.998
125.376 -14.489 5.477 2.044
-218.681 69.786 -172.864 2.046
211.106 76.060 -127.560 1.946
11.321 168.308 -82.512 1.818
-81.067 -10.499 -0.863 1.983
-99.730 -2.522 -52.087 1.816
2.436 70.798 -126.008 2.028
106.685 -14.432 -115.510 1.995
103.358 -30.168 -158.748 1.865
-188.008 -41.717 -173.037 1.950
138.532 -109.989 -8.937 1.895
-47.282 -1.622 80.519 2.046
146.153 84.521 131.449 1.971
41.229 -67.674 172.027 2.069
205.838 4.520 -111.837 2.078
-21.600 17.089 -65.567 1.864
14.584 32.128 118.271 1.942
-58.731 -158.116 -29.500 1.916
5.917 -130.961 -199.904 1.905
-13.231 -98.665 -199.346 2.091
213.990 -81.496 39.266 2.055
-122.792 -187.088 -160.363 1.963
147.845 -83.950 161.222 1.895
48.140 -80.545 50.730 2.082
184.801 -0.997 75.113 2.142
-208.227 65.949 160.430 2.103
31.844 -132.741 73.891 2.135
178.489 113.516 -44.630 1.984
119.152 -101.812 167.140 2.087
191.788 172.301 90.882 1.821
124.371 -64.004 -164.057 1.889
16.195 20.823 -68.912 2.234
196.246 3.859 143.601 2.017
139.087 136.070 117.487 2.022
-61.578 -165.259 -67.891 1.978
-11.219 -64.704 -93.961 2.072
5.176 -171.653 -159.842 2.026
-72.931 -106.789 -106.799 2.010
185.710 160.145 47.167 1.893
122.502 146.295 -152.720 2.021
92.583 68.980 -172.094 1.963
125.443 -102.216 80.585 2.091
205.727 -12.055 76.194 1.762
-192.236 45.285 -39.086 2.068
-137.681 -86.425 -116.916 1.919
58.466 108.126 40.060 2.045
80.464 -187.413 52.253 2.163
-132.346 66.240 94.895 1.755
-167.925 -136.767 83.201 2.108
184.931 169.897 -24.095 1.960
142.576 -42.608 -21.202 1.862
-209.467 112.761 137.153 2.206
-80.756 -185.359 7.955 2.157
73.239 -126.599 -1.363 2.102
-32.831 -36.603 3.090 1.963
-139.345 178.042 -143.037 2.066
87.621 -128.190 171.893 2.096
-117.092 8.982 146.960 2.131
201.723 -71.367 69.617 2.054
-211.866 32.586 196.248 2.175
-32.884 -102.112 37.797 1.895
144.239 61.592 130.715 1.982
119.432 -187.706 173.429 1.909
64.510 -80.347 59.879 1.902
94.070 151.533 -174.287 1.939
-111.328 -128.471 -135.757 2.028
153.701 20.299 -183.760 1.864
169.910 -52.089 26.064 1.993
212.224 57.369 9.208 1.843
-178.205 115.768 -25.907 1.905
-153.203 19.908 172.174 1.968
65.281 -23.042 57.664 2.006
27.268 -112.689 -14.326 1.978
77.281 -37.720 50.995 2.000
-51.906 42.359 -10.508 2.050
91.175 20.597 24.665 2.017
-69.006 83.693 24.963 1.847
170.868 -89.103 -188.452 1.687
186.059 36.498 126.129 2.124
-1.272 -14.570 146.057 1.904
181.210 91.425 87.323 2.010
78.607 -27.313 105.174 1.925
-5.848 -177.664 44.196 2.040
-45.150 72.154 -191.191 1.890
-151.131 -184.828 -108.540 1.793
88.890 -35.830 93.965 2.011
9.900 -117.866 -159.283 1.979
192.027 167.704 65.358 2.074
-181.383 -85.110 -168.706 1.967
205.666 114.162 -51.291 1.848
-119.689 -91.142 159.492 2.004
-37.531 187.586 21.855 1.960
-46.029 -30.903 99.423 2.090
109.040 62.303 184.938 2.121
-48.379 128.449 -28.288 1.967
-155.025 188.343 -99.999 1.852
-40.314 105.876 77.530 1.997
-214.966 -18.730 -137.458 1.988
-19.201 -87.172 19.144 1.941
62.512 75.436 -147.380 2.000
16.722 -123.203 -107.058 1.919
-57.575 -18.724 -85.825 1.976
192.269 -183.167 -67.190 1.742
-112.558 -172.381 197.256 2.112
129.847 -118.824 12.668 2.072
-195.137 -68.757 145.368 2.019
-56.179 -103.716 99.088 1.918
134.650 59.574 146.126 2.015
-79.709 -104.612 185.926 1.934
163.586 -177.419 106.377 2.015
-148.984 67.955 -97.493 2.041
200.511 -82.853 144.414 1.841
-50.745 69.370 130.213 1.868
62.876 62.043 198.020 1.869
102.417 -140.412 -134.305 1.997
-171.643 17.599 -185.560 2.026
163.748 -57.892 -134.625 2.033
-97.135 96.921 140.067 2.127
-79.997 -19.693 195.575 1.842
-37.736 138.507 63.772 1.820
-42.371 153.463 143.661 2.042
84.759 -142.162 -87.941 2.084
114.690 -40.909 132.005 1.958
-2.204 -180.694 56.844 1.939
-214.991 -31.748 157.481 2.000
181.215 186.084 -108.599 2.049
-15.932 102.123 11.587 2.059
205.765 -134.089 -67.343 2.074
108.311 57.370 25.416 1.889
-22.507 -60.346 141.862 1.803
-59.746 -83.298 -154.381 1.993
197.956 80.194 41.598 1.927
-158.664 -42.876 151.289 2.088
-134.228 -9.235 166.675 1.963
-86.800 -3.729 169.171 1.955
64.979 -76.317 7.329 1.953
-126.180 -30.473 68.072 1.889
-105.662 94.290 188.213 1.882
-158.099 154.040 -196.061 1.775
147.216 -66.148 55.451 1.832
17.629 168.319 -89.431 2.053
-184.900 128.697 -92.967 2.089
210.906 -152.524 115.646 2.078
93.543 183.665 77.842 2.060
-21.385 -87.181 -168.222 1.801
114.159 -138.766 -46.990 2.074
-156.209 148.501 139.498 1.843
215.907 77.704 -136.028 1.849
18.625 159.743 199.621 2.195
-79.570 -135.590 -25.435 2.134
-214.723 60.102 -146.533 1.892
138.481 170.250 -138.069 2.039
-207.929 100.219 193.481 2.020
-58.458 67.217 -138.269 2.067
-178.741 66.372 -31.631 1.956
115.386 -9.671 53.225 1.938
-23.541 176.317 0.307 2.111
183.347 -26.101 -165.725 1.996
164.465 162.416 -125.367 1.912
-175.297 68.065 -114.788 2.014
148.688 -64.324 177.338 2.053
182.151 -84.788 -141.762 2.025
37.023 -48.789 -5.603 2.109
107.647 -50.860 156.449 1.844
196.410 -19.414 104.935 2.038
-104.314 -64.866 127.133 2.093
133.139 159.233 -198.888 1.872
142.384 85.143 131.804 2.156
156.976 -20.087 45.644 2.120
151.225 160.706 -56.853 2.085
-9.669 82.888 75.695 2.118
170.156 -119.947 -182.995 2.018
-110.378 -111.980 -17.320 1.943
-104.749 -174.552 191.682 1.930
204.839 -106.985 -75.486 1.899
213.776 -0.565 194.263 2.000
25.402 -150.502 128.800 1.910
3.648 146.422 -52.821 2.092
0.396 180.330 38.833 2.063
88.696 70.751 22.512 2.139
-209.078 165.973 -161.976 1.898
-84.526 98.893 30.071 2.026
150.503 80.058 56.872 1.843
163.026 113.963 -63.588 1.997
47.086 74.617 -188.101 1.849
158.961 119.147 133.961 2.019
-145.231 -118.077 135.041 1.963
-90.832 -180.393 55.874 2.013
184.021 11.259 158.233 2.024
-12.403 120.606 -49.638 2.084
63.576 11.668 -126.197 2.010
216.155 123.214 106.553 1.822
25.412 -184.379 -148.350 1.940
-197.726 47.480 -91.772 1.963
-71.235 -45.794 148.378 2.000
-168.921 130.731 192.843 2.019
-223.171 184.501 -72.585 2.054
-179.286 -33.387 -72.893 1.999
98.945 82.768 76.600 2.141
44.286 62.790 -31.976 2.033
103.805 -139.229 180.185 2.027
-197.993 165.139 -87.728 2.036
7.814 -119.688 11.330 2.161
-114.396 88.132 -153.116 2.073
-148.525 -29.424 -154.597 2.068
-24.378 -68.798 -29.825 2.113
216.381 5.752 -105.386 1.965
-75.491 153.024 78.806 2.085
81.818 106.932 -3.639 2.008
-53.650 87.763 -175.811 2.090
65.499 -118.320 58.186 2.058
45.216 -121.948 -92.380 1.751
-57.037 149.693 133.707 2.022
-81.013 -72.023 140.510 1.952
-217.940 91.713 82.759 2.248
-31.118 -70.787 -79.596 1.920
-141.728 -145.803 -177.257 2.110
-179.572 155.365 -100.660 1.918
-132.817 -99.665 -99.665 1.872
-14.639 104.871 28.858 1.942
50.668 50.662 153.379 2.096
-29.508 -149.800 175.775 1.963
-32.047 -26.305 103.500 2.119
-82.915 45.503 -134.308 1.919
182.557 109.359 -140.024 1.902
166.109 64.989 18.010 2.020
-39.838 66.715 -119.565 2.132
-133.482 -78.568 28.228 1.920
170.934 118.200 -118.860 2.032
180.495 -171.111 -156.341 2.059
171.075 -65.843 196.613 2.055
-79.954 132.376 -114.466 1.947
88.533 -179.790 -32.482 2.099
-213.404 -159.372 -150.505 2.037
-46.577 176.551 -77.290 2.108
39.400 25.335 -125.865 2.179
-136.066 132.345 130.128 1.892
-148.154 148.085 144.809 1.847
35.705 170.178 22.829 2.064
-55.827 -139.431 -74.577 1.944
-105.017 -176.549 190.094 1.991
134.899 -92.617 -16.154 1.936
-109.072 49.389 44.790 1.844
90.262 2.804 -184.523 2.071
38.030 107.612 -19.552 1.958
-100.190 -108.247 190.184 1.878
199.570 -68.898 68.057 1.921
-211.813 -57.368 -52.021 2.181
-69.840 -2.107 178.296 1.871
78.409 58.425 -15.620 1.799
-130.615 -44.009 -21.254 1.994
-8.975 64.279 32.973 2.035
-126.160 -97.182 -118.339 2.094
114.547 23.712 178.253 1.911
-202.163 138.330 90.790 1.903
-104.450 130.406 127.767 1.987
196.654 -10.983 -11.698 2.106
173.464 145.088 153.250 1.932
76.184 -152.071 -13.507 2.040
-73.056 -79.987 50.256 1.860
51.396 180.429 -27.660 2.092
43.520 -100.447 -124.146 2.040
209.776 -34.102 -110.420 2.072
-174.619 -36.389 -108.234 2.009
-124.301 -128.836 -141.312 2.032
39.222 34.783 157.033 1.886
211.358 -96.625 111.721 2.202
-56.934 183.694 -194.931 2.116
201.098 -18.287 17.059 1.954
-49.059 131.758 -184.204 1.886
-35.433 54.500 -86.185 1.992
53.227 -142.060 -180.974 1.883
107.447 -54.742 184.519 1.932
165.896 -56.422 -3.015 1.979
187.782 35.527 185.812 1.987
-89.417 86.347 -121.512 2.048
214.674 97.586 173.161 1.954
-2.297 -87.669 -33.961 2.037
128.117 -36.580 177.259 1.858
91.237 56.318 -56.056 2.175
216.543 145.673 -199.643 1.974
-106.679 -112.356 69.085 2.019
-29.350 -111.199 121.523 1.960
-221.591 -183.217 -42.565 1.882
118.331 -138.666 1.020 2.287
133.703 147.997 -186.217 2.018
83.773 82.539 10.917 2.060
162.992 -21.787 123.350 1.959
-61.908 -33.738 -181.381 1.797
-62.374 72.279 -190.151 2.178
-127.830 -45.328 -159.950 2.012
-85.360 171.666 -2.771 1.924
160.729 -78.486 -55.276 2.030
105.356 -121.649 140.925 2.082
167.813 15.136 157.971 2.072
-100.938 102.608 -102.230 1.935
-87.378 30.937 -188.566 2.086
-139.669 -162.024 44.905 1.933
209.503 -121.236 -82.277 2.229
2.128 -41.898 131.285 1.916
151.924 151.297 189.660 2.221
-208.993 89.823 135.188 1.928
28.448 -2.819 -111.389 1.974
-64.755 -148.198 -191.471 2.213
-2.496 -54.685 -3.169 2.062
172.552 137.754 -36.528 2.152
152.454 25.773 193.679 2.052
141.313 67.429 98.340 1.852
-49.842 -78.565 75.425 1.806
190.508 11.606 -173.522 2.032
-80.002 139.319 159.995 2.096
167.910 -129.624 80.127 2.048
43.625 -10.536 101.767 1.996
-49.468 179.671 100.606 1.890
-27.200 143.042 -124.336 1.806
-196.170 -92.314 -150.683 1.923
-117.470 -48.000 -9.104 1.938
-16.271 61.075 13.858 1.698
-49.363 70.727 -166.564 1.966
116.271 -161.105 146.509 2.015
-66.058 -2.613 -106.537 1.981
22.180 80.391 -18.107 2.026
147.735 74.055 134.113 2.026
-65.773 2.616 -20.477 1.900
-16.072 86.560 -19.348 1.825
-142.602 -44.072 -26.868 2.100
-215.939 117.005 191.926 1.973
64.439 -7.300 153.772 2.047
10.640 158.029 127.709 2.078
-21.466 57.917 19.892 2.209
19.186 -135.748 123.781 2.019
-142.380 -154.450 -124.509 2.030
14.484 -176.673 190.821 2.056
-123.865 -189.022 110.309 2.203
104.175 156.346 125.316 1.917
75.870 121.010 152.798 2.001
104.193 70.768 -42.569 1.904
-15.191 -80.628 118.062 1.944
107.660 -70.851 110.687 1.957
151.936 145.361 135.332 2.053
188.687 -71.072 27.368 2.112
-54.572 72.489 86.447 1.926
-122.451 -143.716 36.376 2.000
-150.340 -21.709 -150.027 2.110
136.593 183.924 190.346 1.980
182.808 -75.854 188.111 2.008
93.266 57.427 196.015 2.013
55.221 -152.684 -121.004 2.118
-17.937 -89.951 193.578 2.238
51.879 -56.579 156.971 2.024
-117.992 86.542 15.629 2.005
-114.169 -61.981 -9.010 1.964
128.155 28.333 151.888 1.948
-28.285 172.041 139.741 2.058
-168.059 56.741 -125.573 2.094
180.617 147.143 -93.673 2.026
-58.746 156.788 97.604 1.994
-197.439 173.376 94.623 2.050
47.941 2.692 20.291 1.972
84.342 -93.000 -111.261 1.993
-105.465 56.784 -1.488 2.007
-72.102 -42.145 -28.822 1.975
97.512 -120.937 165.962 2.022
51.210 -90.245 140.126 1.907
-129.484 -48.156 -87.778 2.106
-168.155 -59.931 114.931 1.913
-31.168 -92.155 17.512 2.152
-18.776 75.595 -66.030 2.022
-167.454 98.908 -131.169 2.116
-215.526 130.385 -25.649 2.079
167.423 -106.061 -35.228 2.010
49.716 -107.460 199.186 1.968
147.738 169.814 -110.145 1.964
-68.286 133.486 47.680 2.034
189.147 9.899 -125.596 1.959
-172.169 42.313 58.127 2.043
-98.341 -50.627 -170.504 1.895
13.150 -39.679 -38.805 2.143
123.708 78.211 114.820 1.983
-166.241 -100.079 -140.546 2.066
87.562 40.761 63.231 1.966
193.779 -18.213 146.606 1.867
-1.711 140.511 104.699 2.082
-113.100 166.729 128.457 1.955
67.869 -103.156 50.402 1.971
-177.867 -159.091 -89.193 2.152
-39.541 -98.315 195.396 1.882
-7.839 21.109 -132.187 1.931
209.381 111.569 -11.880 2.074
-111.335 159.555 -36.566 2.017
-85.515 -87.385 117.413 2.090
-160.659 65.312 22.830 2.090
-50.325 -47.362 76.884 1.992
118.958 13.992 196.921 2.069
10.286 -60.539 88.131 1.993
146.387 -165.777 122.320 1.909
15.151 171.353 17.970 1.983
126.983 -178.088 -79.224 1.961
-1.792 -154.049 -26.157 2.067
65.161 174.949 93.057 2.013
-58.918 133.083 -4.444 2.007
-96.227 80.814 65.712 1.930
141.863 51.147 4.894 2.050
-50.015 -122.230 -51.469 1.885
-209.599 -149.010 -169.121 2.080
145.583 -167.045 -138.457 2.207
1.431 166.547 169.469 2.090
107.315 125.481 -119.137 1.974
-58.118 50.917 197.693 2.046
196.990 -2.044 19.807 2.116
125.125 -146.999 -79.055 2.001
-198.843 55.950 144.367 2.020
-33.656 74.984 54.317 1.967
51.874 25.799 -26.542 2.048
130.622 -102.946 -17.488 2.194
123.889 -124.230 -173.606 1.907
-166.417 53.657 88.043 1.962
109.019 -34.802 -142.981 1.983
72.802 121.253 -79.435 1.903
-198.838 -147.729 189.928 2.064
-107.691 126.655 128.170 2.068
-185.330 114.409 -56.881 2.046
-166.299 158.975 -49.160 2.089
-86.516 98.761 193.053 2.054
-2.145 78.095 109.657 2.070
-105.860 -88.628 189.745 2.025
-96.215 158.027 93.887 1.984
96.711 -50.676 159.342 2.104
217.367 149.781 28.313 1.964
-85.044 -19.464 153.102 1.947
-116.254 56.213 185.326 2.051
56.997 159.656 -194.766 1.971
74.293 -32.105 -174.514 1.897
4.311 -186.667 -146.931 1.976
137.253 91.536 152.004 2.139
156.748 -49.342 -88.417 2.090
152.217 96.904 -150.912 1.853
-130.819 -89.038 -190.937 2.112
-42.784 106.262 -188.026 1.805
-97.573 -178.061 93.153 1.963
-174.368 145.669 115.903 2.096
-111.366 52.681 77.944 2.053
-183.091 93.438 -130.197 2.163
26.196 51.652 -180.773 1.856
-193.914 133.053 185.312 2.043
-200.201 -182.965 23.135 1.974
-122.221 70.339 185.599 2.078
146.614 55.969 74.184 1.906
120.331 85.874 -192.867 1.995
-52.270 -122.691 -136.474 1.981
-213.365 -36.269 94.738 1.988
-32.946 -82.019 93.338 2.014
-204.613 103.547 78.090 2.118
-4.701 -127.663 -37.183 1.969
157.406 105.079 62.105 1.991
-128.646 -118.964 -196.297 1.917
54.844 170.388 83.055 2.107
50.697 141.576 -86.460 2.065
115.453 113.069 -25.439 1.958
217.076 92.621 -171.457 2.031
-103.969 120.959 -0.667 1.985
-166.270 8.274 -165.257 1.976
111.057 95.466 109.930 1.927
-35.662 130.293 26.072 2.004
106.834 -1.004 -51.214 2.054
137.841 -89.118 -58.505 2.165
171.426 -23.003 55.945 2.057
-73.910 89.241 -123.743 2.156
199.375 -92.826 8.425 2.169
210.067 77.868 199.992 1.914
-139.684 -111.523 190.272 1.755
-143.311 187.382 184.036 2.003
19.204 -45.576 -176.466 1.980
35.765 -16.593 162.044 2.090
-205.075 -106.773 -118.513 1.803
-104.937 -43.131 -24.535 1.892
-27.434 74.950 -131.128 1.999
182.573 -100.026 -23.108 2.048
217.212 161.889 -91.226 1.817
206.196 -120.990 -2.880 1.879
18.532 -105.818 197.948 1.995
-185.022 113.488 -191.157 2.117
212.168 -22.061 -166.297 1.901
-45.184 78.551 -175.174 2.073
171.343 4.648 -84.139 1.812
16.281 -36.230 -59.127 2.199
30.052 -20.739 -127.406 2.010
-27.132 31.119 -192.949 2.091
-41.936 -137.194 151.674 1.998
-71.605 -1.510 118.651 1.936
-205.936 86.650 24.342 1.960
15.506 -172.771 -93.187 2.059
-122.130 26.894 -166.487 1.798
-84.146 -118.791 -196.276 2.012
23.644 -134.760 -174.027 1.827
186.985 -14.421 122.107 1.858
-12.574 -64.127 107.144 2.051
66.031 95.261 -13.634 2.019
199.730 128.539 112.933 2.085
-21.440 -164.390 -89.811 1.925
-175.566 -180.435 -71.267 2.018
75.237 -38.247 -82.885 1.862
-53.518 164.803 -144.843 2.002
-93.997 -78.535 116.146 1.890
71.213 -94.142 190.872 2.086
168.185 -146.855 -83.262 1.968
-166.282 -185.822 4.314 1.953
37.773 95.688 38.116 2.112
-109.362 173.895 -185.958 2.069
14.438 145.394 64.992 1.931
160.687 -146.075 -8.611 1.783
176.595 -82.707 157.109 2.062
-85.225 121.594 167.161 2.044
130.793 -111.813 -176.847 2.009
116.311 35.438 1.518 1.972
52.540 188.345 134.630 2.155
150.469 79.189 -80.557 2.040
-97.949 -60.413 147.544 1.921
-132.769 189.836 -58.166 1.941
46.651 -23.112 -186.873 2.035
163.039 -141.194 80.032 1.946
176.983 161.758 25.027 1.910
-86.884 165.284 3.389 1.782
-40.190 42.900 -183.932 2.062
-116.589 -63.613 196.307 2.158
-131.758 -44.653 62.270 1.964
-69.684 148.958 148.927 1.923
-15.802 101.318 5.399 1.678
1.951 -173.133 63.764 2.114
90.304 56.363 177.614 2.031
23.416 -16.658 -150.068 2.135
-164.181 -60.175 -192.532 1.976
142.163 -108.429 -143.254 1.963
-38.291 -15.706 133.193 2.130
-75.876 -18.166 44.927 2.100
34.581 -184.717 -70.801 2.064
128.323 167.766 17.306 2.104
-148.923 32.677 175.284 1.963
-171.093 -10.514 100.251 2.094
-161.015 148.431 -150.346 1.888
-3.122 -184.076 64.067 1.944
50.377 117.565 -38.406 2.068
108.828 63.604 18.948 1.971
-215.538 103.605 -169.694 1.915
-148.638 43.271 49.465 1.870
-207.301 -113.434 -130.344 2.005
-160.886 26.723 78.639 2.057
-79.210 -18.785 26.590 2.107
56.257 3.299 85.660 2.189
74.753 -63.144 185.170 2.072
-134.908 -176.300 142.617 2.125
216.542 -77.440 127.681 2.067
142.023 43.154 165.447 2.135
72.671 69.430 -78.239 1.948
85.643 -172.066 42.205 1.956
-35.765 37.247 -22.716 2.144
-212.509 -105.868 139.362 1.940
-154.180 -122.691 -31.108 1.938
-203.115 65.140 101.348 2.067
174.188 -24.729 -177.682 2.027
-21.077 2.902 191.781 1.945
150.101 187.813 6.458 1.989
-75.306 -96.578 2.470 2.055
97.937 151.695 -0.507 2.153
76.428 -55.206 166.452 1.848
-189.508 188.811 -192.945 2.138
99.165 50.510 141.665 2.042
-122.596 5.933 -155.287 2.148
-4.717 -42.038 -133.477 2.144
25.038 180.764 3.905 2.101
31.190 162.193 144.136 2.100
-42.744 -131.547 -165.900 1.910
-2.249 -107.246 111.644 2.030
-61.748 -85.969 -96.603 1.955
-33.605 -130.431 176.141 1.928
216.371 -46.442 -151.704 2.106
132.358 83.906 132.179 2.018
-181.671 -180.181 -172.112 2.073
94.744 -162.757 -162.031 2.091
177.216 -23.660 81.233 1.942
159.033 -87.124 -126.860 1.972
-56.469 103.012 -120.226 1.901
194.336 -17.829 21.039 2.105
66.567 -165.651 171.669 2.040
193.797 -70.070 89.121 1.675
-61.594 -184.566 -149.790 1.865
96.904 189.604 10.602 1.920
-77.433 47.329 -174.188 2.109
129.776 11.342 141.384 2.065
2.357 -18.982 -40.447 2.032
34.769 -98.708 -122.007 2.139
51.659 -168.698 -147.379 2.052
-1.956 112.995 174.499 1.997
-97.943 75.344 140.979 1.957
-31.072 -87.491 -27.413 1.817
-59.672 179.801 -165.863 2.186
116.302 -88.001 -9.786 1.972
-146.335 186.955 -176.438 1.750
94.076 90.766 -2.131 1.980
-217.929 -126.728 19.810 1.874
-131.185 46.410 15.594 1.929
95.768 -7.827 146.481 1.935
-0.450 63.158 160.769 1.985
35.846 89.991 -153.172 2.041
-53.529 51.921 -79.214 2.036
49.991 47.617 -135.061 1.881
-145.773 -56.394 175.707 1.936
42.455 -175.885 110.509 2.158
46.970 187.816 166.685 2.080
83.003 168.501 14.963 1.839
-80.266 -24.631 130.145 1.973
200.083 22.313 93.453 1.987
115.626 156.550 58.772 1.780
67.397 -154.458 -87.131 1.992
143.019 -61.444 111.208 1.964
185.369 4.083 -8.660 2.089
-139.774 -91.091 16.277 2.084
-6.165 -115.247 182.921 2.006
69.653 52.052 -78.313 1.964
184.363 -129.651 151.515 2.091
165.724 54.295 -103.228 1.794
-165.100 -31.792 157.345 2.080
169.355 140.791 147.749 1.959
-61.541 79.984 -110.741 1.935
-66.461 56.497 -53.053 2.013
-143.159 59.802 90.367 1.890
21.337 140.199 133.190 1.878
-141.583 -12.363 140.410 1.934
-115.754 22.359 -36.292 2.062
20.075 47.121 88.312 2.003
222.621 135.621 -86.539 1.967
-76.856 37.183 -115.753 2.163
128.607 -93.580 193.349 1.963
-113.929 -80.353 -175.900 2.070
184.338 -35.659 -90.242 2.122
-90.245 62.245 177.125 2.143
85.896 -139.122 13.793 2.052
-220.871 82.287 -20.651 1.938
-211.932 -152.704 -7.584 2.031
-44.288 188.143 -98.627 1.980
-146.014 110.704 -178.003 2.010
-139.087 -36.501 10.055 2.049
111.573 -13.487 0.006 1.839
-33.249 -8.932 -193.130 1.911
-36.483 -94.699 152.486 2.136
-11.788 -94.219 136.600 2.091
-167.669 -146.956 -150.864 2.170
-112.208 47.882 -108.154 1.934
-193.645 159.652 19.577 2.016
140.919 97.372 70.991 1.879
69.656 -121.045 168.890 1.893
-224.135 -84.608 51.086 2.073
38.845 -162.780 -69.278 1.893
-61.931 52.203 142.899 1.983
-9.473 177.842 126.544 1.875
102.777 73.528 -49.900 1.860
108.984 170.917 27.529 1.936
-205.687 25.568 -31.236 2.099
-138.430 60.902 0.516 2.044
-195.359 17.578 198.562 1.903
135.821 60.612 139.218 2.053
188.769 181.800 -32.115 2.033
0.782 -29.778 37.356 2.110
-186.670 68.341 -45.909 1.982
80.940 -48.374 -4.251 1.937
72.115 174.659 -7.920 1.925
194.205 -149.321 124.087 2.249
-50.967 111.065 79.883 2.001
88.320 152.816 -35.561 2.048
145.044 138.024 -77.819 2.098
-77.710 -113.756 -193.145 1.761
-1.973 -35.991 -179.389 2.009
-223.261 98.372 114.439 2.111
188.503 30.093 -52.253 1.997
19.276 -164.964 148.556 1.954
-150.190 99.667 -106.037 1.872
91.321 -9.965 40.605 1.969
198.659 -118.306 -127.485 2.081
155.126 88.772 112.260 1.958
95.307 51.025 195.638 2.144
-189.414 56.790 11.804 2.231
-79.738 -73.534 -84.406 2.022
-25.146 62.308 -17.906 2.027
92.497 -167.673 -80.147 1.983
64.623 127.532 80.628 2.020
27.583 12.680 137.024 2.015
149.579 121.904 36.479 2.073
85.789 1.943 115.037 1.940
-83.001 73.680 -191.555 2.006
124.341 78.107 -108.170 1.926
-173.696 -120.437 190.571 1.840
-64.173 -79.707 -185.589 2.087
-188.997 -145.040 -33.641 2.020
6.314 -150.519 60.075 1.963
-95.239 -34.247 -178.662 1.922
-145.688 -63.373 197.554 1.942
163.075 5.574 70.937 1.931
137.185 169.904 -196.243 1.843
144.334 160.970 -56.515 1.953
-145.845 89.435 -138.538 1.916
-13.071 84.132 179.216 2.036
-196.287 -56.666 -14.618 1.942
-72.154 -170.151 -69.126 2.134
-132.105 -188.799 -106.425 1.911
184.948 -147.669 -136.505 1.947
-75.645 -127.233 -78.229 2.034
-29.351 -107.864 -138.488 2.185
147.074 101.681 -67.534 1.956
74.475 -39.902 -134.370 1.936
-171.232 -167.897 0.367 2.073
-146.897 -168.212 22.450 1.947
-14.723 100.807 -96.571 2.055
192.178 -100.898 -21.962 2.020
91.432 51.998 40.861 2.124
-106.786 119.690 -69.857 2.093
174.300 103.920 -174.962 2.113
8.534 11.634 37.380 2.084
-218.237 -178.411 -199.695 2.082
-122.065 -152.848 116.846 1.950
-40.244 -176.035 -45.813 1.920
55.928 -145.238 -144.994 1.960
109.013 87.792 -57.580 2.011
29.579 46.440 199.322 1.928
131.549 -74.766 181.086 2.032
175.249 -187.072 129.690 1.865
84.374 29.799 -8.716 2.031
128.120 -151.626 141.820 1.928
-166.455 -36.499 116.596 1.858
220.638 -59.648 -33.230 1.807
170.047 -135.805 47.470 2.031
23.373 -100.334 42.327 2.027
210.938 -111.275 45.702 2.055
18.949 24.011 82.470 1.906
4.559 72.435 23.929 1.852
161.645 -41.570 111.655 1.874
-163.342 -47.804 -174.009 2.081
1.661 7.127 97.486 1.944
-126.720 28.366 33.170 1.931
-0.348 125.021 -92.573 1.898
91.177 -121.576 129.421 1.986
-19.353 -135.625 169.506 2.036
125.991 178.856 -125.647 1.981
-85.491 86.097 -126.097 1.942
-187.184 150.898 -19.505 2.012
126.977 189.489 -102.904 1.919
80.063 -32.173 -176.087 2.129
70.152 86.008 -114.754 2.064
211.191 72.176 -102.176 1.980
103.154 -114.532 64.895 2.092
30.065 86.772 8.639 2.072
90.984 -66.006 152.053 1.888
81.909 29.309 114.517 1.935
