182.863 5.167 174.006 1.968
-198.104 -116.807 114.403 1.849
45.751 150.059 160.214 2.079
-11.525 157.999 5.914 1.999
-149.770 160.646 4.052 1.996
25.372 -140.911 40.182 2.237
178.939 73.887 1.115 1.985
96.988 155.220 129.560 1.876
38.610 -133.926 89.419 2.020
50.311 -20.342 102.349 1.969
-162.910 12.309 -138.361 1.835
41.151 9.300 145.915 2.055
151.569 -20.925 67.326 1.938
22.229 -29.370 56.212 1.914
-74.426 155.846 -0.681 2.009
-153.187 113.553 -42.525 1.903
-195.324 -95.929 157.198 1.880
35.231 167.426 -147.582 1.838
19.539 68.661 9.495 1.935
-213.877 -150.629 -185.093 1.717
-186.678 -92.215 65.906 2.015
-220.759 -126.925 56.983 1.890
-165.507 -94.892 -104.799 2.099
188.639 -4.035 76.282 2.074
50.508 159.782 -183.032 1.994
168.365 -0.537 -145.814 1.854
56.941 8.085 171.032 1.917
17.684 -45.499 -109.889 1.942
-135.766 -100.961 -182.119 2.143
-28.604 124.200 -22.590 1.984
202.007 162.138 -152.586 2.235
-112.200 -40.686 -91.861 2.053
166.477 165.841 39.444 2.060
-96.382 165.920 110.869 1.951
15.876 -42.502 125.393 2.071
-60.966 67.843 -110.878 2.071
147.882 134.188 -190.516 2.024
-163.492 149.031 -14.599 2.020
183.974 -46.012 76.629 2.058
116.610 -18.117 53.123 2.132
43.550 5.666 86.000 1.921
-64.420 34.662 127.963 1.833
155.563 -106.602 61.860 2.050
92.504 -79.170 133.390 2.036
150.998 10.790 171.272 2.063
-28.143 14.072 175.918 2.115
208.673 50.418 115.518 2.007
55.971 -85.570 -166.309 1.956
-143.320 186.405 80.283 2.071
174.492 184.446 105.198 2.066
93.939 -46.989 -196.239 1.997
82.934 134.480 97.044 2.037
34.609 -17.340 98.556 1.814
155.391 -36.937 51.250 2.214
63.085 129.812 14.527 1.911
-185.153 147.683 187.017 1.949
-196.036 131.900 -55.107 1.816
182.514 48.137 109.569 2.006
-133.208 16.747 -191.130 2.147
-144.025 -116.122 -123.551 2.229
-23.594 95.591 -139.871 1.935
-14.456 -144.370 -20.028 1.744
21.722 -69.607 -184.854 1.932
136.492 -3.156 181.243 2.096
190.999 -179.558 192.990 2.075
-79.030 136.641 -120.758 2.064
-36.428 69.009 -48.709 1.980
143.495 139.298 -173.162 1.867
-187.826 -124.867 5.275 1.990
-136.478 -13.426 120.277 2.064
-122.256 -40.397 160.628 1.872
-220.786 -100.639 108.282 2.046
-160.354 -132.134 -40.178 1.678
124.037 -58.146 -61.113 2.104
156.055 183.324 -138.691 2.113
130.308 -98.844 159.109 1.933
-62.164 75.912 -199.814 1.871
74.035 98.076 -96.046 1.968
22.604 128.839 140.925 1.897
-5.325 52.667 -16.340 1.936
169.189 -114.333 -167.441 2.038
50.510 73.172 -33.176 2.035
-191.467 75.210 -35.628 1.932
147.435 125.126 106.714 1.869
164.773 138.949 -72.244 1.949
-97.367 -82.846 -58.829 1.884
-67.381 -149.160 21.223 2.049
58.519 -137.663 78.706 2.120
-176.640 81.625 181.883 2.003
208.974 159.978 4.967 2.077
-146.748 -21.626 -90.619 2.014
-210.597 -80.366 -27.935 2.065
171.178 21.955 13.486 1.940
148.601 146.329 -131.541 1.899
24.007 83.930 -3.502 1.918
-67.608 -25.075 -183.725 2.041
223.054 18.587 -142.215 2.036
-185.125 -26.396 6.601 2.042
-84.423 55.970 -37.829 2.062
-184.240 -74.154 6.701 2.012
159.565 -106.027 -51.148 2.061
70.693 -13.029 -85.058 2.134
202.204 45.658 84.752 2.026
-146.748 -104.114 -90.385 1.832
-175.874 123.720 70.198 1.945
-84.201 37.208 -16.987 2.079
-20.710 -44.551 -7.715 1.984
147.126 164.065 43.277 1.833
37.520 -67.942 48.494 2.142
-134.799 -111.127 -125.678 1.839
122.585 -95.924 -44.008 2.072
85.497 96.084 167.437 2.032
191.725 186.244 75.615 1.990
70.466 -89.823 -101.450 2.036
-31.570 -117.139 -69.488 1.998
124.761 162.902 52.636 1.967
-157.981 -32.417 -16.198 1.954
108.561 110.770 99.734 2.073
170.635 -76.235 81.792 2.063
-223.740 25.628 93.078 2.060
42.009 92.949 75.462 1.927
150.140 183.520 -163.499 1.861
220.046 179.856 -79.736 2.048
-29.032 -18.872 69.896 1.815
-157.041 34.656 60.502 1.948
165.275 -4.370 126.429 2.024
82.701 -29.198 -10.944 1.989
91.841 31.580 167.440 2.054
26.227 -53.826 -131.040 1.945
67.490 134.077 -95.701 2.010
-164.235 36.718 157.117 1.986
78.708 -176.602 57.065 1.914
-180.540 32.569 -107.584 2.037
95.153 -50.672 72.269 1.981
-102.844 29.736 160.344 2.004
-89.372 -140.704 -154.001 1.988
78.094 -38.930 -55.028 2.031
16.638 -129.060 -97.886 1.967
-194.825 147.355 -51.204 2.118
-20.091 157.442 119.343 2.141
-209.980 -125.696 63.013 2.031
109.947 -44.756 104.939 1.901
38.316 149.451 -185.090 1.934
159.226 -20.030 132.028 1.990
-18.598 -158.611 -177.776 2.155
102.450 -21.290 -88.776 1.867
-223.373 84.461 17.964 2.095
-162.674 -40.899 6.689 2.111
98.704 -92.810 -76.057 2.136
-129.774 -21.940 -110.084 2.031
-93.365 -117.978 93.857 2.089
110.188 147.728 61.621 1.987
-56.058 155.959 78.930 2.016
5.850 -58.037 15.806 2.136
103.365 126.180 -171.486 2.141
-70.748 94.646 168.673 1.868
136.036 -59.863 149.092 2.130
-11.225 -189.611 3.379 1.753
110.791 47.340 -40.796 2.278
17.534 89.043 7.707 2.024
-210.523 25.117 -62.673 2.057
-27.850 127.596 -42.321 1.985
-101.944 -83.144 -197.801 2.032
173.099 9.801 155.029 1.989
86.740 16.847 -196.666 1.993
214.276 -131.458 -33.565 1.954
16.667 130.050 -34.281 2.084
-120.892 -61.953 -161.751 2.126
-192.626 144.841 -132.429 2.076
155.325 46.416 79.791 2.138
77.324 -182.169 -32.780 1.956
17.701 -82.586 193.398 1.898
-157.498 20.785 196.864 2.071
166.870 144.841 0.794 2.030
208.348 45.866 38.993 2.103
-33.376 110.092 95.425 1.988
-86.952 -30.660 97.479 1.918
-79.629 184.788 53.028 2.263
119.232 149.944 66.998 2.155
-137.553 -39.593 119.436 2.044
-180.253 -4.378 13.569 1.979
29.374 170.123 67.565 1.879
-151.280 28.336 -29.720 1.995
-46.846 153.389 30.324 2.152
218.037 -106.230 96.198 1.945
222.906 44.011 -188.299 1.916
-48.629 7.843 39.027 2.107
-123.545 39.674 195.811 1.863
-24.041 -16.764 52.953 2.065
155.318 170.764 -135.510 2.001
60.077 167.283 191.983 1.935
57.375 -102.141 -66.300 1.765
-184.894 167.755 -147.177 2.018
74.255 178.834 175.941 2.033
157.620 158.972 154.399 2.001
10.492 86.321 -64.006 1.893
-104.517 -85.617 44.432 2.151
191.750 22.718 -139.632 1.980
77.107 125.628 119.524 1.999
-154.099 175.511 9.643 2.170
210.219 124.094 -10.130 2.050
-35.992 -158.935 99.998 2.111
-158.222 -67.924 -97.642 2.038
1.964 129.268 -81.960 2.017
41.675 -180.414 -90.676 2.010
-60.241 159.305 -129.803 1.947
100.313 -85.843 111.705 2.018
120.667 45.876 -58.799 1.993
-30.455 -133.632 39.535 2.118
134.693 -57.506 -10.750 1.875
111.507 176.163 -190.930 1.813
68.271 133.090 -119.568 1.952
43.754 114.450 8.970 1.966
153.960 98.950 -191.983 2.150
-214.604 139.150 195.733 2.082
57.321 87.676 33.330 1.901
84.789 170.629 53.762 2.100
92.526 -44.692 -84.927 2.089
-196.644 -151.802 131.133 2.012
139.808 -147.256 -135.045 2.090
-119.543 136.454 183.450 1.892
-30.134 -71.221 -139.251 1.972
-117.633 124.781 -152.940 2.051
196.148 48.189 16.033 2.111
10.744 162.449 26.374 1.918
28.753 167.493 -33.082 2.039
167.022 -67.271 153.390 2.054
-82.696 140.390 -165.712 1.994
-173.700 52.076 -163.460 2.027
-140.524 150.604 -105.870 1.987
67.262 113.232 176.519 2.243
202.462 3.425 -144.884 1.988
109.893 -157.940 -2.062 2.016
-160.981 139.100 20.486 1.851
173.484 -168.932 -127.179 2.100
-14.601 27.872 -96.514 2.023
91.646 62.518 70.714 2.084
-77.837 182.277 -103.420 1.840
-65.192 161.725 -142.197 2.030
189.382 -122.746 -72.291 2.089
-42.003 154.505 -132.842 1.927
45.673 109.366 156.548 2.024
-180.366 106.685 8.833 2.092
-74.834 -48.652 -4.337 2.116
-124.345 61.166 64.772 2.150
217.036 105.537 -76.958 2.017
-31.852 -4.635 96.498 2.142
14.201 -39.364 -120.618 1.993
-80.520 28.906 10.141 1.980
-4.918 -179.128 -167.584 2.035
109.114 -23.346 -39.537 2.006
135.866 -144.478 12.197 2.061
37.144 -181.091 31.403 2.069
-145.282 -11.546 -189.045 1.929
64.475 -37.679 -57.911 1.920
-182.905 164.706 -157.962 2.063
-155.078 71.692 181.935 2.070
-104.645 -100.365 -13.078 2.117
165.298 101.421 130.260 1.963
-30.095 180.084 94.643 2.007
93.103 -26.316 40.879 1.909
-224.653 144.910 -115.144 2.039
30.432 36.475 -97.453 1.719
136.455 -184.576 190.650 2.100
57.370 85.551 -48.273 1.930
72.808 173.519 -21.460 2.217
-86.027 96.663 -103.256 1.957
-82.720 -157.297 -150.791 1.979
200.723 39.278 -196.255 1.858
164.455 -106.272 175.428 2.100
189.623 -101.429 -172.860 2.113
212.507 -15.736 -75.341 2.006
-193.643 6.729 -20.241 1.951
100.619 125.650 88.355 1.992
216.388 27.896 184.211 1.998
66.085 -88.494 172.692 2.088
-168.912 117.663 -195.487 1.876
-143.425 131.028 42.254 2.013
154.791 -39.655 79.156 2.103
102.935 -108.781 53.196 2.057
-197.087 172.097 162.559 2.080
-201.307 56.044 -132.555 1.888
224.747 -44.525 127.425 2.015
172.512 12.518 19.535 1.951
169.642 -10.602 123.139 1.879
143.297 176.044 -67.325 1.871
175.355 94.069 -46.896 2.048
-77.604 22.712 -100.039 2.127
-180.378 99.797 -99.635 2.095
209.347 -0.853 58.187 1.970
-49.703 61.559 -133.714 2.074
-172.288 -145.250 33.755 1.965
138.623 167.898 17.787 1.885
75.634 90.135 -195.099 1.973
-27.198 -12.294 -14.728 1.984
39.959 -143.951 95.835 2.022
184.678 10.271 111.182 1.959
116.469 102.804 52.468 1.862
-168.507 38.521 -173.176 1.964
-143.373 157.020 51.666 2.149
16.096 159.005 79.047 2.008
16.120 66.559 -176.370 2.136
-50.041 45.501 50.226 1.999
-84.306 128.014 -43.001 2.016
195.812 50.193 2.902 1.770
-82.530 -120.269 141.356 2.003
161.895 20.881 166.204 1.896
35.404 46.819 -90.951 1.922
19.569 -118.165 104.611 1.893
-30.751 -167.699 -91.363 1.708
190.868 -1.873 -3.794 2.051
-88.393 -184.657 9.034 2.067
-124.630 53.986 99.171 2.114
-88.095 148.578 -8.798 1.992
190.196 100.449 75.038 2.278
-191.627 81.705 187.609 2.125
68.522 49.561 -17.397 1.883
84.531 -58.295 0.947 2.002
212.804 78.095 53.796 2.101
166.766 21.788 43.778 2.065
31.232 147.963 82.189 1.944
-88.771 -68.415 35.719 2.046
175.832 57.397 53.541 2.067
170.809 101.127 92.608 1.838
-28.519 -28.610 103.857 2.122
36.584 143.395 114.050 1.981
119.540 44.816 -90.427 2.122
107.024 -41.143 70.477 1.960
-162.574 -124.781 -35.120 2.069
34.667 -156.549 -118.509 2.031
206.976 -4.395 -146.790 1.872
-120.372 -160.065 -78.582 2.074
160.312 -6.244 26.019 1.920
34.839 -46.136 -24.217 2.127
-40.473 -39.850 36.312 2.048
-206.121 -179.612 134.047 1.883
-167.081 -76.541 -138.764 2.072
-145.750 -132.570 51.266 1.941
37.679 -11.238 193.761 2.054
117.908 -42.564 -10.967 1.989
30.957 99.980 181.600 1.898
63.966 -157.495 -82.581 1.948
35.797 44.927 176.327 1.995
-55.754 87.033 166.075 1.970
44.694 100.394 4.623 1.874
-221.937 169.571 80.404 2.192
158.091 -174.005 -123.648 2.102
-46.899 128.160 -28.332 2.028
105.986 106.225 -153.726 2.003
167.192 -123.651 48.596 2.151
-209.015 79.950 30.562 2.023
197.763 97.220 25.323 2.233
184.623 30.800 154.548 2.008
22.185 3.308 190.770 2.142
22.089 -22.429 94.967 1.988
19.925 -58.024 123.888 2.058
93.695 169.168 112.116 2.083
83.342 19.931 -194.543 1.975
-1.312 121.288 103.089 2.063
-70.297 -133.520 -196.923 2.130
222.587 -145.356 -142.313 2.003
145.118 -57.977 -89.069 1.864
99.472 -93.266 -187.242 1.931
3.049 -11.077 36.854 2.074
34.597 -99.101 195.142 2.279
-6.817 133.416 -106.344 1.879
197.115 170.343 -27.413 1.904
34.251 -163.944 -180.028 1.902
-180.083 135.915 -30.032 1.966
-107.643 95.217 -168.976 1.870
-180.780 41.106 81.684 2.075
-201.815 -96.929 38.368 1.981
-110.657 -133.932 49.904 1.881
145.746 6.744 62.557 1.731
-212.743 -58.037 -152.344 2.179
79.922 -189.848 6.802 1.777
-41.147 -84.542 -145.599 1.937
170.080 61.140 112.638 1.949
-123.710 110.402 95.837 1.934
-57.767 4.746 74.332 1.890
132.811 161.244 145.899 2.204
175.621 77.346 82.722 2.067
-122.175 -60.247 35.377 2.089
-121.637 -175.511 111.231 1.964
58.097 40.688 -27.336 2.110
-67.403 -12.922 -178.215 1.789
-77.845 -43.733 -86.788 1.922
-61.606 19.758 -56.414 2.058
-70.265 47.896 -19.609 1.942
47.326 -173.591 -25.365 2.071
213.326 17.798 69.798 2.017
-131.511 -2.378 139.328 2.071
-204.620 154.405 -113.055 1.943
143.457 185.984 -137.302 1.868
50.432 -27.734 71.560 1.993
4.716 -4.374 75.315 2.038
218.821 -102.308 76.198 2.028
-113.891 -131.775 174.334 1.964
198.707 69.391 -112.182 2.123
-125.483 5.920 194.254 1.982
189.436 40.270 194.810 2.059
151.095 91.760 -141.935 2.118
19.419 -136.883 -32.924 1.915
-85.477 -78.470 35.004 1.923
3.173 76.637 -112.614 1.999
13.891 95.927 145.263 2.032
-46.317 -7.635 104.882 1.999
207.207 72.556 13.220 2.035
-75.435 -153.373 105.367 2.004
98.529 -185.314 -0.531 1.985
-195.225 169.043 -98.001 1.874
223.393 -83.603 -46.938 2.187
-13.789 42.921 -94.023 1.908
-60.954 -119.770 78.671 2.005
200.191 132.665 -81.586 1.885
-134.423 -31.698 -170.073 1.850
172.657 -177.813 -23.206 2.107
9.197 -54.191 115.772 1.945
-143.545 50.025 -117.049 2.082
-91.391 -145.973 44.647 1.972
-174.587 64.109 5.296 2.012
-177.244 37.440 -133.808 1.945
125.126 40.935 174.561 1.824
144.475 -51.343 -183.981 2.203
79.740 -66.720 50.357 1.861
-75.455 -145.237 180.625 1.888
-162.203 -9.072 -107.818 2.003
-216.198 -14.869 -46.991 1.914
166.874 48.078 -114.242 2.036
-164.542 -77.123 -5.901 2.116
-199.753 -82.231 71.173 2.040
172.364 -188.332 94.894 1.939
-130.433 -147.748 83.631 2.012
-81.734 -157.320 123.933 1.970
-24.803 -23.080 148.315 2.074
-133.206 86.971 -199.578 2.076
-178.965 -11.190 97.308 2.132
-221.395 -22.245 154.890 1.982
-186.382 -80.602 -64.108 1.810
-179.592 -18.684 -58.445 1.804
103.503 -77.197 -34.570 2.072
188.973 148.168 148.630 1.972
-92.501 105.349 -60.295 2.115
70.489 -11.976 -106.013 1.917
201.125 188.570 175.167 2.098
-135.232 -169.573 -79.327 1.977
104.396 -124.746 -84.192 2.040
-142.580 161.008 -164.228 2.025
-205.975 -65.907 194.617 1.961
112.263 138.942 4.622 2.152
145.014 187.059 184.744 1.970
62.005 -135.102 -42.253 1.911
62.664 -133.880 -16.599 2.133
7.044 137.185 145.700 1.824
-215.131 113.281 170.107 1.933
123.500 -19.410 -66.520 1.812
8.449 -83.566 -123.067 1.905
-164.319 -13.645 -6.623 1.846
-7.925 149.080 -107.919 1.902
54.758 -102.643 -156.607 1.938
-5.044 175.698 157.991 1.821
161.180 29.257 -62.640 1.996
192.667 166.685 -197.420 2.179
4.422 -2.373 -29.706 1.994
-163.170 34.847 79.728 1.973
212.249 -141.045 -179.760 1.988
-38.062 82.732 -25.378 2.161
151.675 116.497 -64.172 1.936
-15.070 -111.328 -77.655 1.985
-73.825 -97.449 -111.177 2.045
-215.883 132.601 192.198 1.950
-185.770 -15.784 -69.566 2.067
-4.920 -145.434 141.427 1.867
-57.384 -13.074 -104.315 2.059
-6.904 -79.549 106.182 2.027
-200.224 170.023 1.564 2.001
-23.522 76.114 -7.620 2.095
103.092 -50.258 182.133 2.070
-184.473 56.022 -54.763 1.965
-170.658 140.385 106.534 1.850
166.510 -12.175 -50.877 2.097
-122.796 -81.778 59.623 2.202
199.994 18.585 158.782 1.984
134.908 176.576 -51.818 1.831
169.750 -105.742 67.207 2.076
-23.081 181.184 -154.364 2.019
11.114 34.440 -138.292 1.948
-64.407 -189.200 -169.079 1.849
197.609 -139.268 37.705 1.905
-212.145 -60.382 59.300 2.174
196.981 -165.178 128.362 2.069
-28.576 36.688 -174.678 1.988
-191.759 -127.804 154.948 2.125
-64.720 163.600 41.574 2.122
121.734 28.839 -152.362 1.992
163.980 -103.971 -165.013 2.151
-45.844 98.342 161.201 2.019
51.548 177.709 16.424 1.981
86.319 29.712 20.266 1.930
57.094 -14.168 45.140 2.040
-38.160 -59.426 42.802 2.057
49.383 -43.936 185.289 1.922
189.891 14.801 -97.674 2.127
160.547 9.441 98.187 1.977
77.673 21.068 130.823 1.945
-71.552 128.921 -127.834 2.007
72.291 -101.943 -97.339 1.953
15.781 -74.730 -119.929 1.918
213.087 -73.682 191.405 2.000
40.874 8.033 26.439 2.119
-16.045 -119.459 111.899 2.026
-63.602 30.536 181.286 1.983
180.593 -95.728 -153.161 2.058
-84.740 172.382 -111.421 1.967
-110.515 -55.894 170.590 2.106
-2.434 -150.663 -100.072 1.911
-46.722 -72.024 -88.842 1.950
124.172 -157.347 -138.667 2.117
-137.663 174.305 178.013 1.728
129.943 94.473 79.007 1.917
-99.869 -15.089 118.553 1.913
89.046 115.540 52.504 2.013
-80.360 -88.168 -101.311 2.108
63.778 111.151 -128.666 2.039
23.542 122.909 138.971 1.773
-173.355 -97.427 -11.402 2.109
109.746 166.841 75.518 1.962
157.826 -7.053 35.447 1.923
1.189 64.252 58.911 2.081
-178.661 -169.176 7.711 2.006
-45.509 -75.150 120.889 1.885
-212.731 152.341 -139.920 1.973
-32.954 -157.018 149.816 2.199
61.462 15.681 -34.468 2.005
-224.833 -12.847 -3.318 2.031
113.618 74.505 -54.867 2.016
-166.736 -91.732 117.609 1.974
120.247 -130.844 -69.059 1.933
71.150 -84.482 -102.751 2.027
-53.908 -180.932 78.530 1.797
100.675 -141.982 197.967 1.860
161.823 -179.777 181.565 1.880
-66.447 47.066 23.930 1.843
-177.835 -51.125 -94.291 1.954
-134.833 -86.953 -146.787 2.093
27.670 -25.921 22.760 2.038
163.626 67.864 161.710 1.953
101.507 0.312 -194.840 1.774
-175.793 -4.774 -3.476 2.086
34.146 -69.068 126.884 2.152
-50.295 -137.270 -152.724 1.771
209.428 -92.428 -163.346 2.127
-41.282 -158.122 74.819 2.170
69.688 86.813 0.118 1.807
-141.716 -46.784 119.088 1.953
-194.447 95.936 -52.658 2.055
-52.108 -87.295 162.060 2.010
-177.708 21.508 -135.672 1.926
-157.003 51.279 195.421 2.029
-19.048 -136.966 39.865 2.114
189.359 102.740 -21.020 1.675
-91.361 -117.927 79.746 1.879
115.025 -115.877 136.270 1.832
-81.534 -158.869 148.509 1.933
150.466 115.663 187.709 1.986
-215.959 114.964 -8.860 1.771
214.364 151.080 -152.289 1.869
-86.472 -79.813 -57.768 1.897
-140.510 48.553 -25.649 2.008
52.416 -89.349 12.861 1.900
-17.962 -168.802 85.963 1.902
-92.299 176.250 -188.162 2.171
-87.412 -25.958 32.075 2.054
-165.049 12.629 129.293 1.927
-188.514 154.630 -85.406 1.890
218.160 125.707 113.892 1.891
-194.491 -155.769 193.910 2.073
-20.085 -153.642 77.700 2.181
-193.986 91.971 -195.338 2.095
165.421 -20.817 21.190 2.209
-69.111 -115.618 67.895 1.905
53.375 -22.857 14.386 1.939
201.094 82.257 199.021 1.965
-144.181 -182.304 144.980 1.963
164.997 -76.670 -54.133 1.984
-111.215 -36.918 -147.869 1.939
-17.053 -58.374 -4.579 2.013
-75.190 67.897 -43.245 1.956
31.981 -23.137 32.468 2.030
-88.875 -156.671 58.106 1.966
123.968 -9.204 -194.408 2.119
-115.017 167.569 -118.768 2.072
117.299 -32.262 132.012 2.108
-114.192 -131.851 -19.624 1.961
23.365 -39.326 53.735 2.072
-7.005 -166.607 197.337 2.238
170.612 -147.054 67.447 2.060
162.623 -175.261 22.535 1.993
134.781 18.522 186.320 1.995
73.268 -65.605 57.013 1.931
63.505 42.744 -118.964 2.127
-155.552 -144.049 186.183 1.944
217.412 -50.004 36.393 2.004
130.355 -174.299 28.211 2.117
-126.493 -28.994 34.440 2.054
-40.880 40.686 -190.429 2.208
-198.988 95.731 -92.408 1.826
171.569 61.564 -54.114 2.002
-185.320 166.100 -76.999 1.956
146.304 -5.935 -108.928 1.893
-79.983 189.769 155.463 2.061
123.939 -65.847 42.085 1.989
-205.053 -129.263 -63.440 1.933
-84.271 53.302 173.234 1.957
134.631 -87.007 39.825 2.052
133.577 125.029 -126.171 1.951
-22.173 -117.494 -6.606 1.973
152.039 -8.914 49.507 1.892
-128.564 90.085 40.492 2.004
-166.219 47.400 168.986 2.116
-84.269 150.102 142.786 1.971
167.569 6.259 43.056 2.021
-169.000 148.802 -190.900 2.013
166.118 31.819 33.550 1.958
78.122 -113.103 -100.275 2.047
175.832 -147.672 -127.725 1.997
152.225 129.003 -71.261 2.073
-15.309 -50.167 8.767 1.984
-178.113 134.588 -142.093 1.996
-51.180 189.470 36.658 2.086
196.765 -68.085 -169.490 2.053
55.702 -63.474 195.766 2.076
-90.311 -8.070 120.647 2.021
35.359 -5.420 7.236 2.065
-117.154 108.889 33.803 1.994
-202.544 -162.327 -160.080 1.920
-84.213 119.284 -196.981 1.755
160.410 -171.057 -168.790 2.071
-105.069 7.307 -19.288 2.016
8.776 144.213 -51.783 2.029
173.661 35.643 -11.562 1.882
-19.098 -95.181 -179.269 2.195
164.058 133.279 -55.682 1.971
111.728 136.745 -126.116 2.059
-124.944 27.587 167.780 1.944
97.985 99.364 -78.752 1.976
-105.409 -5.202 -156.358 1.851
115.526 40.675 -68.891 2.081
-102.278 85.055 -43.794 2.133
113.054 146.257 80.009 1.907
222.191 37.445 -174.921 2.064
59.743 46.627 95.376 1.940
46.920 -36.952 -122.209 2.009
29.700 156.369 195.443 2.104
157.959 62.682 120.219 1.968
-108.197 26.150 -126.215 1.983
148.795 -83.845 -49.166 1.845
-185.412 187.993 -102.660 2.100
169.229 140.746 151.075 2.129
-122.397 163.754 125.243 1.875
73.227 72.298 -63.160 1.993
5.707 9.526 167.569 2.016
-192.966 99.432 -7.931 1.988
51.820 -6.160 -73.738 1.991
-163.448 -128.455 -49.604 2.030
172.238 -23.203 122.957 2.101
-86.792 -14.614 -77.958 2.057
-201.040 100.595 179.771 2.111
106.339 -91.118 -72.506 2.038
-205.310 -153.281 -178.864 2.046
-76.885 -110.515 -39.685 1.933
-137.769 54.804 -182.309 1.961
25.381 7.312 -165.218 2.025
91.467 40.094 -55.733 1.907
30.361 -32.535 -62.065 2.114
-89.504 129.785 186.988 1.900
-87.674 -106.250 -87.798 2.042
19.938 -154.824 -156.799 2.085
180.835 -19.649 -145.855 2.010
-93.652 -114.026 175.472 2.086
177.049 15.351 -68.725 2.046
-187.133 175.592 -130.308 2.101
51.298 -172.297 -53.294 1.927
-128.360 -173.665 79.549 1.844
-175.773 156.907 69.481 1.973
145.751 131.898 -106.364 1.980
-24.447 33.756 -178.958 1.918
139.691 28.325 -107.467 1.928
-26.714 -165.943 80.969 1.860
-120.608 -143.752 118.367 1.987
-81.190 26.496 -123.030 2.099
114.061 184.738 -92.176 1.986
-16.996 -57.719 -179.733 1.953
204.290 184.726 74.019 1.902
5.321 -139.015 -35.604 2.087
180.171 -56.740 87.613 1.813
124.211 139.689 84.071 2.047
177.331 164.070 -68.907 1.997
209.156 -166.808 33.621 2.157
-204.675 151.667 -182.587 2.016
-116.650 -84.437 -2.754 2.101
2.943 -185.080 -112.046 2.022
-69.175 14.743 42.226 2.306
-45.233 -180.753 16.160 2.036
-203.373 83.598 140.342 2.082
-99.067 -39.824 -8.398 2.029
-48.852 175.912 21.652 2.137
-36.493 -168.676 -198.740 1.920
177.318 -130.171 142.516 1.919
-14.251 133.453 69.625 1.883
176.641 83.961 41.690 1.815
-23.564 177.037 107.300 2.096
-87.909 -99.833 169.125 2.097
-159.488 -28.412 25.160 1.986
-193.785 -5.601 122.273 2.050
16.488 -187.202 -41.480 2.040
75.034 28.449 17.561 1.946
-213.030 -3.571 35.666 1.999
-156.430 -142.149 -141.112 2.039
-26.883 -130.894 34.286 1.988
-90.696 75.086 167.510 1.993
-209.031 158.858 179.484 1.922
30.898 140.824 -113.440 1.889
198.426 -130.636 79.564 1.920
-25.576 5.577 -9.134 2.086
-50.049 88.635 -115.134 2.283
184.325 -60.413 100.171 1.936
173.515 132.325 96.641 2.061
-222.966 127.158 163.468 2.078
-194.147 14.865 196.846 2.041
75.265 33.959 -106.540 1.878
26.024 105.055 -60.738 2.009
182.067 8.785 115.979 2.000
-164.582 44.191 44.715 1.950
-20.066 -122.936 146.069 1.928
24.411 -10.128 -40.435 1.860
-29.163 33.305 -7.393 1.722
4.928 71.626 160.470 2.074
5.309 106.134 -78.875 1.859
-24.795 62.267 137.903 1.951
175.642 -90.880 1.919 2.074
206.694 -147.408 166.350 2.030
171.009 21.914 -100.293 2.005
-198.016 162.392 -95.794 1.983
-57.397 -139.316 168.901 1.906
72.832 -126.827 189.762 1.956
-85.928 -179.363 81.715 1.950
30.251 -131.213 -111.073 1.909
-198.483 175.672 68.219 2.061
-172.884 39.671 94.266 1.930
96.579 -136.801 12.179 2.074
47.342 14.074 118.009 2.212
-91.222 -121.003 -186.802 2.060
68.369 7.499 79.899 2.047
-224.092 27.650 -43.389 2.023
208.132 51.695 116.160 1.909
86.283 -163.490 -148.702 2.064
155.155 61.510 -156.216 2.185
-144.989 39.344 -50.901 2.074
66.170 -178.638 80.978 2.016
223.769 24.834 104.723 1.901
-51.941 79.669 -196.166 2.028
-123.916 -189.021 -60.059 2.104
54.865 -189.587 -53.145 2.123
-19.127 91.965 -46.061 2.032
-25.478 82.576 144.284 1.895
-192.053 61.384 -91.915 2.005
107.117 127.794 14.993 2.104
87.686 -21.177 126.324 2.021
-182.378 -129.497 181.646 1.922
42.476 -54.041 97.576 2.014
128.563 -133.718 -128.741 1.977
-221.581 182.868 -162.075 1.940
67.051 172.843 42.912 2.039
-53.628 -116.249 24.497 1.857
-107.482 178.800 -7.268 2.021
116.501 -160.132 -175.128 2.039
-74.149 -44.673 93.248 2.053
-33.239 -154.244 60.009 1.907
-139.378 -28.698 -83.757 2.096
-121.181 145.344 49.235 1.984
151.192 -29.107 -102.129 1.869
-143.277 -105.855 -175.540 1.927
108.557 158.530 56.565 2.029
69.057 -108.701 -13.068 2.021
12.598 -89.021 197.561 1.985
-122.093 -113.001 78.780 1.893
-6.495 130.690 162.845 2.025
-131.992 186.662 138.487 1.959
-190.502 -67.096 78.339 2.192
-93.881 -126.842 178.068 1.927
-58.410 78.945 -60.186 2.094
-80.619 -152.573 -68.420 2.094
24.677 -40.794 78.214 2.144
-127.539 15.889 -103.909 2.074
71.104 36.444 -65.885 1.862
-40.047 -80.807 -83.438 2.032
2.826 182.048 -54.741 2.190
50.994 151.204 0.792 1.979
187.931 -177.225 6.989 2.108
116.875 -50.486 -153.954 2.013
102.962 -0.074 -3.629 2.020
72.131 -0.730 133.109 2.012
168.138 -161.128 143.711 1.837
125.880 -1.415 -115.162 1.797
125.182 -166.016 100.586 1.929
146.304 25.095 104.598 2.093
71.410 9.296 165.300 1.950
-188.351 -114.010 94.128 2.072
-211.615 -29.712 -17.140 1.981
115.324 158.949 163.026 2.068
-62.120 181.658 146.749 1.943
223.971 -39.350 -105.504 1.962
-52.989 187.550 16.609 1.982
156.820 32.095 -16.057 1.986
-18.032 -60.153 -177.492 2.023
-175.483 -97.443 49.526 1.953
23.071 -109.791 46.419 1.872
182.482 79.738 -11.114 2.098
-165.104 -85.792 -115.307 1.960
103.857 68.076 88.839 2.042
194.624 -74.494 -85.379 2.105
182.631 -64.928 160.669 2.177
89.200 31.901 87.312 2.000
-6.418 -83.534 -134.241 1.912
-44.762 53.469 128.230 1.879
175.318 -117.043 90.907 2.101
134.808 -87.239 43.980 2.026
-15.124 85.585 37.275 2.053
-112.958 -157.074 -116.521 2.066
-156.229 -185.652 -85.757 1.846
165.202 155.304 29.298 1.994
200.632 -54.688 -91.480 2.013
-63.826 -36.899 -59.532 1.999
109.363 -164.209 188.104 2.044
113.325 -44.016 -71.832 2.228
-140.186 -50.943 73.101 1.926
197.928 -37.210 -132.442 1.965
-119.231 12.895 -47.532 2.019
19.571 51.462 -33.137 1.997
107.905 184.670 143.869 1.897
-78.191 -138.226 186.939 1.974
180.194 -125.533 128.395 1.646
-185.102 105.150 -43.712 2.182
117.624 -151.089 -177.572 1.924
217.474 123.607 62.524 1.975
-18.889 33.092 71.952 1.855
-60.897 164.568 -155.799 2.016
-166.964 82.076 -74.411 1.953
-196.773 -115.871 -137.370 2.190
-195.661 -36.178 129.861 2.112
25.882 143.946 160.942 1.920
-43.345 57.371 -47.454 2.064
224.901 161.589 31.612 2.032
65.006 41.873 -64.986 1.922
1.827 23.231 -105.648 1.885
161.106 -8.461 -144.558 1.923
49.131 45.043 -54.655 1.995
32.061 48.538 186.427 2.065
109.014 -54.470 -16.847 1.788
-147.871 89.840 84.864 1.850
147.501 177.369 -46.100 2.023
-169.004 -140.834 -184.129 1.961
204.131 -109.197 70.909 1.925
74.071 148.398 47.612 1.876
205.790 -26.438 158.097 2.090
92.058 -115.744 142.652 1.774
92.637 85.343 -73.709 2.010
-54.373 29.098 89.551 1.960
101.350 -155.223 -153.471 2.116
-167.001 -132.121 89.775 2.059
2.120 141.020 147.126 2.081
168.526 -185.576 -8.471 1.848
69.143 16.536 67.299 1.898
6.933 41.062 -149.736 2.084
7.379 163.510 -191.827 2.035
106.558 -113.778 -189.670 2.019
-47.849 -73.432 141.323 1.757
-79.578 189.582 38.341 2.073
4.790 -66.720 -67.595 1.985
-60.667 3.325 -199.038 2.164
-29.256 26.385 17.539 1.912
206.585 -112.039 -58.370 1.932
84.212 -36.420 -92.716 1.871
142.652 17.002 -179.533 1.904
42.597 172.949 102.924 1.928
-100.555 -186.261 -162.565 2.008
-199.108 -182.199 153.579 1.982
208.965 -115.278 -40.652 1.870
-100.049 120.922 152.785 1.907
114.566 -132.055 -22.653 1.882
-118.546 174.501 -153.962 2.065
-215.115 49.959 -100.172 1.918
196.774 -118.254 -120.896 2.160
-147.742 83.932 -41.543 2.025
-130.708 186.307 88.443 1.906
156.097 19.838 -186.201 1.965
218.888 -185.649 -27.600 1.927
112.485 -170.764 195.981 1.991
-62.454 -125.990 -2.977 2.003
-113.713 181.521 -149.362 2.045
35.202 93.403 165.969 1.912
-101.569 124.478 40.433 2.003
-119.817 96.520 -30.238 2.113
-187.824 70.268 -124.171 1.809
-123.892 -20.089 10.592 2.040
-183.133 -160.470 -194.897 2.027
89.966 -117.147 157.655 1.956
189.115 -171.910 109.821 1.944
198.059 185.304 67.298 1.773
55.909 16.218 57.526 2.035
164.856 -15.932 99.004 1.967
-159.967 33.561 -102.435 2.004
-193.761 -117.997 -87.934 1.836
-166.326 26.343 -199.317 1.963
-63.153 -81.901 138.919 2.076
-111.542 104.915 -152.902 1.910
-101.516 -186.986 64.698 2.223
39.859 -33.248 155.596 2.056
-174.130 -63.949 80.724 2.040
-43.159 67.715 107.603 1.915
34.189 -46.656 199.589 1.972
-105.587 -175.173 102.521 2.104
-162.816 129.683 169.545 1.914
81.725 -125.808 -46.093 2.069
193.528 137.968 -64.472 1.865
76.202 61.341 114.027 1.847
16.217 116.695 -144.514 2.104
208.839 102.466 198.683 2.034
17.169 -20.852 -8.668 1.950
6.458 -117.711 -19.878 1.962
-152.464 31.131 -109.411 2.102
207.824 117.366 -58.783 2.064
194.626 179.642 57.556 1.881
-9.231 171.107 184.961 1.983
38.324 20.699 28.493 2.126
157.224 -9.671 148.952 2.022
59.835 35.134 123.228 1.896
-82.659 -26.095 149.901 2.016
182.322 59.465 52.859 2.079
144.273 41.665 130.424 2.072
-75.426 -117.859 78.719 1.827
-140.069 -42.037 -20.164 1.866
-116.219 -127.271 -0.182 2.088
172.956 4.722 -65.857 1.904
85.450 -32.557 -194.725 1.993
-24.748 163.533 -70.502 1.920
147.283 -4.519 -157.907 2.018
178.880 18.173 -193.217 2.031
22.469 -126.785 16.195 1.998
10.308 46.546 -44.548 1.835
8.624 117.851 -32.714 1.952
133.297 142.702 26.815 1.906
4.319 -167.644 -72.373 1.991
-47.875 -135.708 86.570 1.941
95.851 126.849 -2.960 1.829
125.099 -33.645 -85.128 2.007
-71.500 -186.345 115.598 1.944
82.682 166.882 -150.721 2.098
74.385 -127.497 5.212 2.082
-25.920 164.197 127.929 2.083
-4.144 78.008 33.902 1.928
210.478 -82.765 -169.468 2.037
-161.356 -26.393 -88.031 2.132
121.471 165.430 -50.700 1.797
-169.937 152.971 -2.364 2.157
183.526 100.143 166.579 2.091
-176.052 42.779 -142.266 2.092
124.551 -159.791 -70.357 1.991
153.478 89.143 33.041 2.132
-112.370 -125.720 -163.821 1.938
-212.565 169.265 -18.743 2.123
197.238 -184.923 84.200 1.806
183.611 97.180 149.582 1.845
-22.318 -8.335 -44.401 2.061
-219.366 -166.580 -29.582 1.895
48.159 -140.797 -196.746 2.060
-145.153 -56.450 188.566 2.031
-13.753 -181.032 58.693 2.233
-46.803 159.761 -88.069 1.938
-81.082 -127.676 -191.720 1.930
48.821 136.345 50.960 1.922
-204.378 -189.993 35.421 1.953
41.138 -131.184 -87.308 1.960
-124.062 54.369 58.699 2.176
-195.955 144.114 58.921 1.856
65.121 173.300 -0.895 1.962
98.377 14.795 108.534 1.928
-156.593 -78.122 174.766 2.024
99.510 -80.452 -179.198 1.997
55.302 129.779 140.535 2.039
183.966 143.093 -115.510 1.948
-132.402 25.130 -66.016 1.927
-173.070 142.486 -162.580 2.047
27.582 -63.952 -22.843 1.975
-137.442 -93.802 100.562 1.925
-61.115 -42.559 143.986 1.983
-174.431 -73.173 -40.354 2.041
-145.085 0.384 -146.248 2.039
-220.586 -93.477 -173.765 1.977
