-221.801 102.175 -107.368 2.167
-6.387 68.939 137.918 2.089
-195.682 159.176 52.249 2.136
216.815 -59.209 -189.522 2.046
-150.628 25.666 164.046 1.990
-124.266 21.926 -66.765 1.863
-48.828 -131.202 -89.935 1.957
40.955 -30.060 -101.029 2.041
-155.636 29.673 -199.605 2.122
179.982 -162.123 -131.197 1.850
115.162 77.701 163.837 1.862
161.089 152.280 51.369 2.142
111.503 62.076 -119.666 2.049
-9.575 -91.372 12.460 2.101
43.923 161.549 73.037 2.061
6.580 40.042 63.224 1.850
-183.314 107.024 -162.449 1.972
-85.497 -168.622 -73.022 2.002
-49.631 88.876 -49.423 1.914
224.199 82.024 -75.225 1.929
83.384 -17.127 198.265 1.909
-76.320 141.062 68.385 1.904
90.463 -136.936 21.030 2.029
-64.897 27.677 17.136 2.076
-34.555 49.162 157.004 1.980
-167.776 29.020 -108.240 1.820
-164.470 37.531 -11.531 2.010
-181.819 -65.669 -141.564 2.050
-160.591 -136.031 -13.488 1.984
35.463 -142.457 81.929 2.010
158.702 99.351 -122.745 1.890
9.713 49.156 -113.036 1.891
-88.810 -156.826 27.818 2.044
160.166 -185.577 -78.765 2.175
224.070 187.286 167.286 1.873
-37.057 178.651 33.429 2.092
66.192 -26.966 -74.420 1.968
34.166 46.300 -39.642 2.019
-29.092 -150.655 -94.108 2.039
-166.999 -62.979 87.692 2.092
-99.218 -58.431 130.040 2.085
218.289 -20.108 174.705 2.175
-154.724 62.544 111.836 2.256
-60.072 140.445 -131.190 2.085
79.640 -136.418 -170.184 2.044
153.311 -22.884 -63.089 1.971
-15.881 -139.004 107.027 1.942
85.387 134.807 -170.711 2.053
-153.455 -170.344 72.951 2.003
-65.761 28.856 -173.171 2.146
201.228 -78.224 -193.899 2.213
-159.953 170.054 -105.306 2.008
141.157 -32.516 -128.137 1.982
224.212 25.107 73.250 2.021
137.371 -133.007 178.253 2.240
21.733 93.913 33.766 2.009
170.123 130.573 -11.212 2.025
171.195 -189.916 6.569 1.807
134.574 188.981 46.667 2.174
-43.090 58.135 -7.176 2.217
-18.902 2.486 -140.481 2.012
79.653 5.307 -92.735 2.099
190.184 71.850 -70.144 2.102
-31.428 -119.298 128.886 1.998
-199.521 147.711 -59.348 1.854
-63.631 -103.195 159.195 1.981
-144.876 156.445 43.421 1.956
-123.845 -64.418 195.467 2.059
-145.803 -10.497 149.125 1.854
123.517 2.166 -23.962 2.095
160.368 19.885 108.326 1.923
-212.235 -140.644 -175.152 1.984
38.028 154.854 125.316 1.742
125.061 72.780 182.488 1.931
75.173 108.522 13.673 1.749
115.090 -179.081 8.541 1.985
187.190 82.631 145.474 2.088
-114.272 180.478 -198.680 1.986
-49.328 -134.353 74.552 1.949
198.581 144.385 -21.500 2.051
-16.565 -118.410 40.223 2.018
103.787 -17.785 -26.809 1.883
14.751 68.306 99.477 1.963
60.519 142.147 34.147 1.966
78.008 174.267 -180.362 2.175
-103.835 148.305 -99.207 1.797
162.295 169.471 -10.179 2.025
-61.899 63.667 -185.226 1.990
77.957 -116.738 128.087 1.970
134.865 144.641 -41.185 2.007
62.878 -131.663 -95.704 2.169
76.637 22.424 -199.766 1.969
158.120 164.058 163.736 1.966
94.135 187.015 128.442 1.910
-138.796 136.278 29.165 1.946
87.377 164.428 -112.263 2.093
-152.485 -81.850 -86.032 2.051
-73.987 -131.231 172.734 1.949
-57.791 -86.846 162.464 1.863
103.701 51.883 54.002 2.022
-216.543 0.281 176.546 2.024
-77.089 -167.481 172.643 1.818
66.047 -135.708 -109.841 1.922
-94.657 -60.160 -108.873 2.080
-61.684 -164.387 -81.485 1.900
45.772 -81.712 139.392 1.810
60.332 103.142 47.912 2.031
191.213 -104.113 189.134 2.113
-196.518 128.490 -95.285 2.112
-202.747 121.692 -195.201 1.984
182.479 111.118 158.939 2.058
156.485 107.501 -123.565 1.979
90.693 118.025 -173.886 1.975
5.031 -0.764 -124.093 2.119
-21.533 -140.144 -0.675 1.972
-150.662 -29.107 152.756 2.033
173.785 -138.399 -19.775 2.113
-164.213 19.403 141.999 1.893
151.896 171.715 -123.668 2.033
-220.824 -139.033 -53.719 2.015
-58.824 -7.159 -113.444 2.030
-121.806 117.158 -182.414 2.007
-25.119 137.657 -171.428 2.083
97.643 178.869 111.398 1.989
209.378 -16.766 125.469 1.921
-105.650 -152.768 11.926 1.772
-3.085 -81.692 144.438 2.064
197.660 117.218 -140.712 1.915
28.515 182.214 77.728 2.061
120.203 -47.740 142.165 1.692
11.587 -167.114 -30.383 2.000
-72.770 170.575 -68.031 1.905
-57.761 18.162 35.494 1.992
-180.848 71.455 132.637 2.079
-120.606 133.546 -107.373 1.840
150.783 -7.797 124.664 2.111
65.752 -93.453 -41.508 1.968
74.398 80.589 -180.519 1.969
145.461 -33.149 -123.855 1.926
-32.129 -24.839 -140.400 2.077
150.414 -170.596 -167.399 1.848
-151.273 -151.431 -21.528 1.775
-107.304 -85.314 104.454 2.023
-6.280 111.894 48.135 2.016
-153.108 124.888 -182.502 2.138
-105.436 172.449 -74.606 2.013
-118.355 -107.190 105.284 1.973
-151.081 -32.831 -154.269 2.084
147.875 -183.659 -159.147 1.930
176.865 -162.138 171.615 2.016
-6.388 137.987 -80.757 2.011
-74.334 -24.258 -109.984 1.908
82.549 164.920 -72.302 2.158
158.951 -4.796 128.221 1.914
-142.987 -115.557 -139.249 1.842
204.118 -81.670 87.617 2.073
65.353 -29.085 80.488 2.133
193.992 32.247 -27.807 1.840
-16.263 -52.375 -8.665 2.024
36.267 -1.993 15.246 1.939
156.146 65.265 3.716 1.940
-160.679 -130.857 -154.967 2.046
26.822 -110.375 76.424 1.919
122.343 59.365 13.384 2.043
52.089 173.418 108.453 2.102
-116.287 -10.552 -169.471 1.953
-69.697 118.463 -3.170 1.937
-44.107 79.955 95.650 1.953
-96.187 -10.718 157.215 2.246
-60.739 -145.744 189.175 1.884
189.198 -49.690 -168.721 1.891
-109.717 151.675 -35.696 1.982
100.750 -68.708 -172.312 1.938
-113.045 -31.859 -54.810 1.878
221.150 60.935 100.736 1.843
74.121 -145.618 17.144 2.170
-11.363 117.325 111.775 2.174
125.169 -148.104 136.041 2.037
-169.744 -137.840 132.107 2.004
62.870 135.626 73.137 2.091
-94.239 52.550 48.436 1.893
22.414 56.455 -116.578 2.163
130.451 57.247 60.728 2.152
-98.873 -139.060 19.735 1.859
-20.453 -120.302 6.704 1.968
68.902 113.804 -107.267 1.904
-59.325 41.835 -157.599 1.970
-181.061 -85.202 51.213 1.968
-133.679 29.945 104.670 2.010
-185.014 -58.745 -6.418 2.028
35.363 -32.560 188.088 1.841
-154.520 147.566 -57.263 2.088
-136.427 116.116 -135.819 1.841
62.897 161.321 -41.821 2.115
100.509 23.094 -133.429 2.047
153.963 -61.014 -15.563 1.967
-14.336 9.661 151.342 1.753
176.677 -80.561 92.056 2.218
-183.394 171.629 -187.135 2.211
-152.712 167.750 78.982 2.173
113.034 124.549 -154.329 1.894
22.493 154.528 -156.613 1.974
43.656 -153.975 -170.738 1.902
72.285 149.948 63.727 1.950
142.797 110.743 178.197 1.816
156.271 -57.560 122.485 1.818
157.085 52.310 -92.671 2.063
172.529 163.130 -154.987 2.272
121.411 -152.558 89.102 2.103
-143.652 -150.932 -102.674 2.080
-158.452 32.774 -48.407 1.890
168.935 163.600 10.327 1.954
175.416 -94.487 -19.414 1.993
186.630 -47.703 187.089 1.978
-42.841 -115.618 18.664 2.037
7.598 142.417 -44.830 2.056
-83.721 133.298 100.186 2.019
23.104 66.274 99.404 2.184
-74.069 16.203 -5.505 1.978
-1.552 -162.470 7.063 2.034
3.514 164.711 164.821 2.111
-181.403 11.961 -74.976 2.204
114.151 -65.275 -133.633 2.076
-27.825 -41.888 -182.769 1.976
139.629 78.276 47.482 2.188
-92.622 -79.079 -26.634 1.805
132.235 -72.518 72.802 1.980
60.663 110.712 145.590 1.997
82.996 44.077 83.645 1.869
85.697 155.359 64.862 2.007
-9.411 -185.449 -69.736 1.930
-67.283 118.878 43.757 1.967
-88.694 -91.500 -45.170 1.885
-119.665 179.182 -169.374 2.094
148.395 121.480 -39.590 2.037
-179.550 47.876 67.528 1.993
-191.404 -82.594 159.851 1.911
-122.971 24.409 -195.605 1.953
87.282 -58.095 94.624 2.104
-111.060 -79.150 28.281 1.944
207.775 48.785 42.862 2.025
99.556 67.495 -70.913 1.921
28.463 66.942 -110.206 1.967
-200.737 83.083 -33.074 1.898
27.076 183.898 138.135 1.911
-83.348 -48.096 178.574 2.123
103.223 111.778 130.206 2.005
2.116 51.796 -50.687 2.145
140.273 92.229 22.467 1.865
126.179 -160.513 62.102 1.997
223.254 -174.887 133.924 2.069
97.192 -159.385 196.904 1.959
57.504 31.282 149.309 2.230
-217.256 135.798 -121.243 2.058
-104.007 -116.953 -83.147 2.051
92.949 -31.803 -51.924 2.105
57.577 85.110 54.930 2.001
-224.495 -149.279 183.362 1.886
131.436 29.247 79.045 1.980
162.253 -1.164 25.752 1.977
72.226 -184.606 69.517 2.153
-84.165 82.143 69.315 1.863
119.514 -175.302 64.401 2.182
40.070 -168.753 145.629 2.031
67.947 -150.217 -129.738 1.944
-46.685 153.045 120.809 2.129
163.547 -154.848 139.341 2.011
207.275 36.304 66.765 1.921
-66.954 28.103 -119.700 1.961
47.102 185.595 196.558 1.736
96.128 125.358 197.971 1.800
95.446 -149.476 71.085 1.880
19.066 24.671 -197.340 1.948
77.026 115.418 74.443 2.136
-210.241 -16.800 68.689 2.142
177.607 -38.630 35.557 2.021
-214.473 -40.705 155.549 2.048
198.085 41.585 2.813 2.136
-187.674 142.898 140.843 2.014
-146.492 -9.054 -158.323 2.125
-107.602 -93.134 -193.196 2.074
9.159 -85.071 105.370 1.938
169.960 -68.948 134.156 2.127
-72.746 -137.954 -44.017 2.117
-115.282 -97.685 13.043 2.057
203.914 -53.600 -54.471 2.068
-149.553 -65.787 39.349 2.131
-154.166 124.460 63.210 1.939
-15.741 -69.797 -101.511 1.887
-15.629 -137.402 26.343 2.013
154.794 -41.740 175.584 1.864
131.500 187.319 83.905 1.909
212.918 -3.344 94.572 2.002
74.071 186.884 70.940 1.986
224.203 -31.737 -34.488 1.915
170.295 -187.795 -118.045 1.833
-174.136 166.324 90.330 2.146
52.296 112.161 15.641 1.969
-164.769 37.397 64.127 1.991
161.730 156.512 122.809 1.985
-90.421 -49.660 145.156 2.038
-121.796 107.237 54.252 2.065
62.551 -11.128 -185.151 1.794
97.512 -11.308 -67.153 2.130
-166.355 126.000 20.215 2.121
10.881 145.725 -82.575 1.948
137.255 -26.919 192.156 1.999
146.249 151.906 -53.546 2.064
45.260 -122.738 -179.520 1.925
65.003 -159.652 -111.041 2.087
190.339 44.638 -104.739 1.996
-5.586 124.910 82.841 2.091
-39.900 -164.816 -53.745 2.072
75.744 -101.624 -12.836 1.751
30.486 -156.050 187.571 2.035
88.600 -119.180 -65.356 2.003
89.396 -63.169 184.832 2.048
-123.271 188.300 -151.058 1.862
-71.808 84.179 -135.175 1.931
136.306 138.187 -144.570 2.049
-206.914 -3.315 -11.452 1.986
2.010 -187.632 -17.154 2.066
104.519 95.592 25.359 1.818
179.168 9.413 73.468 2.155
34.709 61.783 5.787 2.031
186.478 -2.259 -77.036 1.918
-174.100 -165.078 23.012 1.866
2.781 -98.185 -187.218 2.118
-42.640 159.748 -134.750 2.018
-113.288 86.410 -68.254 1.877
-111.486 -18.393 -134.400 1.957
22.692 -69.053 1.560 2.029
59.379 -7.068 -140.287 1.956
-39.603 -189.317 -115.028 1.890
77.644 -87.373 80.793 2.018
116.024 -11.319 185.911 1.900
-125.598 69.206 12.171 1.856
-159.579 -140.709 -150.412 1.997
-63.412 -1.210 -68.336 1.869
77.409 -18.039 -160.950 1.953
95.195 108.658 -134.928 2.084
-195.182 -120.494 -89.654 1.879
39.761 -133.932 -56.195 1.996
17.620 -38.249 -106.494 2.027
12.765 136.282 -56.735 2.015
-24.063 -15.966 -46.770 1.919
111.041 140.085 -33.132 1.901
-64.073 -42.456 61.910 2.031
-56.968 -118.234 -182.408 2.103
-72.979 -102.825 30.056 2.022
-208.603 -172.713 -107.673 2.133
-74.213 -136.262 -32.890 2.055
191.947 -3.427 -66.196 2.053
83.151 -122.364 -84.096 2.176
21.669 -114.857 -102.656 2.079
-215.609 -85.677 -145.805 1.948
70.779 176.819 -114.995 2.089
132.695 56.670 143.397 1.896
2.428 -138.442 -10.691 2.011
-70.532 -171.254 38.113 2.068
-214.915 -57.694 3.411 1.958
-63.496 -155.001 -132.074 1.967
84.162 -135.997 160.605 1.864
-179.706 -75.225 -36.246 1.876
135.092 -158.893 114.580 1.951
-48.698 86.818 132.131 1.961
-84.945 -167.571 23.224 2.021
63.317 9.003 108.004 2.028
108.836 -81.751 196.320 1.964
129.970 179.858 -161.717 1.954
-80.991 48.814 173.462 1.946
-88.472 112.370 40.076 2.081
29.631 14.148 -97.443 1.998
-150.700 167.379 -29.881 1.957
164.635 6.624 34.982 1.926
-192.040 183.354 63.341 2.046
-80.299 88.443 -11.203 2.000
159.294 -87.028 70.913 1.900
-168.954 177.408 119.199 1.998
-26.502 128.477 89.594 1.905
-96.522 -47.096 -140.830 2.043
121.395 181.110 178.203 2.104
80.582 174.397 9.213 2.148
-140.524 15.259 -14.225 1.928
18.594 -75.568 178.726 1.972
-207.513 -143.357 104.873 1.900
-21.414 21.366 169.378 2.171
-98.033 100.992 -103.483 2.054
-72.603 -125.049 42.363 1.981
122.897 161.202 -129.225 2.001
-180.625 -151.819 -146.978 2.091
94.932 -183.971 -87.558 1.995
80.201 32.347 -156.390 1.879
-66.009 -86.574 144.083 2.019
83.011 -84.337 -160.919 2.072
-65.654 -67.239 102.384 2.072
68.240 133.831 96.270 1.887
-11.334 134.689 -94.432 2.083
-76.732 128.978 -89.910 2.163
74.405 -117.538 -31.342 2.091
-146.030 108.906 190.193 1.938
29.775 38.153 3.935 2.029
-206.723 -130.117 -43.257 1.821
-81.555 -72.293 -80.814 2.002
62.400 4.795 -173.511 1.891
143.050 44.621 143.796 1.962
-191.545 12.332 188.116 2.079
202.019 -18.239 93.536 1.922
44.470 55.033 165.628 2.244
192.952 -103.486 117.822 2.005
196.026 127.286 -194.596 1.936
-107.996 -109.665 194.694 2.014
58.946 -148.995 79.589 1.952
71.777 -68.770 -142.313 1.953
-166.562 131.450 -100.576 1.979
-158.207 -187.283 -59.465 2.015
132.709 179.892 51.033 1.937
-23.914 20.212 -43.082 1.999
-114.086 73.992 54.403 1.820
-196.021 -111.982 62.047 1.854
-175.965 -24.061 -174.619 2.102
85.960 -145.433 59.281 1.947
-31.172 91.983 34.199 2.050
10.086 -8.648 147.817 1.875
45.559 49.353 151.484 2.004
-9.658 14.988 -12.627 1.944
-152.625 71.061 -119.464 1.996
114.721 16.792 -178.513 2.036
-189.015 104.368 -197.130 2.103
108.552 107.997 -36.815 1.878
-86.893 174.137 94.385 2.005
-127.171 70.711 69.044 2.005
80.276 108.456 -122.054 2.039
194.057 122.756 -104.205 1.943
224.122 176.476 169.805 2.000
127.963 182.765 13.293 1.770
51.501 -25.077 199.647 2.023
36.816 -158.312 -168.729 2.073
-219.373 134.293 -114.098 2.228
-97.755 -60.415 -54.383 2.004
90.335 129.296 154.483 1.810
-82.159 -116.235 171.661 2.034
159.159 30.158 161.571 2.024
-63.039 146.223 -72.882 2.022
4.644 44.635 -18.191 2.053
-121.020 70.295 167.463 2.130
17.252 152.902 177.373 1.957
145.953 41.284 -185.770 2.127
164.137 -10.266 63.611 2.088
162.680 -112.063 155.274 2.023
119.007 -112.852 35.159 2.168
213.944 35.195 150.660 1.971
-91.546 -113.711 141.549 1.997
-52.903 -2.680 -164.357 2.031
120.526 -184.671 -96.147 1.905
-91.836 -125.707 54.659 1.700
154.021 -46.844 -129.094 1.930
86.421 49.489 -116.308 2.068
-206.707 -62.264 -29.173 1.947
74.405 -98.728 23.351 2.039
-90.792 -44.107 -23.399 1.990
-50.413 -58.437 195.030 1.912
-66.453 102.589 -6.378 2.031
193.542 -136.072 -136.736 1.772
1.648 -175.174 -153.881 1.909
-107.422 -97.079 -156.124 1.972
-144.191 -148.292 -147.850 1.914
199.757 -32.760 75.932 2.035
-186.765 124.764 -51.574 1.999
-23.290 162.022 1.430 1.900
-105.473 -177.066 105.940 1.967
-132.483 -108.284 124.165 1.937
215.470 180.342 -86.458 2.111
106.085 -53.840 -69.864 2.031
42.268 -26.852 -188.058 2.058
176.884 -154.094 -144.329 1.985
115.782 -92.845 97.492 2.002
107.467 50.701 -121.905 1.877
157.069 -180.083 172.487 1.850
-156.391 -2.393 -161.927 1.909
178.475 -78.153 71.726 1.873
-12.172 -91.046 -18.700 2.000
77.260 74.203 -199.109 2.092
76.550 -20.234 -47.174 1.904
189.488 -107.981 -12.096 2.172
163.096 14.811 -0.132 2.090
140.160 -48.922 -45.595 1.987
-81.758 127.079 -184.267 1.764
155.308 168.376 -191.895 1.960
162.721 63.297 130.887 1.855
27.025 109.096 45.856 1.937
-55.715 -7.720 110.742 1.988
27.832 177.659 73.161 2.045
-176.543 14.964 -93.613 1.907
48.453 -111.466 22.800 1.942
-217.314 168.095 183.267 2.000
-31.944 109.820 -17.994 1.960
77.017 129.630 23.270 2.003
-49.423 92.651 199.826 2.017
-90.868 34.562 -195.552 2.102
152.972 95.749 0.938 1.799
171.477 145.317 -78.253 2.034
-102.008 -40.075 -43.728 2.229
-161.609 -9.181 131.175 1.898
54.514 -104.670 58.843 1.979
-213.879 129.918 -82.237 1.955
8.123 -178.318 -14.985 2.063
71.624 81.829 40.061 2.041
95.212 72.339 -72.170 2.079
196.000 -109.202 48.266 1.883
148.763 74.246 -124.967 2.132
-61.714 96.587 -43.741 2.084
50.595 -135.180 -70.368 2.060
-42.513 186.833 -87.497 1.999
181.262 154.329 -180.883 1.975
84.073 131.969 -64.292 1.958
145.681 111.473 -59.628 2.043
218.326 81.133 195.567 1.990
127.411 -10.735 -102.613 2.054
122.852 -182.590 -76.513 1.839
95.013 115.565 129.469 1.938
-210.621 -177.337 -72.035 2.056
-120.450 184.358 -120.065 2.015
49.351 162.579 -173.678 2.212
209.925 -20.141 37.811 2.142
60.965 171.362 162.787 1.847
166.384 -82.983 -57.673 1.959
-185.843 -87.556 0.307 2.091
-110.395 102.778 80.367 2.039
-7.506 2.279 -126.242 1.896
62.665 -80.975 -1.230 2.089
-202.371 165.973 107.153 2.024
146.229 167.480 -50.300 2.024
-69.921 -143.081 172.605 1.960
88.282 180.472 -113.026 1.922
-110.288 31.352 14.169 2.107
-90.221 -76.560 34.864 2.046
12.111 93.625 119.044 2.013
-137.393 166.574 -2.638 1.978
-19.728 172.664 74.680 1.929
-170.791 -18.957 165.055 1.780
121.028 -63.652 -156.730 2.047
-203.447 -55.842 -153.802 1.908
-52.830 -106.062 -142.827 2.050
94.918 175.886 155.448 1.819
-38.531 184.692 -157.676 2.027
-94.812 85.361 -14.558 1.957
-196.646 -20.687 176.345 1.834
194.662 -133.692 27.918 2.023
75.712 67.758 171.137 1.970
66.735 -27.670 -23.909 2.131
214.949 -25.940 -182.801 2.034
161.785 -43.593 117.436 1.962
-116.592 -55.367 90.468 1.920
-67.049 138.747 -118.558 1.941
203.843 109.642 -160.100 2.063
-69.787 -79.920 -7.573 1.981
-133.504 172.821 93.517 2.063
-108.899 14.779 181.747 2.030
167.688 -153.529 -90.851 2.044
-190.370 -98.319 -106.709 2.035
-169.248 -20.643 178.278 1.932
-60.031 -129.791 191.219 1.953
-155.806 141.779 88.047 1.929
-111.074 -146.435 -195.718 1.960
-77.233 45.049 -76.888 2.043
-134.720 63.833 26.383 1.877
123.382 137.998 186.499 1.868
190.976 114.936 -158.830 1.965
-63.945 -111.367 41.075 2.119
-122.025 -127.113 39.347 2.081
-139.103 -58.026 -144.413 2.000
149.887 -108.687 72.402 2.062
-130.538 168.707 -129.200 1.934
-112.158 -37.253 44.538 1.805
138.724 182.891 134.555 1.971
104.478 101.626 171.085 1.848
-15.193 -85.907 114.756 2.095
-12.791 158.392 -17.754 2.093
67.250 -32.749 2.187 2.078
-178.876 136.338 155.438 2.073
-1.864 24.922 150.624 2.021
-107.292 -185.413 -30.824 2.109
-76.974 -24.719 46.477 2.029
47.097 99.171 -194.378 1.901
50.765 -30.799 -164.970 1.866
61.798 12.411 175.945 1.916
-117.256 179.447 69.698 1.953
219.624 -35.783 110.524 2.066
21.542 87.274 48.124 2.056
-180.614 -145.085 19.759 1.956
17.785 160.800 -60.833 1.906
-215.294 -48.082 -84.185 2.090
33.312 169.308 43.558 2.098
202.302 52.681 8.576 1.944
-53.053 112.397 -129.051 1.883
-31.790 108.714 34.365 1.978
-122.118 43.313 -142.594 1.862
-210.237 146.995 -184.125 1.912
175.900 -148.190 2.436 2.058
-34.264 -88.833 -57.331 1.857
-24.990 -11.296 -47.428 2.042
109.549 27.248 107.570 2.042
-175.620 128.537 123.767 1.809
79.483 -83.215 -98.666 1.847
-202.749 154.674 -139.288 1.859
-52.183 11.913 74.903 1.945
-15.725 -180.220 130.342 1.986
-157.612 -103.861 150.549 2.005
28.910 -21.401 -100.545 1.982
90.488 -173.424 -145.807 2.243
109.854 -85.524 -182.529 1.866
-23.302 116.274 -172.286 1.872
-221.299 -122.990 -73.296 2.026
14.415 -114.549 -112.431 1.810
85.563 57.890 -67.848 2.042
180.097 -121.978 -121.353 2.141
-215.727 33.065 187.543 1.991
158.803 -104.919 -188.563 1.944
-88.313 -145.344 182.970 1.771
-24.654 57.555 -8.252 1.912
-67.401 179.959 -148.416 1.803
30.042 175.072 -99.076 1.924
-50.988 -11.066 96.344 2.030
193.522 -90.451 -16.450 2.045
149.624 99.362 -37.804 1.996
23.133 -139.948 -196.202 1.881
106.765 -19.253 61.715 2.145
116.466 19.205 96.403 1.971
72.429 84.849 -109.709 1.985
-50.378 131.831 -34.846 2.090
-158.538 157.410 94.383 2.161
-24.224 15.667 -33.479 1.973
-201.104 102.851 2.795 1.948
186.100 -84.945 -52.122 2.089
-200.831 -21.483 138.209 2.012
-14.838 152.503 -162.919 1.961
-148.505 29.606 175.458 1.868
8.818 132.016 194.429 2.026
-20.114 -57.383 -42.911 2.026
10.430 -26.166 3.911 1.950
100.576 109.614 -2.014 1.988
-98.258 -179.223 -151.794 1.958
-49.681 -99.785 -198.710 1.929
173.644 -37.601 83.537 1.805
-139.831 49.247 175.931 1.938
-200.994 -168.532 -43.948 1.996
57.883 -10.468 66.394 1.931
-194.523 158.132 166.391 2.041
133.092 1.572 -92.236 2.113
-88.927 15.079 -65.249 1.985
16.418 -135.807 -177.172 1.948
187.042 -176.004 58.961 1.839
-183.278 140.079 25.498 1.988
-172.363 115.024 -177.004 1.978
68.075 -107.930 181.757 1.864
207.559 -113.374 -111.375 2.083
163.305 24.913 157.671 2.068
-126.285 60.268 175.625 1.967
88.778 131.640 176.187 1.949
217.751 161.122 164.972 2.075
29.524 54.182 103.470 2.113
-127.212 156.856 -81.902 2.077
-92.504 114.284 -194.041 1.992
-114.300 156.540 -69.767 1.878
-193.972 -19.936 105.976 1.870
8.976 130.306 -65.909 2.029
86.115 46.179 -113.526 2.015
134.624 -187.510 -190.587 1.834
149.962 94.604 -105.531 1.974
-214.618 15.018 71.488 1.868
-137.149 -19.215 -187.376 2.033
155.210 -45.041 -78.047 2.126
-139.580 -37.403 -175.679 1.909
-175.502 -185.157 -30.235 2.017
20.539 -52.676 -58.561 2.011
49.827 -41.099 41.283 2.018
-147.623 67.324 -81.985 2.045
25.640 -68.566 25.424 1.933
-186.478 -171.493 -80.201 1.938
-130.339 -82.794 160.215 2.093
-180.785 -10.779 -128.428 1.973
64.410 65.149 194.480 1.914
148.827 184.438 -160.819 2.013
119.947 100.883 62.030 1.994
-58.749 116.755 -3.374 1.915
128.149 -181.349 -152.422 2.091
90.832 -18.972 -26.590 2.105
-103.368 127.507 -104.468 2.098
-154.203 -90.149 21.328 2.143
215.793 29.611 48.310 2.011
-192.599 -116.242 124.107 2.052
-166.007 177.974 113.746 2.011
-73.997 132.606 8.224 1.937
-65.936 -131.293 -4.431 2.014
133.718 -169.498 -151.655 1.881
101.477 -189.555 2.665 1.949
-40.925 -170.027 -10.960 1.851
54.464 35.940 145.030 1.911
-159.189 127.631 -136.431 2.089
186.176 81.972 -127.027 1.974
-159.722 -48.706 159.334 2.097
-47.704 163.527 -80.011 2.037
-16.150 40.760 177.689 2.177
102.164 96.404 64.644 2.131
-17.275 169.391 -50.661 1.981
-120.103 61.668 -61.376 2.020
-111.916 -182.478 56.233 2.032
-116.023 155.341 -154.721 1.833
-189.114 -131.495 156.110 2.108
-79.188 -32.737 -35.159 2.048
128.495 118.240 12.020 2.000
125.825 -13.431 -22.396 1.954
-124.543 -140.826 -24.889 1.953
-115.443 90.943 127.183 2.020
7.491 131.602 199.702 2.030
-100.727 58.829 -117.116 2.075
-193.140 136.155 -166.309 1.882
-113.811 142.687 180.630 2.015
78.271 56.445 -122.573 2.031
223.794 -131.371 67.694 2.091
213.477 -96.906 184.301 1.972
-121.815 134.125 140.716 1.926
198.197 182.326 112.133 1.934
-21.072 -123.759 35.971 2.008
-81.115 -147.145 -79.584 2.076
46.453 79.417 173.787 1.897
-175.890 -150.736 -196.908 1.978
-217.293 -52.181 -159.158 2.059
167.165 -89.618 -172.053 1.950
-60.160 -122.183 98.751 1.973
-50.178 -63.247 -110.833 1.823
-44.447 -32.005 -19.859 1.900
-158.348 -60.356 26.737 1.924
-37.896 9.522 30.496 2.046
221.727 40.523 -51.052 2.026
74.709 100.688 -164.815 2.020
84.491 41.832 148.252 1.943
184.730 152.561 130.762 2.171
41.151 181.316 -69.710 2.144
119.610 -21.677 89.143 1.892
64.543 -180.521 75.304 1.852
-161.406 -161.588 -97.668 2.079
-49.569 118.428 -158.186 2.179
216.442 112.374 151.939 1.933
106.017 142.137 120.483 2.162
-144.927 -184.161 -89.091 2.152
194.467 122.209 -112.278 2.000
116.617 53.434 27.041 1.896
69.836 -93.437 16.986 2.047
-203.855 183.507 106.907 2.209
-169.410 58.913 -176.097 2.105
173.473 -161.292 -106.373 1.971
-80.308 -60.593 -130.966 1.930
-31.209 69.421 -54.087 2.027
-144.296 -33.380 36.756 2.105
52.226 84.330 62.636 2.040
79.985 85.455 19.214 1.874
191.099 25.536 -70.588 1.941
-115.798 112.831 -97.225 2.002
-69.604 -173.815 134.577 1.891
69.140 -64.069 -118.622 1.984
101.614 172.008 99.229 1.831
136.938 103.834 -16.636 1.738
-98.125 93.514 90.260 2.077
30.441 95.529 135.326 1.821
16.345 60.699 -83.582 1.844
-6.353 37.547 -133.140 1.882
80.257 53.340 123.000 2.043
104.554 91.819 -3.516 2.069
65.349 46.384 18.960 1.901
-31.773 -113.788 186.518 1.807
32.507 -127.622 183.755 1.986
108.644 -161.838 138.589 1.991
-149.271 179.005 145.230 1.883
124.948 -162.957 -177.109 2.008
-189.774 -117.003 21.903 1.966
-157.692 -116.549 -78.736 2.214
-148.805 174.219 -193.481 2.032
224.115 81.407 52.230 1.892
10.133 155.986 100.066 2.024
66.742 41.297 -175.865 2.021
178.357 -123.540 194.218 1.948
201.666 -188.442 -189.102 1.899
217.596 -90.400 129.508 1.771
-50.678 -99.181 -20.243 2.034
153.119 5.001 -126.079 2.015
219.549 103.950 -128.738 2.055
-28.988 105.083 1.699 1.968
-148.576 -91.379 -43.545 1.792
-149.891 88.043 -120.923 2.158
-185.600 -9.187 27.150 1.942
188.189 -95.830 -119.828 2.114
-49.352 81.592 -182.490 1.960
42.734 -46.238 -93.721 2.016
170.793 -25.217 93.345 2.227
-56.681 161.765 160.651 2.070
-178.186 -166.378 -125.903 2.031
3.166 -21.156 168.210 2.032
43.987 -174.993 144.633 2.049
183.983 -128.091 90.501 2.112
-147.609 -179.307 -68.389 1.777
67.918 114.421 1.240 1.988
21.410 5.428 151.977 2.071
-156.707 -9.245 140.279 2.101
27.192 -177.713 14.735 2.177
-62.448 -5.023 34.409 2.019
-135.603 -48.582 -140.666 2.001
95.341 -87.743 187.101 1.964
115.048 188.337 -127.475 2.322
129.261 118.978 -85.473 2.134
97.627 10.610 7.025 1.991
88.893 -52.493 87.696 1.906
-65.926 -180.019 -15.810 1.802
-106.325 -86.458 -73.342 2.020
12.445 12.193 154.549 2.011
-116.286 163.935 -29.974 2.149
-2.681 -73.456 25.198 2.124
-196.343 34.012 177.650 2.019
59.015 103.190 -160.492 1.982
-136.436 -144.410 -34.985 1.784
91.546 -98.561 -166.685 1.878
81.508 162.948 -116.544 2.138
153.504 37.979 -79.281 2.160
-114.172 35.093 142.817 1.932
-146.094 -79.086 -159.321 2.136
137.473 130.096 -161.822 1.878
74.532 -5.840 -68.855 2.121
-95.804 160.715 188.602 2.156
4.262 -172.429 46.345 1.834
103.091 35.079 162.125 1.835
-40.213 21.219 -196.662 2.047
-211.132 60.303 -33.034 2.056
-213.541 16.542 125.765 2.197
-68.765 124.566 -48.766 2.059
169.281 77.909 180.305 1.977
111.956 162.946 -156.133 2.211
-94.119 -19.472 80.896 1.970
-82.511 102.296 -68.731 2.038
-144.045 -115.551 154.216 2.018
-119.872 103.947 118.713 1.902
77.717 -164.212 -169.109 1.928
-107.469 -7.749 -17.407 2.105
201.217 148.908 69.631 1.927
16.460 -57.601 -187.737 2.001
-60.277 157.677 118.877 2.053
-6.385 -178.106 -41.017 2.005
-116.630 -169.736 -45.417 1.893
-33.832 158.029 72.339 1.989
-89.165 144.860 -9.012 2.048
-130.429 153.936 -81.556 1.778
93.519 -136.279 102.429 1.976
69.892 -124.013 -141.419 1.929
-171.925 -65.554 106.914 1.937
-9.083 -66.736 135.125 1.983
-128.958 120.060 -98.084 1.978
145.597 -96.880 111.847 2.007
-62.118 -139.856 -145.404 2.108
199.541 175.969 -193.155 1.854
-42.880 -53.961 -23.284 1.939
-6.972 116.254 -104.537 2.035
102.863 -167.749 -190.603 1.943
-39.833 -73.850 -124.162 1.962
-48.188 0.940 56.047 1.936
76.580 -81.717 198.535 2.053
178.020 123.209 135.411 1.976
-68.143 111.922 -173.918 1.984
1.177 103.122 -145.608 1.997
-74.197 -85.658 181.638 2.082
223.726 -189.241 -109.065 2.028
142.106 -161.423 -123.086 1.981
8.142 -50.569 85.729 2.021
-31.597 126.072 94.719 2.072
-160.544 8.354 141.243 1.962
-81.793 -106.709 174.073 2.014
-90.370 152.661 -80.542 2.037
-136.564 3.897 91.010 2.007
71.713 -164.196 -116.089 2.031
-86.744 178.530 76.852 1.884
-50.688 12.221 -56.858 1.978
105.993 161.593 -187.802 1.820
184.292 -54.051 -48.490 2.039
167.960 70.942 -63.731 1.908
114.291 -31.128 119.783 1.987
-97.894 21.380 -93.823 2.064
-204.960 26.008 -153.073 1.903
-104.752 -50.644 -83.043 2.170
-189.097 -105.145 28.493 2.010
-47.988 -155.506 131.759 2.030
214.866 33.336 150.473 1.829
-77.925 103.017 -16.725 1.870
167.357 -160.437 -17.709 1.952
-182.379 136.535 11.765 1.923
18.662 -21.676 -127.557 1.862
145.283 17.567 13.380 1.959
173.606 -27.542 -1.445 1.987
-15.205 36.367 -115.628 1.948
-38.297 120.546 55.506 2.154
-29.692 -14.737 -104.367 2.080
-50.596 153.245 -13.255 2.083
-29.981 140.748 -26.803 1.828
224.383 64.098 171.140 1.953
-167.105 -150.329 5.661 2.083
11.014 10.796 -194.816 2.086
93.062 -154.884 -153.870 2.035
189.038 -17.225 -191.770 2.011
72.851 -126.848 189.566 2.118
56.759 102.736 146.419 2.015
164.065 74.966 51.303 1.899
-28.272 127.979 -170.088 1.973
165.678 -48.028 148.498 1.988
-131.153 -74.930 -196.676 1.990
-5.462 134.323 -44.258 1.988
-107.694 31.730 -66.109 1.937
-78.419 23.784 -136.647 2.081
-46.798 -15.832 171.424 1.850
159.503 -109.685 -68.111 2.094
-108.276 -138.212 -132.654 2.128
-176.342 -134.001 85.565 2.042
94.966 0.466 94.253 2.080
5.107 -102.083 121.989 1.932
-149.353 172.565 -64.054 2.020
181.057 47.266 -66.003 2.004
-140.718 64.126 167.068 1.899
-173.134 -85.453 162.422 2.062
78.679 -23.903 127.196 2.072
103.006 118.373 -48.066 2.002
-128.961 -156.613 -55.894 2.151
-35.906 104.987 166.864 1.768
54.497 -3.571 -33.279 2.038
-83.838 -130.653 -178.885 1.960
-100.846 -150.871 -40.729 2.119
-73.417 -75.700 192.402 2.153
-142.625 -154.582 105.983 1.952
104.984 -67.373 -11.034 1.924
-123.911 -147.836 -111.218 2.016
-220.843 12.859 1.309 1.920
-96.677 38.004 -61.468 1.869
61.879 -82.968 82.600 1.944
72.487 30.239 107.188 1.973
209.457 -184.462 -127.867 2.110
-1.993 -11.376 -40.306 2.086
-116.964 80.445 91.200 2.047
-182.329 32.275 -104.437 1.823
121.002 20.693 -179.675 1.949
103.924 165.813 -65.462 1.922
62.848 -160.122 189.104 2.005
84.922 67.833 137.602 2.099
1.515 -112.715 -145.168 2.083
83.412 -21.269 -184.083 1.948
0.760 -185.599 -42.962 2.014
-182.095 138.778 -153.312 1.893
108.505 -89.113 1.574 1.872
-29.835 169.745 10.287 2.036
-36.937 33.281 197.858 2.057
-38.426 47.221 -155.749 1.949
-143.397 1.182 -143.184 2.087
-106.481 -79.323 -159.697 1.981
192.518 -136.938 188.904 1.939
89.276 185.003 -149.609 2.003
-56.091 -158.070 -135.852 1.867
-65.779 -178.101 -7.634 2.210
-103.829 -124.002 23.818 1.983
203.965 129.478 -3.510 2.171
25.554 25.066 -88.959 1.970
-17.534 -121.129 13.714 2.119
-48.778 56.999 58.359 1.907
-28.591 -148.131 117.588 1.937
-18.375 -173.041 -5.690 2.063
-76.545 174.621 56.706 2.060
12.105 -98.175 -62.800 2.054
25.376 -168.252 96.136 2.074
-3.952 -60.089 -164.967 1.847
-118.409 -185.301 -134.964 2.016
-48.391 -81.126 -121.643 1.859
16.248 -154.505 136.597 2.036
20.154 135.474 80.512 2.085
159.581 -75.931 160.722 2.015
-92.557 8.072 -160.821 1.933
154.680 4.123 -110.055 1.995
-167.292 -161.333 44.610 2.077
140.526 -47.540 189.816 2.019
-183.785 126.297 -13.457 1.934
89.495 -58.953 47.638 2.183
93.954 -140.059 -115.560 2.212
-208.465 166.712 16.985 2.066
11.017 -117.715 56.967 2.070
117.724 -74.712 -29.141 1.923
119.593 -116.472 73.473 2.093
-22.669 7.105 112.957 1.993
-217.430 -65.711 -41.086 2.050
101.488 121.618 143.105 1.995
-187.298 -24.397 144.165 2.127
33.103 -179.050 -78.994 2.076
-178.379 59.390 -101.932 1.918
-98.685 -171.862 -188.276 2.039
15.455 -80.334 -196.486 1.962
42.802 44.341 87.550 1.891
-223.955 -132.447 -173.802 1.947
148.971 162.138 20.648 2.110
