142.743 39.442 191.888 2.048
-154.978 137.912 -189.594 2.049
-80.893 104.396 59.695 1.930
-6.325 -60.814 -167.856 1.969
-48.175 -170.118 -199.002 2.258
-183.827 29.549 36.099 1.949
-54.290 163.206 196.849 2.002
83.264 167.424 21.096 2.007
-42.822 93.335 -59.792 1.865
-97.566 97.193 151.071 2.087
3.654 33.872 148.938 1.917
180.851 -121.798 138.191 1.825
28.978 -171.234 46.120 2.055
162.896 -138.254 -166.349 2.067
-59.962 30.564 -48.777 1.913
-56.093 -93.384 -27.117 2.056
-11.426 -66.066 -38.696 2.031
71.502 -164.418 -43.610 2.107
-99.410 53.562 -48.920 1.924
141.205 -11.674 -44.520 2.062
35.850 108.278 -117.119 1.999
124.422 55.883 -178.650 2.080
-16.972 -41.703 -147.562 2.057
108.444 -158.082 -132.908 2.024
-114.626 172.212 -191.886 1.880
80.850 80.555 162.064 2.031
-187.559 141.487 57.746 2.097
-40.803 154.436 -177.513 1.979
202.454 90.699 -124.352 1.953
53.007 -135.378 -135.400 2.030
-51.661 -188.256 33.436 2.060
-61.430 -20.185 -18.704 1.960
-110.277 124.104 179.365 2.061
-11.961 137.601 143.366 1.940
217.851 -135.158 -36.344 1.975
-12.550 57.777 57.388 1.977
-47.721 -52.510 -131.359 2.108
-71.657 10.058 -65.989 2.091
-18.629 173.181 179.777 2.041
191.460 153.465 138.601 2.122
-207.997 82.782 118.272 2.061
140.194 -176.706 -74.549 2.074
-73.998 111.112 -20.969 1.850
-139.928 137.976 -26.686 1.922
222.358 -24.046 41.172 2.124
222.202 -105.157 7.273 2.132
68.894 146.470 -79.365 1.956
-70.422 -20.713 131.646 2.068
-135.581 -72.309 -37.518 2.231
-140.993 -166.627 -165.848 1.902
-15.927 170.370 105.511 2.062
-8.611 160.639 -53.877 2.094
146.171 3.010 -101.982 1.873
-102.363 -126.236 -175.640 2.009
-2.986 112.624 49.453 2.099
-115.427 94.239 -117.434 1.823
-116.667 -126.096 152.125 2.174
-144.473 150.743 -178.102 1.914
-210.233 -77.231 63.350 1.951
119.775 -27.710 96.058 2.071
94.972 96.553 110.342 2.100
141.370 165.610 53.906 2.089
-151.693 106.356 81.547 2.027
27.052 -91.407 -20.641 1.892
52.139 -123.043 122.140 2.089
-7.379 116.393 182.473 1.810
-188.805 -160.914 -117.211 1.930
62.693 127.720 -78.815 2.021
-193.198 20.292 -182.985 2.122
-144.521 16.217 -168.445 2.050
217.434 88.132 198.531 2.204
-195.029 100.852 -52.443 2.038
85.024 -62.849 100.424 2.186
77.196 -92.554 133.245 1.929
-87.020 36.329 53.160 2.116
-198.626 -175.312 26.920 1.933
-92.644 -102.806 -21.786 1.968
-132.952 87.675 166.250 2.159
160.929 -136.965 182.730 1.879
83.084 -53.999 -89.905 2.003
15.559 55.440 -146.895 1.865
-98.485 160.157 -110.643 2.230
123.065 -83.830 61.361 2.078
-202.964 -112.859 -169.909 1.861
218.025 103.764 6.591 2.134
-137.154 129.802 57.021 2.022
187.585 -106.452 -3.710 1.886
152.775 29.946 -100.744 1.784
-146.779 -56.972 68.438 1.829
-48.020 -98.459 -160.896 1.847
101.963 -38.334 196.150 1.997
-61.585 -9.442 1.277 1.963
199.705 63.648 2.858 1.935
127.132 -58.119 117.469 2.038
-171.094 -41.304 -146.692 2.065
-133.506 -126.589 -60.135 2.096
-119.831 -157.898 -134.700 2.012
1.445 68.905 -172.371 2.072
-104.387 173.065 94.144 1.983
173.929 182.207 128.515 2.108
-35.839 -78.382 -199.325 1.708
173.160 151.714 51.003 2.035
-77.230 66.897 109.673 1.822
198.512 56.556 -102.180 1.938
-36.106 64.963 76.271 1.900
-93.144 38.722 -82.918 1.865
-210.224 179.391 -176.583 1.825
133.901 120.434 -23.175 1.965
-139.480 141.620 167.879 1.964
190.027 155.090 144.023 1.978
-105.573 74.855 138.940 1.979
202.350 -130.304 -114.992 2.057
109.716 -10.032 -7.788 2.025
-72.914 21.170 138.913 2.119
-152.544 -1.568 -20.285 2.003
-224.573 -50.177 -155.339 1.945
31.495 -97.900 121.093 2.111
-47.988 72.384 -164.873 1.968
-42.457 -12.432 4.985 2.151
-112.035 -130.276 -29.246 2.090
-9.853 -146.038 197.224 1.946
28.725 -58.092 100.110 2.000
83.920 -47.024 -14.038 2.060
-13.111 144.349 -133.375 1.984
-215.495 134.876 -141.485 2.198
-194.572 48.199 -96.720 2.065
-163.782 -131.383 -197.990 1.973
102.804 83.863 -196.860 1.895
-3.508 -30.882 159.002 2.145
159.516 89.671 -59.480 2.040
104.697 110.034 -66.112 1.957
-190.924 108.138 49.867 2.096
-177.272 37.001 174.091 2.016
42.761 8.881 199.686 2.184
36.346 -180.037 141.583 1.971
168.841 -84.706 -104.222 2.068
180.500 146.024 68.333 2.054
-110.759 123.322 158.565 1.884
-61.036 -0.663 -34.947 1.971
-25.368 156.277 27.009 1.831
31.255 -3.177 -43.408 1.916
-43.464 -74.795 -31.535 1.902
-160.732 67.831 -195.937 2.034
16.097 86.834 -97.504 2.034
-135.622 39.481 115.204 2.014
-51.949 -95.574 169.263 2.017
-68.934 139.332 117.539 2.086
-183.642 -140.194 167.833 2.119
-46.657 83.432 139.938 2.035
91.191 -59.951 -138.472 1.799
-101.976 -98.231 131.165 2.055
-41.920 110.041 -84.609 1.923
-103.442 -91.190 22.476 2.100
-213.145 169.636 194.401 2.107
7.432 105.070 96.623 2.139
183.736 -187.512 -76.448 2.044
-110.726 151.663 -162.773 2.006
14.672 -102.891 170.355 1.847
-56.922 183.282 -51.254 1.931
-202.670 78.963 159.290 1.980
115.436 118.034 101.521 2.155
-124.211 139.600 72.342 2.118
-146.212 -62.892 -119.970 1.817
135.133 -91.963 -159.174 2.013
-39.981 -71.340 -108.836 1.948
-165.256 71.044 -173.800 2.055
-217.084 -29.622 15.241 2.063
172.586 -44.656 -30.577 1.658
37.102 -157.090 43.718 1.804
-107.872 -59.570 -67.984 2.010
33.211 15.404 90.342 2.119
122.703 -130.312 168.821 2.096
-8.453 -154.359 166.413 2.022
80.113 -110.564 -12.253 2.043
-58.374 -16.325 -115.361 1.948
25.125 172.269 -167.817 1.938
10.290 139.432 -112.861 1.984
141.829 115.875 -183.371 2.325
-81.087 96.327 -50.514 1.983
84.760 -131.209 88.305 1.969
0.668 20.466 -154.433 2.194
-188.512 -110.958 19.721 2.116
94.582 87.334 -187.944 2.048
-79.030 100.556 4.037 1.853
72.647 176.332 -45.865 1.989
-200.443 -128.677 151.136 1.994
-213.608 177.321 -90.257 2.022
-146.190 30.751 191.717 2.060
-157.374 114.918 146.540 2.009
81.918 -64.623 -181.962 2.095
-102.055 -18.835 -17.829 2.017
73.730 41.613 104.305 2.042
-26.733 -112.053 51.825 2.087
63.888 -29.840 136.208 2.052
133.362 72.241 138.909 1.979
36.323 -158.842 99.780 1.970
-199.303 -110.505 68.579 1.999
-202.872 -14.288 -198.971 2.013
-107.228 -110.732 -92.746 1.846
-168.152 -52.716 147.797 1.911
-47.889 96.008 -182.222 1.952
-73.856 11.414 -198.244 2.029
-124.403 136.767 -80.271 2.046
92.665 0.975 -171.589 1.926
-180.204 44.947 146.929 2.074
-172.138 48.837 177.675 1.947
55.891 -145.683 164.042 2.123
-65.853 -33.229 71.073 2.035
-44.752 36.481 -18.454 2.111
165.511 -71.640 -62.222 2.010
-204.431 140.753 68.148 1.971
-33.587 -118.599 -164.699 2.081
-156.022 123.565 -31.877 1.853
159.707 -89.312 176.986 2.192
-124.609 -157.721 -137.687 2.011
46.527 53.486 84.558 2.104
-161.501 59.059 -164.472 1.998
128.650 -52.925 125.502 2.117
168.677 97.282 -197.059 2.023
192.740 13.040 90.697 2.012
74.816 59.075 -119.658 2.172
164.728 -20.359 -69.047 1.798
-74.048 -135.627 167.560 2.115
51.013 167.873 -180.714 2.009
-68.805 139.945 45.110 1.917
123.930 174.093 70.401 1.930
78.389 82.234 -94.432 2.082
-69.044 141.054 -119.458 2.029
145.915 179.026 154.684 2.114
133.857 -1.160 13.245 1.972
165.852 -167.642 159.291 2.085
136.371 94.289 -163.196 2.023
-61.679 -63.951 -78.295 1.928
117.547 66.169 7.960 2.037
-105.909 50.255 139.260 1.999
-186.472 166.677 49.682 2.070
42.688 158.177 157.051 2.121
162.636 -88.140 -18.869 1.923
-111.911 70.553 -73.187 1.994
89.464 -17.013 -191.201 2.005
174.671 -65.564 191.196 1.961
-26.530 112.491 155.647 1.843
61.303 175.794 -197.408 2.100
-175.391 -152.513 134.803 2.088
-150.932 154.661 -56.225 1.811
98.136 -24.001 -153.737 2.177
-3.809 -170.995 -62.627 1.936
-139.256 -169.000 118.022 2.046
154.150 -146.324 62.174 2.043
22.363 -31.482 59.986 2.194
134.586 -71.811 49.507 1.982
-103.046 71.382 -173.763 1.992
58.940 -36.223 22.318 1.989
-63.621 -115.554 115.322 1.961
3.125 -140.985 -39.743 1.987
-14.438 83.146 107.887 2.000
-110.681 -48.508 147.748 2.070
201.029 174.594 114.799 2.008
107.627 188.638 145.953 2.163
-69.259 50.857 70.058 1.972
153.697 100.170 -147.958 1.955
-142.457 167.186 114.181 1.887
204.155 17.207 18.899 2.023
171.533 180.511 -72.825 1.988
-196.396 77.967 53.577 1.880
177.388 73.846 -6.635 1.966
-221.261 -36.565 -18.023 2.016
21.776 43.739 83.756 1.985
-149.551 152.578 180.322 1.865
84.865 178.070 158.138 2.097
-210.820 -31.124 22.429 2.026
-76.050 83.213 39.225 2.086
89.426 138.330 34.446 1.979
-119.846 50.855 -5.583 1.883
-90.255 -5.007 52.863 2.027
171.695 151.676 -1.658 2.066
-117.390 -93.049 51.145 2.048
53.786 -178.086 135.465 2.072
-37.024 31.700 -134.998 2.021
124.185 75.258 -23.027 1.866
141.655 -27.400 -162.472 1.983
94.714 -69.057 -148.304 2.153
72.407 -21.369 97.311 1.793
18.884 -6.721 -23.925 2.044
1.892 -139.919 156.038 2.025
142.289 98.969 173.334 2.083
-112.717 122.401 66.389 2.074
112.202 -4.878 21.097 1.931
97.875 -125.170 -50.881 2.076
208.071 -59.631 -191.781 2.110
35.348 -93.512 -74.504 2.020
-143.184 -58.234 -4.437 1.785
35.849 -51.029 66.641 1.994
-38.508 20.180 -182.199 2.059
220.501 100.205 67.302 2.044
1.980 -140.212 192.504 2.037
131.349 182.346 3.460 1.947
113.801 -120.376 -83.734 2.004
-46.161 -186.351 83.084 2.046
162.213 -0.232 -171.606 1.997
90.969 101.133 -72.984 2.057
-81.211 14.213 125.506 1.967
104.381 105.458 90.235 1.889
-89.520 187.563 60.108 1.969
-62.601 58.409 -109.183 1.867
-93.138 2.247 -197.636 2.109
93.404 -89.442 39.407 2.078
47.254 -99.603 143.058 2.031
-13.522 -146.223 188.013 1.924
197.828 -22.176 184.323 1.985
16.701 -77.303 87.622 2.121
102.331 -10.997 78.983 2.076
-136.284 -78.828 151.375 2.050
-26.043 189.823 -70.805 2.222
55.490 -127.141 72.226 1.895
-53.718 50.495 198.692 1.834
-113.252 -62.190 -152.251 1.740
-26.161 34.743 96.969 2.009
-167.695 65.978 -54.148 2.021
-148.628 185.417 -36.306 1.985
-199.553 -112.804 -63.079 1.691
193.838 -147.220 -30.424 1.918
9.038 -116.719 143.507 1.996
-108.008 68.413 88.075 2.174
-95.686 -144.038 159.098 2.085
-190.014 -114.219 -158.441 1.973
184.737 161.402 -132.048 2.033
167.782 49.429 120.176 2.012
-201.687 -44.307 -6.227 2.016
-183.483 -1.835 134.256 2.147
-109.181 -49.270 74.569 1.932
-179.258 67.105 -101.705 1.968
79.141 177.700 31.839 2.029
72.332 -64.275 -173.808 1.887
102.532 104.876 -144.415 2.076
134.371 153.177 -142.858 1.685
-201.586 -41.061 -175.731 2.004
-118.185 92.907 93.915 2.053
-100.041 -32.866 -49.693 1.975
188.679 83.077 30.391 1.949
70.509 185.189 -61.581 2.006
-71.323 88.511 16.953 2.047
-188.839 -2.874 72.666 2.009
6.995 61.003 -145.087 1.876
-209.587 9.788 -197.268 2.028
-148.920 -117.792 -61.684 1.885
90.814 65.139 -56.844 2.100
-174.426 125.901 -87.600 2.097
15.645 88.147 -93.805 1.980
172.283 -168.196 -40.811 2.139
-201.969 140.265 -136.365 1.989
32.904 60.156 -98.074 1.931
-34.728 -150.707 49.731 1.925
-36.023 105.075 -58.872 2.094
-133.927 -92.088 -96.149 2.161
-37.939 -43.215 184.656 2.017
-94.933 -49.844 -42.795 1.980
183.598 78.715 -155.502 1.744
7.599 -129.468 -183.520 1.970
155.949 108.727 -178.413 2.048
-49.570 -16.142 -106.083 1.996
-152.406 47.716 -8.547 1.912
-78.721 -129.553 -45.114 1.841
-195.585 184.030 -99.589 2.001
194.499 -99.105 55.812 2.037
4.102 -92.046 94.258 2.123
19.597 145.813 113.100 2.275
131.887 -145.192 -171.010 2.014
-141.544 -45.209 161.665 2.056
-193.377 -165.185 13.743 2.019
157.192 -64.234 55.501 2.133
81.975 -21.316 -165.312 1.822
117.457 104.012 -127.940 2.143
27.387 -138.725 171.770 2.146
165.455 -54.676 131.527 1.959
144.761 123.816 -80.634 2.087
-221.226 -95.147 21.242 1.934
-133.618 24.484 112.189 2.064
-83.516 -71.289 119.090 2.001
164.214 51.147 101.782 1.894
105.714 -52.357 -71.262 1.981
-145.807 -22.725 40.760 1.990
16.938 79.593 -118.476 2.024
40.950 -119.916 -21.721 2.007
129.565 -30.756 81.521 2.054
-23.315 32.517 178.800 2.000
-135.463 -23.623 -100.355 1.973
40.226 -134.075 35.569 1.886
-147.402 -84.049 -199.662 1.922
-156.004 -55.056 -143.237 1.869
56.433 -9.881 113.947 2.051
147.634 -179.823 151.859 1.917
-138.727 -23.487 -190.080 1.977
-19.210 145.797 -199.889 1.983
98.983 -130.366 120.350 1.944
194.740 -149.457 41.375 2.114
-65.804 -16.562 -139.973 1.907
-33.714 -7.939 185.451 2.040
75.646 87.775 -120.772 1.985
68.861 74.533 194.543 2.038
-80.092 -97.757 -61.874 1.947
-111.503 39.106 -131.146 2.077
204.906 98.093 108.159 2.089
146.704 110.901 -175.681 1.837
35.337 133.673 45.178 1.835
99.978 -189.027 95.274 2.013
-136.813 66.977 -64.820 2.088
-156.130 -55.741 -160.376 1.936
-160.913 103.549 -75.949 1.958
182.794 71.013 79.310 1.906
207.915 -45.077 55.677 1.886
7.005 127.634 -144.267 2.150
-34.777 81.136 125.377 1.844
15.162 -116.155 -95.444 1.750
106.345 10.695 191.009 2.138
-63.635 3.986 -18.481 2.190
-186.753 -87.026 -22.299 2.072
-96.749 -157.652 5.932 2.029
3.603 -12.159 -134.499 1.911
-33.433 -174.435 -116.845 1.865
-12.013 72.407 -130.710 2.080
127.983 52.404 -84.412 2.024
154.634 -71.816 -180.638 2.189
123.943 39.292 178.100 1.943
-36.949 30.401 -73.250 2.032
157.434 100.854 123.614 2.025
211.220 -165.305 153.682 1.966
-34.968 -146.710 183.508 1.948
52.482 43.802 138.833 1.878
-45.403 43.936 -174.602 2.110
-172.960 60.951 -110.399 2.044
75.161 -146.903 27.031 1.965
156.666 -145.049 -6.777 2.109
32.296 100.669 -10.057 1.919
103.946 -39.701 -82.812 1.942
-58.925 23.578 194.102 1.880
-85.801 -164.110 119.420 1.959
80.741 127.533 57.527 1.972
128.788 101.914 -153.065 2.046
-112.380 70.367 175.938 2.156
-31.354 133.376 -63.230 2.062
194.892 58.218 -56.283 1.996
-4.700 77.585 -10.223 1.875
-116.639 28.430 -36.991 1.985
-217.550 -122.614 97.655 2.177
-217.752 164.472 174.306 1.908
45.998 99.493 -28.838 1.824
-73.550 -68.528 -97.153 2.033
116.604 -178.435 38.589 1.765
134.302 -11.365 97.562 1.985
-168.077 -128.808 120.536 1.915
-176.406 109.265 27.133 1.984
-187.501 35.053 -146.404 2.121
-174.932 76.945 -84.618 2.017
36.286 -186.471 142.202 1.901
-102.411 156.911 99.422 1.957
70.942 65.106 -197.019 1.975
49.838 38.252 126.529 2.016
45.772 15.004 -106.497 2.102
60.759 -67.622 -23.374 2.206
-156.052 -45.168 178.559 1.934
145.575 -42.554 90.387 2.034
-146.577 10.230 -170.980 2.043
136.478 14.006 1.168 2.038
-200.575 160.241 139.028 2.073
212.571 -127.379 127.948 2.043
-16.036 -172.249 -98.016 1.923
134.058 11.203 19.744 1.971
-92.693 -25.102 196.109 1.868
42.662 52.253 111.118 2.116
73.546 -128.777 55.958 2.093
-10.311 -133.106 151.639 2.070
181.555 44.786 25.679 1.940
53.323 -143.125 -87.005 2.004
-202.685 -4.738 8.371 1.985
-24.925 -159.643 -21.570 1.886
-75.858 -116.425 -6.211 2.044
182.753 119.735 -67.366 2.109
79.810 -50.753 -110.201 2.098
178.994 87.278 29.565 1.941
12.055 -34.909 -171.293 1.959
13.399 67.887 -110.394 1.942
156.199 -94.196 -31.545 1.834
-155.896 -156.818 134.540 2.136
-139.073 180.348 7.062 1.809
-64.173 93.282 147.154 2.119
129.985 180.680 135.332 2.130
87.747 -141.367 97.245 2.032
38.882 -21.642 -190.496 1.921
178.527 -29.348 -92.045 1.983
44.295 -15.074 -116.008 1.981
-156.367 -76.811 -153.243 1.709
-31.701 124.090 -158.399 1.918
-60.463 -27.688 -148.700 2.012
-87.673 158.950 -153.167 1.873
90.113 110.869 21.224 1.895
165.650 44.141 142.190 2.094
-209.608 140.073 -62.767 2.048
-187.719 84.227 -95.204 2.045
-36.699 -50.937 -11.807 2.047
106.021 -98.206 -54.949 1.991
187.737 -19.087 -126.105 2.024
116.375 85.075 -25.769 2.000
-175.602 160.848 -9.296 2.057
113.004 187.889 -39.756 2.036
-77.097 -58.998 6.505 1.937
-67.158 -52.818 167.305 1.964
29.777 57.184 -133.082 1.868
153.456 60.678 84.309 2.077
-198.380 73.666 -140.057 2.020
215.787 -91.686 -114.970 2.107
-102.735 -0.953 160.975 2.070
123.385 84.255 92.776 2.064
-132.319 -99.383 159.116 2.170
-46.688 130.024 -129.739 2.034
1.383 -144.564 -18.847 1.753
-195.361 -182.473 52.513 2.045
66.564 -162.311 57.780 1.961
-66.535 128.793 50.706 1.855
120.816 112.786 23.243 1.894
188.767 58.944 -122.168 1.960
-38.822 169.417 197.678 2.003
-158.802 171.371 -21.014 1.934
18.412 119.628 -149.433 2.051
103.804 187.055 103.781 2.073
-194.919 165.407 -175.881 2.028
84.788 166.050 99.897 1.938
203.236 45.343 103.237 1.839
171.429 -81.192 -118.356 2.258
181.397 -155.918 -181.720 1.963
-61.635 119.137 154.807 1.927
61.879 -68.281 -171.091 2.086
-203.424 9.824 -138.538 2.003
77.724 -73.163 -151.555 2.142
-67.931 -167.160 91.426 2.054
-219.686 54.389 48.465 2.103
173.791 56.105 -178.667 1.826
131.985 -31.676 60.197 2.039
44.482 -181.354 -112.815 1.939
70.940 180.672 148.705 1.949
-174.905 150.970 161.851 2.170
-117.551 -64.428 32.096 1.923
-66.180 81.089 116.453 1.959
-130.272 -143.437 3.998 1.880
-202.436 -80.187 -69.860 1.908
-156.266 -69.629 -143.779 1.933
18.311 150.558 84.756 1.986
-27.371 75.781 177.219 1.947
-16.067 -32.561 84.536 1.866
-203.147 103.595 -99.137 2.025
-49.994 162.382 -33.443 2.021
28.675 57.531 28.975 1.828
17.559 164.009 -120.958 2.066
69.692 11.286 66.968 1.758
-130.651 117.481 -99.911 1.975
-107.823 -13.167 -15.956 1.925
-214.296 -18.610 35.367 1.998
-188.911 177.033 139.098 1.897
160.252 -167.327 193.729 1.999
-190.403 34.317 -135.701 2.207
-4.411 -68.466 -53.687 1.919
177.930 1.459 -19.937 1.945
140.380 -158.829 29.890 1.930
20.939 -145.024 -91.370 1.943
109.318 -24.413 152.171 2.104
107.077 57.859 195.836 2.079
-153.715 11.655 -123.811 2.062
-65.850 -71.432 -173.062 2.020
-127.219 177.498 -115.667 2.086
-109.921 72.979 119.723 2.047
-198.298 -110.345 61.644 1.944
-173.307 89.003 -41.815 1.965
138.602 62.172 119.296 2.011
-129.482 156.314 155.632 1.868
-3.651 73.918 190.938 2.119
178.647 63.796 -175.165 2.004
-125.682 -129.015 -7.905 2.101
-76.985 99.391 30.840 2.084
-101.175 161.028 190.396 2.054
224.654 -49.591 -172.987 1.942
162.058 26.480 54.206 1.859
-8.062 73.611 165.148 1.791
-154.559 -51.169 81.521 1.843
78.421 32.317 -178.262 2.025
-159.308 175.725 55.844 2.009
-117.733 -28.415 -125.035 2.100
42.352 26.718 -60.629 2.026
-180.994 -76.016 96.807 2.092
211.288 114.607 60.244 2.084
72.698 -52.481 -101.682 1.933
190.792 -40.621 33.768 1.843
152.600 -25.795 -10.687 2.049
-180.867 -9.753 -153.961 1.709
-167.212 143.562 27.923 1.938
105.048 104.474 27.174 1.974
122.209 -165.965 -22.193 2.088
62.439 182.699 90.355 1.952
-204.606 184.459 -57.096 2.020
55.950 -61.339 -84.757 1.964
-88.891 -88.141 162.200 2.003
103.969 -11.056 -187.574 1.958
95.628 87.679 58.088 2.145
87.599 -90.259 142.612 1.913
161.575 -15.808 96.025 1.951
-17.410 143.159 157.374 2.018
-52.501 -126.373 -188.368 2.024
-21.781 -120.517 -161.106 2.030
-117.727 -181.671 83.054 1.929
1.729 132.480 -147.862 1.907
124.920 46.752 -120.076 1.988
-104.499 -7.660 87.699 2.103
-119.153 -159.304 88.494 2.125
207.556 -26.029 132.918 2.010
-71.823 -63.961 54.662 2.065
-100.708 43.009 62.932 2.004
89.956 44.773 -33.595 1.943
-37.512 -21.997 -17.135 1.904
39.476 97.660 -152.087 1.965
24.600 84.038 22.274 2.075
107.487 48.859 -116.739 1.910
41.345 -117.615 -12.213 1.961
-132.808 -164.117 43.505 1.899
224.783 -132.816 -139.356 2.102
29.938 -65.934 123.473 1.937
176.365 -33.734 -128.490 2.187
-148.509 -101.268 -13.010 1.962
87.348 138.293 124.098 1.997
-99.792 -16.739 188.144 2.034
-10.067 -105.966 122.801 1.840
203.472 -148.489 -197.453 1.931
40.707 100.710 149.938 2.016
204.437 20.408 63.924 2.045
-126.538 14.453 158.143 1.990
142.399 75.757 84.021 2.003
-42.267 137.918 187.321 1.923
151.135 -130.797 0.185 2.054
-43.592 -189.536 170.071 1.896
181.069 159.374 74.075 2.054
213.086 -77.691 186.482 1.893
-173.058 -136.509 143.354 2.204
21.712 66.058 -177.110 2.088
19.083 34.523 -46.338 1.837
170.255 60.320 112.729 1.960
-10.869 -115.606 62.649 1.988
43.924 -11.794 101.615 2.005
165.091 -172.333 41.173 1.898
-4.162 28.279 -9.790 2.068
202.603 -29.857 -47.991 2.053
-90.547 1.961 46.753 2.022
-122.301 -172.256 -144.052 2.112
155.617 147.070 -63.129 2.049
-23.356 -33.304 150.217 2.023
-147.142 57.025 151.165 1.889
-159.261 -57.750 -25.098 2.030
-160.592 92.518 35.004 1.961
-0.062 -115.985 -177.645 2.028
-163.338 -49.203 170.641 1.986
-52.355 172.807 -79.986 1.931
-39.842 -87.757 66.832 2.022
-132.857 -181.906 24.714 1.947
-25.766 -70.961 136.583 2.033
189.154 31.867 -121.060 1.901
120.622 -58.702 -0.270 1.815
-124.873 -154.739 80.598 2.161
-92.905 122.658 -75.148 1.919
-134.276 -40.586 105.745 2.067
180.897 169.711 59.453 2.071
138.815 -44.183 164.195 1.946
-164.631 -75.176 -29.900 2.047
-2.331 171.218 -69.487 2.068
186.387 97.740 -52.208 2.063
-200.611 184.063 55.193 2.174
196.914 78.639 25.962 2.103
-115.463 -83.913 189.087 2.024
-119.703 -179.607 -27.897 1.890
9.570 -2.282 -14.128 1.882
-110.784 -168.271 71.598 1.962
-216.078 132.294 156.223 2.024
121.551 -121.821 105.745 2.100
72.411 15.024 137.076 2.019
-196.034 -25.478 -185.827 1.883
56.765 -25.130 -196.864 1.923
197.246 -96.108 -106.450 2.031
170.432 -45.745 -73.234 2.146
-205.666 19.278 -97.646 2.063
-129.402 -165.059 -134.923 1.950
-107.750 152.882 133.538 1.981
38.598 -51.594 155.531 1.898
116.328 67.600 -158.956 1.728
159.725 155.602 -81.663 2.042
-191.734 -124.495 -84.475 1.818
-170.434 -111.453 70.474 1.972
-193.746 -173.813 153.909 2.106
-106.152 -69.253 188.675 1.999
-178.770 142.439 5.214 2.048
-130.707 181.935 171.736 2.089
-219.655 -87.809 107.740 1.921
-70.673 69.689 189.240 2.057
0.994 44.350 -121.653 2.133
212.387 78.753 -66.805 1.805
-57.695 90.418 5.637 2.074
-16.811 167.812 66.000 1.917
73.087 55.212 147.684 2.113
92.497 -130.497 -60.413 2.038
145.008 -38.628 -105.445 1.900
57.926 62.436 47.114 2.022
-35.138 152.023 -112.689 2.071
40.716 -84.376 12.928 1.956
-25.604 137.771 -168.414 1.753
193.867 188.146 -18.911 2.094
-134.706 -84.079 107.231 1.901
-62.837 -7.858 -177.876 1.976
-217.159 145.016 -125.543 1.906
210.961 -187.273 182.677 2.075
-217.895 -140.505 13.191 2.082
-69.039 152.324 41.083 1.876
200.917 33.445 132.223 1.764
-182.997 170.153 -18.244 1.925
-132.742 -54.768 -39.505 2.080
-78.025 156.489 -159.512 1.993
-126.895 26.127 25.366 1.903
107.832 44.762 -136.645 1.983
-40.140 12.461 196.478 1.909
79.334 -6.017 97.870 2.033
-143.764 -154.456 110.204 1.955
-31.538 105.505 134.694 1.896
-141.686 -94.978 122.327 1.977
187.004 -25.152 -146.938 1.998
-23.784 -76.099 9.668 2.064
198.335 -95.870 -125.768 1.766
75.697 -178.857 -63.200 2.141
198.810 90.280 -119.411 2.043
-88.498 -170.204 98.219 1.769
-65.655 139.848 -122.774 1.889
197.408 50.430 -86.683 2.131
62.968 -176.152 0.594 2.144
-40.570 90.142 52.290 2.037
-16.422 -33.218 121.378 2.005
-15.271 -117.753 165.741 1.958
-107.984 -16.068 133.957 2.187
-52.895 121.165 -189.456 2.043
58.889 138.036 180.149 1.836
-109.548 -17.514 -171.827 2.088
-67.987 49.484 -4.001 2.116
193.428 -43.719 95.568 1.997
-207.935 82.551 45.617 1.945
-113.007 130.389 -133.410 1.778
-135.593 56.360 76.240 2.127
-199.069 -38.987 174.040 1.879
-52.377 135.798 138.037 2.021
49.020 -38.577 -43.767 2.001
-167.777 -38.758 186.094 1.963
-81.527 -177.598 7.784 1.921
-221.885 -157.644 -144.941 1.962
77.210 78.952 107.606 1.956
-52.231 -162.245 4.857 2.054
-78.483 48.747 -37.590 1.999
-83.323 -4.708 -41.226 1.919
183.152 -58.071 191.664 2.114
-38.761 99.505 35.437 2.004
-56.286 -93.110 18.877 1.985
49.626 181.017 151.968 2.012
-215.430 -55.785 -98.266 2.021
28.682 -188.890 -6.913 1.823
177.924 49.726 -191.642 2.113
195.960 8.569 40.167 1.824
202.233 -83.905 19.348 1.874
-169.406 140.868 -119.815 1.910
112.442 49.585 -174.491 1.898
116.328 -108.704 167.857 2.053
43.042 139.540 -29.792 2.011
102.643 21.776 -23.792 1.884
-72.426 -72.674 14.595 1.932
-222.601 -44.785 -44.776 2.075
25.758 -40.021 141.179 2.000
174.353 8.212 -98.868 1.947
12.705 105.757 69.542 2.089
-137.912 -62.607 95.531 1.981
125.928 139.460 -117.132 1.970
215.024 -53.910 -80.434 2.038
-120.248 24.370 64.345 1.983
69.528 127.301 -41.585 2.097
-78.840 56.337 191.078 1.982
-45.497 164.276 -130.742 2.087
-3.047 155.041 3.990 1.934
85.535 79.926 162.068 2.249
-211.984 -112.266 -189.663 2.040
-140.959 57.228 -154.517 2.127
-12.806 -170.981 -164.703 2.216
67.756 121.173 39.409 1.896
164.251 -3.940 165.299 1.802
-174.127 22.859 -177.589 1.950
-165.718 146.703 -107.294 2.125
-59.737 108.791 101.302 1.998
166.335 86.569 155.690 1.918
-52.141 176.977 116.114 2.043
-87.492 171.222 -41.055 1.918
92.290 8.454 -46.457 1.977
-222.654 -32.828 119.213 2.092
-28.867 53.193 27.341 1.916
-112.124 1.214 49.889 1.957
-183.565 188.440 108.487 2.129
187.884 116.776 -92.922 1.968
-74.328 48.275 -3.204 2.096
220.848 126.750 126.729 2.098
-193.735 154.129 -58.480 2.033
-47.342 -33.823 38.002 2.104
-115.704 108.679 53.754 1.839
16.566 51.489 75.730 1.945
-48.753 29.730 -29.887 1.954
78.684 -91.955 -20.046 1.903
-87.272 88.999 -13.481 2.079
192.379 -138.915 47.172 2.023
193.313 96.512 -141.853 2.068
26.730 85.582 95.467 2.217
-35.710 -181.483 -25.921 1.860
-198.410 -142.288 -88.564 1.944
63.052 -90.236 -72.326 2.055
127.935 -92.552 70.658 2.193
17.487 188.306 -38.326 2.059
-64.531 -101.014 -52.494 2.084
-6.360 160.162 -20.884 1.817
-167.512 -124.116 52.765 1.864
62.154 35.776 -65.170 2.034
-46.965 -14.703 189.634 1.974
-206.930 18.737 -39.528 1.903
-75.951 137.310 -104.191 1.944
198.138 175.510 -64.325 1.902
202.035 -113.052 -141.301 2.106
-157.195 77.880 78.207 2.117
-134.334 154.745 -107.603 2.172
-165.799 -21.372 198.422 2.036
-87.516 -170.226 31.184 1.963
40.386 30.762 -164.409 2.003
-191.134 7.318 -49.803 1.934
-29.326 -71.320 43.545 2.060
211.228 -27.915 125.727 1.909
64.359 -108.715 -190.357 1.875
-171.890 173.044 -59.212 2.075
-223.453 -82.128 99.109 2.167
130.488 152.219 -37.737 2.070
-163.770 30.265 137.720 1.940
-84.939 7.021 -78.873 1.890
6.471 134.604 186.714 1.897
-45.792 -9.634 56.021 2.040
83.026 -169.516 41.119 1.985
98.976 -16.418 116.740 1.855
200.835 -32.370 -6.358 1.841
105.317 -136.396 -119.588 1.960
213.306 124.309 -98.748 2.067
-43.912 -85.064 40.956 2.073
-103.080 -48.463 18.285 1.854
-183.341 63.737 -84.650 1.972
145.393 52.316 -168.356 2.084
-180.781 -136.728 173.887 2.135
-173.339 0.443 2.184 2.022
53.818 76.594 153.585 1.952
41.169 -48.243 -109.404 2.144
23.065 150.024 -195.595 2.077
199.663 -96.663 14.222 2.127
-42.341 -72.393 73.109 1.977
199.425 -153.711 -183.636 1.955
-202.370 -146.179 131.560 2.032
43.189 90.398 -197.136 2.056
220.477 20.749 -40.188 1.845
23.814 -13.137 -165.471 1.744
33.089 166.280 -44.710 1.950
-14.097 -150.379 -41.044 2.122
-3.202 -4.267 76.330 2.031
-72.911 -129.481 -33.176 1.932
-34.210 109.860 -129.975 2.047
39.816 176.985 -58.959 1.869
125.461 -150.123 -97.165 2.065
-1.313 34.150 70.498 2.245
59.342 -6.695 -186.999 1.927
-34.833 -12.569 30.242 2.010
63.471 -152.514 119.063 2.001
-56.885 149.389 157.440 1.856
208.987 -67.582 -41.916 2.017
6.804 -125.245 -115.711 2.031
-41.223 -88.373 71.751 2.036
100.732 66.116 165.399 2.015
0.487 18.690 190.785 2.062
-192.978 -84.943 73.055 2.049
199.155 49.085 -5.375 1.888
130.363 107.910 34.754 2.055
72.125 9.164 -96.875 1.965
67.846 65.485 -134.088 2.073
215.371 -17.921 -89.904 1.886
-138.656 -87.428 -184.328 2.157
6.392 -97.302 -98.407 1.930
74.425 -137.374 98.225 2.000
-42.828 128.128 -162.927 2.158
13.285 -0.376 80.564 2.079
0.898 130.084 -37.328 1.930
-136.359 30.286 -82.463 2.039
24.817 43.583 194.777 1.868
216.698 128.242 181.021 1.977
-75.672 81.484 -135.448 2.130
85.639 -94.074 150.470 2.053
68.853 25.570 -186.892 1.979
166.668 -39.129 82.439 2.014
39.989 88.035 45.642 2.046
-78.085 -15.165 -161.760 2.102
86.664 -31.253 49.598 1.985
-146.331 48.852 -57.947 2.111
93.606 74.900 -18.897 1.989
124.800 124.650 66.489 2.014
-220.112 9.126 -178.107 1.909
-142.677 180.429 44.733 2.158
-11.656 -141.398 -103.759 2.161
-199.861 111.172 -117.325 1.925
-211.179 -119.352 -19.013 2.060
156.284 16.231 75.502 2.125
-180.023 -175.748 131.979 2.062
203.261 -84.819 -46.088 1.838
-112.928 -1.310 159.401 2.093
-65.222 -118.596 18.318 1.996
-47.038 -154.795 126.351 1.865
-77.984 -49.429 -182.876 1.969
224.606 -24.151 15.085 1.821
-212.231 -95.435 -119.480 1.908
217.516 -99.945 69.992 1.992
179.069 -64.651 -73.907 1.864
6.892 -170.218 -181.934 1.885
-78.123 -172.182 -163.147 2.125
-132.051 -172.892 82.259 1.983
-29.566 -87.184 72.580 1.906
127.136 70.085 -145.644 2.012
128.802 158.499 112.893 2.150
192.516 -59.580 35.757 1.960
188.474 -41.469 61.565 1.968
16.592 -124.712 -59.988 2.005
47.321 24.570 -152.077 2.192
86.929 50.078 165.596 1.940
-163.327 -40.588 -100.047 1.917
125.930 -127.842 -175.407 2.013
216.945 -130.499 15.912 1.825
198.903 -166.931 -192.893 2.054
44.328 60.135 169.141 1.970
135.969 180.233 -198.914 2.176
184.354 6.196 -37.834 1.988
-1.883 63.058 -93.668 1.885
132.929 -104.425 151.491 1.975
-61.251 178.007 -87.881 2.005
-184.134 65.209 70.924 1.981
124.102 176.171 13.865 1.887
46.799 -25.538 16.528 2.110
-153.158 36.666 56.754 2.037
-131.728 -103.935 -193.620 2.096
-69.826 61.289 92.629 1.920
-48.303 -87.880 81.242 2.014
-28.716 -144.441 34.764 1.879
-110.337 24.686 -91.157 1.913
206.981 -100.283 137.316 1.935
88.574 187.425 113.340 2.100
-93.245 -70.200 -122.500 2.009
-44.618 -12.427 -118.764 2.257
-175.495 -21.801 -185.640 2.147
218.278 -79.540 120.898 1.882
-119.789 -188.422 -114.657 1.958
-178.049 142.944 27.431 2.134
93.459 154.787 136.762 1.913
-121.547 -179.470 -0.493 1.929
-17.476 23.444 57.169 2.173
-95.162 84.116 187.083 2.172
217.537 -44.540 -10.214 1.936
-213.770 81.483 7.565 2.135
-171.584 128.385 -110.581 1.849
-93.280 -181.018 103.927 1.957
-99.504 119.848 -41.792 1.894
-135.613 27.620 -161.496 2.003
-130.823 -116.367 28.100 2.115
206.361 162.046 27.500 1.838
32.501 10.985 60.832 2.069
11.928 13.962 -40.878 1.987
124.442 39.065 31.699 1.826
190.857 -75.597 81.395 2.074
-165.905 -185.242 -110.014 2.014
92.256 -50.704 -181.462 1.927
120.972 -62.980 94.039 2.088
48.833 -22.987 -148.462 2.119
-79.701 -131.830 -169.419 2.101
54.604 84.348 67.140 2.037
190.618 24.986 -66.989 1.989
-146.820 -117.419 125.449 1.869
-55.300 -65.025 137.364 1.913
-83.075 -185.200 -148.526 1.840
56.752 180.128 92.002 2.091
-62.582 156.025 -15.893 1.907
-39.919 100.129 -9.441 1.984
-208.994 -98.550 -181.448 2.045
-127.786 -12.385 -157.508 2.056
-7.550 157.159 77.809 2.151
-111.761 -51.955 -160.705 1.835
59.792 121.033 -18.292 1.916
122.495 151.344 62.852 1.956
-147.028 -178.336 -41.468 2.019
183.361 -2.215 -133.088 2.133
150.833 -154.272 -89.188 2.174
