107.254 -182.384 176.660 1.953
143.378 -29.739 77.113 2.053
-57.003 20.143 -94.381 1.932
126.671 93.347 38.189 1.929
187.405 58.508 -178.631 1.892
-5.085 120.645 75.675 1.871
42.267 90.613 192.240 1.908
160.027 -51.365 -103.999 1.933
190.320 -88.851 -138.811 2.014
-12.805 136.868 -78.277 1.991
136.035 -183.928 -104.677 1.900
-67.945 -102.223 -148.149 1.982
-129.674 18.912 -131.284 1.910
4.335 170.305 95.389 2.169
89.816 -6.171 125.115 1.806
200.107 -44.206 -116.017 1.788
135.854 111.137 -72.536 2.121
1.865 -82.229 159.591 1.899
24.247 -97.424 -137.712 2.159
-49.420 -109.159 -183.268 1.772
-109.685 -6.701 -125.023 2.033
132.140 -23.519 162.897 2.004
-37.498 118.170 150.925 1.721
28.613 50.997 48.721 1.862
209.314 25.845 22.297 1.874
-123.469 188.514 -190.339 2.066
59.883 64.625 -120.003 1.932
74.050 -157.725 87.091 1.850
2.698 89.961 142.323 1.917
-103.769 -92.923 40.952 2.009
-58.733 -109.883 -9.029 1.867
125.817 -15.392 -55.846 1.858
-103.441 -57.993 64.675 1.896
56.190 99.311 -143.527 1.964
-178.690 -82.978 66.098 1.949
-109.858 26.548 104.821 2.025
12.516 -136.303 81.563 2.139
-193.150 70.812 137.814 2.015
212.807 139.303 193.907 2.096
48.757 -98.547 16.715 2.143
-80.522 -169.553 -2.379 2.064
-201.513 -121.761 -198.243 1.986
-193.344 88.902 147.686 1.909
216.388 91.521 43.774 1.981
95.345 -50.278 2.390 2.037
-222.699 -162.434 -178.651 1.832
221.124 -60.118 -170.098 1.921
-222.665 177.622 -98.390 2.031
-33.117 -28.366 -130.963 2.087
-170.355 90.199 42.321 2.127
149.941 -180.016 189.278 2.019
65.562 -40.710 110.029 1.979
-61.126 -35.028 -19.006 1.932
108.887 -125.536 135.673 2.094
-217.169 156.117 -77.435 1.822
-157.473 -129.198 98.776 1.938
-198.008 -176.759 -173.863 1.895
56.668 172.607 -95.125 1.921
63.691 -6.384 104.025 2.037
209.940 101.262 -10.363 2.239
-224.545 159.825 -138.593 2.024
-20.435 100.394 190.258 2.008
96.992 -67.615 145.060 2.024
-41.323 -137.216 94.238 1.860
2.678 112.494 189.843 1.962
218.814 6.044 73.190 2.041
117.417 -98.845 -146.725 2.046
-41.275 176.635 -12.314 1.907
82.075 -128.330 -100.023 1.977
75.625 -72.804 37.972 2.115
-71.351 -106.424 95.820 2.014
-94.685 148.532 -179.891 1.981
-168.336 -169.694 9.621 2.105
99.373 -131.538 -68.383 2.066
202.781 33.085 148.309 2.060
95.039 -147.153 -59.025 1.985
155.715 -61.307 150.874 1.862
103.086 98.149 -14.802 2.055
-41.749 -24.109 185.569 2.161
-85.519 127.300 34.631 2.123
18.759 -65.820 49.694 1.985
-169.797 90.777 -86.814 1.939
181.172 163.150 196.344 2.129
-217.650 108.404 -9.446 1.988
28.357 71.989 -126.637 1.984
-83.703 17.067 97.656 2.005
115.212 78.367 4.077 2.001
-23.812 117.398 -151.789 2.208
92.373 -18.396 -82.801 2.180
-74.920 -75.888 22.680 1.989
-130.230 119.653 -189.173 1.890
213.145 107.761 27.316 1.916
197.908 -26.106 125.233 2.163
142.916 -134.674 -60.748 1.884
-140.677 105.856 -121.621 1.961
-196.943 8.569 -169.301 1.835
165.417 85.469 117.363 1.862
-119.554 -75.542 -191.316 2.033
27.785 127.519 -74.776 2.050
175.559 -15.126 -150.164 1.913
-52.835 14.748 -144.451 1.960
213.849 -74.127 12.761 1.854
-101.340 2.015 -50.723 1.911
-210.115 102.863 189.300 1.941
-174.432 32.077 46.551 2.044
78.550 -154.982 183.383 1.944
-69.188 28.955 -65.281 1.909
-1.272 51.310 -167.450 1.881
-141.516 -108.599 -145.851 1.796
-84.420 6.526 105.172 2.139
-139.185 -181.758 82.116 2.049
192.080 161.514 164.082 1.948
-202.718 118.046 154.247 1.841
84.924 -41.364 32.833 1.993
69.959 64.190 94.282 2.093
48.152 -107.532 21.733 2.086
-206.631 75.696 37.524 2.134
101.218 -175.537 -132.873 1.967
-192.527 -6.859 85.843 1.984
177.264 0.893 -40.212 1.941
-12.477 -169.908 -42.244 1.956
100.499 -52.233 23.764 2.079
145.552 145.219 60.863 2.004
11.255 13.706 111.143 1.866
57.475 122.254 -139.373 1.849
187.541 12.706 -64.056 1.807
149.792 -51.975 183.618 1.992
147.185 -73.235 130.078 2.121
210.504 9.085 -25.867 1.925
-22.197 -9.772 198.720 1.987
-189.412 76.323 -22.040 2.027
179.835 83.070 108.216 2.074
9.950 -43.065 157.400 2.217
-36.042 -8.723 152.249 2.199
-51.108 141.780 -79.295 1.867
-200.127 -147.232 184.004 2.148
-221.758 -21.188 -166.141 2.296
102.019 187.066 78.695 1.861
-219.927 -49.309 -96.596 1.983
-75.902 -147.667 -147.631 2.023
-100.649 -141.081 177.299 2.066
10.481 -175.688 -3.232 1.852
208.486 -133.969 148.146 2.008
-13.868 117.569 -164.121 1.957
1.577 -84.652 2.232 2.199
-126.525 148.005 -101.868 1.938
87.540 152.322 94.321 1.900
-36.592 14.611 47.404 2.179
-103.568 50.330 -15.208 2.034
43.482 -43.239 119.001 2.029
148.261 -148.517 79.962 1.803
-143.321 -68.882 194.217 1.903
63.370 109.635 -174.309 1.961
-109.876 140.935 -159.970 2.045
94.958 -186.919 21.500 2.088
-215.048 37.701 65.607 1.909
84.121 -151.986 112.936 2.148
-12.179 -180.706 8.221 2.072
194.374 117.180 12.258 2.157
159.631 151.826 94.569 1.959
96.312 -151.365 29.273 1.878
-93.739 96.995 6.267 2.038
172.006 8.169 110.548 1.884
196.754 -90.228 47.274 1.996
112.291 -133.737 -183.044 1.914
142.456 -71.655 -83.757 2.094
-189.984 -53.731 76.841 1.931
-200.908 105.390 -125.737 2.066
6.985 183.297 34.210 2.031
-120.564 -63.305 -149.389 1.994
81.902 -183.360 131.022 2.016
79.238 -115.124 -129.823 2.199
182.474 -46.824 81.411 1.848
19.701 46.411 167.268 2.008
-32.056 -183.945 121.474 2.161
201.137 189.837 -153.050 1.967
-4.282 -125.295 27.656 1.999
137.540 90.478 -67.513 1.937
-193.806 119.165 -66.373 2.050
-206.150 -182.237 188.429 1.999
54.623 181.378 -56.822 2.153
99.345 93.527 7.163 1.947
52.448 -186.377 141.939 2.055
42.684 -169.398 -195.908 1.978
188.449 -86.934 -149.422 1.900
-4.946 -92.155 -170.683 2.022
107.236 -140.587 171.725 1.993
59.834 93.025 -45.869 1.941
-121.414 84.053 134.921 2.056
124.617 51.440 -31.863 2.084
-46.794 -103.645 -22.019 1.888
-79.333 -34.407 132.155 1.831
63.245 -137.937 26.906 1.958
119.703 -104.505 -4.236 1.995
7.893 -116.486 -65.694 1.747
-71.405 -110.029 106.994 2.256
177.737 59.969 81.450 1.935
81.706 68.969 19.693 1.928
208.469 -173.818 -160.045 2.010
-146.984 -177.217 53.212 2.073
-58.628 -29.202 81.745 1.974
82.964 -139.530 -106.334 1.857
219.823 66.297 163.503 2.033
-116.244 -96.908 9.419 1.896
-129.261 68.848 -122.435 2.096
-181.232 -127.724 -50.708 2.002
136.525 -132.058 -56.964 1.991
150.274 -54.349 -147.557 1.957
-153.284 -77.657 40.011 1.933
28.254 -147.854 170.965 1.972
-16.715 24.787 -147.032 1.912
-75.505 126.125 -50.041 1.933
-0.823 126.122 -144.910 1.785
-102.868 -134.062 -190.630 2.115
107.247 -102.982 -160.028 1.916
-31.016 -123.651 27.524 1.971
-181.892 -118.262 178.573 1.871
189.268 -46.010 -138.617 2.063
82.157 -168.124 -143.066 2.024
-77.409 84.133 182.971 1.947
-69.678 -100.040 -0.479 2.082
41.618 160.683 97.392 1.747
-153.227 147.590 -2.191 1.963
-27.170 -109.789 -157.510 1.840
36.577 82.177 141.189 2.166
156.143 100.224 120.670 2.006
17.710 -153.073 41.485 1.961
-126.612 49.523 -65.360 1.956
-80.911 39.392 143.443 1.946
-65.592 -58.615 -46.979 1.871
-21.473 149.748 104.756 1.951
-108.801 -24.392 154.265 1.995
-180.903 -181.607 -10.044 2.190
-1.950 -61.839 -183.169 1.810
144.428 146.018 126.705 2.113
-75.115 -15.304 59.841 2.024
-18.672 166.609 45.668 1.852
-70.292 152.685 92.326 1.825
222.251 -23.351 -73.481 2.269
141.570 16.297 145.608 1.896
-117.584 21.852 -167.407 1.942
54.032 -182.088 70.266 2.054
-82.647 147.695 -167.893 2.025
-126.216 82.699 72.576 2.202
-103.468 -92.507 77.171 1.910
38.879 134.982 91.767 1.960
150.447 189.253 -198.469 1.991
-173.883 124.977 -99.804 1.910
210.592 101.259 -94.114 2.081
222.392 180.885 -155.153 2.196
-165.059 -77.240 -89.434 1.968
114.091 88.666 -151.948 1.951
-186.355 1.353 -42.182 1.845
21.592 111.063 -125.241 1.860
142.707 -89.302 -199.958 2.091
-102.009 101.093 -146.983 1.909
192.259 -79.623 145.799 2.065
169.103 -181.211 -103.551 1.965
-38.049 -126.937 108.688 1.924
221.653 64.068 -176.040 1.986
156.270 -126.244 170.113 2.080
120.518 -5.303 196.709 1.961
144.051 117.118 100.944 2.071
193.701 -86.599 -105.428 2.034
120.589 -18.734 175.849 1.926
149.776 22.644 -132.385 1.922
-40.102 -124.540 191.434 1.927
-138.866 -188.561 -101.333 2.159
201.962 -19.970 187.673 2.050
141.536 11.088 -87.878 2.047
163.337 37.280 -160.311 2.180
128.632 -120.122 -18.116 2.047
-165.030 61.491 119.436 2.104
-113.056 -65.891 25.029 1.985
73.150 57.688 36.305 1.992
-169.458 -33.666 94.137 2.089
-5.292 -120.324 -131.128 1.896
-148.271 -134.670 -8.453 2.013
185.473 -38.894 -106.815 1.800
186.178 121.406 -89.792 1.786
-112.231 57.390 -46.572 2.129
5.650 -146.775 -6.658 2.004
193.876 -186.283 -161.301 1.938
-94.308 114.009 -147.123 1.926
92.782 21.006 146.286 1.970
159.864 -70.739 -183.757 2.202
-47.910 -102.159 -140.777 2.102
187.231 -87.565 -120.454 1.969
-71.170 37.711 -88.086 1.971
26.508 94.375 6.454 1.966
169.240 -147.159 -0.904 2.094
89.372 -86.202 -53.929 2.005
-107.561 86.814 152.356 2.101
149.917 -52.811 -66.750 1.865
-212.327 18.960 -52.650 2.002
4.804 -104.626 138.407 2.136
-72.523 186.861 11.148 1.991
-35.811 10.101 -11.925 1.786
-13.383 129.396 4.422 2.072
-187.398 48.955 -166.007 2.013
175.235 84.826 94.021 2.198
-28.158 87.860 61.168 1.943
-133.908 -58.831 160.005 2.003
9.465 95.018 -66.915 1.971
82.659 84.162 -50.598 1.915
-165.709 -171.569 94.717 2.218
-49.334 39.144 -18.819 1.987
-148.936 -116.350 106.662 1.970
-138.105 -53.087 153.719 1.988
183.569 -77.824 -42.988 2.070
114.122 101.603 -44.096 2.088
108.731 86.203 146.959 2.130
-92.193 -74.082 74.107 2.006
93.032 -12.883 38.598 2.085
-8.019 10.387 189.120 1.999
-87.911 -123.211 -184.170 1.971
147.728 -110.945 -157.100 1.925
25.935 177.123 -192.015 2.029
-211.145 -160.072 69.056 2.019
-115.787 126.342 79.495 1.991
205.616 -135.645 -126.621 1.833
190.525 -12.229 -137.188 1.841
75.378 141.701 -185.073 1.936
15.872 17.254 -137.211 2.051
215.584 72.988 -106.739 1.929
131.922 -134.112 -178.173 1.852
-44.036 124.909 -88.531 1.961
-178.966 10.237 -92.045 2.017
-126.758 143.240 -93.244 1.927
197.827 44.696 -140.119 2.053
-122.581 19.109 -141.818 2.107
-44.871 -154.763 99.651 2.069
-188.047 108.981 109.911 1.826
-197.732 178.900 -70.232 1.870
133.727 170.817 183.534 1.918
-194.454 28.261 -160.744 1.996
223.927 41.089 -31.049 1.919
-88.602 170.693 152.762 1.868
57.848 21.663 -30.444 1.923
-150.006 -84.702 144.347 2.158
-43.396 31.343 -71.371 2.003
-111.547 31.756 44.310 1.827
-182.491 -13.926 71.440 2.008
85.679 -171.705 -116.384 2.153
164.168 -102.187 -94.554 1.918
-200.274 -18.098 -59.594 1.874
-201.591 -146.036 -7.997 2.013
-121.700 68.129 -199.409 1.931
-131.032 142.950 -92.208 2.155
-159.206 177.310 -52.023 1.934
-48.625 -139.208 -164.409 2.182
-101.507 -154.142 168.541 1.968
-117.160 -149.247 134.145 1.912
-147.580 -27.340 -35.496 1.996
138.575 -74.050 -174.769 2.008
-130.968 10.473 83.836 2.064
-125.932 59.721 47.597 1.934
4.807 62.156 -199.743 1.912
-150.523 -166.701 4.134 2.034
-215.576 73.745 -98.043 1.891
162.135 105.725 -176.217 1.986
129.657 166.007 -129.648 1.953
137.981 140.430 60.582 1.962
-222.308 -127.910 -36.606 1.836
33.252 -87.502 -191.305 2.081
92.393 -124.376 172.114 1.900
216.109 129.380 -8.703 1.979
76.105 -102.692 -82.043 2.013
-199.515 106.141 190.430 1.967
207.917 -14.807 -6.962 2.020
23.925 -165.734 -41.055 2.090
-26.547 39.527 -68.936 1.865
114.978 175.866 -118.992 2.084
-160.142 -2.691 171.164 2.047
-182.607 -141.338 -51.227 2.074
48.074 109.411 -42.531 2.035
169.660 -133.653 68.190 2.027
52.199 -63.502 3.744 1.939
107.746 94.681 60.472 1.916
-81.332 -174.540 43.513 1.979
-22.905 -41.195 -189.034 2.113
-98.169 -127.638 -30.109 1.984
35.203 -27.354 -110.314 2.000
19.637 62.756 138.939 1.942
162.671 -188.342 199.165 1.987
-32.807 97.000 -1.850 1.772
58.002 -33.221 -164.602 2.184
19.177 25.620 -90.940 2.182
-142.580 -95.057 -180.190 1.929
222.331 113.978 -191.423 1.993
-212.850 -34.705 112.599 1.815
142.784 -132.126 79.969 2.022
46.233 -23.536 -117.471 2.004
-125.976 -10.753 -60.812 2.043
46.304 -173.243 82.824 2.123
-19.292 -52.272 -162.560 1.944
-110.612 -51.946 -28.459 2.099
-192.697 -53.861 -118.189 2.113
99.103 55.484 -97.743 1.939
57.551 162.684 52.998 2.016
-26.011 -186.205 -25.719 2.044
-170.605 -129.941 44.908 2.093
224.839 63.859 -61.477 1.952
34.304 -101.493 111.935 2.075
199.338 -173.579 -177.734 1.987
-142.946 -21.886 66.677 1.915
144.300 -59.129 87.448 2.125
121.340 155.384 -9.863 2.111
58.883 -45.934 -107.147 2.137
-193.088 -34.079 -112.552 2.002
151.967 49.087 193.697 2.006
48.337 -129.609 -67.393 2.088
110.233 74.863 -123.991 1.957
204.881 -0.838 -89.929 2.231
35.751 42.531 -0.822 1.949
62.014 44.760 -63.060 1.925
154.279 105.043 -162.675 1.752
47.402 167.838 71.968 2.210
62.559 -78.308 -1.659 2.004
18.091 57.329 36.711 2.095
-210.953 -106.665 -97.376 2.056
223.203 86.245 -180.217 2.134
223.138 -2.091 122.966 2.004
91.451 -90.421 193.532 2.014
-19.259 169.813 99.480 1.993
-8.176 134.509 -111.819 2.001
-35.349 12.015 63.566 2.019
-171.897 -17.837 -117.559 2.021
-43.571 -31.318 94.519 2.108
134.831 -31.615 -122.260 2.062
-167.954 -3.820 98.983 1.874
211.228 71.384 25.640 2.130
-120.377 -118.710 103.738 2.136
-171.115 175.224 -12.307 2.014
171.350 115.201 -50.095 2.135
-103.011 178.993 18.167 1.813
187.114 91.966 -14.801 1.877
192.827 114.979 26.164 2.065
1.926 -163.766 -61.290 1.817
-64.898 -23.431 198.654 1.831
32.344 -95.281 -90.636 1.992
-170.233 -40.114 113.186 2.052
-127.647 69.164 134.698 2.184
-57.972 183.208 130.600 1.987
45.043 -156.289 179.229 1.962
178.021 87.701 -93.852 2.159
-171.447 144.037 163.637 2.049
85.556 -154.072 -179.453 1.824
44.329 -110.728 -35.751 2.180
-162.170 156.530 -156.905 2.064
-214.932 168.087 -102.183 2.085
51.104 180.095 -77.748 2.171
-218.688 -189.318 26.125 1.893
-34.484 62.849 48.888 1.913
9.703 -49.714 80.307 1.760
-16.711 154.593 14.120 1.981
-51.789 -58.688 137.949 2.173
47.216 -19.735 37.543 1.878
178.731 98.840 -131.730 1.997
132.556 -47.060 -42.281 2.098
-17.484 -53.833 118.723 2.044
191.476 40.594 -56.094 1.948
207.400 185.603 -68.476 2.017
-28.870 -77.417 -53.159 2.133
215.448 -151.074 14.089 1.916
-216.896 -143.091 69.714 2.142
-39.517 -109.243 149.857 2.058
-174.733 -163.393 -67.288 1.933
135.063 -120.138 2.530 2.033
-217.816 -97.932 -159.222 2.038
81.266 -119.917 -116.134 1.975
-149.616 -97.337 182.957 2.003
-30.224 98.878 -93.945 1.880
70.178 -122.025 -181.436 2.066
-205.649 164.197 -124.514 2.117
212.642 123.204 43.344 2.027
-44.612 -178.547 77.602 1.855
208.197 -169.400 49.887 1.999
-141.349 -21.858 95.615 2.098
42.519 1.789 -16.631 2.067
-159.761 16.605 42.855 1.839
19.983 -76.132 -83.904 2.135
216.943 135.566 111.177 2.103
-47.856 -17.351 -185.701 1.932
-26.819 141.289 -92.866 1.929
29.979 145.473 76.062 2.167
-58.456 -70.854 114.362 2.128
158.347 -41.849 -111.204 1.901
13.013 -36.623 -50.615 1.917
-76.105 104.698 -189.713 1.919
-210.976 -26.380 196.830 1.942
183.763 32.122 -146.282 1.985
-61.892 94.160 64.812 1.944
158.808 53.307 98.830 1.879
177.611 130.317 -163.374 2.135
127.688 149.919 -160.737 2.078
147.363 167.652 -157.528 1.951
150.073 -118.536 83.401 2.099
-99.932 -169.815 35.376 1.942
85.212 168.804 -184.794 1.825
-103.470 123.661 -35.491 1.941
-118.284 178.370 197.806 2.046
-84.289 -114.094 -8.919 1.894
69.065 -144.510 -123.509 2.222
128.457 33.046 77.137 1.820
-168.740 22.755 144.575 1.916
-94.284 -176.171 15.830 2.003
-223.715 -175.580 125.331 2.075
-222.190 107.087 -181.692 1.871
72.897 130.201 -143.447 2.024
101.823 -57.520 -160.642 2.035
-56.344 -172.482 183.924 2.164
-203.828 103.130 -4.393 1.828
-201.747 -163.047 -167.579 2.112
-101.928 118.248 172.701 1.989
54.848 92.163 168.588 2.018
120.646 5.277 -91.014 1.991
-211.112 123.649 -68.925 2.002
-61.303 -10.608 18.521 1.991
217.778 58.452 -110.027 1.979
101.169 93.501 -13.937 1.902
-82.011 90.522 -123.910 2.036
150.724 -115.161 199.088 2.118
-15.182 -15.372 -88.040 2.102
-66.457 85.515 -105.922 1.945
109.335 -33.002 -124.679 2.100
113.373 -168.605 -148.979 1.992
-117.421 82.640 76.916 2.138
220.191 130.363 28.351 2.043
64.144 12.746 -195.290 1.981
-146.245 -113.414 72.739 1.996
-5.592 79.737 -109.641 1.995
143.902 -111.421 78.410 1.833
195.736 -2.199 56.055 2.151
117.204 -188.867 50.047 2.155
-111.319 -138.739 77.145 1.855
145.936 -178.380 136.133 1.899
-23.536 119.113 158.269 2.107
-2.508 -29.506 11.820 1.913
137.337 13.676 81.162 1.945
79.630 -141.159 -186.326 1.961
-75.236 103.509 -101.118 1.887
-207.990 -147.232 -170.964 2.034
61.905 64.913 -136.869 1.895
42.848 121.605 -23.860 1.907
-54.187 24.534 -124.660 1.849
-49.385 -84.363 20.807 1.954
-26.064 -98.175 142.639 2.090
147.598 105.914 185.567 2.073
-44.766 -44.217 27.391 2.000
-70.274 -130.722 -107.302 2.090
102.508 187.224 -109.938 2.093
205.507 118.776 -49.862 1.855
217.078 -28.631 -54.814 1.933
140.113 -25.622 75.775 1.906
68.103 152.092 80.052 1.860
132.678 118.637 162.276 2.014
15.492 -154.308 -35.652 2.184
3.799 -133.398 -104.098 2.096
120.287 77.939 -160.430 1.935
-2.152 9.777 -46.319 2.141
-30.069 134.123 -73.909 2.006
99.194 154.843 162.095 2.087
-120.686 -118.825 180.189 1.826
156.473 -106.337 -59.357 2.142
-98.313 111.274 -105.761 1.948
15.258 145.165 -2.178 1.964
189.110 -159.284 -175.238 2.036
3.843 -147.275 -187.521 1.977
-42.525 99.554 -57.590 2.071
-109.870 -0.440 -94.782 2.044
-118.297 -66.945 -43.565 1.994
112.806 -143.211 192.327 1.971
-82.317 109.256 157.798 1.971
144.998 -96.588 -124.068 1.944
194.864 66.775 199.989 1.996
-65.003 -146.629 52.786 2.008
146.841 -176.395 170.981 1.897
11.762 -82.258 -22.126 2.042
-208.343 88.034 66.946 1.944
129.517 160.432 76.157 2.176
-189.173 36.707 14.623 1.969
145.995 83.320 4.684 2.083
-188.331 12.258 105.981 1.915
-174.778 -180.410 -69.345 1.950
168.996 -110.030 -59.873 1.893
-183.630 106.349 -69.391 2.069
191.834 58.851 187.168 2.129
82.146 -56.930 -111.164 2.098
90.504 176.400 -54.776 1.969
201.063 62.861 156.329 1.890
-2.875 127.991 83.339 2.154
206.217 99.396 -98.125 2.007
36.740 -81.652 -149.932 1.938
-25.088 -18.213 -166.254 2.018
75.173 -184.788 96.141 2.011
-40.390 -139.532 -148.320 1.885
-68.731 96.897 66.354 2.023
143.497 -176.011 192.171 2.061
-183.981 -113.437 -22.575 1.964
203.397 149.244 125.340 2.048
-133.408 -43.208 150.060 1.925
-22.291 165.723 113.029 2.025
-67.642 146.559 32.903 1.943
56.642 -162.658 -79.561 1.981
-164.506 -149.458 -52.553 2.055
186.820 -132.820 -61.767 2.163
79.488 30.720 29.725 1.974
-70.676 -164.644 134.051 1.924
123.089 -92.121 121.354 1.995
113.029 -154.683 30.660 2.014
8.273 -46.329 -107.480 1.869
-37.516 -53.364 163.341 1.946
-23.849 -121.707 147.318 1.775
1.299 178.884 -44.010 1.944
-49.638 -128.009 11.046 2.176
42.360 14.562 36.003 2.079
-144.089 99.288 172.632 1.936
72.093 166.499 134.164 1.996
-103.362 155.006 -106.544 2.027
-125.319 -26.820 183.376 1.977
150.976 96.869 180.157 2.237
-144.364 -10.747 -80.180 1.926
-133.151 -29.234 -110.169 1.924
-165.583 135.541 -7.852 1.886
219.129 -19.830 -54.442 1.931
-68.479 49.697 82.626 1.835
-154.826 48.029 -41.678 2.234
-97.317 -83.642 -70.540 1.961
-183.576 -149.400 -63.441 1.993
101.635 -118.431 -127.708 1.993
-73.416 -30.880 172.853 1.995
-166.502 21.297 47.879 1.849
-65.220 153.812 43.864 2.126
-131.094 -91.219 29.811 2.006
162.816 76.645 186.184 2.074
-61.539 -133.316 184.200 1.813
-84.103 -68.034 -113.471 2.011
-38.596 -90.498 30.124 2.111
-7.092 -75.416 124.781 1.982
127.392 -144.904 187.650 2.058
164.023 29.336 84.763 2.000
111.019 -110.344 -42.934 2.025
53.763 55.249 -91.829 1.975
151.492 -99.906 48.778 1.913
-100.390 -32.905 -134.111 1.956
27.503 -40.173 96.566 1.797
-6.383 -159.776 160.239 1.901
68.227 -56.143 81.355 2.035
-199.021 148.009 15.478 1.978
-200.522 118.570 -78.071 1.981
-146.566 -125.218 -31.628 2.001
-37.184 -118.353 -62.571 1.980
-27.513 -77.117 63.383 2.073
-126.916 -108.285 118.921 2.107
-122.361 92.807 -159.878 2.068
-123.341 170.947 -105.438 2.033
204.529 118.870 144.351 2.086
63.875 41.793 -69.675 1.984
150.049 163.545 -107.794 1.986
134.057 101.219 187.322 2.033
-119.996 -19.802 -35.740 2.078
62.506 -59.130 18.592 1.883
-189.546 -94.543 -36.476 2.069
220.512 -68.852 -59.703 1.933
81.369 -143.732 -18.640 1.970
210.245 140.401 88.905 2.018
139.407 -79.879 -75.102 1.924
-132.127 -151.167 -97.433 2.136
-117.006 -89.746 -105.270 2.042
-185.255 187.543 90.860 1.798
-182.918 57.600 70.630 2.150
119.759 -171.995 -36.378 1.966
-14.879 158.384 188.926 2.050
-50.641 -169.554 -51.272 2.167
-43.189 -10.368 102.063 1.885
-89.072 108.991 57.825 1.909
57.027 6.531 147.563 2.157
32.503 71.736 60.126 1.857
38.889 128.723 14.134 2.154
-33.838 -53.163 -128.485 2.088
58.869 102.240 192.564 1.973
50.950 -71.589 -146.260 1.926
-215.719 154.812 75.205 2.061
-142.285 184.466 179.373 2.101
219.525 -58.550 -7.296 1.865
74.166 30.544 -5.164 1.979
27.806 -53.996 -192.852 1.982
59.429 -29.896 0.910 1.969
34.232 -20.377 -41.635 1.989
-38.600 -95.350 -198.079 2.065
177.905 -41.097 35.248 2.179
-159.890 21.499 -36.199 2.117
65.834 66.125 70.031 2.092
-179.575 68.930 -112.121 2.008
-202.490 157.296 20.996 1.975
28.075 -156.738 106.496 1.859
-145.390 4.654 -148.956 2.061
-3.519 -80.456 -153.676 1.857
-67.225 -141.424 -94.822 1.861
5.890 81.748 37.803 2.121
117.634 -135.674 29.414 1.965
-223.892 21.518 -108.257 1.942
152.464 -164.415 -179.951 1.962
76.066 156.355 108.755 2.033
-180.563 -159.427 78.874 1.921
-147.694 121.317 190.163 2.139
18.067 -75.962 -105.351 2.035
-107.193 138.769 141.588 2.108
-187.904 -154.997 -73.992 2.071
173.111 158.186 49.627 1.901
-204.227 -180.871 -163.483 2.136
91.504 -75.030 103.913 2.141
-159.544 145.154 172.794 1.937
175.257 -155.058 141.517 2.189
-43.163 -168.684 43.876 2.001
102.231 142.204 113.694 2.047
212.465 88.105 109.105 2.075
113.971 -75.188 -104.124 2.118
63.839 -113.155 152.568 2.015
178.090 178.306 -169.552 1.936
74.223 -25.861 138.740 1.908
-31.912 167.806 -58.543 1.972
109.204 -19.153 142.681 2.142
40.012 146.793 -25.630 2.009
197.805 172.608 50.088 2.082
-106.802 179.078 -2.926 2.014
101.942 105.112 -50.689 1.970
121.722 9.061 86.678 2.013
-33.857 -96.549 43.763 1.947
-106.151 65.861 -7.360 1.969
209.098 -124.285 -1.376 2.054
65.802 -174.102 6.548 1.992
205.143 151.077 103.725 2.146
-190.678 -159.101 -119.503 1.909
-121.039 -166.788 -149.490 2.136
-26.659 181.577 -52.094 2.106
74.829 -32.035 -177.259 1.951
-154.343 -184.566 -70.948 2.077
218.939 44.634 92.894 1.927
-147.866 -150.928 -21.413 2.099
58.240 40.588 -76.608 1.870
68.988 152.928 17.169 2.186
-161.768 -106.772 -12.535 1.826
217.789 -37.599 -36.936 1.925
81.589 41.425 27.095 2.105
95.501 -12.014 114.785 2.036
-128.096 139.158 94.852 2.092
-207.667 -159.312 -34.504 1.991
-72.147 -80.205 -149.598 1.875
-189.044 -112.933 -111.345 1.960
-108.387 -175.611 195.941 2.031
162.262 -170.772 180.884 1.984
-212.940 -54.020 -36.327 1.990
59.516 101.974 -69.553 2.177
4.949 -92.136 68.192 2.050
-7.081 -5.668 91.242 2.093
191.598 -162.606 -106.408 2.031
116.544 65.402 -64.880 1.862
-138.928 168.446 123.221 1.892
75.850 141.156 160.679 2.246
-44.106 45.422 -112.604 1.958
-118.953 81.863 -4.719 2.038
-173.649 -117.397 142.469 2.127
59.023 186.490 105.250 1.896
193.819 -0.162 -115.877 1.995
97.130 -99.358 -82.601 2.014
-16.262 -2.301 92.980 1.984
76.860 1.573 145.043 1.919
53.330 -187.203 147.810 2.000
-217.948 -156.909 183.721 2.033
154.698 -119.611 -143.898 2.023
211.289 -14.661 20.978 2.037
-88.341 -123.463 151.884 2.188
-147.332 -172.248 195.890 2.236
201.063 -175.484 -81.314 2.063
205.968 50.576 -197.367 2.004
190.471 134.869 58.610 1.962
111.315 128.885 -23.807 2.085
-98.710 -183.090 74.024 2.090
-53.006 153.449 -177.721 2.064
-198.556 -65.063 -30.178 1.994
-182.521 -33.586 168.342 2.028
-194.293 68.506 -187.491 1.850
77.900 164.410 14.891 1.842
58.847 -181.813 -125.128 2.057
132.370 -12.218 9.963 2.046
-189.112 -125.304 -2.464 2.204
-164.442 -182.539 75.155 1.797
30.539 -67.091 89.003 1.971
60.242 -54.056 -4.582 2.060
-175.559 -54.496 -71.954 2.062
167.734 -39.111 173.659 1.949
112.507 -55.303 92.311 1.948
-91.584 152.030 98.892 1.923
146.283 -112.375 -162.174 2.006
-63.539 -150.827 51.775 2.059
171.397 -114.807 -188.500 2.066
-69.561 135.298 -55.010 2.034
-214.924 148.695 128.967 1.852
-204.128 39.548 -73.663 1.973
13.522 -134.384 78.640 1.943
62.456 74.682 -74.299 2.004
14.367 74.150 184.665 2.080
109.674 181.558 103.072 1.978
203.643 -92.572 -82.945 2.025
171.439 52.094 -128.912 2.009
76.019 141.379 107.458 1.916
-105.055 137.860 -36.011 2.016
161.544 -128.032 -182.659 1.930
-62.476 151.121 -149.982 2.035
191.901 175.352 60.667 1.910
-137.265 -26.548 148.037 1.842
-152.426 57.298 -178.165 2.055
-19.435 164.828 -96.252 1.901
-142.133 175.060 164.055 2.021
165.068 -122.913 81.558 2.113
75.941 -65.348 -67.745 2.212
-123.803 117.009 1.274 1.985
-185.391 138.174 193.273 1.980
147.145 171.539 -155.525 2.034
-156.211 57.268 -65.314 1.937
52.491 -42.224 -37.123 2.160
-150.663 74.632 124.573 2.058
-74.248 -35.813 182.724 1.897
-170.889 -159.895 -192.639 2.111
-183.806 -50.841 185.617 2.101
-150.612 38.682 -16.387 1.968
-154.206 -75.099 131.856 2.063
-15.475 167.770 153.159 2.052
-53.672 -73.792 153.121 2.011
-204.012 113.493 -23.793 2.111
164.907 107.319 18.639 2.115
-123.725 -124.531 158.889 1.983
-39.645 182.259 64.568 1.947
-36.392 -102.564 -181.415 1.982
32.396 84.163 -151.337 1.931
-50.419 153.067 55.238 2.097
202.178 -45.689 79.569 1.961
-172.399 -152.003 -62.832 2.071
214.745 -83.980 92.732 2.035
-10.385 61.090 40.724 1.922
-173.682 80.196 -81.523 2.065
25.463 82.782 -66.479 1.873
-169.975 75.126 -26.346 2.334
174.761 -1.806 -61.167 2.139
-69.480 108.460 -179.416 2.096
-17.041 18.500 -31.624 2.003
169.459 179.906 17.559 2.135
7.795 102.161 -164.513 2.215
68.105 32.495 84.404 2.085
199.736 123.568 -90.159 2.171
-6.089 108.493 -43.855 1.855
91.295 111.496 72.038 2.155
-166.252 172.213 43.885 1.915
28.950 149.248 22.431 2.042
-154.114 160.477 -199.786 2.134
-139.005 -30.821 -47.294 2.195
204.339 -23.030 162.676 2.091
-20.485 -50.790 94.797 2.114
-221.990 -152.344 130.071 2.014
106.853 51.910 154.851 2.003
140.938 21.117 -106.924 2.009
-15.162 19.450 65.726 2.137
-215.065 -160.259 -163.300 2.221
140.234 -106.860 178.168 2.133
85.585 142.391 89.476 1.958
-185.178 160.381 162.497 2.069
17.642 20.950 -21.041 2.076
118.131 61.257 88.625 2.065
-219.416 -164.593 12.786 2.001
188.591 -51.479 94.496 1.934
-128.429 62.532 -27.686 1.942
-192.685 -14.271 -156.774 2.142
2.254 -122.502 -146.473 2.257
49.494 -66.061 185.550 2.051
-63.050 -168.832 165.560 2.182
203.003 -95.864 -30.228 2.074
30.405 185.209 55.336 2.056
164.237 -12.200 -24.095 2.158
-157.460 168.840 132.555 1.975
116.601 -12.888 -74.775 1.983
167.609 123.400 15.307 1.983
135.718 82.855 49.904 1.966
39.892 134.263 10.045 1.966
-152.026 -147.813 17.483 1.949
216.333 -148.062 141.402 1.915
87.397 -113.510 -53.453 1.852
32.554 -126.193 -137.799 2.306
41.467 158.080 58.683 2.047
-152.924 84.034 26.798 1.975
67.648 -19.398 -124.947 1.965
-163.360 7.040 -90.040 1.907
20.093 96.711 72.732 2.143
-204.769 -3.526 -141.916 1.981
-66.904 17.812 -29.770 1.997
114.805 -170.210 42.618 1.816
-54.236 189.649 -82.924 2.087
-130.564 -158.733 -29.641 1.894
88.469 -35.329 -91.085 1.939
92.920 -165.339 94.710 1.898
-207.245 99.333 132.320 1.891
192.714 -91.294 193.609 2.185
-104.362 2.233 -123.300 1.967
78.973 1.713 -78.028 2.123
220.499 3.707 93.373 1.757
-106.372 135.843 -163.249 2.046
60.853 -138.456 146.371 2.030
221.109 -170.345 9.573 1.950
-148.425 -146.111 132.376 2.090
-129.865 -141.645 3.040 2.021
62.151 3.998 36.561 1.971
149.569 180.149 27.230 1.836
106.129 83.557 -157.404 1.946
7.451 -67.152 -52.323 1.877
-223.381 135.867 56.346 1.908
-72.972 110.191 94.393 1.957
57.486 -107.662 -104.043 2.092
-194.686 20.142 180.683 1.948
-143.104 116.411 169.278 1.986
-174.542 82.380 -180.819 1.911
-161.322 119.604 -46.389 1.954
-221.513 -47.152 -127.300 1.927
101.803 -151.943 128.874 2.093
-163.376 -97.029 4.214 1.896
-49.061 -170.466 161.564 1.955
95.095 182.817 135.505 1.905
-62.422 -140.576 -78.950 2.152
59.658 1.393 28.012 1.964
-224.844 -23.528 48.532 1.862
148.172 -152.209 163.391 1.949
-112.197 -149.789 2.615 2.024
141.162 -172.839 32.640 1.988
-121.575 9.597 2.332 2.088
-166.040 -72.093 -169.857 2.049
61.997 100.265 -170.402 2.091
-122.650 -139.107 132.881 2.086
-73.286 -95.996 -190.557 2.023
-136.173 -66.061 118.757 2.004
24.546 -99.612 -5.124 1.963
85.598 -50.233 -175.611 2.218
223.265 154.507 -18.825 1.800
114.133 -137.115 138.148 1.937
164.080 -137.606 -9.408 2.036
-191.239 -0.710 128.020 2.032
-39.840 -122.283 -115.549 2.127
146.292 158.744 -94.955 2.070
-171.460 -111.005 162.681 2.029
99.691 -157.569 103.821 2.110
-148.663 -74.856 -105.189 2.176
-56.557 -165.194 176.773 1.919
-92.642 -129.319 -74.939 2.039
-195.830 77.426 -121.496 2.093
170.573 122.404 -153.017 2.022
-194.964 89.414 197.040 1.938
79.551 62.562 -82.012 1.983
-40.255 -20.411 -95.134 2.081
153.515 -92.628 17.322 1.964
146.066 21.058 55.288 2.036
181.248 148.999 108.084 1.893
-126.873 -19.511 -121.513 2.068
173.124 186.723 -118.004 2.023
-159.470 -26.705 166.836 1.787
-61.413 142.950 -134.692 1.997
88.783 -182.595 157.751 1.997
217.933 162.576 -0.241 2.040
95.906 7.988 115.704 2.068
131.237 125.221 -88.654 1.913
-33.474 -69.054 54.546 1.876
-167.269 -175.718 -91.094 1.934
1.407 -113.994 -192.809 2.066
103.925 -29.259 119.630 2.139
129.826 -82.632 160.483 2.068
-43.275 -82.298 134.186 2.035
-158.369 -103.764 84.917 2.030
-211.461 -88.133 140.058 1.964
157.877 150.205 58.192 1.902
-28.685 39.659 61.204 1.924
121.375 -157.853 98.602 1.938
-145.301 37.155 -95.292 2.226
151.994 87.654 8.178 1.868
80.633 -186.169 77.874 1.980
48.826 175.659 -81.987 1.810
-120.434 -150.796 181.604 2.149
28.202 -84.016 131.859 2.100
-208.962 -52.974 126.963 2.053
-154.680 -145.109 -45.345 1.948
-37.743 -161.397 -184.884 2.070
88.684 -168.574 19.341 2.003
-94.922 175.434 -61.851 1.936
-151.334 169.757 49.659 2.146
-17.825 149.844 -85.032 1.876
-142.264 47.496 -88.973 1.876
-176.005 -124.717 -78.612 2.065
-181.978 -92.353 -194.759 2.052
-147.939 -42.685 161.838 2.112
57.526 100.367 -35.479 1.855
5.097 -111.175 -65.632 2.057
-49.025 129.317 -48.502 1.977
-224.811 109.963 27.615 1.955
