73.715 129.920 -176.319 1.956
166.467 -25.805 8.414 2.027
-31.069 -138.072 -98.056 1.902
-24.121 -161.943 65.199 2.063
-143.148 44.118 20.291 1.960
71.879 -128.533 -123.558 1.959
57.803 84.241 175.708 1.983
46.223 -120.161 181.783 1.947
-63.162 149.238 -19.852 1.949
-68.239 -112.202 154.215 2.214
-120.803 122.312 -6.384 1.844
-141.703 -38.777 180.094 2.119
75.658 150.075 -146.997 2.087
-147.260 151.924 -164.782 2.095
57.507 -117.015 -158.736 2.072
-94.253 144.317 165.728 2.093
-79.358 -124.570 67.984 1.991
-34.911 -136.448 59.747 2.021
15.766 -102.691 -82.317 2.121
167.352 -57.564 -13.874 2.009
-55.864 -73.473 -94.895 2.110
148.169 29.683 -105.834 2.077
155.595 -57.707 -168.502 2.122
-165.111 -89.800 -197.495 1.891
210.339 165.428 55.383 1.970
-15.981 86.084 178.420 2.041
-21.707 19.522 181.280 2.015
-81.191 55.997 128.503 1.961
-142.873 -107.174 -154.334 1.987
79.112 -4.244 40.642 2.035
-121.669 -94.517 142.468 2.003
-101.607 136.103 -30.886 1.966
-86.701 -126.653 -21.192 1.863
-150.733 174.651 110.357 2.059
-75.039 57.454 -25.475 2.028
-62.690 180.260 48.422 2.068
140.343 133.997 177.639 2.080
-156.201 -176.936 110.419 2.096
-146.712 -178.356 -30.661 2.051
-159.659 5.569 -189.545 2.174
102.223 -153.829 -155.627 2.031
63.241 42.958 -169.743 1.753
-54.572 -72.378 58.630 2.155
77.233 -138.569 120.261 1.986
-162.663 100.263 29.976 2.012
160.818 -158.796 -17.287 1.968
73.596 189.829 14.576 1.939
122.478 157.230 -91.942 2.006
-183.895 82.244 11.456 1.991
217.682 137.207 -194.883 1.961
152.324 -140.332 -57.627 2.015
-170.131 -9.460 -78.501 2.017
-203.236 -33.493 -85.990 2.013
168.027 -118.773 -135.214 2.089
195.808 -144.275 -136.222 1.928
-172.949 174.783 55.003 2.073
-200.176 92.713 -19.313 2.014
131.008 -124.204 -195.164 2.169
-125.433 19.325 60.894 2.068
-16.659 107.777 -76.042 2.009
-62.059 -97.142 3.258 2.034
-166.156 5.850 -179.939 2.055
-193.046 188.948 9.960 2.132
178.551 152.833 95.008 2.052
82.626 72.042 124.823 1.872
-200.663 -151.076 94.919 2.010
212.946 -45.555 -194.231 2.170
12.032 -69.517 -188.336 2.133
-202.506 136.692 -133.004 1.872
-201.923 -11.276 -166.303 2.139
177.776 58.955 168.940 2.016
-203.265 43.511 -169.789 2.073
14.792 -113.653 -78.470 1.951
-114.623 -167.342 -134.872 2.192
-122.511 -69.223 186.115 2.094
214.290 115.488 110.660 1.986
-9.554 -123.720 -175.911 1.936
33.454 -133.012 124.855 2.073
172.127 -20.512 -184.190 1.912
210.073 47.874 187.187 1.887
-0.962 25.565 50.821 1.829
163.758 37.851 31.319 1.948
-125.814 179.392 -123.012 2.031
-131.687 7.766 -46.120 1.984
35.708 94.378 118.221 1.961
203.162 36.415 -28.696 1.926
42.684 121.066 -53.043 1.924
49.498 180.086 -66.681 2.109
-81.971 104.327 61.329 2.095
-117.415 43.248 -20.728 2.005
150.592 184.853 -106.162 2.151
-13.939 -112.372 39.636 2.063
195.905 171.400 -27.455 1.901
148.749 -166.952 168.071 2.050
-49.380 8.347 63.293 2.169
17.528 128.727 -87.974 2.100
-166.507 109.804 68.753 2.039
-50.060 -122.595 107.424 2.079
-114.868 82.797 65.181 2.044
150.962 -10.875 48.314 2.029
-192.031 111.343 196.685 2.214
187.450 -17.481 146.544 2.158
-107.455 158.015 -88.294 2.102
-163.469 -94.951 -130.552 2.049
-198.357 60.964 -38.036 1.894
91.468 153.151 67.316 2.069
83.066 123.420 -196.955 2.055
70.980 -185.924 115.162 2.074
-201.570 -55.945 159.487 2.117
208.811 189.874 172.235 2.030
-146.288 -101.211 114.912 1.896
158.418 99.268 -187.497 1.929
126.010 126.143 180.361 2.013
-222.271 31.375 50.894 2.001
5.211 156.311 -23.968 2.154
23.665 -88.701 -13.053 2.007
-44.010 63.161 -138.232 1.975
-147.744 -85.187 -77.846 2.000
125.223 -56.857 -88.701 2.135
125.985 -39.609 -182.352 1.963
-139.012 166.693 -112.687 1.921
-190.590 181.246 -11.977 2.207
134.092 -138.381 3.845 1.893
-18.266 -62.382 39.074 2.075
-172.364 19.302 143.551 1.998
71.371 39.591 -21.235 1.873
180.561 -89.049 -104.952 2.087
99.747 185.029 -178.321 1.982
79.291 44.703 73.536 2.064
2.661 -6.370 -30.496 1.924
-56.965 178.769 190.302 1.940
61.058 64.793 0.157 1.892
41.609 33.824 162.919 2.015
-11.146 59.165 73.469 1.998
202.379 90.618 -135.507 1.964
-9.591 78.865 119.898 2.269
69.374 188.194 91.865 2.020
-170.767 118.267 65.032 1.958
163.027 5.476 -65.163 1.977
-186.031 100.614 -40.943 1.844
-98.560 26.936 86.482 2.085
149.838 90.292 78.038 2.066
-149.311 67.056 135.438 2.109
-101.323 -158.299 -156.635 1.933
183.758 -32.285 195.280 2.018
-207.384 -9.331 -185.862 2.016
161.081 -140.857 137.342 1.871
102.669 -189.900 45.336 2.029
18.226 -47.039 13.974 2.127
182.872 13.219 -68.447 2.109
-88.653 -135.750 -168.739 2.001
89.490 -90.916 -79.244 2.051
96.040 -59.723 -143.364 2.056
-207.787 -51.949 5.112 2.114
-32.379 -135.115 -113.265 1.984
207.410 111.672 192.507 2.044
223.685 -182.671 13.538 1.943
-22.192 -121.944 161.822 2.217
-133.939 -94.228 71.005 2.169
-178.578 5.688 119.935 1.884
129.424 19.213 -173.321 1.885
146.684 -24.506 124.565 1.946
-55.483 -166.140 151.591 2.023
-181.889 -182.914 -167.448 1.958
-122.853 31.645 33.770 1.924
-216.230 -35.766 59.613 1.930
-215.628 173.349 -44.838 1.964
122.726 182.131 174.627 2.057
-195.246 130.309 -144.207 2.123
176.711 -134.779 -57.614 2.074
95.828 102.388 -112.045 2.071
106.548 -12.484 -16.412 2.009
7.788 171.875 -194.887 1.991
67.355 -115.490 13.232 1.982
203.648 -91.630 -51.145 1.955
-215.450 54.126 -2.474 1.918
14.101 87.786 -72.996 1.893
216.113 -115.225 -171.305 1.934
170.706 63.953 86.282 2.117
-202.978 -39.248 -152.613 2.035
73.704 117.500 92.284 2.091
-170.446 -22.871 -76.990 2.147
-39.442 -121.970 56.504 1.910
-94.253 182.025 -103.077 2.063
16.580 -188.898 -162.075 1.993
92.265 158.848 -91.995 2.163
91.240 -161.912 128.483 1.981
116.010 -179.453 -112.166 2.071
-187.359 146.426 185.199 2.050
-53.540 61.149 -152.824 1.995
160.990 77.809 5.777 2.081
-58.666 188.781 103.823 2.144
-156.999 -20.731 -137.625 2.235
-200.687 -168.708 -83.868 1.865
-157.765 106.774 -127.760 1.935
-89.079 -138.170 -42.227 1.996
-120.906 160.650 155.094 1.913
141.364 -177.809 10.894 2.115
-77.513 -105.222 -110.348 2.009
-164.695 70.663 -129.703 2.007
8.810 -2.374 -191.629 2.099
41.793 145.269 54.479 2.088
-166.984 166.661 -25.759 1.896
-155.703 80.190 124.044 2.051
5.560 -83.844 22.023 2.113
205.058 -188.561 182.369 1.866
52.266 133.952 65.110 2.008
-164.654 15.072 -27.753 1.980
192.127 -167.216 -112.219 2.010
-70.826 -144.446 83.321 2.072
143.053 30.665 155.169 2.126
-46.626 -90.804 71.129 2.042
-130.187 184.283 -113.116 2.021
-152.667 -115.694 -186.868 1.984
187.278 31.363 31.471 1.879
-220.542 -181.368 151.737 2.000
-210.981 -159.335 -81.367 2.033
197.496 -36.875 71.375 1.955
128.170 73.338 187.414 1.847
59.215 -6.968 39.497 1.885
-140.465 52.402 -39.224 2.041
207.237 180.676 -199.942 1.784
67.884 -9.740 -91.889 2.063
124.364 -140.058 169.389 2.052
139.903 159.982 42.514 1.853
-119.270 34.122 43.115 2.094
-166.030 113.368 -64.840 1.853
-195.121 149.990 183.985 2.082
-139.006 118.782 140.125 1.986
218.116 91.372 0.021 2.004
139.176 -2.259 -4.158 1.952
-158.977 77.461 158.844 2.158
169.625 37.178 83.322 2.041
-47.150 -184.043 -173.834 1.924
83.633 161.424 -128.179 1.907
151.093 88.418 -44.697 1.906
-164.569 98.736 169.622 1.884
16.812 139.682 -116.144 2.044
45.812 -160.095 33.864 1.967
41.942 -90.528 -55.353 1.949
115.223 131.763 -18.339 2.123
-220.543 160.879 -28.730 1.884
-83.399 119.888 -129.615 1.962
194.083 -160.289 -28.564 1.914
220.100 -87.331 -119.375 2.212
-24.915 82.992 44.235 2.058
33.692 116.642 -122.560 2.093
115.636 -31.560 95.939 1.868
142.495 -1.035 -164.794 1.973
-203.010 -145.916 34.125 1.828
73.065 23.617 -124.961 2.106
25.426 -67.585 -99.442 1.992
-190.710 11.358 100.949 1.941
211.113 152.677 -54.675 1.970
-174.771 -169.827 -91.270 1.924
163.934 66.869 -125.292 1.987
45.896 -120.858 -165.696 2.013
81.906 61.557 195.968 2.010
91.372 -14.483 115.589 1.925
-22.484 -149.673 -189.662 2.086
136.570 -107.857 98.620 2.185
-122.963 138.066 26.669 2.149
-224.989 186.987 -176.351 2.041
212.773 184.371 55.301 2.105
-2.088 174.716 47.633 2.071
-222.420 -106.737 46.529 2.124
29.304 43.122 27.296 2.086
-41.643 1.809 41.792 1.994
36.108 136.254 129.081 1.934
-124.095 -10.156 -123.145 2.145
77.075 -165.777 -171.879 2.097
-26.774 178.538 52.139 2.110
105.817 -137.869 -11.407 2.073
153.867 -102.036 -63.589 1.883
43.140 -17.714 58.794 1.887
214.860 -7.880 -53.604 2.102
161.574 -54.734 -74.371 2.021
27.525 -142.117 104.293 2.055
155.428 -159.177 56.196 2.065
-37.568 -15.264 177.036 1.874
112.111 -125.263 18.980 2.090
28.374 121.917 175.298 1.987
-155.739 -52.070 150.393 2.005
-1.640 54.390 -109.608 1.942
153.701 -171.077 13.621 2.004
28.534 -159.405 52.258 1.828
-126.839 -93.640 -40.305 2.089
-90.912 128.547 -80.429 1.939
-82.277 25.696 -78.512 1.924
73.972 52.181 -105.703 2.022
50.259 -180.025 163.540 1.900
-88.253 -121.687 179.383 1.960
-79.184 -159.438 126.429 1.987
133.133 -143.539 -115.994 2.129
-0.592 -13.592 -143.649 2.043
194.331 -86.995 -113.888 2.056
-197.072 -39.393 54.317 2.149
165.594 100.801 35.754 1.961
-164.321 124.172 20.468 2.148
125.391 -176.803 37.449 2.021
-84.754 121.821 -139.253 1.962
188.821 -15.144 -179.129 2.147
72.701 149.557 32.385 2.002
-117.207 157.692 48.271 1.967
210.448 -86.834 163.402 2.218
214.056 -53.510 -146.938 1.901
207.130 52.131 -95.075 1.961
-0.366 183.007 -38.723 2.008
19.149 155.229 154.575 1.907
-190.881 10.815 -29.501 2.011
166.557 -92.695 -45.468 1.941
63.573 17.054 -62.039 2.010
-42.446 19.389 13.314 1.797
-155.854 87.985 -7.234 2.004
127.129 -142.747 -9.730 2.151
130.791 -48.189 -112.667 2.005
-140.112 -22.432 21.999 2.154
-126.749 7.516 19.326 1.855
-136.958 -89.272 148.974 1.991
67.285 142.048 -29.627 1.820
209.444 106.392 140.267 1.887
100.971 -78.045 -87.536 1.932
-102.223 123.043 -120.509 1.989
169.025 124.066 130.492 1.911
221.400 136.532 126.860 1.883
-169.477 -20.344 13.043 1.829
128.628 -18.706 -159.435 2.057
-42.857 183.245 -114.379 2.018
137.478 -59.024 133.619 2.056
-5.694 170.325 33.165 2.039
130.422 118.539 -110.239 2.103
-81.740 10.514 -56.867 2.106
-72.589 -34.449 -127.972 1.944
204.820 -69.629 123.490 2.043
144.285 -168.715 162.958 2.070
192.352 46.645 6.977 2.069
-216.377 -17.192 32.641 1.933
-151.776 -154.373 48.232 2.076
90.160 144.427 45.051 2.028
-207.500 -63.349 145.097 2.119
20.346 171.252 158.575 1.819
-24.078 181.196 14.135 1.900
-138.204 -16.182 189.743 2.091
-83.090 24.716 34.765 1.916
74.227 -106.710 -127.224 1.821
191.810 -177.439 -193.687 2.181
130.893 146.189 165.076 2.128
-107.350 100.302 -123.103 2.007
-161.880 -108.803 -140.299 2.081
-78.053 -54.463 117.096 2.058
-3.757 -187.410 -119.023 2.093
48.450 33.641 -144.351 2.067
143.603 145.241 -179.555 1.982
-188.152 33.527 -6.129 1.998
-190.032 -7.668 163.272 1.892
122.032 -121.610 160.994 1.881
49.326 -68.640 -100.633 1.921
-109.899 70.961 110.110 2.141
93.281 -42.290 -12.751 1.993
-77.553 -56.970 194.100 1.916
172.185 17.439 -129.805 1.869
-181.792 -32.539 -21.010 2.055
88.785 20.839 139.669 1.774
-143.739 -132.727 -149.544 1.833
8.552 143.956 -5.523 2.050
64.832 158.535 -130.958 2.079
149.489 35.519 7.404 2.271
198.995 -152.454 -68.981 1.846
-195.071 88.796 100.293 1.946
-84.937 -52.338 97.726 2.189
199.503 186.381 -3.725 2.150
1.332 -21.102 -77.764 1.981
48.748 -47.725 -164.444 1.917
-83.144 -139.983 30.600 2.214
-183.565 55.758 -77.210 1.963
82.619 -119.400 179.546 2.081
98.047 81.680 -0.531 2.018
137.038 -187.119 89.152 1.968
-105.306 54.595 123.714 2.031
202.430 73.241 32.579 1.901
49.157 184.581 -9.897 2.055
179.529 -81.922 -72.152 2.053
-96.797 -98.617 25.820 2.187
172.913 40.476 107.548 2.138
-169.885 62.052 187.547 1.983
-196.078 -83.142 -52.887 1.869
137.362 -112.143 190.519 1.890
-142.740 20.689 186.098 2.181
-187.130 86.201 124.003 2.014
-89.461 -74.224 -37.690 2.071
-156.597 -72.160 -13.336 2.075
-44.105 181.848 101.318 2.052
165.607 155.301 91.153 1.991
-93.376 -34.657 161.568 2.023
204.647 180.507 44.098 2.021
121.734 129.116 -64.893 1.988
59.360 21.064 -162.612 2.057
115.891 35.684 150.409 1.950
217.306 -80.694 -79.848 1.962
-21.165 -43.402 165.796 1.930
-88.820 -157.391 55.812 2.100
-33.899 -55.595 73.395 1.775
64.947 -6.710 96.686 1.963
49.355 63.086 124.629 2.094
70.041 76.441 119.916 2.069
151.561 46.331 -46.122 2.181
-39.574 33.517 194.258 1.987
-152.731 125.305 -104.632 1.886
-79.178 -103.348 -60.116 1.952
161.240 34.855 160.023 1.909
-149.749 -67.047 138.424 2.132
190.365 11.611 91.606 1.828
-13.005 -88.511 197.448 2.070
-58.836 103.622 2.204 2.007
-210.808 -115.597 -72.991 2.020
56.984 59.183 76.526 2.004
-206.591 132.955 192.243 2.318
73.568 -17.987 56.716 2.060
-111.827 123.043 111.591 1.890
219.074 -25.619 70.680 2.118
31.880 0.736 174.744 2.109
150.474 -54.995 -17.669 2.081
112.537 108.946 -43.211 1.995
-91.376 26.467 138.882 1.854
-194.087 115.444 153.299 1.895
25.312 183.076 168.953 1.954
158.995 -110.617 120.758 2.117
-152.262 -46.721 -45.436 2.256
199.951 -168.437 108.655 1.963
196.171 -161.943 120.973 1.910
163.462 172.838 103.872 1.967
52.494 71.074 -114.576 1.958
-213.230 136.454 52.273 2.209
-92.389 56.414 -137.341 1.956
124.504 20.691 -70.920 1.933
103.511 -177.765 -198.262 1.886
-84.302 -40.035 -101.613 2.209
210.963 51.977 -155.793 2.050
196.576 -138.571 -157.665 2.030
-19.588 -22.609 124.159 1.937
-128.910 -140.629 8.601 2.012
195.714 -156.311 -53.124 1.996
-167.318 -119.688 33.081 2.147
150.799 144.488 -45.430 2.119
45.923 -82.581 115.110 2.043
-150.717 -33.006 -108.226 2.008
151.363 104.020 -32.167 2.040
121.085 -54.951 97.372 1.847
29.641 24.621 -184.746 1.991
65.714 71.041 -196.656 2.196
135.793 -88.795 -147.674 2.052
150.394 -156.572 -160.232 1.995
217.711 -81.781 139.829 2.109
-126.020 -138.178 -118.523 2.249
-13.314 -155.202 160.498 1.909
83.954 115.587 -43.324 1.963
133.233 -133.678 -101.778 1.980
-150.274 -30.163 94.678 1.950
-91.103 -48.116 -197.667 1.987
-102.214 24.372 -140.144 1.889
-177.419 -52.672 -124.778 1.916
-166.505 124.684 -154.010 2.133
140.386 -56.357 31.471 2.033
31.112 100.195 18.884 2.042
-34.997 -53.166 34.976 2.061
-43.462 -47.107 145.852 2.111
-18.975 174.977 -33.171 1.888
-185.563 -9.226 103.475 2.013
-92.495 -136.030 31.402 1.853
5.758 -38.597 171.406 1.934
164.007 -159.042 68.851 2.163
-210.556 -94.232 51.486 2.018
54.368 -67.509 -195.333 2.012
130.089 -170.219 -145.228 1.961
-188.616 -16.283 85.457 2.031
-177.757 144.243 154.731 2.081
103.107 -120.912 -92.443 1.970
1.557 73.911 161.714 2.022
-102.993 -25.037 54.777 1.912
40.215 122.610 -46.017 2.327
138.027 -172.815 157.422 1.949
-131.157 118.772 138.791 1.975
117.373 -23.742 -84.364 1.845
-90.736 180.821 34.562 2.015
76.437 -165.507 -105.561 2.181
170.034 -94.146 98.933 1.969
-212.364 44.982 -80.468 1.947
91.797 93.281 176.646 1.941
198.818 189.654 170.313 1.907
-31.535 152.856 120.124 2.139
-77.501 188.854 -60.550 1.982
-159.443 -1.541 101.740 1.985
104.720 -42.682 91.060 2.124
-121.808 -51.561 -156.542 1.917
173.683 -133.622 127.519 2.107
21.599 167.239 49.822 2.110
-112.553 18.640 -48.045 1.941
-41.895 73.744 -140.928 2.123
-64.145 171.424 -63.728 2.135
-21.829 71.589 58.014 1.921
-137.244 -102.886 -133.427 1.998
92.635 89.021 160.857 2.135
73.978 9.701 99.166 2.032
-219.220 61.138 -60.030 2.231
42.880 -39.018 40.389 1.894
130.313 81.267 -155.196 1.987
-74.047 172.743 15.906 2.115
3.692 -29.796 170.455 2.043
-11.185 -28.984 -34.835 1.947
-159.669 103.982 153.339 2.096
50.738 -57.777 72.614 2.055
-102.756 -166.393 78.920 2.116
-191.235 64.000 108.026 2.148
-59.155 -95.497 -177.204 2.141
25.963 -76.608 21.353 1.917
-121.477 47.965 -95.815 2.191
155.524 -164.345 26.463 1.840
146.994 -150.974 51.004 2.120
-151.539 -153.244 -168.884 2.006
67.881 -137.349 -58.476 1.879
-59.937 63.620 -39.600 2.002
184.869 -51.289 -16.678 1.864
-136.335 32.912 158.568 1.879
75.664 -152.185 -16.653 2.129
-54.889 11.956 182.884 1.879
-142.375 79.803 109.874 1.924
116.449 -122.362 131.649 1.972
176.769 188.415 -29.372 1.968
79.105 160.471 121.012 1.896
39.337 -186.208 61.076 1.950
51.996 117.796 183.881 1.879
70.566 162.953 93.965 1.968
-27.930 -26.796 145.469 1.857
174.104 -46.173 95.256 2.054
109.717 153.353 -15.853 1.877
-66.354 158.378 191.480 2.032
-106.705 -44.353 133.831 2.073
192.107 -81.474 135.442 1.961
51.946 145.050 171.154 1.852
87.546 -165.719 -7.158 1.827
72.650 102.720 128.676 2.081
-188.342 30.198 14.916 2.019
-99.076 -78.207 171.127 1.911
100.097 16.858 -104.540 1.924
18.515 163.363 55.866 1.852
77.911 -58.721 -152.762 1.896
45.617 57.199 51.729 2.031
-162.231 -62.009 -25.534 1.934
-168.371 -105.765 78.364 1.893
-171.672 -48.167 -80.692 1.897
109.147 -127.048 -73.547 2.053
-169.511 -19.713 -128.064 2.118
51.494 128.882 -119.134 1.996
-80.984 16.536 -157.748 2.021
32.016 -17.776 -14.727 1.997
147.537 15.743 -16.378 1.977
32.517 61.438 0.035 1.960
195.104 -158.572 -147.735 2.106
-118.296 -146.621 0.846 1.879
-100.806 -153.286 39.717 2.072
85.100 83.441 -10.463 2.045
0.593 81.688 30.917 1.937
96.513 -80.081 -198.326 1.933
-102.088 -47.613 -117.413 1.991
207.931 43.603 -57.121 1.822
-69.958 43.409 26.447 2.001
188.737 -86.575 103.236 2.207
-103.998 135.813 -150.191 2.056
-102.900 -36.481 -154.167 2.022
188.400 19.428 -153.163 1.930
-77.501 93.214 -140.060 1.892
144.252 -178.937 190.454 1.946
-204.554 -158.239 -6.757 2.104
76.295 -5.742 -193.020 1.973
-33.755 -144.309 46.005 2.045
-109.553 -77.576 146.789 2.033
-116.666 -80.251 81.908 2.124
-210.283 -77.784 -145.726 2.017
113.870 65.757 100.025 1.762
154.742 110.104 48.889 1.959
-176.929 169.228 -25.635 2.096
118.693 124.498 -34.030 2.072
-224.755 -2.374 97.806 2.087
-30.473 43.273 -126.744 2.203
41.993 95.543 112.566 1.929
135.652 -186.784 -49.402 2.179
71.237 -18.761 -40.186 2.134
135.272 -133.146 102.750 2.006
-223.400 -28.393 74.757 1.952
116.125 77.390 -115.900 2.172
-52.349 -39.633 126.601 2.083
-94.942 -8.527 -164.509 1.990
-21.228 122.774 42.135 2.120
-55.467 -17.620 -22.665 2.008
-154.514 -53.951 -115.109 2.057
193.706 168.736 -192.676 2.026
-16.616 175.979 -83.108 2.140
-131.761 -182.185 187.953 2.112
-129.044 -46.475 117.407 2.069
-121.688 -140.944 74.343 2.025
40.147 -101.466 188.811 2.186
157.316 -137.693 83.136 2.031
219.637 -98.891 76.600 2.165
-78.506 -118.924 -10.404 1.819
-92.260 -136.387 -35.234 1.892
-170.167 -6.412 -148.905 2.128
-74.825 -7.067 -52.450 2.086
53.054 -181.485 59.292 2.023
-69.642 29.479 -121.787 2.046
138.047 150.236 71.969 1.916
-161.025 11.094 -145.297 2.033
194.553 91.152 -169.705 2.016
-62.022 34.943 52.957 1.944
154.016 -66.178 -164.160 1.978
-185.557 -24.620 -38.329 1.979
-181.748 14.452 104.051 1.941
63.169 -178.916 72.740 2.070
43.825 38.723 100.938 1.972
-26.535 85.930 -99.400 2.027
85.233 76.531 19.915 2.080
-67.150 142.730 -17.128 2.010
59.022 97.322 -13.073 1.886
-77.134 -28.053 -11.364 2.025
124.266 162.454 30.721 1.974
-12.785 -141.670 32.691 2.142
49.288 81.116 -83.160 2.079
-104.931 66.583 67.423 2.010
74.359 52.987 -181.810 2.025
213.819 26.985 71.928 2.067
-209.032 -158.900 -152.817 1.949
56.198 -110.006 -10.757 2.204
185.721 14.941 -22.353 2.006
-10.980 -162.796 -74.412 1.980
-122.776 102.343 -99.460 2.017
-36.373 -185.593 -133.220 1.981
72.623 43.033 -35.833 2.045
131.710 -133.725 -184.016 2.120
-40.704 -160.266 -188.086 1.981
-64.088 167.416 -97.010 2.054
-206.578 189.606 114.335 2.057
-155.271 68.349 46.126 2.065
47.418 -81.309 169.110 1.838
108.234 114.018 44.301 1.931
-28.702 -80.417 188.688 1.989
-159.418 178.809 58.772 1.929
-156.444 -174.671 33.857 1.723
-151.419 -149.992 -180.895 2.038
-162.832 -15.771 -87.960 2.105
212.848 168.584 93.104 2.054
224.191 -143.230 -15.354 2.047
124.039 107.943 130.576 1.918
151.620 -151.480 122.944 2.007
155.123 81.395 30.659 2.056
-180.802 39.943 -66.478 2.124
-34.894 -2.495 -49.424 2.158
107.558 139.497 -93.804 1.983
145.392 -148.402 90.284 1.949
-104.311 -14.641 193.511 2.003
-136.810 -22.619 22.789 1.990
142.108 51.334 56.475 2.074
114.419 122.919 -1.579 1.888
-185.006 -114.606 -95.809 2.042
-83.663 -164.127 -48.313 2.125
-85.390 -25.636 72.045 1.938
-170.584 -92.952 119.613 2.093
-150.404 187.382 109.141 1.997
218.739 53.907 45.084 2.139
124.496 -143.291 20.277 2.063
-116.958 174.004 -89.575 1.970
109.547 -151.166 184.576 1.861
187.804 184.013 75.979 1.959
72.366 -64.597 -165.634 2.014
142.256 -177.480 -138.403 2.018
-208.285 -136.677 63.532 1.991
-26.941 -64.278 -17.550 2.041
-106.856 166.009 20.972 1.964
74.877 140.102 171.939 2.080
-110.483 157.997 40.577 1.969
68.780 -122.266 -52.315 2.032
-167.623 129.735 107.349 1.942
-152.221 5.477 -63.599 2.064
-192.258 -2.923 -10.996 1.987
147.040 180.462 -50.052 1.932
-5.050 115.717 -115.014 2.063
145.924 -2.765 88.017 2.179
-194.684 133.638 -75.696 1.862
-89.902 104.037 -104.982 1.996
-149.164 -39.299 160.247 2.133
32.589 129.647 -21.026 1.976
128.161 21.113 -196.675 1.960
94.250 186.886 -100.197 1.897
165.139 138.874 183.538 1.993
-118.273 -174.169 163.266 2.124
-45.635 143.215 -142.347 1.959
-199.356 -102.765 33.178 1.981
-28.560 -63.019 -164.259 2.127
-8.322 2.715 -29.061 1.962
77.959 83.332 -64.081 2.064
49.702 141.374 -128.889 2.172
106.516 4.824 -122.329 2.056
197.481 -106.662 7.870 1.964
195.983 -30.984 -38.527 1.969
-104.552 -166.583 -56.027 1.979
-121.771 -32.975 108.648 1.975
190.630 -22.428 88.508 2.115
81.102 -31.358 178.487 1.980
71.928 -187.774 -145.988 2.161
32.007 129.270 -169.069 2.038
-10.091 -60.244 115.327 1.957
57.158 -153.351 147.495 1.989
-28.249 -178.353 -191.431 1.942
100.612 86.091 110.923 1.819
148.841 -78.025 -171.727 2.033
-136.116 134.871 188.789 1.948
62.639 -3.112 -105.297 2.211
121.600 -127.884 89.589 2.082
-174.886 -179.269 30.952 2.040
110.840 121.959 -159.168 1.900
-40.901 -117.215 140.084 1.881
-212.134 -135.325 161.988 1.995
190.550 85.282 197.960 1.941
98.697 163.466 24.566 2.086
-76.913 -126.661 86.630 1.963
-76.423 -156.644 171.111 2.065
96.114 -130.050 170.487 1.878
-154.954 165.973 14.930 2.004
56.706 -23.900 -135.102 2.086
32.534 -48.624 -196.516 1.885
-159.210 -134.903 -98.172 2.131
-80.910 -180.697 49.552 2.122
-150.422 25.857 -164.385 2.047
-19.812 -176.015 170.520 2.103
-93.678 -86.008 -20.311 1.945
17.186 0.606 -130.588 2.401
-93.299 121.869 -172.758 2.066
92.856 4.130 -72.689 1.812
-96.121 66.524 -89.897 1.870
-54.041 -183.890 55.385 2.001
221.204 -107.139 195.787 1.952
-25.615 83.372 -102.868 1.867
-67.399 175.121 -112.349 2.006
131.279 -54.695 13.918 2.112
115.917 -4.873 -190.583 2.022
-105.262 -18.755 -50.918 2.222
90.479 131.688 186.863 2.126
158.671 79.068 -88.656 1.983
-40.875 -29.819 190.038 1.950
-102.625 146.602 95.234 1.970
196.970 141.306 194.296 2.117
157.013 -14.220 -55.328 1.876
-214.224 -33.762 -143.249 2.122
-201.685 151.767 5.774 1.913
-39.274 -51.329 46.652 2.060
-4.323 13.223 14.098 1.792
-32.074 86.387 99.726 1.866
121.859 16.687 137.229 1.885
-19.853 5.140 -102.998 2.055
-138.704 176.190 -168.451 1.819
47.577 -138.225 95.746 2.063
-197.612 -162.575 -118.950 1.941
224.525 -60.456 -57.929 1.982
202.141 133.374 98.310 1.786
-1.031 157.121 -170.665 2.000
29.263 -178.117 -167.781 1.869
15.164 -91.921 122.662 1.871
161.009 -48.889 93.432 1.936
-24.300 138.428 6.567 1.970
194.117 -71.689 17.952 1.994
-178.395 26.026 -32.733 2.062
-61.533 -157.719 8.966 1.975
220.258 96.870 -115.171 2.078
-111.197 181.585 -157.078 2.078
177.092 114.043 -88.403 1.968
-42.528 49.684 89.665 2.004
-82.288 -39.966 -5.810 1.912
-219.723 -51.038 25.946 2.155
156.627 -154.817 -93.311 1.876
-192.066 162.311 -138.898 2.046
209.297 65.029 197.011 1.979
189.586 -164.480 -101.212 1.917
-202.368 -122.179 -10.588 1.966
118.028 -124.356 -69.527 1.962
36.086 -86.237 14.966 1.877
-154.647 -51.877 -180.487 1.939
179.362 11.869 -46.882 2.029
-98.420 -21.987 22.487 2.148
-5.536 -164.715 -0.525 2.058
145.163 -97.070 98.638 1.968
-77.224 -157.553 -26.534 1.983
166.062 167.015 155.125 2.022
10.328 -133.939 167.738 2.111
-89.875 15.908 -42.596 1.852
58.812 -7.951 59.224 2.061
-102.933 -121.221 84.847 2.111
-185.662 168.421 -77.758 1.881
100.685 -36.420 -44.324 1.925
130.702 -75.626 18.309 2.006
-4.096 35.013 -134.739 1.982
156.051 -108.854 -165.764 1.942
97.092 -186.359 87.731 1.966
212.195 -28.591 118.437 1.999
-4.930 -56.834 -108.967 1.832
136.586 121.161 -3.729 2.124
92.759 -131.425 126.167 2.021
-162.288 -13.227 -162.957 2.062
-69.129 -114.294 50.923 1.971
-68.693 31.222 -110.968 1.973
100.346 45.184 31.881 1.953
199.697 -179.354 20.841 1.968
-205.841 122.021 -116.528 2.200
130.321 56.776 188.054 1.904
-118.035 -111.117 -17.873 2.135
53.354 -177.491 -52.434 2.134
-220.652 87.568 29.775 2.086
149.015 -43.478 119.109 2.126
-132.798 180.770 94.143 2.009
-23.012 -104.119 88.355 2.093
-201.095 49.047 132.984 2.113
181.570 167.973 -156.477 2.001
-137.853 185.524 -92.087 1.873
67.428 -44.112 -154.596 1.890
13.936 99.528 -147.412 1.911
-16.721 -131.822 -129.762 1.995
4.502 -71.390 99.620 1.972
162.984 -94.877 -113.972 2.126
178.895 167.025 57.063 1.989
141.308 89.624 42.567 2.066
157.777 -56.398 -1.233 2.004
-23.370 39.917 119.277 1.988
-88.559 -76.374 111.899 1.977
158.843 31.716 189.097 1.798
97.845 -10.880 -133.005 2.084
13.857 144.893 -91.792 1.994
26.139 -59.660 -66.529 2.050
87.090 111.949 -196.060 1.962
18.418 84.356 -41.230 2.062
68.335 -26.247 -32.920 2.035
174.371 55.292 97.395 1.790
107.045 -95.152 -195.906 1.973
-12.580 31.988 -93.470 2.222
-45.187 -21.763 186.035 1.996
186.150 -70.674 -80.357 2.073
162.834 6.282 39.093 2.082
-75.393 -26.225 154.771 2.007
147.302 172.125 -12.697 2.073
136.754 -142.239 -194.512 2.122
-8.034 -99.964 -43.627 2.168
-142.596 -49.886 0.008 2.091
-215.297 133.083 2.001 1.909
-110.720 -58.292 -84.273 1.964
2.105 -183.169 -193.973 2.015
113.369 -154.483 131.710 1.963
198.272 -57.442 186.094 1.879
78.337 124.270 100.060 1.966
-112.790 60.242 -0.835 1.930
114.487 -119.343 108.994 1.941
-39.946 55.249 -106.914 1.863
-113.960 -41.377 -117.827 2.081
35.292 -123.917 -61.607 2.050
-158.172 150.090 184.864 1.910
166.654 42.310 -116.357 2.037
-101.133 -138.418 -64.981 1.965
12.555 -178.438 119.672 1.801
54.158 137.298 44.557 1.918
67.303 -144.504 15.053 1.973
-57.044 106.549 152.116 1.992
-9.191 -74.413 191.171 2.022
-59.017 -184.308 93.875 2.049
70.993 172.145 114.196 1.885
-0.735 109.936 63.694 1.985
165.057 -129.323 100.640 2.221
-194.595 -140.913 -77.261 2.150
109.197 -66.353 -198.344 2.154
-80.675 122.291 158.573 2.130
-54.941 178.593 38.876 1.997
-176.764 -56.154 29.173 1.952
-224.680 -66.765 -198.957 1.989
152.888 42.051 -2.471 2.001
-132.270 -26.844 -193.920 1.873
48.252 24.354 -76.911 1.861
72.904 30.273 184.243 1.867
-119.398 150.202 -163.309 2.155
213.463 -77.381 55.205 2.163
114.160 168.565 6.527 2.097
200.164 -111.327 19.670 2.087
-174.033 -139.755 -20.874 1.897
80.332 42.402 -124.417 1.974
136.794 17.277 -163.833 1.966
-14.837 -143.775 -175.786 1.928
83.259 69.502 -147.085 1.742
-46.085 -41.323 59.853 2.060
22.797 -148.328 158.898 2.121
212.865 180.618 124.372 2.034
18.509 108.739 110.750 1.904
-201.972 177.888 -153.052 2.219
26.191 125.675 -54.428 1.967
-107.126 -168.538 -196.068 1.923
-112.607 100.900 -131.969 2.214
-162.523 29.709 70.331 1.796
-201.275 -59.769 146.807 1.973
96.654 154.109 -83.337 1.970
-46.114 -68.902 179.611 1.986
4.191 -138.876 -194.859 1.957
-10.729 -127.158 106.197 2.168
143.945 -168.111 77.904 2.014
-199.891 -150.818 -82.274 1.992
-70.061 -171.229 177.195 1.898
126.022 -29.438 -183.043 1.958
-159.511 -47.404 50.495 2.078
159.623 144.791 -34.921 1.999
90.232 28.096 -135.762 2.027
70.900 17.686 -164.403 2.161
-92.605 71.854 -20.051 2.133
187.372 -92.836 -119.450 1.936
-171.511 -59.989 -114.279 2.005
-54.180 -51.360 -130.933 1.986
3.634 39.804 125.685 2.045
128.251 55.169 15.909 2.012
-49.293 11.900 100.633 2.079
-116.953 88.449 -104.403 1.878
-191.111 -180.028 -86.527 1.768
39.319 131.951 162.926 1.989
-126.247 -166.807 115.253 1.874
-194.065 140.284 53.937 2.134
-12.302 98.246 97.702 1.968
215.312 155.557 38.283 1.997
83.937 -136.510 -9.741 1.900
-106.707 -186.485 -77.072 1.915
-127.011 -172.176 98.929 1.969
-151.722 -50.352 34.323 2.109
93.149 183.081 4.822 2.112
4.459 151.955 -74.779 1.887
-100.018 -176.274 -14.620 1.905
-57.899 -6.417 120.026 1.774
164.027 159.575 153.934 1.947
87.690 -185.292 -37.445 1.964
-167.009 167.900 63.250 1.897
-27.533 -48.237 115.374 2.241
-202.827 91.253 196.618 1.986
121.493 102.855 111.484 2.109
71.971 169.408 167.960 1.913
189.489 41.215 -167.523 2.070
-97.262 28.046 21.160 2.163
109.566 -16.927 65.338 1.833
61.135 99.876 23.516 1.979
-101.920 -96.718 146.244 1.886
93.449 -30.582 193.545 1.972
-156.354 141.928 -161.813 2.046
221.972 171.389 -42.562 2.101
-69.555 63.577 -199.431 2.010
18.461 -149.202 -11.408 1.941
-203.718 -33.542 -35.039 1.970
-138.139 -108.994 -65.497 2.013
-174.566 -49.269 129.752 1.941
190.414 25.476 151.678 2.045
173.689 93.450 -80.837 2.100
-192.454 -10.474 181.888 1.932
200.502 105.811 -24.652 2.124
212.675 7.907 -27.706 1.992
170.745 -91.190 -134.998 1.782
-3.621 -36.095 -68.402 2.063
128.061 29.542 99.943 2.163
143.919 67.265 -13.340 1.679
182.601 0.145 -101.067 1.862
140.474 -46.724 71.971 2.041
-102.915 121.761 -99.403 2.141
-146.559 -168.844 2.891 2.081
87.710 -171.101 -66.269 1.977
-64.163 -23.208 -55.834 2.047
26.891 -20.288 -172.337 1.939
128.208 96.975 104.757 2.022
-224.932 112.158 -123.538 1.916
-182.502 186.279 -114.012 2.096
-219.984 37.169 -101.292 2.079
92.481 54.378 -143.782 1.890
69.656 -99.755 -64.379 1.998
43.416 -142.708 92.647 2.007
43.855 63.418 -49.921 1.748
-185.969 -19.969 -153.592 2.131
-172.859 119.850 -130.987 2.145
186.795 82.447 -54.398 2.139
1.421 58.985 -3.083 2.001
-10.273 108.480 60.432 1.881
215.444 -177.496 -118.770 1.927
97.766 31.200 196.795 2.117
50.790 145.366 196.162 2.064
80.222 -29.697 172.826 1.921
44.938 169.174 84.010 2.033
41.536 148.906 -143.873 1.998
-27.758 -118.973 -109.227 1.991
58.811 -86.474 123.500 1.881
183.738 -169.481 -196.731 1.966
-185.341 -111.068 5.533 1.939
216.938 -120.061 84.193 2.168
-41.481 42.369 -103.589 2.045
-90.479 -33.796 -10.910 2.129
147.489 116.087 139.698 1.935
-134.735 36.057 79.385 2.053
-26.279 -170.467 113.375 2.033
-121.542 146.693 82.539 1.821
