-30.650 -101.548 -136.564 2.015
112.274 -98.069 -82.384 1.851
-185.712 154.580 27.311 1.924
104.606 -105.797 -161.011 1.933
33.405 -133.238 -76.175 2.004
-161.246 -63.299 117.729 2.005
-207.781 -182.395 -15.056 2.021
-46.075 74.783 73.928 2.117
-169.430 3.946 -99.350 2.031
-11.402 160.802 -107.438 1.687
3.067 144.909 -81.708 1.964
82.206 -147.381 191.333 2.245
122.198 39.542 20.857 2.014
110.031 -79.796 -155.418 2.089
-161.821 -114.635 -129.430 2.047
-44.883 169.394 47.964 1.922
8.775 -38.054 -75.936 1.924
193.261 188.280 -81.146 1.983
-163.923 -177.498 151.965 1.867
-149.940 -30.562 -190.274 1.951
-207.081 -112.900 -107.674 1.988
-181.477 -31.141 61.569 2.131
80.574 -7.424 192.351 2.088
-169.357 176.237 159.839 1.837
-170.860 -79.186 -39.878 2.089
205.667 77.893 -144.259 2.132
-105.734 -151.851 130.342 1.969
1.272 98.952 -56.535 2.245
176.743 72.490 -94.482 2.016
-5.235 30.107 -6.097 2.178
-174.203 89.687 -193.989 2.037
85.905 -147.918 -109.456 2.044
-186.573 128.213 40.983 2.059
23.604 -3.254 12.743 2.145
-102.643 -87.098 117.985 2.019
-156.695 -47.063 -90.144 2.100
-40.887 94.682 -34.560 1.899
103.321 92.482 -94.426 1.892
57.257 -76.326 157.684 1.968
-93.459 -24.025 -154.264 1.960
222.830 132.825 85.615 1.913
-185.832 105.573 -122.300 1.780
184.916 -131.219 65.235 2.096
77.915 -122.358 -182.464 2.154
169.377 -158.087 38.226 1.919
75.714 -166.853 16.598 1.917
218.646 98.737 67.656 1.976
-210.415 -49.102 175.133 2.189
-103.236 48.754 -137.699 2.089
-26.518 -18.777 -109.717 2.090
-39.764 59.478 44.497 1.921
-205.952 41.999 185.155 2.074
-198.556 137.950 188.922 1.945
32.151 11.537 -68.330 1.906
80.640 -71.744 -143.631 2.118
56.852 99.852 -103.274 2.183
-150.163 106.428 -137.829 2.180
-79.699 -52.108 -152.586 2.158
193.840 -106.413 -21.882 1.894
218.246 -106.873 179.347 1.766
123.384 48.075 34.114 1.798
-148.092 -32.621 -134.790 1.979
-159.392 32.026 -60.920 1.984
-167.791 -141.210 116.864 1.984
-49.136 125.133 -45.847 2.133
152.314 128.234 134.794 2.133
83.063 -154.469 178.262 2.040
147.384 -38.358 -52.126 1.959
-191.172 -183.560 -5.784 1.934
-66.299 151.295 195.920 2.082
-105.651 69.294 -30.947 1.945
-217.123 -4.698 90.780 1.955
57.043 -79.614 -9.930 1.811
-66.469 141.739 -52.786 1.993
-137.422 -12.533 85.401 2.363
-212.318 182.122 -37.609 2.025
86.070 -84.355 -188.004 2.144
-187.166 107.688 126.003 2.091
-86.385 98.041 93.639 1.676
57.964 73.593 -17.921 1.971
45.725 71.917 -100.024 2.048
54.564 -163.497 -167.960 1.939
212.574 121.694 46.183 2.104
-29.538 -176.606 -104.108 2.170
74.028 -161.758 -70.170 1.943
88.131 -130.029 172.147 1.863
76.877 118.441 73.709 1.966
81.554 83.429 -41.451 1.990
-26.113 184.406 -120.851 2.023
-189.585 -150.790 49.646 1.905
78.473 84.344 -115.777 1.841
15.511 -42.923 -10.401 1.968
-1.888 -17.450 -187.219 2.046
-108.413 -172.243 -31.856 1.997
-91.743 -64.986 -6.928 2.082
-197.529 -154.135 -91.829 2.192
-86.568 35.763 -71.820 2.037
33.601 53.455 -68.312 1.984
-44.110 159.884 -31.637 1.838
141.245 -113.374 -133.010 2.134
-218.227 106.873 175.465 2.011
-42.796 141.834 -169.973 2.049
-28.499 -128.324 -83.030 1.968
170.962 -52.046 -58.648 2.083
168.420 -96.344 -76.867 2.179
171.003 -154.199 -148.468 1.946
105.327 -138.925 193.916 2.000
176.116 -22.940 -184.292 1.980
-174.601 -87.177 -195.165 2.131
-117.627 136.675 142.899 2.012
202.320 -137.233 -11.712 2.063
118.965 -106.819 143.938 2.110
44.151 -159.130 165.312 2.113
-5.184 -78.977 49.735 1.911
20.636 107.761 17.930 1.929
38.469 -153.388 -83.116 2.010
92.496 172.504 -105.939 1.975
-55.095 187.249 5.287 2.074
-199.886 -151.376 157.144 2.002
95.684 -141.968 125.122 1.907
72.121 187.091 128.690 2.162
-44.570 27.900 -131.643 2.011
-143.340 -145.380 181.045 1.833
-138.913 165.431 46.792 2.041
-94.397 -127.049 24.647 1.945
-191.358 133.526 47.407 2.140
50.942 -6.496 103.049 2.006
163.493 20.963 93.339 2.138
148.201 -100.045 157.294 2.168
-128.813 -81.974 8.671 1.992
-49.128 -66.622 188.445 1.885
-142.371 -2.504 8.424 1.941
118.778 -118.231 -37.829 2.142
71.809 -178.244 75.084 1.924
-170.348 144.753 -25.668 2.128
176.752 178.768 -12.484 2.066
222.096 182.661 -179.769 2.162
-112.722 151.917 -44.292 1.927
-4.235 156.466 -95.202 2.087
-77.042 -166.718 -27.379 2.000
70.951 -1.418 -144.325 1.923
188.452 128.798 -119.297 2.072
66.998 85.693 -155.268 1.873
-39.767 173.728 -67.539 1.947
-224.365 90.494 18.455 1.877
99.222 137.426 146.552 1.970
119.431 -187.386 -1.450 2.165
214.166 -23.509 36.259 2.078
-174.743 -28.326 101.091 2.077
164.207 93.621 -62.748 2.061
21.523 -25.354 -110.858 1.887
174.845 -31.083 124.589 2.071
59.074 -123.390 -93.401 1.931
-73.229 -51.136 148.097 2.154
-63.424 -41.823 -41.661 1.954
-217.716 141.734 -92.675 1.901
-36.573 -14.309 75.647 1.892
98.585 -109.966 -187.853 1.897
131.528 -144.541 -125.198 1.862
140.974 77.171 12.657 2.134
-168.990 151.518 -24.513 1.932
-90.129 67.365 126.830 2.056
-155.936 92.769 141.553 1.949
206.912 155.626 141.709 1.922
160.017 96.134 193.381 1.878
-146.814 -47.917 -100.792 1.999
-117.788 -58.646 111.458 1.966
-207.654 78.572 63.677 2.077
206.741 -159.769 104.719 2.053
-166.593 29.536 194.442 1.924
138.859 -168.335 -173.431 2.075
-76.378 -6.943 191.649 2.038
207.021 -158.265 -46.134 2.042
-44.510 23.157 117.354 1.995
153.573 -189.789 -78.514 2.090
147.899 -137.044 47.933 2.150
175.381 61.104 62.170 2.029
-97.757 -91.004 87.697 2.147
98.187 59.577 183.870 1.922
211.338 91.622 -17.044 1.936
-14.160 48.305 189.952 2.105
93.983 21.009 57.028 1.775
-37.547 100.866 58.883 2.077
157.756 -55.966 -153.505 2.165
-217.706 -18.541 136.044 2.121
-139.018 -169.604 81.946 2.007
186.957 -45.437 -2.654 1.913
-1.015 -107.229 56.484 1.887
-12.627 5.663 110.466 1.847
98.325 43.758 194.945 1.975
39.727 80.317 84.742 1.840
20.277 178.080 -57.277 1.981
-14.794 143.054 -36.582 2.193
-77.097 3.587 -45.554 2.060
100.871 -122.832 -98.616 2.087
-204.482 -168.572 -166.522 2.069
15.867 34.074 -164.552 2.081
105.686 2.695 98.206 1.911
-202.830 -6.952 -2.498 2.158
-177.514 -149.841 -196.919 2.198
35.601 -39.646 191.359 1.891
137.666 2.729 -11.474 1.968
-50.065 167.595 146.785 2.078
-115.825 -164.396 118.026 1.896
-7.122 -141.325 106.121 1.998
-218.399 -45.666 -185.966 2.189
-161.423 177.463 -119.537 2.142
-44.571 -15.659 -198.935 1.989
38.981 168.025 -35.822 1.860
-11.595 -0.639 -52.345 1.873
-26.006 162.875 -28.831 2.036
68.238 -155.275 -123.013 1.808
-51.499 54.465 148.628 2.052
34.396 177.969 -144.498 1.969
202.109 -66.621 -47.605 1.838
96.908 73.786 -160.675 2.015
-218.997 133.651 -165.499 1.951
-124.292 -88.531 -114.821 1.877
214.379 170.575 10.001 1.969
196.721 69.354 111.675 2.060
13.657 -85.880 -180.767 2.120
190.852 66.621 96.643 1.882
16.279 99.908 -42.450 1.994
90.760 -125.536 -26.333 2.153
-15.633 -84.890 187.120 2.065
192.394 62.104 107.181 1.976
-70.541 74.644 53.502 1.955
62.814 -70.385 11.389 1.964
-96.713 62.484 -164.811 2.156
200.659 141.491 -173.003 1.879
210.629 -117.193 -65.476 1.911
-70.665 -165.711 131.689 2.049
-46.477 -86.488 30.023 2.003
202.554 -43.059 175.000 1.960
67.522 -102.111 -13.870 1.894
8.274 -68.456 -142.801 1.877
-66.355 108.907 35.314 1.895
140.232 -58.267 72.335 2.092
132.952 -52.125 63.378 2.019
78.838 9.438 -155.189 1.972
86.646 110.978 24.059 2.089
-86.383 -89.417 61.910 2.214
82.382 -79.837 -129.752 2.011
19.477 -6.720 -54.384 1.983
-42.802 9.338 -124.263 2.071
189.835 -49.826 -45.885 2.248
-21.622 7.073 149.522 1.882
119.679 87.317 -164.020 2.240
188.004 -144.204 16.081 2.201
54.841 35.254 175.501 1.971
-140.922 -46.831 -45.596 1.999
-100.500 -106.076 88.351 2.009
77.003 109.484 -139.688 2.097
10.979 59.610 -123.002 1.870
-78.365 -59.862 28.951 1.919
154.161 132.866 154.282 2.036
-98.006 -18.972 -192.330 1.975
-11.712 -55.459 -84.698 2.052
-61.783 46.683 -146.538 1.747
132.445 0.180 -22.151 1.876
-67.461 -10.151 159.971 1.980
145.892 -121.725 -55.655 1.958
6.960 111.779 -11.581 1.791
14.121 124.830 189.682 1.767
-83.398 -80.475 141.623 2.140
177.675 131.188 -119.107 2.230
-10.518 127.178 -116.626 2.034
208.684 -113.655 -161.896 1.901
102.050 -161.645 -7.629 2.030
-131.881 54.530 9.477 2.020
145.667 -143.459 183.340 1.922
-152.525 135.018 146.487 2.005
-160.457 45.369 138.590 1.915
-35.205 -26.142 -3.058 2.218
42.593 -161.482 81.788 2.106
35.012 -124.248 67.892 1.959
-63.312 169.887 132.529 1.999
-199.636 -160.222 -79.294 1.763
127.781 103.448 124.129 2.086
-181.104 -0.798 -157.828 2.185
202.785 31.500 -96.556 2.040
-14.510 188.874 68.652 2.179
-105.307 -146.886 47.936 1.986
102.539 -184.225 84.644 1.927
172.923 -83.957 -143.808 1.977
38.568 -84.297 36.079 2.110
192.136 -179.941 89.118 2.097
208.198 -81.622 -159.025 2.015
8.602 -46.200 18.430 2.076
213.752 70.344 55.874 2.055
224.015 -161.680 6.380 1.884
18.084 -124.976 29.608 1.929
-101.052 125.648 -126.035 2.041
-160.013 130.338 149.932 2.003
194.124 -104.394 111.146 2.018
174.050 28.379 -62.432 2.094
122.176 -127.803 -62.731 1.953
53.588 3.937 -95.885 1.843
79.872 -54.917 -50.660 2.100
72.209 47.890 37.445 2.154
-91.552 188.302 190.149 2.179
4.201 25.761 -137.592 2.069
-204.076 82.308 41.107 1.945
-34.379 77.652 150.100 2.018
-25.554 -37.602 -166.246 2.133
-131.438 164.082 1.214 2.134
165.361 67.892 -69.825 2.018
-32.780 -150.924 78.088 1.915
-53.521 -184.572 -159.376 2.060
-98.005 -43.699 -63.821 1.910
-43.626 66.247 42.522 1.989
-106.079 60.694 -12.479 1.894
-25.063 -178.260 142.755 2.035
1.690 53.893 177.010 1.962
-113.816 -87.331 -131.181 2.216
188.584 31.617 107.646 2.094
181.145 167.389 98.993 1.885
145.771 61.163 -186.858 1.992
158.272 -184.313 -17.621 1.990
188.043 -69.370 -179.073 2.118
-131.351 -165.823 -189.148 2.069
-86.879 108.803 89.083 1.900
-101.223 121.254 191.334 2.018
38.140 158.532 98.964 1.993
18.858 71.807 142.246 2.128
41.775 -34.183 -141.380 1.945
-193.445 -164.410 -148.978 2.114
221.205 80.558 -171.408 1.841
65.643 170.327 145.303 1.909
206.188 -102.390 -71.612 2.019
202.141 91.359 185.640 1.998
72.306 -29.685 -177.778 1.935
-147.477 98.005 2.852 1.972
92.593 -124.722 -26.075 1.855
193.755 -10.464 -70.886 2.058
219.883 -37.001 58.789 1.986
0.827 -2.637 -145.017 2.048
-0.570 39.861 165.210 1.986
93.687 90.926 161.954 2.071
-101.403 -126.448 -18.588 2.108
-43.929 -67.206 40.937 1.981
47.472 -89.038 161.191 1.942
-208.802 -99.297 119.939 1.989
-182.578 187.128 -175.458 2.005
-218.283 44.837 60.776 1.945
100.627 181.179 -152.332 2.008
-197.836 -173.008 15.756 1.943
-58.685 -177.180 194.354 2.142
-2.843 -47.326 -100.278 2.129
-64.779 -137.018 170.858 1.995
106.191 -86.257 52.426 1.897
-210.700 -90.364 -163.392 2.065
-5.224 116.934 43.772 1.925
-34.141 150.919 2.565 1.917
56.713 -81.487 -129.072 2.177
203.113 41.363 185.334 1.971
-217.333 62.538 -91.965 2.145
-79.086 141.179 -51.566 2.045
-207.791 -64.350 63.416 1.961
-144.342 10.329 51.946 2.109
-161.428 50.301 5.749 2.004
-35.961 -99.770 156.747 2.051
189.649 -170.925 78.703 1.962
-7.386 -72.551 -172.346 2.017
-194.549 63.223 1.795 1.949
4.988 100.973 -169.651 1.999
-62.372 164.921 142.967 2.020
-29.947 -26.857 -90.205 1.996
-140.658 -188.594 76.751 1.899
170.113 -69.640 124.989 1.950
31.923 -59.338 -10.906 2.096
70.423 -184.250 96.562 1.787
162.982 32.395 116.276 1.928
-215.974 -85.702 45.523 2.091
13.213 13.618 137.408 2.046
-117.304 -13.250 27.790 2.017
-54.048 59.741 -180.638 1.939
23.003 55.345 -85.417 1.967
124.684 -13.220 -26.893 2.277
-54.619 12.706 2.320 2.151
61.744 -15.596 84.507 2.056
-162.183 124.325 97.130 2.163
53.582 -140.312 129.333 1.945
18.681 -16.453 95.150 2.093
-97.050 42.702 86.669 2.038
152.027 105.411 41.835 2.179
-35.254 -62.839 181.617 2.028
14.293 15.642 192.707 1.973
-113.929 -23.842 67.368 1.762
-37.123 158.636 -90.050 1.990
96.004 -41.302 91.193 2.087
-148.251 75.775 115.426 2.126
54.419 -38.393 -108.520 2.005
-202.382 -99.266 7.361 2.014
13.667 134.204 196.219 2.042
172.744 -17.474 -10.547 1.892
175.694 72.699 -103.295 2.198
-196.850 148.813 95.809 2.014
207.342 124.020 161.858 1.810
-100.212 -14.193 108.763 2.229
142.778 68.274 176.089 1.836
-164.268 -184.497 158.130 2.110
-136.126 59.980 128.137 2.115
-105.193 162.119 -0.940 1.999
21.709 148.020 66.047 1.965
-125.556 35.716 23.592 2.075
214.328 -92.428 56.254 2.000
-11.703 -151.747 -189.096 2.105
143.845 -169.810 -174.395 2.015
-165.959 131.149 -105.536 2.079
-124.388 -60.609 -102.636 1.988
-134.077 -116.566 -32.842 1.890
187.371 92.302 -17.410 1.933
102.292 186.280 -159.338 2.087
-132.233 -110.166 86.024 1.713
40.627 96.242 17.534 2.112
-52.852 81.814 -129.040 2.050
-54.773 -55.150 38.182 2.036
42.488 -174.134 -60.727 2.155
96.498 60.724 165.924 1.901
171.355 10.470 -58.993 1.970
202.828 9.797 -159.411 1.913
200.766 73.835 -98.304 2.205
-98.679 156.838 192.461 1.868
117.060 137.110 137.560 1.939
-106.450 -18.693 -70.120 1.924
31.806 -177.087 27.085 1.962
-35.254 -31.689 -41.279 1.875
88.849 130.166 -159.909 1.945
-219.807 -111.680 82.772 1.984
59.583 -136.095 -31.705 2.034
-172.641 110.983 139.306 1.992
82.996 -74.992 23.465 2.004
-2.108 -53.309 193.482 1.805
-82.638 -18.937 15.395 1.984
-206.545 -36.966 -33.884 2.001
9.248 -124.058 -25.039 1.881
138.307 83.143 -42.975 2.026
-6.566 -1.136 -42.807 1.799
-179.158 -120.468 -67.362 1.938
105.030 151.595 85.933 1.843
95.002 -84.161 192.985 1.957
186.362 179.908 -6.637 1.891
165.602 -187.795 -1.165 2.123
139.230 -102.521 168.517 1.952
180.422 65.298 124.099 2.137
83.496 -47.213 77.746 2.092
1.234 140.916 115.215 2.013
85.517 49.128 -31.916 2.128
-75.212 -144.328 -75.832 1.832
-68.940 -103.851 -175.844 1.880
34.054 63.021 28.211 2.085
15.760 -146.979 7.906 1.874
107.558 -24.069 -65.369 2.067
-64.527 -172.741 99.784 1.844
-139.121 174.236 -34.343 1.897
-13.431 -139.045 132.499 2.030
-190.624 176.873 -107.065 1.864
-201.369 80.413 166.256 2.085
-160.911 -155.555 -142.890 1.955
146.713 99.922 115.105 1.917
47.671 188.004 -71.135 1.875
78.356 -75.860 162.962 2.077
19.494 -19.670 -130.548 2.009
196.475 74.579 -161.482 2.023
74.101 185.155 188.295 1.885
-150.962 -132.765 105.324 2.103
213.568 -73.201 -10.121 1.801
50.650 182.370 -80.908 2.076
-221.745 -12.234 -40.504 1.848
-84.150 148.448 27.832 1.926
99.353 89.493 103.656 2.016
-26.053 -0.338 -71.923 2.037
-146.898 114.343 -55.255 1.877
34.170 186.160 69.503 2.022
12.255 35.979 -158.575 2.059
-14.366 158.277 42.111 2.061
33.598 -22.467 152.034 2.065
153.942 131.090 8.888 2.073
-17.908 -172.597 -9.725 2.139
-217.376 26.554 -168.220 1.924
75.639 -163.347 -13.915 2.116
154.765 121.136 55.737 1.823
-189.118 91.910 199.709 2.021
41.246 -72.341 -134.528 2.157
-133.181 8.710 19.273 2.014
118.948 161.897 -193.463 2.057
59.026 171.516 -196.941 1.915
-129.270 -150.306 -27.904 2.195
115.258 73.008 -99.337 2.025
24.946 -139.760 -194.858 1.960
35.751 -96.250 197.478 2.064
-63.554 -187.452 -11.761 1.922
-106.772 96.149 69.764 2.144
57.560 5.960 -87.658 1.954
-134.839 106.832 62.045 1.885
159.634 -120.824 182.784 1.959
138.098 141.408 -69.607 1.894
-120.005 106.241 179.621 2.116
59.332 58.699 89.630 2.126
-143.690 154.582 -54.286 1.919
56.963 26.674 22.254 1.739
-84.224 -17.680 38.779 1.959
-139.833 83.466 -62.797 2.020
94.796 42.289 193.714 1.909
69.560 -139.105 176.525 1.940
206.449 -72.962 63.821 1.993
-40.572 -23.434 2.461 1.875
174.831 -62.035 163.607 2.003
223.167 -183.844 193.423 2.074
19.779 43.824 25.296 1.862
184.854 54.081 -13.389 1.843
83.309 -23.293 -179.029 1.953
-104.896 80.582 152.467 1.809
17.380 -82.775 0.799 1.970
-78.859 172.336 -49.582 2.104
81.515 174.499 156.956 1.969
-206.831 -47.672 71.428 2.049
-76.741 26.502 62.192 2.043
-65.597 -164.845 72.931 1.896
32.564 178.550 -120.125 2.044
-33.066 -55.039 -4.076 2.238
21.012 -157.841 -154.558 1.962
81.953 -54.303 -75.803 1.938
-71.238 -160.026 108.713 2.232
-108.133 86.365 -13.171 2.186
138.848 141.599 69.393 2.132
167.589 -177.865 -22.803 1.863
-84.542 164.753 175.142 1.860
94.202 16.218 127.051 2.083
92.456 -128.491 106.852 1.897
-156.094 178.584 -21.755 1.951
146.858 175.652 -113.036 2.055
-20.803 -175.724 -189.104 1.912
-58.918 21.382 65.909 2.024
213.086 -14.156 -24.424 1.967
-5.963 -3.327 148.129 2.288
-55.195 185.175 130.167 2.115
100.073 150.154 10.084 1.887
-3.357 -180.899 90.770 2.122
-174.271 -57.565 -171.155 2.099
-214.108 -45.774 82.400 2.076
212.882 -160.513 110.305 2.057
4.386 -3.863 141.668 1.882
213.663 -42.849 0.097 1.951
-63.537 154.726 -0.757 1.997
206.189 -139.833 2.336 1.991
15.271 -71.417 36.882 2.111
-75.397 -148.882 -86.880 2.077
68.071 101.587 -21.307 2.164
-207.474 97.703 -55.364 1.859
-95.298 168.761 -72.670 1.946
-76.212 176.034 -62.539 2.160
89.781 -78.581 4.208 2.164
145.548 -54.069 -159.670 1.880
142.787 -181.923 190.107 2.028
-63.009 131.784 -67.889 2.173
155.132 -15.528 164.112 1.952
94.183 38.895 -28.854 2.173
56.942 -41.387 -148.242 1.897
52.148 30.644 82.592 2.063
-31.652 82.871 177.402 1.948
213.075 -84.009 37.269 2.131
-70.523 1.041 -48.960 1.704
97.466 91.118 -34.862 1.907
-12.241 24.204 86.804 1.958
172.472 77.858 62.155 2.011
-18.186 -131.439 -183.069 1.953
51.437 -100.107 -47.075 1.973
-223.433 152.504 91.853 1.962
-185.394 -24.629 165.086 1.983
-195.906 189.547 -107.936 1.984
108.329 -36.548 81.220 2.134
114.758 30.971 -82.934 2.100
137.777 -22.340 -28.281 2.139
55.798 -21.231 139.003 1.906
-132.747 -38.690 7.243 2.106
185.463 -93.434 -65.537 2.095
-18.029 71.507 -134.492 2.061
187.785 70.707 53.394 1.904
-207.456 184.459 14.573 2.145
-159.703 176.426 -70.579 2.076
78.259 29.614 -132.209 2.026
-217.606 76.920 -21.429 2.103
-81.405 188.497 182.788 1.782
154.112 21.841 152.819 2.057
-98.172 -113.929 183.173 2.130
213.463 -31.556 -114.785 1.937
-200.144 -161.649 -129.719 2.092
-220.205 -188.321 154.779 2.010
-183.927 97.581 84.273 1.913
20.266 38.825 -97.164 2.028
46.257 164.535 -37.823 1.838
-129.322 -140.113 182.531 1.877
61.480 152.126 -61.478 1.946
111.285 126.088 14.095 1.983
101.344 44.644 138.163 2.071
65.300 -71.118 -115.589 2.014
-73.812 176.036 -150.007 2.096
-181.091 60.905 -29.911 2.159
-9.114 -163.782 80.274 2.153
51.207 126.988 -77.512 2.002
155.168 48.975 -164.404 1.943
-164.117 -132.421 198.379 2.089
66.031 10.573 177.336 1.982
-50.258 68.235 131.855 1.988
76.026 83.146 -74.314 1.919
130.818 -20.986 -54.635 1.955
-74.877 1.827 137.792 2.142
-76.652 -106.084 -147.260 1.817
144.446 -17.233 -184.868 1.961
-203.059 -103.537 43.181 1.855
25.173 -120.377 131.922 1.892
-66.924 -99.097 -64.208 1.879
64.544 56.394 -117.943 2.006
-127.997 160.502 81.209 2.085
-103.755 87.171 5.939 1.710
218.968 16.507 69.634 2.018
117.211 0.901 -41.161 2.103
87.795 41.680 -156.742 1.940
-141.465 -1.418 -164.932 1.915
54.544 -9.370 -96.185 1.990
-204.768 5.032 -197.403 1.892
-12.307 67.471 -39.567 2.115
207.152 -81.617 43.081 2.117
91.573 61.838 -124.058 2.107
33.695 48.999 175.922 1.976
45.490 178.183 -159.896 1.992
56.051 -181.911 5.204 2.067
-190.425 91.707 -110.684 2.133
-121.661 113.221 2.817 1.948
115.396 -162.228 138.176 1.955
-62.571 -45.411 58.889 2.005
102.634 121.731 149.996 2.161
155.804 129.234 -100.837 1.939
128.853 -108.154 -142.306 1.966
-96.470 66.157 -10.755 1.880
-78.252 56.338 20.146 1.803
105.624 -53.515 159.050 2.068
-164.522 -73.121 -172.864 1.876
-97.045 -69.646 1.739 1.912
130.380 -58.450 -119.387 2.076
105.869 -84.749 -123.557 2.038
-68.373 4.462 118.143 1.865
-170.488 153.763 -0.001 2.188
43.045 86.334 165.553 1.980
-58.975 -65.429 -29.853 2.124
-60.839 74.600 97.072 2.034
71.201 158.939 -10.513 1.851
-77.397 -89.855 130.644 2.049
-33.813 -154.987 -40.695 1.999
32.781 -152.243 96.880 2.019
31.468 66.761 123.347 2.067
-217.851 111.543 -170.548 2.130
13.083 -138.104 -4.908 1.926
-79.756 -123.871 -191.089 2.016
-37.513 -1.987 86.131 1.813
190.200 -103.273 -52.995 2.194
-118.057 23.556 160.846 1.977
-165.979 44.064 132.278 1.979
108.042 30.550 94.106 2.142
138.341 181.499 -52.712 2.019
128.082 2.860 69.463 1.786
194.985 94.119 67.626 2.036
74.562 -125.602 -75.007 2.024
190.939 146.904 -196.619 2.014
140.995 71.395 -8.285 2.113
-223.183 -181.978 -178.041 2.015
-134.320 -40.630 152.842 2.125
-108.089 43.955 83.068 2.236
-63.584 -9.077 73.825 2.012
191.935 180.288 -68.966 2.141
-82.865 -94.904 147.960 1.983
188.584 6.751 197.766 2.077
190.824 -158.496 -100.376 1.752
106.106 -65.003 -180.571 1.979
52.519 138.659 -158.299 1.920
-207.874 -184.812 -63.358 2.128
64.413 -1.739 -39.937 1.974
-44.411 175.719 -46.290 1.985
-7.488 166.742 74.208 1.971
-50.909 -8.392 176.303 1.888
103.417 77.846 93.312 1.873
87.452 119.710 -170.308 1.999
-147.851 -95.171 69.381 1.870
194.918 -65.251 155.823 1.990
93.861 -43.042 129.692 2.031
2.087 44.388 -197.366 1.882
96.339 -164.088 -28.499 2.045
106.222 59.380 110.795 2.162
66.623 -14.637 9.859 1.963
159.329 22.276 -168.669 1.853
-71.440 -163.309 173.779 1.971
189.603 -46.598 -98.672 1.976
55.486 50.665 70.814 2.160
-57.043 -116.303 0.896 1.902
101.599 140.022 5.596 2.005
160.024 93.174 54.446 1.975
-70.801 -120.420 -161.572 1.812
179.426 143.787 -134.335 1.952
182.130 -68.160 156.432 2.011
-212.279 -10.170 -42.867 2.035
-110.719 65.360 -92.922 2.038
-207.320 -65.614 140.626 1.878
-143.448 -68.483 195.416 2.144
145.551 -39.141 -190.828 1.987
17.182 -63.770 159.801 2.012
35.632 45.215 86.051 2.242
214.136 155.221 26.213 2.031
19.933 101.123 -112.965 1.938
36.901 -104.717 -15.701 2.127
25.691 -20.360 -21.839 2.135
-146.022 93.372 -103.010 1.931
53.871 -36.943 -65.667 1.957
-211.399 168.784 -133.432 1.959
-189.842 25.190 -171.694 1.930
-215.569 -183.079 138.705 1.811
-69.064 -62.739 134.126 1.915
36.678 125.797 182.747 2.094
96.934 -185.399 110.557 2.025
-159.503 26.871 -129.649 2.134
104.299 -49.507 156.393 2.123
-66.900 12.748 19.476 1.887
-41.190 183.980 116.119 1.885
44.151 -61.685 20.323 1.904
196.220 -89.170 72.690 2.098
164.641 -22.189 34.031 1.966
33.123 139.145 -64.691 1.863
142.301 -135.298 -62.103 2.098
186.658 -10.020 19.189 1.897
0.713 -101.637 196.632 1.811
125.039 -115.166 -171.621 1.908
137.722 -0.578 25.163 1.992
20.429 104.994 124.509 2.103
100.673 -71.668 -165.851 1.908
-190.512 -82.010 24.093 1.986
-71.470 68.043 37.894 1.984
150.010 -176.949 1.694 1.980
-131.461 -5.976 129.951 1.943
95.161 23.442 118.151 1.946
205.936 57.267 104.412 1.835
178.347 111.661 -80.235 1.888
-1.299 76.865 180.865 1.905
-41.275 27.002 8.775 1.963
44.009 -88.016 -144.960 2.082
-6.379 -99.082 -177.460 1.782
102.957 67.865 198.297 2.059
-130.909 152.946 -185.261 2.055
202.446 -49.303 -176.131 1.924
-152.529 -161.103 -111.207 2.131
144.660 -26.106 159.693 1.958
97.450 17.720 4.514 1.879
-199.607 148.360 -86.687 1.949
145.867 -150.781 -24.570 2.129
86.689 -3.598 -63.079 2.150
13.329 -20.299 186.762 1.871
172.490 -69.777 141.726 2.126
-211.025 -184.118 131.579 2.044
82.391 38.518 -4.123 2.017
104.249 -110.009 -161.801 2.112
-133.409 149.655 177.205 1.841
189.281 166.191 97.133 2.009
-159.880 80.308 -37.147 1.974
88.107 152.916 -18.880 2.101
-183.383 113.279 18.390 2.059
-147.668 36.264 75.896 2.047
-175.708 70.895 -2.398 1.929
-59.775 -78.085 -22.161 2.153
-56.756 -32.131 73.127 1.777
-177.410 -31.453 -182.102 1.924
-40.485 125.634 159.085 1.890
87.640 159.603 148.147 2.046
29.486 -178.736 94.747 1.972
-47.173 -14.922 174.775 1.988
-104.253 -144.017 -52.897 1.778
164.776 -182.112 131.745 2.074
-122.809 107.112 -199.493 2.042
-224.932 -5.969 63.695 2.041
-38.137 44.532 -63.115 1.976
68.032 187.020 150.642 1.866
-116.484 -37.434 -45.981 1.910
-74.394 122.892 -57.888 2.103
-98.469 -152.598 -136.042 2.098
180.790 181.437 168.000 2.084
-12.302 -102.402 161.244 2.038
-18.227 -7.206 -114.471 1.841
90.233 3.795 -196.533 2.005
179.258 72.210 137.673 2.027
-160.007 -14.142 -103.249 1.999
-153.786 -54.197 -95.604 1.961
44.586 5.618 -123.866 2.090
-207.214 -174.163 184.382 2.013
-174.306 53.475 39.340 1.923
-33.305 137.923 172.410 1.894
-134.238 139.080 -193.996 2.014
-163.382 -127.015 -105.125 2.086
49.024 100.162 14.731 2.011
8.808 -118.575 61.068 2.107
-162.536 45.869 186.471 2.065
-91.248 -101.447 138.772 2.039
-217.512 -26.876 -51.426 2.097
111.957 144.805 158.883 1.877
-82.257 126.815 30.825 1.987
-145.101 -80.259 -122.120 2.104
88.551 -121.936 138.920 1.946
-198.697 -184.427 34.814 2.120
145.118 177.934 145.063 2.090
3.315 -112.549 150.990 2.081
-161.529 -109.845 0.278 1.993
67.472 183.846 -138.239 1.886
123.124 77.593 145.203 1.953
0.701 4.853 -8.172 1.904
-63.671 133.590 -138.344 1.914
-8.251 17.976 -34.238 2.042
-35.594 137.681 40.352 1.988
54.473 -136.876 -68.363 2.102
68.531 40.068 54.612 2.066
-100.812 -36.496 97.440 2.050
88.981 -4.431 49.847 2.013
100.309 42.430 -93.554 1.805
-224.426 1.633 188.018 1.706
-72.555 121.004 61.927 2.027
-214.559 -133.263 -157.159 1.917
-163.060 -13.992 63.251 1.941
-50.243 -18.079 -177.644 1.902
-193.004 4.677 -79.133 1.962
110.809 -136.597 137.616 2.088
-85.805 155.752 -10.404 1.950
-92.191 -83.513 -141.271 2.121
-110.892 159.299 -7.385 2.114
-16.044 -134.056 -120.999 1.977
-197.750 -175.561 -188.626 1.892
-81.964 -118.901 -103.418 1.921
199.520 -178.268 183.690 2.193
23.250 188.020 -33.987 2.081
84.746 -2.303 70.147 1.908
-73.093 167.964 164.121 1.945
-170.249 -44.875 53.217 2.071
-165.257 -176.365 1.355 1.972
208.324 8.330 -13.844 1.999
177.777 -31.056 -17.470 2.046
69.228 19.467 123.809 2.092
-44.425 34.741 67.788 2.089
-154.640 174.416 -90.169 1.904
-76.515 47.352 -104.859 1.989
31.231 76.030 -193.057 1.966
-204.144 179.293 108.048 2.066
48.470 122.222 -110.412 1.985
-40.265 20.549 -152.862 2.071
30.666 156.839 -159.528 2.161
-47.519 82.055 33.300 2.115
-156.759 13.523 191.781 1.986
26.066 105.921 -85.877 1.984
62.991 77.552 -30.622 1.948
-89.333 182.071 -92.222 2.100
-9.725 -151.917 96.355 2.192
112.156 -49.623 -48.771 1.990
-53.803 -122.153 99.497 2.016
-24.141 -1.105 14.028 2.097
118.551 -129.919 -58.780 2.171
-86.260 -186.101 -96.526 1.972
-110.325 -72.867 -103.296 2.049
-11.088 86.076 29.932 2.047
-33.349 -138.571 -31.865 1.952
-125.656 159.988 95.818 1.959
-198.154 33.037 -153.046 2.109
193.111 -150.457 -183.305 2.068
-91.497 -30.915 98.414 2.086
160.549 18.878 7.241 1.854
166.850 -143.459 -160.600 1.968
-67.714 -166.954 -88.043 1.958
156.387 168.200 -37.658 1.971
-179.111 69.243 75.355 1.975
-168.634 -183.035 -65.379 2.027
65.591 -160.771 -46.409 1.839
-131.835 132.271 -191.593 2.008
5.679 108.486 -186.755 1.985
-203.642 -154.311 116.445 1.964
-181.979 -119.844 99.968 1.915
-79.048 34.423 171.437 1.996
-120.439 158.837 17.847 1.966
126.032 73.276 -28.865 1.964
-122.909 -137.870 -128.339 2.034
-98.363 -186.448 58.245 1.988
46.705 100.428 -22.037 2.076
107.352 181.089 -78.578 2.246
66.351 -89.712 169.212 1.945
-147.667 -34.641 -159.238 2.033
87.381 146.154 197.794 1.945
-144.279 -188.076 45.583 2.039
115.628 -82.960 -12.719 1.951
67.112 -172.879 -37.756 1.916
73.000 183.464 137.006 1.918
206.757 -16.172 -55.640 2.019
22.686 -124.762 86.107 2.104
-171.883 167.189 -52.846 1.906
171.594 -1.415 -35.328 1.859
-14.899 184.083 154.404 1.977
130.891 -7.004 73.803 2.099
212.335 -40.807 -162.800 1.863
-177.970 -97.427 191.552 2.105
190.768 -125.912 -130.790 1.996
166.671 64.149 -174.273 2.126
73.952 96.436 -132.697 1.979
-129.506 132.665 38.405 1.987
-14.233 -160.636 176.074 1.940
114.127 111.470 59.818 2.018
-131.678 183.592 27.141 1.814
-125.040 6.530 -120.935 1.924
12.204 -176.978 -50.307 2.153
-100.283 -122.277 165.361 1.851
-20.738 -160.409 -47.685 2.085
88.166 -17.267 -71.080 1.991
195.392 71.253 182.831 1.952
-0.536 -158.457 64.786 2.065
106.777 -79.695 -25.258 1.824
-88.380 -85.190 -57.846 2.078
-208.229 85.591 -55.515 1.915
28.617 8.322 1.431 1.998
-36.213 -31.015 -88.622 1.918
196.389 -115.483 194.607 2.087
-94.215 -103.583 -158.992 1.997
-30.118 -84.620 -68.210 1.931
127.708 -54.350 -48.759 1.921
-36.194 -183.783 -127.973 2.096
169.186 8.261 26.007 2.015
-119.323 -46.177 -66.145 1.954
140.730 -185.680 0.334 1.946
170.748 42.401 -105.184 1.962
86.237 -111.056 -114.227 1.924
-184.922 -133.877 33.078 1.995
33.670 -118.246 -103.371 2.064
44.755 -132.730 78.285 1.925
37.386 28.567 -56.126 1.921
-12.166 -24.797 -135.610 1.999
-153.117 189.919 -178.591 1.970
69.742 -85.649 -96.418 2.186
162.134 -71.640 199.913 2.070
89.160 7.684 40.927 2.019
224.722 -114.446 -14.258 2.012
177.965 -7.247 -61.073 2.079
-125.887 118.270 85.690 1.856
69.783 -151.756 -106.805 1.853
-145.993 -19.628 -168.828 1.802
-204.155 104.017 11.365 1.896
-49.540 -115.110 40.037 1.914
77.499 -53.136 -52.302 2.167
-167.861 74.969 -134.284 2.082
-58.090 -135.241 -160.180 1.941
209.466 30.082 198.669 1.938
-118.808 187.839 -64.441 1.867
-104.222 -53.513 99.681 2.023
-58.985 -176.206 142.672 2.002
-114.932 -72.504 121.960 1.910
-175.564 -78.825 -22.123 1.957
-41.117 185.200 -37.522 2.131
-67.651 -134.960 -105.126 2.101
-27.690 128.286 -45.306 2.060
-150.940 -143.198 8.584 1.962
-7.800 -71.789 -163.641 1.983
-96.406 -68.288 141.147 1.926
-209.233 176.019 1.580 1.908
-60.987 -167.799 164.008 1.945
-219.026 -166.858 -48.692 2.009
113.303 97.718 -127.605 2.097
24.238 184.667 -119.277 1.949
45.842 -95.445 154.532 2.000
-142.890 -127.961 88.827 2.066
-27.152 -137.875 136.049 1.874
-204.527 -91.776 194.090 2.239
-20.248 74.517 -18.908 1.887
38.256 -111.109 -21.254 1.918
142.439 -68.616 -46.051 2.019
217.163 -109.207 -65.365 2.042
-176.741 -141.366 -160.258 2.065
113.146 181.504 90.832 2.148
-209.981 -37.240 35.163 1.909
137.345 61.999 -41.370 1.994
107.167 141.355 -95.150 1.967
-102.607 -183.676 10.291 2.072
-68.542 -17.463 26.382 1.965
-11.380 -15.214 36.898 2.120
-45.906 -107.104 -179.296 2.234
-112.383 122.875 -35.764 2.237
150.079 -142.726 -144.272 2.040
178.096 100.781 -129.794 1.921
-219.675 -152.171 93.485 1.953
-209.598 -145.887 -38.973 2.013
-139.980 106.197 -121.354 1.985
-164.772 148.097 -40.810 1.906
-176.017 -1.414 75.981 1.927
-74.993 31.044 -112.205 1.851
100.029 87.845 176.285 2.090
-83.092 -133.968 -81.242 1.855
-108.594 -174.731 -29.322 1.913
100.374 11.542 87.754 1.905
135.128 26.529 -75.266 2.145
-173.452 128.115 -41.446 1.958
139.711 -13.660 139.232 1.944
-24.242 12.576 165.645 1.836
