-147.002 -125.557 109.328 1.975
-104.848 112.201 190.463 2.024
31.637 49.606 58.515 1.945
152.334 19.174 31.056 2.047
-148.142 -98.678 -26.699 1.751
-136.706 -123.924 -122.963 2.014
197.006 -165.733 -27.667 2.094
-123.838 -33.544 -42.488 1.961
47.601 151.680 -149.688 1.949
164.733 -86.916 3.806 2.041
102.760 133.587 -114.376 2.201
62.944 -24.836 -117.590 2.027
-73.124 -100.323 172.385 1.929
108.734 -37.054 -125.992 2.061
168.173 13.536 -159.649 1.934
-123.453 -126.546 -13.973 2.098
-1.695 -69.208 -43.019 2.049
135.294 88.073 46.881 1.814
156.465 8.283 -176.071 2.093
-129.275 -70.488 -199.906 1.896
98.283 4.375 131.475 1.960
-18.010 129.233 -77.306 1.967
-206.668 -23.024 29.323 1.981
-155.804 -152.378 -33.577 1.999
-110.365 -150.620 -154.514 2.088
-105.880 -8.018 -27.319 2.096
79.707 122.411 -98.181 2.166
98.910 64.984 146.643 2.012
111.740 -145.240 77.517 2.045
116.856 59.826 55.450 2.060
143.620 115.836 4.294 2.067
46.855 45.869 -55.995 1.945
0.954 -86.969 -14.509 2.124
-196.463 -82.807 -194.357 1.897
-153.202 -168.643 11.878 1.973
147.118 -128.413 149.270 2.014
76.189 -72.653 137.969 2.036
122.781 -25.171 29.438 2.019
-43.496 -153.083 -71.017 1.987
159.450 -121.342 178.608 1.955
11.422 142.754 -6.719 1.935
-97.583 -130.016 1.567 1.973
137.735 100.781 -143.446 2.098
-114.080 -126.787 52.851 2.034
182.794 43.637 49.653 1.920
-48.761 -127.953 68.967 1.941
170.544 75.590 152.876 2.173
179.489 186.162 -103.510 1.944
-180.896 -169.251 -82.278 2.001
64.687 163.818 168.736 1.987
36.890 17.068 -119.872 2.140
-10.260 17.071 -113.667 1.951
-65.332 -21.535 -107.464 1.944
26.953 -11.090 -190.120 2.070
136.808 105.955 -5.346 2.009
206.042 10.670 -97.644 2.051
144.691 -169.547 5.842 1.979
-99.030 -143.785 -120.885 2.115
-107.617 87.983 142.537 1.993
-36.405 60.298 54.406 2.165
198.249 104.787 105.824 2.209
18.015 -89.786 -124.022 1.988
-116.303 77.244 124.000 2.087
-43.849 -79.262 -46.150 2.066
-99.568 184.376 66.814 1.941
14.991 71.239 62.775 1.840
39.246 110.354 89.626 2.076
77.237 58.889 -174.046 1.895
-131.995 -37.748 -173.277 2.170
-146.162 189.385 76.538 2.148
-114.981 -127.993 -12.054 2.038
6.098 104.052 -46.504 1.855
139.998 -153.053 -103.243 1.951
148.284 -111.526 -87.364 1.734
23.206 189.878 180.176 2.160
-67.503 19.047 -66.668 1.969
-166.875 133.864 -28.976 1.810
-138.279 162.163 183.752 2.050
-31.599 -69.382 -95.287 2.070
211.823 162.883 160.592 1.847
43.527 178.921 -44.074 1.996
-95.367 -7.319 65.846 2.057
113.124 97.724 47.890 1.995
-80.599 -18.334 151.612 2.112
-79.288 -3.696 -115.477 1.837
-75.909 98.874 43.508 2.009
191.236 22.628 -132.965 1.921
-32.931 130.209 189.226 2.000
-41.958 149.270 -52.772 2.178
-174.886 62.475 -197.943 1.954
38.958 124.620 171.977 1.953
93.084 119.244 -105.090 2.194
-73.398 -31.300 170.871 2.244
146.602 -4.588 185.818 1.984
48.914 -47.696 -159.591 2.126
39.023 78.153 51.094 2.126
186.545 24.371 -30.528 1.994
-62.514 143.063 158.087 2.000
87.329 105.009 -139.110 2.107
-30.631 27.394 87.259 1.841
-145.549 180.791 -153.185 1.991
-95.729 47.498 -153.903 2.020
183.171 164.077 -2.659 1.992
85.175 -72.475 -134.642 2.016
190.124 -53.325 133.973 1.861
-19.644 35.233 -105.100 1.971
199.549 158.066 -145.653 1.911
-46.305 -10.729 -178.721 1.971
-54.375 139.382 -15.825 2.004
-99.491 -173.810 -61.585 1.881
202.922 106.420 85.202 2.179
93.785 -107.153 -159.435 1.876
-184.661 -15.701 159.190 1.790
-200.962 -165.041 -88.606 1.979
70.841 32.354 -173.029 2.205
91.463 -164.799 116.003 1.885
-134.193 142.999 -70.158 2.059
-41.180 127.426 -127.593 1.974
-74.942 -63.995 -183.987 1.866
185.299 102.715 131.932 2.012
-193.340 119.627 -142.303 1.953
218.014 -188.479 97.112 2.008
193.668 10.552 -167.019 2.214
144.361 -108.907 -44.517 2.042
-51.107 -97.490 -44.019 2.108
187.317 119.086 -46.100 1.987
-8.519 85.389 -60.606 2.041
79.264 85.252 -31.310 1.981
128.355 136.980 87.592 2.096
58.221 77.235 71.013 2.122
71.102 163.582 -50.726 2.048
73.318 163.685 35.458 2.114
-117.416 7.888 -138.717 1.964
-185.884 -57.025 -98.571 1.925
80.149 50.369 -39.333 2.160
148.127 -59.311 -166.402 2.065
-49.150 -72.819 134.958 1.936
-110.882 -117.223 -9.217 2.065
188.534 -138.863 159.222 1.859
-181.999 -186.243 -95.371 2.009
87.838 -162.830 145.084 2.154
70.782 22.982 0.073 2.040
97.525 -46.351 -16.697 2.097
207.326 -60.004 137.237 2.100
-213.930 -14.954 -192.593 1.989
-30.131 80.250 -161.656 1.913
-151.845 -172.918 -181.077 2.158
48.193 -34.975 27.579 2.024
-33.371 113.337 -124.971 1.842
-123.066 -125.302 131.729 2.053
-40.737 9.431 -8.920 2.089
72.938 40.699 85.809 1.775
-89.902 188.004 92.898 1.969
-163.624 -115.056 -49.200 1.882
180.746 110.425 -170.524 1.939
170.345 -93.029 -89.014 1.874
212.078 -56.998 1.805 1.966
-31.435 -161.146 -14.833 2.139
-152.787 -171.095 16.298 2.021
-0.993 158.015 -26.136 2.018
132.299 -126.201 -77.468 2.004
-171.511 -119.206 -46.071 1.956
173.746 132.592 99.428 2.061
11.783 50.766 156.340 1.981
163.039 -53.058 148.713 2.058
185.281 -47.976 12.186 2.168
-38.440 -135.752 -51.491 2.164
125.233 161.786 -108.279 1.904
-8.979 -27.964 -101.123 1.862
-214.512 -162.389 183.954 2.020
120.651 -59.439 97.848 1.793
-222.393 -180.887 38.850 1.855
19.808 15.191 144.204 1.728
129.192 177.435 179.187 2.004
-66.759 -150.239 -109.293 1.825
144.614 -115.360 165.171 1.967
-52.307 105.956 -22.188 2.063
-124.033 -21.297 -76.018 1.938
-121.056 -151.117 -122.486 1.960
-99.765 168.959 -73.167 2.083
175.167 136.185 132.545 1.938
-173.287 -40.595 188.646 1.918
-94.557 -65.709 -197.130 1.970
202.051 151.649 8.328 1.932
-128.341 -62.314 -52.843 2.082
42.014 -75.608 -33.406 2.094
167.945 -179.654 114.513 2.055
175.055 -57.974 152.448 1.972
2.017 94.588 69.608 2.088
-22.326 59.982 188.214 2.125
203.989 -88.406 32.431 1.836
144.524 188.030 71.221 2.184
70.332 -105.092 97.197 1.963
-44.480 56.016 80.803 2.105
-197.485 -79.048 -149.148 2.003
18.297 -20.670 -10.124 2.057
165.546 -158.738 186.300 1.966
10.845 -179.590 -149.973 2.178
-31.038 -55.036 132.934 1.898
-69.816 81.309 12.537 1.998
8.208 28.608 -198.208 1.897
-194.207 101.362 -59.824 2.007
33.370 -129.460 64.870 2.022
-185.356 -88.690 147.279 1.896
-55.450 -176.666 -170.161 1.833
-154.487 22.796 45.719 2.150
48.234 -155.613 123.628 1.936
-31.470 -133.431 -122.577 1.939
-142.283 -77.218 42.607 2.090
32.321 183.991 95.903 1.910
-96.810 -135.886 -106.609 2.067
-34.983 -46.118 117.411 1.943
-220.707 184.523 54.978 2.152
-6.494 -95.124 8.842 2.200
-15.452 82.348 15.865 2.001
-86.188 -38.603 146.572 1.899
6.247 160.823 -42.024 2.000
95.756 -72.593 -122.975 1.976
188.873 -159.904 -43.287 2.055
-69.064 -44.802 30.701 1.938
165.586 56.297 -90.471 2.142
53.162 -146.018 -25.692 2.040
181.112 62.760 -131.512 2.125
-118.747 -180.628 194.802 1.847
-45.928 -144.831 -144.706 2.030
-191.576 -163.579 29.129 2.061
-8.024 143.820 -8.911 1.938
91.649 -106.513 -86.422 1.903
201.369 108.631 -124.948 1.978
-149.920 -184.901 31.727 2.093
166.475 151.161 -167.645 2.131
74.345 180.962 -194.291 1.940
212.073 159.947 -192.747 1.923
-6.467 128.623 -165.157 2.080
-186.953 -96.409 -56.059 1.990
-163.003 -75.416 -95.613 2.161
-49.130 125.499 154.437 1.925
203.320 96.594 127.492 2.079
197.271 -21.289 -121.742 1.911
107.960 -19.111 -103.734 2.114
-165.715 -121.811 -7.813 2.072
124.598 126.320 -64.815 2.043
-93.808 79.904 -50.659 1.892
42.367 131.155 32.641 1.761
184.427 -124.999 65.398 2.086
-4.536 -70.576 -71.815 1.973
110.000 -98.161 -7.517 1.999
58.539 -154.142 28.741 2.042
2.207 -60.192 -98.731 2.098
34.582 8.037 -59.801 2.038
165.185 -96.985 179.087 1.925
-1.099 50.331 -27.040 1.805
5.530 37.187 179.037 1.993
-219.455 150.359 158.957 1.986
-85.615 34.622 86.908 1.976
95.603 -54.311 -118.117 1.927
-4.533 -58.643 -143.623 2.022
63.561 119.005 -33.290 1.918
-204.952 177.873 26.928 2.153
-97.938 79.049 -74.789 2.101
148.477 172.200 -199.960 2.115
120.556 90.807 -77.729 2.061
201.556 -48.622 -37.463 1.953
-1.601 -32.302 -136.197 2.078
-198.225 -112.675 -102.315 1.936
140.350 139.182 -149.927 1.951
-22.221 93.522 -192.619 1.940
-95.927 154.050 61.898 1.907
-148.031 -20.249 -152.649 1.974
62.581 164.013 -165.306 1.987
-9.387 -34.838 -13.018 1.847
-85.467 -78.957 -118.917 1.997
-73.523 -47.659 -103.055 2.136
-46.647 62.233 -188.450 2.091
118.754 169.681 -22.068 1.942
121.543 -95.489 -156.204 2.108
-185.931 -95.235 119.392 1.902
117.642 -161.009 -47.670 1.997
-53.716 -142.608 -8.425 1.927
127.781 -49.778 110.701 1.984
-2.667 -10.196 106.931 1.933
43.634 -182.484 -2.986 1.884
58.845 156.087 44.967 1.789
-194.682 175.504 190.665 2.084
171.162 125.489 -84.124 1.954
-100.867 -125.619 9.892 2.062
111.993 86.036 45.442 1.991
-130.565 50.946 54.974 1.828
5.326 -96.434 -114.988 1.986
-171.160 130.448 -18.621 1.914
-173.664 -0.947 -60.672 1.994
104.558 89.269 93.690 2.060
-23.539 -109.208 98.153 2.020
-132.558 -127.582 171.115 2.248
30.203 146.617 -170.086 1.901
72.732 29.386 -173.830 2.129
161.735 -131.028 -63.738 2.081
-24.044 28.066 -21.254 1.993
-95.516 -107.332 -40.374 1.888
177.781 -141.414 -102.461 2.250
-50.214 -144.492 0.978 2.018
64.536 62.880 53.215 2.061
-124.469 50.751 131.508 1.950
-58.854 -12.088 167.386 1.916
-116.614 -83.195 63.787 1.899
151.410 -160.784 33.197 2.090
-30.362 38.433 93.531 2.064
-200.038 60.567 -71.513 2.199
66.355 32.673 -79.995 2.131
-29.508 46.206 63.286 1.932
-179.316 81.774 176.161 1.947
176.944 159.991 160.394 1.871
14.365 -85.743 -8.924 2.081
-19.403 -125.452 -43.852 1.984
2.877 -45.439 -107.579 2.027
-139.436 -106.265 -119.080 1.888
113.561 -181.665 73.935 1.872
-121.341 132.485 -135.814 1.965
-77.260 -107.974 -11.524 2.022
-32.883 -159.572 195.723 2.198
-106.439 182.537 111.419 1.981
-181.165 103.018 105.035 2.072
197.775 -164.417 39.049 2.070
58.767 -90.831 -125.643 1.871
-100.106 42.957 169.635 1.945
-198.665 -101.428 -104.972 1.943
-54.084 -88.217 45.833 1.864
217.174 -93.984 178.448 2.032
-182.382 72.655 132.459 1.817
-195.618 41.707 -21.694 1.931
-151.852 5.028 -2.711 2.108
-215.662 -151.271 -148.251 1.826
-164.527 -65.483 -152.294 2.051
-95.777 -74.804 -129.263 1.978
140.892 171.976 85.477 1.897
-201.401 11.061 -123.954 2.035
-120.204 167.549 -130.756 1.996
18.268 58.077 -167.678 2.078
166.067 5.354 -20.610 1.978
-197.712 120.010 170.520 1.909
128.897 150.515 54.309 1.812
181.780 -171.995 -79.184 1.921
222.622 185.220 -82.043 2.086
147.223 167.832 -73.654 1.838
-19.864 -74.016 166.649 2.079
-190.834 122.520 -163.159 2.115
-27.147 -117.716 137.388 1.776
82.145 119.462 -4.889 1.973
55.911 97.422 -129.868 2.115
140.028 -141.498 -174.591 2.075
-97.010 7.065 67.309 2.054
84.657 163.613 116.968 1.931
-142.688 -182.254 176.426 1.806
-5.672 26.746 135.632 1.943
117.249 134.503 -0.040 2.151
64.844 160.706 -159.404 1.998
-218.198 84.719 -70.882 1.941
-170.063 62.008 106.886 2.035
-146.981 56.621 -177.343 2.169
-107.324 -51.927 158.218 2.042
-161.435 24.078 -142.697 1.933
-198.558 164.552 191.262 2.055
-203.769 -37.029 21.555 2.090
-220.130 64.068 -153.978 1.974
-201.019 -133.906 27.956 2.159
-135.005 -181.744 -199.611 2.083
9.014 -6.488 157.747 1.980
200.110 156.914 -164.538 2.020
-68.098 -57.952 97.323 2.227
186.090 -120.573 188.158 1.959
-72.634 42.393 158.013 2.111
83.759 110.456 -199.949 2.033
-198.476 -115.622 -63.232 2.006
-223.394 105.802 -154.478 2.083
129.742 -97.714 -32.577 2.046
-151.880 58.975 -172.031 2.056
-120.934 27.376 -197.490 2.008
-162.530 -2.346 -93.296 2.153
-96.026 112.014 -157.892 1.955
223.811 35.330 -95.722 2.125
-51.332 163.669 -194.052 1.835
-36.199 -50.207 -185.703 1.935
-80.335 -49.294 -43.784 2.012
73.611 32.433 -119.963 1.926
-89.596 15.342 28.227 2.087
75.721 17.801 123.937 1.971
63.102 5.517 -28.356 1.948
192.659 -168.129 22.435 1.947
-62.393 91.479 -177.330 2.195
119.413 -174.693 186.615 1.977
23.076 -144.697 181.080 2.087
-186.771 157.018 101.513 2.191
-119.958 -146.516 167.977 1.986
-210.302 -157.801 28.118 1.973
-9.876 125.051 89.069 2.047
-18.925 -154.430 198.375 1.821
-210.935 52.535 47.675 2.074
38.000 163.210 -150.205 1.858
177.738 87.821 -132.019 1.844
-105.046 71.847 56.690 2.017
100.587 -160.839 74.558 2.091
83.846 65.183 190.116 2.041
57.832 -188.916 -52.390 1.973
-46.155 -96.407 -147.167 1.946
212.498 -175.680 -58.764 2.018
-136.237 -104.541 65.728 1.985
219.836 57.587 183.727 1.933
-131.168 -135.647 36.845 1.888
-177.090 -72.616 161.773 2.037
117.566 -24.460 76.883 1.872
-187.241 14.578 -125.388 2.171
32.798 -103.023 140.407 1.901
-107.277 -6.459 110.730 1.929
60.084 169.718 138.258 2.070
-77.150 -32.509 -28.237 1.804
-20.584 -141.894 136.986 2.039
180.776 -174.667 10.832 1.999
-94.609 33.654 31.945 2.052
-94.574 173.938 -49.290 1.937
-103.291 163.659 -61.516 1.972
-15.165 162.041 3.583 1.940
58.664 154.669 85.645 2.024
-106.333 -67.766 -91.972 2.088
125.770 27.194 -183.684 2.063
-187.971 63.786 194.794 2.145
-17.005 -159.885 -159.017 1.983
-44.440 -183.046 -45.301 2.128
56.035 -172.302 120.183 2.001
-31.695 -72.672 -177.687 1.848
212.368 20.374 -194.367 2.034
54.671 109.621 73.081 1.956
82.456 -81.666 186.207 2.107
-134.413 -54.531 -52.461 2.077
-74.716 -151.724 180.817 2.103
164.539 -136.798 -171.915 1.893
-68.433 -1.318 -125.041 2.182
56.513 161.154 -86.020 1.965
187.234 35.385 194.478 1.943
54.615 -18.747 50.842 1.961
118.176 -164.194 194.616 2.083
201.760 76.262 -181.262 1.814
-43.297 173.061 30.549 1.999
89.768 156.309 196.648 2.007
204.723 74.397 88.010 2.094
108.737 -121.557 -117.240 1.898
14.694 -137.339 199.717 2.108
161.871 25.767 -87.469 1.964
222.843 -159.506 -16.188 1.831
-127.672 -177.008 -156.023 1.974
-137.092 33.555 -157.525 1.948
-55.657 -166.480 -125.519 1.954
67.780 76.695 174.903 1.839
-146.680 133.474 26.603 1.914
-181.187 -187.602 189.529 1.853
-142.082 -45.370 -56.847 1.772
-84.783 -148.292 73.123 1.886
26.224 -156.402 -112.501 2.029
168.216 171.381 -171.205 2.039
-220.147 171.417 -194.257 2.224
67.994 30.894 177.053 2.164
122.345 -133.389 72.698 1.830
-155.142 106.047 106.228 2.104
-1.026 -150.540 -15.191 2.080
20.434 150.682 138.916 1.710
-56.269 -157.206 -62.655 2.063
-181.635 -96.741 10.303 1.905
-61.632 177.769 37.954 1.919
-6.042 174.032 26.411 2.108
6.720 28.540 89.996 1.969
143.814 -185.928 45.007 1.891
-168.144 -102.343 -128.811 1.956
-117.790 73.739 129.388 2.030
-59.977 170.988 -119.074 2.000
117.104 -97.650 -12.828 1.894
-37.912 -146.506 178.038 1.905
177.446 -23.860 170.480 1.992
185.818 -173.430 -47.371 2.110
188.667 -151.316 40.126 1.959
-206.904 90.263 125.616 1.845
-214.058 141.549 -126.754 1.866
-94.203 -71.185 165.089 1.988
-157.175 178.690 -172.691 2.037
-111.222 -187.483 -110.641 1.944
-111.667 -101.207 -27.200 1.951
-132.689 -84.357 56.264 1.888
-72.781 157.473 -73.353 2.100
70.300 -173.536 79.681 2.107
-147.376 -19.895 176.761 2.136
-131.540 172.107 -41.860 2.050
-211.579 -99.899 -5.554 2.034
75.879 114.178 -42.339 1.850
66.972 -124.534 -28.700 1.852
-100.548 58.547 -149.248 2.001
-107.604 80.104 -123.897 2.134
-18.699 -77.381 111.023 2.060
160.528 -115.683 -83.790 1.906
151.188 -69.671 149.577 2.197
-221.509 128.079 -31.490 1.919
-2.676 170.465 61.757 2.079
94.376 -124.409 52.858 1.963
-148.028 67.646 -30.132 1.999
52.719 119.425 -76.565 1.964
93.985 -73.152 161.437 2.073
-190.963 -40.661 -91.892 1.908
-22.920 -99.447 196.386 2.015
150.052 -18.190 70.813 1.894
80.295 98.755 111.750 2.171
-2.566 -163.020 166.237 1.990
143.108 68.417 -168.381 2.027
199.846 8.385 -125.051 1.919
186.992 136.798 10.392 1.961
-88.362 -165.288 69.252 2.039
14.524 -167.396 -90.154 1.903
59.065 -11.457 3.655 1.843
175.109 -109.162 -2.677 2.125
185.467 -51.880 -105.275 2.012
173.858 73.117 192.747 2.047
106.037 140.642 61.032 1.949
153.846 112.607 -34.834 1.857
-86.262 -65.954 -189.315 1.986
187.510 -150.630 -146.684 2.066
197.179 91.666 53.521 1.893
68.235 157.058 152.760 2.048
-155.220 -180.483 -190.130 2.105
20.771 76.976 17.610 2.016
5.172 19.343 136.552 2.042
43.370 -189.353 15.723 2.054
-123.480 -21.928 -164.346 1.965
94.125 52.055 3.405 2.103
129.885 -116.870 9.145 1.988
183.449 16.941 104.781 2.022
26.628 6.781 163.358 2.010
214.063 161.456 26.306 1.817
181.616 97.249 -187.673 2.047
187.991 -119.031 179.518 1.953
211.757 -141.838 122.228 2.116
-170.891 14.486 -76.019 2.127
109.535 63.582 154.851 2.160
-57.330 30.139 -43.687 2.004
93.093 106.401 -149.087 2.039
2.868 -68.800 -104.306 1.894
-133.438 -185.874 -88.847 2.051
204.006 -77.000 -164.141 2.278
-130.311 24.297 198.007 1.967
158.425 28.235 -44.752 1.981
-145.198 87.314 -82.677 2.328
127.034 166.831 119.784 1.951
-124.132 -86.101 -124.412 1.937
103.757 -121.765 -65.704 2.129
-171.502 -158.590 -112.932 2.176
166.158 60.722 -52.976 1.982
-32.186 -99.832 -185.433 2.055
37.735 -16.344 197.939 2.047
-69.512 159.669 183.325 2.075
-69.437 126.689 -106.101 1.895
222.679 -66.460 -188.979 2.030
-88.483 -179.065 102.807 1.992
194.114 153.607 122.555 1.957
-79.681 -152.520 -105.223 1.840
203.555 -153.733 -147.897 1.999
-110.862 5.869 161.008 2.019
-218.105 46.369 44.993 1.959
142.087 -4.479 -181.769 1.924
-159.531 -12.903 15.890 2.041
-56.656 21.778 12.326 1.934
143.513 29.967 52.845 2.078
-31.176 -2.348 20.001 2.084
-58.349 -43.763 167.484 1.938
-102.853 -21.184 -85.579 2.127
-216.715 89.046 141.124 1.967
-128.897 168.993 -13.180 2.065
200.097 171.636 -57.634 1.941
25.587 -176.743 -108.332 1.985
-134.582 -136.270 -98.030 1.907
-7.161 15.693 -178.759 1.897
132.622 -2.914 132.688 2.030
-10.448 13.523 -117.199 2.108
-18.295 0.211 86.037 1.889
-132.639 151.642 -44.301 1.952
-24.907 -178.005 -62.056 2.049
-168.690 47.953 -172.089 1.886
9.552 -59.239 51.472 1.787
-23.680 70.843 128.485 2.012
-200.201 60.454 26.601 2.027
183.099 -53.876 -193.734 2.162
-30.759 109.510 177.125 2.084
224.616 -83.018 -153.160 1.907
107.680 94.935 25.402 1.916
-45.733 139.428 176.231 2.112
-170.734 1.641 2.056 1.941
-129.384 12.154 139.866 1.992
-58.565 83.649 85.414 2.160
65.960 78.973 -19.419 1.921
-219.816 -106.405 -52.972 1.972
195.675 125.640 -4.503 2.068
-124.698 97.037 -72.057 2.171
40.471 105.053 -198.040 1.879
-211.726 -10.235 -29.289 1.992
-176.023 -177.125 -39.785 1.969
67.005 -91.369 -196.406 1.982
14.229 -50.915 137.437 1.959
-180.527 -105.402 179.282 2.007
-149.099 184.479 137.624 1.803
-7.783 -151.616 -41.965 2.013
-117.347 180.758 -137.874 2.037
190.599 -118.899 148.632 2.067
55.513 -138.909 -189.972 1.896
26.863 57.573 188.839 1.966
163.419 -109.897 -82.213 1.990
-181.964 138.129 -107.238 1.928
-152.081 167.462 71.315 2.041
42.444 -155.489 -74.411 2.044
124.265 94.575 -22.039 2.014
189.399 62.830 111.212 1.931
89.924 -139.816 26.833 1.997
205.667 -82.942 -51.310 2.119
-50.278 22.553 -71.690 1.948
168.742 140.349 -85.667 1.960
-42.212 -158.376 -135.092 1.908
-165.062 -51.428 92.257 1.976
-222.903 185.523 83.844 1.894
-137.581 -128.511 111.757 1.910
-57.179 -89.131 96.730 2.133
53.137 27.265 170.718 1.848
-210.401 33.598 -169.148 1.906
-151.983 -13.347 150.437 1.964
-18.995 -61.519 135.955 2.200
85.153 120.558 -136.439 1.962
-34.245 38.934 -61.160 1.999
212.128 -51.152 195.210 2.074
-158.349 62.466 -52.177 1.938
37.965 156.734 53.925 1.831
135.009 -105.980 59.653 1.943
-22.365 123.018 -158.288 1.879
-36.179 -26.216 194.089 2.001
-65.478 -48.761 119.218 1.970
-69.152 -27.681 70.220 1.963
155.425 -134.892 28.436 2.113
-177.963 -83.529 174.874 1.832
115.212 105.380 -28.554 2.164
-23.258 -97.472 94.043 1.955
-222.378 125.632 -29.296 2.066
-119.895 -61.884 128.375 2.115
158.637 -133.004 92.907 1.999
116.259 84.026 -197.862 2.020
-195.499 57.627 130.468 1.770
-180.901 -178.933 -151.378 2.084
183.062 52.479 29.163 2.089
50.177 -7.913 -185.572 1.956
130.553 -77.498 -119.839 2.047
79.852 -99.170 -122.396 1.697
109.839 179.710 -18.311 1.959
102.206 169.209 -36.717 2.011
11.394 77.412 -107.646 1.873
4.301 -113.426 -187.727 2.038
-92.772 -71.137 57.264 2.066
-51.346 -45.009 7.368 1.915
128.386 -28.106 28.309 2.001
-46.652 -83.516 -167.374 2.083
123.448 57.447 -33.528 2.143
118.870 -51.590 4.064 1.969
-17.027 -18.456 39.860 1.947
-162.117 -108.011 143.781 2.051
160.796 179.427 -49.832 2.019
-204.753 82.756 199.571 2.062
-10.598 41.396 -66.640 1.810
30.148 -137.735 -97.843 1.978
154.186 23.561 -160.415 2.008
189.127 -95.456 132.536 1.968
-201.298 -96.875 -76.283 1.997
-124.627 72.231 -48.677 2.037
51.530 -121.735 -198.658 1.965
111.402 13.696 -110.074 1.871
-120.924 96.411 60.206 1.930
-45.263 -120.466 54.272 2.059
-70.605 -107.761 114.231 2.137
114.952 -143.471 44.964 2.211
-196.102 123.033 -66.336 1.954
-40.791 -112.238 -38.049 1.999
-53.035 74.949 128.207 1.894
-211.383 -96.109 110.157 1.960
197.048 -29.647 138.417 2.045
-194.449 -107.305 198.545 1.961
-35.463 -94.953 -25.894 1.837
-65.711 -38.981 -170.583 1.993
27.130 -92.190 159.814 2.053
-194.683 38.116 -100.403 1.896
70.247 -15.109 11.352 1.927
-179.884 67.160 155.149 2.148
-169.999 152.957 -165.653 2.085
-193.378 179.062 -71.696 1.896
-153.717 -1.923 67.144 1.916
205.915 19.356 -55.876 1.869
-17.892 52.655 -87.382 1.810
5.091 -72.652 -26.946 1.952
194.025 122.574 -64.883 2.034
1.271 73.853 171.340 1.919
186.332 118.658 -112.635 1.763
-65.730 179.176 -47.235 1.982
193.732 90.974 -124.039 2.058
-182.230 -59.358 -31.802 2.213
155.543 -57.681 68.178 2.057
144.836 157.285 -174.668 2.097
141.814 -43.372 -103.661 2.036
96.560 59.068 192.679 2.217
-36.900 -21.794 -182.642 1.849
-25.336 -151.919 123.164 1.938
-46.607 170.811 -168.684 1.947
-111.717 128.878 84.931 1.754
78.632 178.504 23.728 1.829
167.787 145.536 197.306 1.889
-96.208 -114.199 -82.891 2.068
-170.046 -96.626 -75.997 1.947
187.233 -151.421 137.156 2.135
175.350 19.183 163.695 1.882
212.193 106.215 187.992 2.080
-142.653 164.047 -50.507 1.934
84.961 -52.452 11.163 2.032
200.110 -50.446 -0.090 1.988
-196.532 -181.499 72.793 2.095
163.371 -48.277 99.738 2.220
-109.333 178.593 -156.989 1.991
-78.696 180.993 -34.159 1.920
143.648 -179.160 -32.659 1.764
6.754 44.343 -14.036 2.036
50.169 -92.185 -16.233 2.147
-46.982 -14.787 -91.555 2.058
-219.502 109.581 -168.932 1.928
20.435 63.128 10.734 1.947
4.476 155.155 -191.564 1.992
-165.669 114.419 31.591 1.991
102.333 10.702 133.235 1.989
115.784 181.918 -8.096 1.945
9.675 -180.133 -71.291 1.959
-0.698 78.852 101.903 1.929
-135.697 -145.836 45.045 1.925
37.533 153.123 -66.549 2.084
-3.982 141.088 89.796 1.884
23.760 -69.354 -137.374 2.155
201.065 184.278 19.292 2.126
174.486 -13.621 56.723 1.892
-219.736 104.245 96.339 1.948
-131.305 65.379 3.220 2.135
-139.277 112.171 -142.456 1.901
-95.326 -119.866 -145.129 1.879
14.001 -107.023 -170.267 2.089
-39.011 -179.609 13.969 1.853
25.880 72.386 -11.014 2.067
-132.952 -118.090 112.895 2.088
46.966 187.704 -179.129 1.759
-126.411 -35.665 -191.195 2.245
-117.420 -11.303 -25.283 2.030
-143.746 129.203 177.316 1.880
-140.913 -127.432 76.036 1.984
5.282 84.554 109.098 2.014
-40.395 -84.856 38.338 2.208
-134.941 -8.612 -131.568 1.906
-182.547 17.797 80.821 1.877
18.340 -72.484 -68.430 1.992
-172.290 -6.603 -170.154 2.100
-132.727 154.184 165.261 2.126
-142.545 142.698 -2.711 1.903
45.862 149.176 21.992 1.890
-129.991 -110.121 -190.534 1.970
-209.570 89.376 -10.703 1.999
102.774 -2.537 -0.322 1.931
219.664 -133.929 153.674 1.832
-65.787 125.553 155.748 1.950
-102.170 7.182 31.884 1.932
-206.498 -37.708 -66.056 1.944
84.961 -177.771 98.575 2.063
-16.853 -28.633 -157.444 2.013
-190.008 -10.511 -107.469 1.919
222.478 126.610 -93.083 2.102
-142.272 35.656 -65.898 1.928
185.289 -127.577 187.196 1.964
117.125 171.063 -177.775 2.050
-181.340 -155.909 49.590 1.836
28.509 -156.139 -189.787 2.056
-41.541 -186.567 -186.128 2.232
-38.887 -35.769 177.953 1.909
-5.687 -128.951 -93.703 1.971
-217.251 -30.472 -127.852 1.987
62.318 156.016 -92.920 1.901
103.492 -78.540 116.741 2.200
41.218 109.284 -3.527 2.056
15.810 -85.480 -40.987 2.094
136.621 22.482 -198.774 2.005
118.414 -8.746 -182.325 1.972
-116.261 50.397 44.206 1.965
-95.345 80.878 112.620 2.044
-56.530 115.944 -132.527 2.055
-171.179 149.478 -56.269 2.174
62.568 -67.791 -54.525 1.898
203.231 -133.166 -165.220 1.912
224.428 63.873 -70.808 2.014
-112.718 171.242 196.378 2.087
-191.068 53.173 119.333 2.009
-107.072 71.769 99.073 2.010
-93.417 53.178 -104.329 1.800
-19.539 49.433 -120.300 1.982
-77.322 184.550 -81.420 1.920
-27.188 -36.733 113.383 2.108
132.921 -20.371 -0.974 1.883
-163.803 77.696 -139.783 1.989
-119.975 -15.508 110.948 2.018
-21.427 -59.625 -83.535 1.944
123.257 -142.734 106.626 1.903
-83.220 85.892 -134.637 2.000
63.315 -164.329 66.260 1.948
169.530 -103.741 145.123 1.932
-58.144 -98.495 146.297 1.984
-209.000 -15.521 -171.448 1.935
-87.953 147.363 116.204 1.932
-68.929 181.739 -155.255 1.970
60.050 -9.111 90.500 2.096
-128.353 -33.811 168.716 2.132
-140.886 13.725 -140.587 1.982
-206.274 77.171 -99.849 1.978
150.599 92.220 -36.735 2.045
-31.176 -36.334 -57.542 1.920
-202.943 -18.478 141.395 1.952
-17.236 129.379 31.527 1.971
-190.938 144.587 -61.731 1.988
-211.799 -117.576 -26.338 2.007
-181.996 101.914 58.162 1.917
117.759 160.960 150.401 2.079
181.827 4.107 -110.306 1.973
190.245 -188.997 185.065 1.937
176.358 17.845 39.202 2.018
-122.572 -175.317 34.724 2.149
144.577 -182.483 -169.474 1.997
-147.649 -46.679 114.690 2.021
-196.884 -119.622 -19.955 2.045
-89.039 -120.921 -153.368 1.973
51.997 10.765 86.134 1.872
146.461 171.698 60.801 1.857
131.399 -137.438 -80.970 1.901
46.239 -103.808 148.559 1.956
141.850 -64.471 -152.282 2.075
-190.389 109.229 164.902 1.971
-203.180 85.153 -197.502 1.979
168.709 0.554 12.912 1.983
127.880 -5.490 87.956 1.927
-128.306 -160.388 191.528 1.943
35.618 3.512 -145.464 1.935
-107.401 -8.969 21.849 2.148
68.648 -100.938 -107.586 1.942
-8.758 39.955 -47.966 1.924
-77.641 -92.925 -80.913 2.016
-212.319 -161.210 111.280 1.910
51.139 -16.052 -53.415 2.165
55.087 -177.386 -177.439 1.976
-6.350 98.641 -188.791 2.029
119.595 -52.944 174.025 1.957
168.750 -173.265 124.966 2.178
91.670 -83.380 -180.219 2.004
-85.495 -48.171 -142.896 1.996
10.617 -84.052 159.970 2.082
117.360 109.623 -5.797 1.908
140.779 -36.551 -9.587 2.079
-64.926 97.782 -181.011 1.955
-151.400 178.794 -155.154 1.897
122.034 91.348 17.473 1.941
213.185 1.510 80.803 1.959
29.354 112.926 198.864 1.986
-186.037 81.374 -167.121 1.979
-146.473 116.974 97.108 1.962
220.737 -48.620 59.555 2.114
-202.444 164.427 139.541 1.847
19.820 29.020 96.803 2.004
-66.019 -31.935 186.255 2.147
0.248 60.559 139.114 2.069
-142.848 159.566 -77.721 2.237
-20.414 -189.411 -74.223 2.115
27.118 -161.506 10.306 1.988
109.912 -55.333 98.075 1.955
79.598 7.302 92.994 1.997
213.665 30.874 -23.132 1.912
-143.582 -166.424 -36.348 2.010
-11.532 25.477 -110.102 2.256
-53.284 99.828 158.315 2.098
54.164 32.100 24.768 1.935
-213.761 -118.467 -66.683 2.037
-160.243 -99.004 151.705 1.943
100.363 -125.964 76.680 1.983
-135.931 -16.795 -58.418 1.853
24.024 -4.249 169.092 1.934
137.837 64.645 -23.016 1.913
4.957 -18.683 -61.840 1.948
222.952 -111.058 -161.764 1.881
23.646 153.399 86.183 2.067
-69.586 108.679 -17.042 2.148
135.448 -45.948 117.084 2.011
-191.855 179.339 63.686 1.877
211.554 -81.463 -49.759 1.895
-49.688 163.524 182.921 1.965
-58.932 14.702 125.830 2.058
96.903 99.790 37.265 2.064
76.930 -131.749 -185.350 1.831
65.078 105.000 5.005 2.092
-15.865 61.703 157.295 1.954
39.108 -88.319 -193.146 2.196
-25.541 -102.012 -117.070 1.882
-72.179 -112.924 32.950 2.051
96.964 -184.640 -30.137 1.921
-153.126 -111.090 119.345 1.865
136.828 68.358 -103.353 2.021
120.552 -137.978 -64.369 2.032
215.613 9.357 68.535 2.021
-121.189 -69.956 -4.307 2.033
-200.640 188.816 -21.019 1.848
205.637 -114.981 -71.743 1.788
156.301 -136.719 47.443 2.071
-54.000 -66.935 18.386 2.033
170.824 8.675 -127.509 2.118
-150.584 118.443 -72.258 2.094
50.838 105.480 199.820 2.038
125.540 -46.559 -30.340 1.940
-191.499 -99.894 105.105 1.954
133.307 20.835 34.732 2.125
-123.345 -137.043 -134.577 1.884
-58.711 130.791 25.210 1.956
216.638 -86.197 175.320 1.932
79.218 41.010 -113.732 2.115
-72.519 7.169 -178.990 2.072
-125.108 156.535 113.792 2.064
-124.803 -64.651 81.719 1.937
43.675 -69.229 -57.130 2.111
-173.794 181.577 -107.501 2.058
193.117 -25.522 62.903 2.027
214.466 179.156 -124.348 2.013
32.607 30.016 -190.901 2.022
87.202 -141.711 74.693 1.925
-4.885 7.445 13.167 1.991
-190.166 4.023 154.381 2.120
-163.709 -167.067 -151.650 2.060
-115.886 186.294 145.469 1.928
186.914 -144.739 134.671 2.010
-20.455 -105.173 -169.430 2.280
124.365 168.143 -132.728 1.904
217.275 -87.128 143.514 2.043
-217.171 -3.910 -67.783 1.915
20.409 22.265 105.785 1.902
-183.541 -152.148 98.347 1.969
147.763 -184.690 170.679 2.042
-156.644 -162.407 72.947 2.018
-89.879 120.101 57.941 2.133
110.451 -129.805 160.227 1.926
-34.387 -179.250 155.632 1.960
35.207 40.758 -66.069 1.943
201.675 -188.390 -34.074 1.947
-141.005 74.119 -31.312 1.913
-174.602 66.406 -48.468 1.958
136.399 -45.011 147.705 2.036
-205.251 -63.291 -7.807 2.123
98.555 177.489 -37.552 2.026
139.016 -8.308 -56.899 2.022
127.626 -97.572 -174.843 2.175
103.050 179.759 118.050 2.044
34.753 -60.379 -150.910 2.045
-23.891 102.737 -9.226 2.063
57.423 -83.354 -20.171 2.088
71.011 -47.858 -99.258 1.684
-4.995 -150.472 92.770 2.098
93.666 -18.212 -135.377 2.122
-152.061 12.211 21.472 2.024
-30.085 -102.382 -197.362 2.135
34.439 130.233 87.495 2.067
-22.015 -174.868 -27.998 1.873
-8.540 151.608 183.811 1.936
154.967 58.270 -152.939 2.103
-47.101 -115.662 164.208 2.002
-40.151 154.194 -80.816 1.821
196.996 -39.413 89.046 2.152
-79.251 -84.098 -98.744 2.094
120.997 -81.086 -96.063 1.929
-217.049 -174.023 112.933 1.921
64.961 -163.053 -181.904 2.025
-219.059 129.673 -83.146 1.930
-129.138 169.619 -3.006 1.871
31.977 -167.139 57.528 1.885
-49.710 137.734 35.595 1.808
-79.491 -106.029 -13.583 1.996
-26.449 -164.619 -174.535 1.982
4.346 32.909 122.906 1.963
-60.737 -112.173 -94.431 1.870
113.327 -155.660 195.152 1.981
-7.555 -117.403 -112.224 1.958
-97.814 125.280 -123.063 1.971
-4.575 5.991 186.590 1.909
-194.913 -69.551 -93.359 2.152
86.062 128.774 -178.768 1.995
80.789 162.276 110.174 2.124
-96.662 -118.845 -120.892 1.978
218.994 40.242 75.648 2.149
-51.725 47.133 -93.823 1.996
224.438 -95.851 -160.913 2.024
138.296 -26.509 143.716 1.958
156.063 53.399 -83.802 1.982
