110.020 -2.046 -149.713 1.935
80.160 90.586 -124.491 1.971
-161.487 -45.498 31.422 2.124
224.325 10.566 121.100 2.007
-2.823 -2.914 -171.057 2.048
179.098 35.255 0.098 2.013
-216.006 138.020 107.429 1.976
79.931 -170.101 58.022 2.147
-137.672 88.511 121.244 2.038
149.316 186.962 -61.562 1.922
-78.650 -84.316 24.084 2.017
61.021 66.914 -176.791 2.065
-136.768 83.920 34.160 2.173
-143.723 177.878 120.478 1.835
206.952 -149.648 -72.903 1.873
66.216 -109.808 -192.810 1.967
61.118 -70.592 -177.089 2.025
-175.843 -153.192 -34.944 1.996
-196.980 61.595 76.933 1.843
35.435 26.690 31.330 2.237
114.486 -135.589 -76.769 2.025
103.028 113.696 -152.706 2.105
170.010 -98.959 51.147 2.046
-55.538 95.313 -197.799 1.908
-40.473 -161.563 -74.325 2.077
162.243 176.835 105.765 1.970
52.396 114.468 -37.012 1.838
190.867 -51.635 116.250 2.126
85.268 62.197 158.313 2.047
89.550 -36.708 -107.719 2.001
-129.365 115.972 -124.396 2.023
114.227 52.842 22.574 1.894
-187.185 -187.018 173.357 1.985
6.811 -26.099 30.081 1.950
140.692 107.078 51.206 2.013
-148.783 -40.541 -13.953 2.015
-58.739 86.103 53.233 2.176
-166.553 46.472 -199.909 1.827
-133.276 -105.909 168.724 1.946
-83.504 32.655 154.848 2.066
-180.301 30.201 66.498 1.925
-197.274 -142.376 13.967 1.899
64.217 -179.661 -127.637 1.974
59.355 17.286 -13.216 2.036
-154.173 -14.094 161.502 2.122
144.185 -123.986 -71.210 2.021
-224.519 66.078 -13.438 2.183
143.268 11.294 69.091 2.072
-79.997 162.673 123.092 2.078
-185.921 120.169 197.287 2.000
52.200 115.316 63.831 2.001
-39.323 -66.001 46.757 1.916
170.647 52.426 17.722 2.030
-4.722 -123.109 -39.402 1.970
-100.928 139.515 53.400 2.069
37.408 -166.091 -116.231 1.950
65.813 150.040 184.116 2.065
-157.168 1.435 91.392 1.838
-167.435 -54.926 -168.879 2.068
-174.028 82.072 180.038 1.914
182.486 61.336 66.033 1.884
58.764 -143.596 187.030 1.979
-39.542 55.918 84.903 1.974
-80.078 -31.985 -127.142 1.945
155.489 18.929 44.999 1.862
48.442 65.160 -51.561 2.041
119.657 -35.244 87.056 1.995
-214.907 -138.293 -116.545 2.066
-150.267 158.532 -93.510 1.850
-84.697 110.974 70.723 1.992
159.247 92.622 113.698 1.888
82.035 57.116 -4.718 2.114
-85.958 106.262 -189.280 2.127
-89.109 -81.673 -12.922 1.940
-125.930 -136.660 75.714 1.889
204.038 -32.835 107.896 2.010
-14.042 179.283 63.621 2.110
148.675 169.374 -196.877 2.100
-23.667 -105.095 127.077 1.886
-21.877 -26.777 -178.438 1.865
53.063 36.607 139.980 2.111
32.913 112.448 -38.780 2.051
-25.533 138.936 -144.839 1.870
84.492 -9.829 188.112 2.077
41.221 75.321 -149.235 2.097
72.583 -22.487 27.905 2.066
5.557 -87.705 132.039 1.939
-18.303 88.277 117.342 1.818
-38.408 19.545 -192.473 2.049
-123.469 135.064 164.921 2.118
148.863 89.312 -147.848 2.033
-152.365 -152.230 73.237 1.980
-37.528 15.010 -171.059 2.137
80.223 25.330 -121.569 2.011
188.218 -120.624 191.068 1.963
25.116 102.672 -180.621 1.885
222.374 -27.509 -4.357 1.980
-15.973 142.801 -183.420 1.956
-131.173 115.762 -40.499 2.006
-44.606 -13.123 -174.268 1.984
164.533 66.690 103.955 2.065
-208.690 -112.823 84.679 1.920
177.848 108.706 -130.576 1.916
187.858 -107.837 73.175 1.953
-198.737 129.930 -192.530 2.040
170.051 -147.994 -65.733 2.078
202.608 35.024 148.257 2.127
-215.635 -55.479 168.503 1.849
-220.069 97.064 -91.410 2.133
140.929 186.805 -119.956 1.931
-158.851 57.980 14.952 2.010
140.811 -39.209 107.346 1.880
152.553 159.355 -91.525 1.998
-85.354 173.099 61.732 2.029
127.541 -136.131 120.386 1.844
-20.109 144.504 -43.373 1.930
143.572 -117.547 -131.457 1.939
-192.685 40.355 -165.939 2.012
-158.880 -16.530 77.139 1.933
170.118 160.046 120.009 1.952
9.000 -51.829 109.021 2.141
66.854 -177.540 173.600 1.826
103.673 -144.394 124.276 1.998
-93.521 119.785 127.542 2.048
122.584 -129.779 45.501 2.098
-117.828 -94.849 131.789 1.900
-100.493 -157.783 -119.217 2.091
-202.509 -51.967 -43.797 2.145
-48.158 -39.226 -136.560 1.959
-0.703 -7.858 -53.805 1.828
49.464 51.820 -84.312 2.188
133.743 62.923 -18.534 1.946
41.725 21.842 55.236 2.032
164.653 -0.292 129.291 2.005
149.060 -19.772 -47.711 1.825
6.146 -129.821 -87.105 2.023
224.775 51.935 -95.366 2.109
-59.037 -99.283 116.195 2.146
48.117 18.859 13.705 1.943
-147.795 -167.801 182.654 2.229
-54.745 32.036 -30.958 1.981
215.435 -79.202 -95.451 1.966
-132.556 -54.698 -134.297 1.890
216.206 60.737 -34.147 2.015
5.510 -69.593 -196.888 2.033
145.722 -149.097 -137.051 1.899
62.730 -2.762 -146.251 2.042
-33.453 -5.939 183.163 2.261
-100.274 137.355 -31.003 2.114
2.415 101.105 13.720 2.030
-68.873 -149.488 -98.351 2.022
210.351 45.553 -196.185 2.027
179.819 -123.474 -159.537 1.989
96.156 -110.184 -122.141 2.121
-106.029 99.816 -83.383 1.961
-27.848 125.480 38.917 1.870
171.581 -89.282 166.180 2.005
-219.967 -148.707 -15.651 2.023
-65.038 111.546 -28.041 1.862
-97.214 -184.924 93.037 2.010
-203.486 23.610 -102.897 2.152
33.847 17.414 -158.769 1.946
-161.555 -176.775 171.426 2.108
147.989 167.274 -110.246 2.021
163.511 167.840 -95.177 2.105
185.682 150.036 27.287 1.951
-146.132 -142.119 151.113 2.049
-52.978 120.316 166.520 1.926
77.892 -120.600 -185.785 2.067
39.872 85.709 191.339 2.156
204.945 -147.631 104.105 1.940
11.270 19.459 -69.586 1.929
-148.415 64.740 68.192 1.959
-46.642 -31.164 -127.032 1.958
157.641 -157.424 -29.057 2.123
-212.104 -142.657 34.190 2.110
184.290 49.710 -88.467 1.938
-145.312 -85.537 -188.917 1.965
144.366 70.266 -165.695 2.111
108.229 -76.262 177.852 2.060
160.553 150.732 -62.683 1.922
-80.764 -12.084 37.976 2.170
-193.235 33.573 28.767 2.018
153.746 161.237 -60.405 1.884
194.583 28.041 -91.979 1.991
-110.112 -82.174 3.864 1.937
-138.558 -113.725 40.152 2.102
190.129 106.378 180.210 2.048
-61.459 16.963 27.713 1.958
198.757 -100.065 -28.552 1.955
66.461 -94.816 181.103 2.030
-136.772 118.010 -190.334 2.121
192.621 119.580 -48.838 2.046
16.594 -166.207 -44.451 2.144
-42.889 41.251 12.022 1.800
1.152 -127.583 113.174 2.232
-64.776 -166.903 -61.576 1.967
139.081 87.273 149.690 1.983
-171.553 143.939 -100.761 2.056
216.973 -164.975 -8.847 1.907
184.255 -89.094 -2.814 2.251
82.146 22.191 -121.282 2.081
26.739 -169.707 49.701 1.967
201.846 23.353 155.597 2.232
-191.402 -183.614 95.445 2.160
-49.540 -157.887 30.550 1.844
24.710 31.901 -99.915 2.073
-199.310 -99.547 47.059 1.924
12.149 125.076 -194.336 2.048
80.545 158.404 22.689 1.975
-202.729 38.445 85.994 1.972
199.015 121.818 -150.854 1.839
149.145 -99.053 18.599 2.072
5.916 85.497 -89.160 2.043
44.497 -3.975 179.716 1.964
-177.824 -145.416 -170.660 2.020
-158.499 176.875 -64.737 1.970
47.653 -113.719 -173.109 1.866
-147.780 -40.674 139.996 1.990
-104.275 165.609 -57.080 1.915
146.291 139.971 189.893 2.042
168.955 4.256 113.193 1.937
208.335 163.795 -141.793 2.031
-86.450 -81.036 22.483 1.916
-78.042 -60.884 170.383 2.056
-67.254 151.175 -161.911 2.035
-152.935 -103.817 -115.990 2.053
216.085 90.366 176.934 1.989
-99.267 -178.872 -74.332 2.007
-135.525 162.623 184.605 1.985
-92.616 4.501 -11.181 2.036
-145.027 -86.221 -185.051 2.134
146.499 151.384 108.069 1.970
210.626 124.972 86.991 2.015
-37.982 168.231 145.235 1.924
207.676 -50.494 77.895 2.084
-28.054 186.544 -35.502 2.172
-6.286 -51.340 51.598 1.818
208.117 90.369 -100.060 1.935
141.301 -29.058 -194.474 2.010
-117.486 -29.862 -16.409 1.841
135.247 70.249 -96.004 2.004
3.372 -81.197 102.318 1.928
14.192 -18.456 -41.858 2.079
-101.964 -143.370 27.275 1.956
59.023 70.764 -135.041 1.980
-37.222 122.810 -98.401 1.930
211.791 175.870 163.683 1.839
-219.163 138.250 -177.184 2.004
-103.439 -103.025 185.827 1.971
-10.752 -7.818 115.975 2.110
-91.824 95.897 -197.141 1.918
-134.243 -151.264 86.128 1.897
207.890 50.792 110.512 1.948
-102.804 49.781 -67.036 1.856
-74.533 139.871 -177.209 2.097
-194.462 -188.583 120.351 1.995
-219.842 77.365 138.776 1.822
-138.598 -122.276 -175.040 2.001
-26.311 21.572 -87.169 1.987
149.427 -27.649 38.470 2.074
167.662 -172.547 85.164 1.939
-161.616 43.086 -189.019 2.018
-85.126 -140.690 88.117 2.057
144.258 -161.663 -90.561 1.955
15.712 -115.006 88.033 1.885
-163.109 -86.433 179.190 2.100
-196.375 -94.563 -90.953 1.969
-90.866 -57.883 -106.366 2.020
-168.426 100.752 -187.323 1.869
191.165 -115.234 -127.714 1.944
154.379 50.695 -119.002 1.961
-204.472 -181.491 -79.264 2.107
71.216 38.222 88.915 1.920
4.867 -132.128 173.837 1.894
96.292 -111.628 -62.337 1.922
-79.263 100.986 -101.002 2.041
-202.638 44.709 -32.606 2.083
-55.499 -151.849 -16.672 1.923
-143.142 11.701 -81.980 1.893
-48.024 -104.198 49.813 1.867
100.374 76.650 65.449 2.016
-71.131 -23.114 26.674 1.858
26.620 -14.227 136.923 1.946
192.245 40.909 -186.400 1.968
-214.275 -20.064 153.398 1.826
-2.173 63.644 -96.515 1.930
-120.189 106.377 -178.594 2.023
62.269 -97.759 39.119 2.136
77.506 -56.750 -152.867 1.973
111.083 -164.389 -10.060 1.919
-199.585 -114.224 22.529 2.190
-27.146 -80.825 -38.036 1.980
21.789 -112.779 -109.614 2.044
215.173 117.173 -196.289 1.896
187.919 187.678 119.018 2.045
-109.726 -0.147 -144.988 2.179
-141.651 -179.924 -145.950 2.270
201.672 110.090 -151.478 1.965
60.909 89.991 69.740 1.905
-168.041 -106.908 -184.686 1.984
165.730 -181.965 -115.826 1.969
109.413 62.131 -40.271 2.160
135.355 -90.256 -119.213 1.947
-0.985 -2.828 116.753 1.814
197.297 -17.826 61.982 1.942
-52.466 76.068 -26.640 1.722
154.923 -73.068 4.425 2.004
106.653 -61.254 -50.012 1.922
-40.691 -85.953 142.724 1.891
-132.409 -102.026 -198.169 1.946
161.360 -169.968 88.942 1.986
-5.826 -44.115 -101.874 2.023
138.934 133.825 -85.362 2.061
37.372 21.456 47.121 2.215
-218.226 -112.010 -2.837 2.057
-72.368 108.208 -37.306 1.944
173.276 130.608 -72.054 1.870
-204.444 -109.626 178.496 2.155
104.724 -124.134 -65.534 2.162
-216.112 43.485 93.595 2.022
-209.897 -38.010 -147.708 1.939
-136.440 88.860 -124.036 2.178
224.983 145.810 -150.311 2.137
-5.675 -10.142 -199.406 1.980
36.005 13.533 77.159 1.974
188.677 147.589 -94.642 2.025
-156.209 50.016 -107.350 1.966
-221.722 -8.033 175.553 1.877
-103.171 108.867 -160.407 1.978
-62.386 -116.451 -24.821 2.130
-61.410 126.041 152.407 2.016
78.730 32.502 -5.675 2.021
68.034 -94.831 -139.801 2.066
-152.381 166.749 126.760 2.114
110.118 -8.896 25.235 2.173
124.305 -156.852 -89.030 1.944
22.683 -189.201 -83.497 2.154
-42.482 105.663 -42.975 2.102
-216.709 106.764 15.078 1.957
-202.882 165.241 35.931 1.927
74.130 -46.605 -10.935 1.953
-208.494 10.474 168.886 2.113
17.927 -175.868 -62.360 1.978
178.962 -184.942 130.185 1.988
143.993 -183.708 -46.535 2.000
56.668 -146.131 72.083 2.017
-48.222 86.339 50.348 2.021
-204.080 -87.365 137.054 2.234
-65.882 172.119 74.791 2.041
207.177 -162.547 -156.698 1.991
197.388 -29.306 21.513 1.981
137.340 73.019 167.254 2.000
-112.592 -99.198 97.474 2.131
-57.549 -127.581 98.034 2.084
-61.654 175.306 63.093 1.886
-13.684 -153.035 116.102 2.245
25.270 -152.266 -60.996 2.052
-201.685 -103.860 75.401 2.078
198.222 -133.304 -15.555 1.990
-68.826 -155.521 -34.059 1.996
-96.195 74.040 181.605 1.981
212.228 -6.622 102.923 2.013
-218.841 171.939 -6.826 1.905
-127.908 64.973 91.926 1.905
179.394 -119.115 -67.886 2.118
170.310 155.289 -156.587 1.970
209.600 -47.544 67.488 2.166
-17.026 56.675 44.507 2.015
-179.599 111.456 -11.802 1.970
-107.076 172.046 2.137 2.039
28.340 -98.857 -33.261 2.003
-148.035 176.679 37.749 2.021
-216.063 -152.708 -160.775 1.915
224.739 134.207 166.664 2.039
-155.669 -83.875 85.756 1.955
41.457 -154.717 -123.539 1.890
130.158 102.806 186.366 1.891
-47.627 -107.893 -7.147 2.034
-24.790 -16.177 117.413 1.986
43.410 -135.388 -53.193 1.731
216.953 162.189 177.066 1.965
-122.539 -0.754 -41.367 1.781
-35.147 103.192 34.526 1.911
196.350 130.105 10.104 2.005
165.434 -56.254 -91.788 1.973
-104.949 -28.455 191.044 1.877
11.667 -125.617 169.177 2.035
57.396 56.388 -117.962 1.795
-122.772 -34.797 -197.871 1.898
-79.023 -161.247 -141.660 2.114
-205.325 -0.415 -110.134 1.942
31.544 112.054 -166.247 2.124
-64.706 49.699 129.121 1.998
-90.763 37.966 131.468 1.989
42.803 68.670 170.187 2.010
-212.248 188.827 -71.142 1.997
-159.948 -71.715 -162.677 2.021
122.644 7.385 135.659 2.087
-113.948 -183.271 22.742 1.934
59.652 -139.464 77.044 1.863
10.835 -111.988 -131.346 2.061
-152.981 96.437 62.208 2.122
163.363 154.145 116.455 1.923
-170.710 -90.665 57.553 1.916
46.458 -177.367 -189.825 1.971
-32.315 144.406 40.912 2.078
-74.918 -63.675 132.239 1.933
140.541 -102.932 -187.878 2.036
93.725 -170.233 193.689 1.983
215.038 -72.037 110.294 1.743
-52.266 -85.819 -40.012 1.923
132.509 178.699 112.394 1.840
211.469 -67.526 79.234 2.169
16.435 113.071 72.692 2.055
-210.547 -58.010 68.578 2.093
27.182 -95.295 -100.279 1.948
-70.393 -14.316 -116.873 2.089
95.736 -114.655 69.385 1.939
-138.132 -116.910 -48.227 1.798
-8.458 -60.775 59.483 2.047
-134.435 -94.643 -116.886 2.160
-75.113 -73.596 -193.061 1.964
-47.148 -105.215 -39.007 1.929
1.718 12.888 1.570 1.918
-101.611 116.861 62.048 1.951
190.668 -143.982 -163.987 2.094
-121.377 160.526 -37.527 2.015
-20.256 27.869 -123.510 2.016
-9.299 -8.889 58.208 1.969
-203.024 185.970 165.514 1.902
186.016 -152.851 -20.896 2.049
102.604 -40.472 176.658 1.944
188.882 -174.448 -21.757 1.979
117.233 58.790 148.731 1.718
-45.417 79.592 -102.715 1.845
-198.369 0.071 -169.164 2.101
132.296 49.338 -88.304 2.016
-59.467 -121.132 -110.057 2.050
-42.856 96.944 -173.212 2.014
199.609 83.407 172.879 2.003
172.104 -118.471 83.683 2.093
207.823 131.084 -103.077 2.001
-11.174 -82.814 172.295 2.061
-103.397 163.248 -113.270 2.062
124.866 -99.161 70.812 1.917
176.175 -101.960 -173.408 1.943
111.152 -139.959 -47.023 2.116
75.595 -143.417 -92.691 2.037
42.858 169.294 -158.451 2.111
-209.560 12.299 -43.806 2.045
-202.141 183.946 -101.607 1.952
82.703 -44.447 -65.757 2.142
-142.078 167.097 -121.412 1.920
-31.955 74.114 -167.974 1.987
-115.897 -137.106 45.142 2.085
142.644 44.693 -38.988 2.047
216.262 122.206 132.057 1.909
-38.941 84.443 176.699 2.045
106.660 -119.825 -176.870 2.088
-212.584 -63.162 174.254 1.961
157.458 -99.754 -165.622 2.005
5.413 -164.006 156.286 2.058
116.815 50.224 115.979 1.832
-165.205 17.436 -96.561 1.877
60.131 -65.482 -89.727 1.917
-134.791 -149.932 -44.149 2.049
9.929 12.263 -15.480 1.957
59.857 158.458 -181.224 2.117
-163.690 -121.751 -2.845 1.974
-127.031 49.818 144.408 1.939
212.716 50.813 37.828 2.046
-13.825 102.412 -117.384 1.993
-43.946 -14.249 -188.210 2.056
156.228 85.811 -79.305 1.997
-219.108 -81.717 175.096 2.029
37.422 -98.783 57.333 1.848
-162.718 12.179 -147.591 2.000
159.358 -45.363 185.407 2.129
180.592 76.322 -130.836 1.850
6.993 -91.108 177.717 1.702
211.213 174.368 -58.096 1.821
-130.737 9.709 -84.036 2.079
-48.747 -94.387 -171.486 2.012
-137.313 -158.130 -18.578 2.022
95.845 9.376 103.982 2.126
-93.159 -9.060 -12.785 1.752
-222.892 -46.512 133.664 1.962
33.333 5.405 -45.191 2.061
145.200 -148.925 178.361 2.021
-29.872 -14.220 -142.264 1.916
-164.216 88.831 186.285 1.863
199.527 114.599 182.406 1.960
192.372 -14.472 -121.707 1.876
-195.600 133.505 -101.388 1.993
-75.521 66.653 77.861 2.089
-50.013 41.053 -82.947 1.864
-126.368 72.199 -115.236 1.820
121.192 -70.523 -15.631 2.011
-87.697 -28.041 199.309 1.985
222.293 6.197 177.430 2.040
-134.621 187.265 61.386 1.990
-196.950 -23.970 29.913 2.134
86.814 189.814 79.730 2.016
201.228 -69.781 -167.324 2.077
-158.052 145.229 110.855 1.900
-160.690 -93.792 10.419 2.010
192.064 78.976 96.296 2.168
-118.372 5.265 -0.631 1.964
-37.309 -141.595 -180.574 1.700
-150.959 87.851 -123.931 2.280
-156.664 -74.372 144.401 1.982
-174.701 -54.807 95.796 2.134
51.395 -124.661 -1.323 2.009
-100.327 63.435 -83.218 2.004
57.032 176.761 -63.647 1.881
-60.767 -183.928 66.805 2.079
-166.089 50.317 100.834 2.065
164.507 133.703 105.200 1.913
131.438 -42.296 -127.572 2.037
-103.742 83.408 29.570 2.023
-119.321 -117.117 71.785 1.970
182.992 82.757 135.085 2.066
-57.082 -15.983 174.341 2.088
-92.443 118.862 102.868 2.110
170.434 69.337 -134.073 2.052
-58.145 61.886 -132.458 1.933
-99.644 77.023 108.529 1.903
9.812 -84.174 99.984 1.985
218.116 135.575 -194.116 1.898
-195.368 -116.306 182.632 1.996
88.383 161.522 113.898 1.905
58.761 111.436 140.034 1.997
51.630 -71.765 48.715 2.246
-64.159 -113.198 130.408 2.061
4.522 93.647 -145.705 1.961
66.019 29.044 5.242 2.089
-196.587 -124.836 131.882 2.104
-23.770 -4.318 137.516 1.803
157.695 167.519 196.062 1.880
-101.547 -178.271 66.488 2.005
23.663 -71.982 -30.351 1.851
-68.182 176.575 114.723 1.935
178.358 123.768 -12.514 2.037
-65.696 130.594 -130.251 2.198
224.443 65.431 179.222 1.938
-53.296 -118.836 -140.328 2.063
-124.333 49.199 70.910 1.997
-194.073 -32.784 -129.904 1.896
-187.116 114.553 144.002 1.951
-45.922 -159.265 -93.388 2.048
206.999 48.703 26.653 2.189
57.386 44.670 -182.145 1.994
-1.996 80.945 -162.993 2.121
70.777 -189.617 135.123 2.113
25.855 -20.498 -39.316 1.744
148.742 26.738 -63.093 2.008
-20.677 -73.596 127.758 2.071
107.483 -18.148 -143.853 1.963
180.130 -41.080 -40.663 1.946
-85.016 -155.200 -80.126 2.130
172.261 152.538 52.204 2.187
-126.231 -108.550 192.865 2.121
-112.608 41.815 -83.275 2.103
12.636 166.982 -32.859 2.113
192.095 -136.875 -3.935 2.034
88.583 82.798 111.388 1.952
142.444 -108.798 142.441 2.154
-71.963 -4.518 -141.407 1.940
213.376 -136.916 -35.997 1.996
-64.660 -35.559 111.783 1.905
114.371 124.103 165.439 1.886
-68.114 -66.243 103.625 1.924
24.480 -176.793 68.583 1.818
-38.891 54.384 -7.535 1.871
3.337 -26.762 -1.442 2.151
-223.905 62.223 -78.374 1.931
184.675 -51.265 47.289 2.034
12.482 -57.912 -98.049 1.887
-184.052 185.634 100.314 1.981
77.847 110.349 -166.538 2.047
220.895 140.398 -114.962 2.038
-170.213 57.581 102.616 1.935
128.014 -127.747 -157.176 1.904
-73.435 -15.716 42.594 2.066
92.123 -106.501 5.809 2.050
148.864 33.057 -88.258 1.994
-48.139 -7.332 -136.537 2.121
-96.666 -79.098 189.755 1.945
-196.555 -6.137 -59.949 2.093
191.552 -41.389 -27.857 2.088
79.215 82.381 -180.465 2.009
199.145 -155.492 75.481 1.851
-114.386 36.202 65.778 1.918
41.333 104.124 -89.101 2.012
66.250 -146.311 -66.410 2.029
-103.758 -164.595 -128.320 1.865
14.699 -189.317 6.143 2.100
-216.808 -124.674 74.934 1.780
-117.758 -82.561 -74.894 1.919
6.736 -46.356 47.304 1.910
120.761 47.295 -64.438 2.039
-54.195 -177.365 -10.622 1.817
28.327 123.592 -139.044 2.088
-20.688 73.064 -196.292 1.931
-65.841 157.437 -4.884 1.931
3.123 -112.582 -164.073 1.956
-38.504 -124.546 111.947 2.040
78.472 -80.361 68.769 1.849
201.434 75.277 -118.336 1.968
90.842 -70.198 27.770 1.773
42.531 12.515 -135.239 2.013
-39.911 89.185 23.506 2.082
-148.888 -100.818 67.749 1.872
147.932 -130.953 -111.010 2.079
216.366 7.211 -87.836 1.971
7.979 -98.741 112.571 2.046
-104.683 188.425 -78.194 1.921
-7.956 156.478 -83.978 2.041
61.100 -148.177 -199.777 2.025
4.398 3.971 153.135 2.138
27.831 100.398 -26.808 2.019
-129.653 152.755 158.653 1.898
157.111 0.304 -37.401 1.851
-121.410 155.233 -117.476 1.964
100.491 182.370 -196.923 1.674
-210.137 160.609 20.181 2.150
-162.013 113.248 -81.266 1.956
-19.144 172.063 -25.403 2.029
122.443 -49.157 60.350 2.046
-55.113 99.402 156.684 1.944
-177.142 -175.148 181.036 2.065
-116.430 156.772 -155.311 2.039
-162.366 114.443 147.929 1.987
116.627 23.119 177.015 2.031
217.798 -158.780 -195.670 2.011
-156.657 -150.452 3.538 1.956
-118.989 -159.734 -27.121 1.934
20.981 -174.203 -106.847 1.987
-105.859 -32.214 118.923 1.836
150.404 111.675 142.333 1.928
134.178 120.492 -73.168 1.920
-120.204 -163.308 -37.720 2.073
-140.120 -112.389 -189.784 1.892
217.302 75.468 40.122 1.857
-182.432 72.320 29.783 1.729
-185.988 -4.006 -181.260 2.061
50.785 155.814 91.055 2.124
138.819 116.304 60.265 1.928
81.649 75.798 4.509 1.843
189.214 -23.727 136.808 1.890
121.771 66.929 191.409 2.105
-95.584 143.717 175.196 1.921
-4.825 -122.794 168.215 1.837
-154.881 -15.361 -132.773 2.017
-222.876 46.374 121.021 1.994
70.137 -109.273 -152.971 1.980
-120.322 -113.033 -92.311 2.044
-74.947 77.800 -171.496 2.122
71.404 28.205 103.295 2.075
112.291 166.276 -123.455 1.978
-217.681 -80.391 -46.732 1.878
112.470 -49.539 -93.853 2.006
79.832 -143.332 184.430 2.008
-64.581 -18.663 26.124 1.980
30.836 8.879 -70.121 1.909
-4.723 3.343 69.787 2.109
45.974 -89.483 193.508 1.800
64.460 -171.084 -132.294 2.006
167.069 -100.202 133.283 1.971
-20.682 -130.927 192.931 2.040
-199.791 -87.644 -178.603 2.066
-98.309 -39.986 168.442 2.209
-183.518 -166.922 -183.980 2.001
65.472 -186.896 -0.624 1.949
15.132 -125.255 32.462 2.071
-106.991 5.546 -87.269 2.092
-122.306 23.884 192.501 2.016
44.605 -154.824 -160.509 1.961
57.194 -21.952 134.736 1.929
168.682 -30.921 -136.507 1.975
-128.798 -114.809 -145.605 2.115
60.723 -133.805 196.981 1.936
-165.512 59.373 -140.463 1.840
-171.716 89.448 -81.571 2.192
-68.547 -64.688 137.188 1.999
180.748 -55.501 49.191 2.029
-88.316 82.363 12.760 2.045
210.383 -53.341 75.598 1.948
-122.344 -69.052 25.770 2.025
-24.453 -89.582 -136.466 2.026
-182.798 -6.836 -164.089 1.949
65.009 98.387 130.918 1.927
210.204 -21.719 122.873 1.842
35.313 -162.640 -9.837 1.758
-63.156 162.995 -37.568 2.026
-61.085 27.912 -127.409 2.051
149.740 -157.432 150.793 1.934
9.713 36.289 -65.737 2.074
-189.090 20.965 180.111 2.093
-123.637 73.247 -104.934 2.046
32.829 38.947 89.608 2.078
116.557 -18.557 -126.213 1.978
-187.538 49.807 -43.836 1.900
-84.478 -139.453 153.311 1.874
78.219 37.929 -72.278 2.166
-176.232 68.370 123.930 1.815
-112.910 -106.996 -44.825 2.080
42.320 -186.011 48.750 2.057
-53.283 22.074 82.039 1.804
156.266 48.151 4.447 2.061
91.981 -180.354 155.658 1.950
111.644 149.722 -131.390 2.177
58.823 149.590 146.828 1.803
3.746 158.958 -44.551 2.144
196.865 100.954 -89.533 2.014
-182.186 -107.667 94.984 2.053
98.836 168.590 60.590 1.965
183.110 37.259 -57.985 1.856
78.261 169.699 -74.936 2.075
220.646 -79.157 -157.222 2.023
-6.686 -30.318 167.807 2.062
29.396 -63.180 198.690 1.896
-120.014 97.495 -25.118 1.982
-12.181 187.078 -39.180 2.111
104.997 183.172 -6.881 1.825
-118.559 183.343 86.379 1.968
-218.565 -142.902 21.837 2.195
81.994 184.336 146.214 1.910
15.254 120.492 -187.813 1.961
144.805 43.037 -115.119 2.014
182.266 156.633 48.220 1.925
18.762 -116.672 -83.604 2.130
-39.362 82.400 -115.792 2.169
-129.057 54.367 6.567 1.900
5.398 -87.460 -102.042 1.944
-51.057 -100.071 104.166 1.969
-72.864 -106.176 -167.893 1.999
119.279 -149.230 182.066 1.879
-201.336 -166.417 -198.042 2.047
17.561 130.547 173.867 1.924
-9.639 -188.376 155.839 2.117
-28.095 155.838 17.107 1.949
-202.317 50.089 136.873 2.090
-28.492 -38.337 -199.293 2.064
85.606 -167.446 -156.166 1.999
-51.496 145.305 68.709 1.892
-51.732 135.840 79.512 1.911
-171.302 -14.110 -111.584 1.951
-149.033 43.967 -41.556 2.146
-36.618 -150.648 190.061 2.031
-16.593 10.418 -125.840 2.010
32.150 70.159 6.479 2.139
81.528 -106.820 -4.116 1.783
223.522 118.630 70.247 1.760
80.277 137.435 -151.363 2.021
96.753 -162.732 -57.075 1.967
-60.828 155.150 33.346 1.781
-68.398 -70.514 2.262 2.037
-61.672 89.073 66.775 2.023
90.091 175.051 -193.608 1.995
-103.571 35.708 157.964 1.907
-153.823 -108.514 -80.956 2.106
34.681 38.424 11.724 1.891
-163.084 -66.476 143.358 2.106
-43.254 -102.680 -167.773 2.138
11.846 -32.859 -86.864 1.925
41.962 -10.956 -196.744 2.078
175.164 5.668 125.520 2.067
-20.454 5.991 88.052 2.007
-152.352 83.502 130.094 2.018
-182.578 -70.713 98.934 1.907
28.510 -123.800 -34.950 2.033
-77.692 -10.450 181.017 2.084
-59.171 128.050 175.746 2.018
-148.807 -145.860 145.284 1.868
-76.737 -167.599 36.211 1.891
175.155 -49.672 -113.895 2.026
102.204 -119.570 47.770 2.060
134.776 -37.277 -177.033 1.933
-94.962 163.009 144.549 2.126
155.236 -91.593 112.119 2.059
-21.227 89.271 27.169 2.017
-83.342 -59.499 27.403 2.214
200.801 98.259 -167.758 1.979
27.579 -128.057 -131.558 2.030
192.767 -86.078 -108.023 1.913
147.411 88.688 -21.202 1.937
162.489 25.387 -160.241 2.113
-69.854 -119.706 -59.446 1.992
-169.564 185.192 -89.537 2.012
-128.491 -80.567 -125.003 1.989
-209.395 -160.129 -48.835 2.179
100.867 111.069 21.281 1.907
-169.658 -127.570 73.060 1.924
-33.603 167.293 -127.556 2.053
-31.219 -132.386 94.006 2.187
42.583 -16.774 141.272 2.099
158.696 44.405 -132.743 2.096
17.743 14.434 108.567 2.173
178.039 16.156 -53.638 1.802
14.341 -15.447 -82.786 1.928
-8.276 106.730 -95.211 1.914
152.175 -51.420 -166.202 2.015
-71.198 -141.760 -11.079 2.003
-81.984 81.726 -66.864 2.086
141.335 92.501 18.057 2.094
-14.864 29.318 192.965 2.061
206.737 -55.869 17.756 1.924
-44.291 106.311 56.890 1.880
104.877 -115.340 -91.991 2.080
112.856 -156.200 -34.926 1.988
-168.111 -49.977 -41.546 1.768
154.614 -152.971 150.527 2.087
18.172 -111.740 -43.868 1.932
129.139 134.892 178.666 1.947
-158.163 179.338 -74.903 2.083
53.231 -176.027 -194.361 1.930
196.432 1.946 8.716 2.029
114.069 -3.148 -20.069 1.831
118.800 45.643 109.862 2.019
-100.791 170.064 135.838 1.999
91.510 -88.222 147.391 1.943
187.115 40.642 -94.851 1.955
148.028 -19.493 -58.590 1.932
148.407 139.768 -53.372 2.047
-194.179 -176.752 -132.261 2.056
150.712 18.546 50.262 1.971
120.426 -16.429 -136.178 2.008
220.602 60.913 73.980 2.112
-192.325 117.654 -34.200 2.021
-116.610 17.521 -152.125 1.908
-134.186 -1.436 146.246 1.972
-164.334 37.270 16.143 1.984
186.876 34.386 141.958 1.897
105.103 -98.150 160.332 1.953
151.102 182.156 8.241 2.070
15.740 -132.442 -132.530 1.885
-91.439 -75.989 -22.189 1.936
-90.577 -44.938 -75.970 2.115
-216.972 -12.306 -121.466 2.005
-156.717 88.333 98.926 2.008
77.510 -95.032 -43.870 2.133
205.278 -3.175 -171.444 1.878
-207.875 -87.744 52.406 1.968
69.850 72.575 49.132 2.011
194.226 138.864 -77.040 2.208
179.596 27.539 -70.002 2.010
-86.170 -138.626 178.209 1.888
140.895 -34.264 149.061 2.047
-144.644 -72.634 108.329 1.958
-69.145 -39.510 95.169 2.110
-128.515 38.273 -166.784 1.969
-209.013 147.899 64.058 2.103
-73.068 114.304 -117.577 2.023
52.386 -1.075 18.726 1.880
161.781 -183.164 -135.604 1.995
112.880 141.171 121.675 1.788
-115.258 -35.686 73.031 1.948
164.127 -186.486 -182.029 1.993
-143.385 9.845 171.288 2.011
-90.541 -25.414 -81.752 2.132
179.945 -185.576 188.038 2.026
-92.190 160.795 -158.114 2.095
144.125 139.037 41.834 2.129
-113.120 163.336 -160.442 1.964
-81.857 17.255 55.423 2.101
102.054 -168.010 -197.999 2.031
75.420 167.840 52.291 2.021
-74.107 158.521 -150.577 1.797
40.792 -99.228 -93.441 2.112
-184.028 21.241 38.367 1.903
-190.910 -56.237 103.501 1.972
-174.247 -8.592 87.629 1.816
-12.674 -181.015 -68.986 2.211
-8.260 131.312 -52.761 1.945
-22.495 -188.124 163.205 2.133
125.010 -38.997 116.311 2.040
134.165 181.264 148.883 2.180
143.957 -55.967 75.074 1.975
28.923 -184.560 150.309 1.827
109.929 -98.290 -144.385 1.959
213.945 106.519 -73.237 1.988
182.638 -3.848 198.751 2.098
-103.072 -87.062 198.860 1.978
-171.044 -5.981 34.913 2.002
110.045 99.985 175.995 1.993
-164.880 9.121 -51.113 1.964
-56.783 -21.186 -65.400 1.911
-20.703 -5.498 -186.306 2.061
-73.461 -172.777 -130.325 2.062
54.774 19.290 48.145 2.009
24.686 -36.577 -90.464 2.046
34.051 -67.608 -109.204 1.917
31.340 -7.694 -86.447 2.114
134.670 -62.484 -18.352 2.028
-20.122 107.376 -73.101 2.048
-65.007 110.987 108.340 2.050
160.725 -152.049 108.229 2.015
-143.952 126.982 -140.803 2.008
-185.713 88.566 111.019 2.126
-134.151 108.989 -171.950 1.902
-122.287 69.681 156.098 1.996
-35.939 81.909 179.220 1.995
87.062 10.053 126.362 1.906
122.751 -6.582 -111.471 2.073
-171.485 -119.028 20.363 1.966
-152.912 -15.275 26.502 1.938
7.207 86.861 193.685 1.969
194.946 -69.185 170.837 2.050
-56.768 76.735 3.623 2.094
-70.363 126.948 178.900 1.891
-45.621 -4.168 -192.287 2.235
26.699 -26.587 176.518 2.077
-173.937 138.936 58.974 1.859
24.438 -168.479 -79.040 2.158
-132.366 70.806 79.389 1.874
184.993 -40.968 55.815 1.949
109.537 -110.202 -19.023 2.080
187.461 -181.334 -84.672 2.058
100.113 49.892 -86.619 1.885
51.341 -98.033 -165.619 1.922
136.539 -73.115 -132.837 1.894
137.789 185.931 -193.540 2.083
57.620 -49.655 -175.767 1.797
-47.501 -134.056 -79.796 2.146
-150.755 -161.342 181.612 2.244
-214.884 -182.711 41.927 1.960
76.953 -63.314 -43.986 1.952
147.353 59.536 -83.525 2.057
115.614 -70.442 147.704 2.008
-120.184 105.420 53.437 2.103
107.752 -179.656 9.486 1.986
130.148 -133.511 134.256 2.115
87.371 -97.099 -134.499 2.129
137.836 -69.090 -96.578 2.041
-145.188 -38.694 -179.507 2.050
145.814 2.538 -108.569 2.004
-123.021 -84.205 -83.411 1.902
115.566 -1.102 165.591 1.977
147.972 -50.292 162.796 1.981
-41.540 -15.296 170.699 2.042
-85.175 -115.057 -100.939 2.014
-193.340 -38.276 -169.068 2.203
-119.539 -181.932 19.385 1.928
-125.967 -59.380 62.128 2.097
-194.009 43.937 170.465 1.919
-224.958 -149.228 -107.369 2.172
175.565 96.504 102.794 2.115
3.799 101.070 -115.701 2.048
-72.950 0.917 27.784 1.857
189.771 -186.597 26.312 2.047
-109.109 153.743 9.626 1.996
29.142 140.618 59.535 1.827
-1.546 -118.964 145.771 2.048
-142.208 -61.806 -191.692 1.821
-61.757 -88.298 -11.708 2.006
73.431 -10.525 146.352 2.095
57.151 129.170 -38.425 1.983
68.459 -130.333 -26.045 1.986
223.005 111.236 -148.989 2.052
-27.365 89.587 19.329 2.071
-106.804 87.580 0.237 2.092
-40.209 13.015 -17.495 1.967
55.223 7.160 156.185 2.143
153.340 -133.143 74.109 2.108
107.354 132.489 188.079 1.888
-67.449 -148.955 186.107 2.056
-193.376 152.809 -63.968 2.033
124.326 -89.980 131.976 1.967
103.257 155.110 -105.720 1.961
-181.269 66.738 9.153 1.906
170.454 -10.157 38.272 1.952
-43.045 -123.641 19.876 2.065
-145.027 67.271 27.381 1.929
-77.841 127.545 101.500 1.969
-34.410 6.232 -91.061 2.081
124.507 -23.965 -51.269 2.069
-34.804 49.512 55.069 1.991
32.447 12.331 199.160 1.940
-63.401 -168.385 -173.732 1.994
192.717 -5.099 -144.746 2.082
95.833 -3.065 -76.646 2.047
98.227 -62.734 162.080 1.926
-94.423 109.394 195.080 2.030
-130.123 -181.093 100.898 2.096
66.755 107.036 -65.453 2.060
92.698 -101.035 -118.263 2.058
99.532 -132.100 35.499 1.897
134.972 -103.324 -57.098 1.988
146.572 -128.308 181.378 2.045
-85.964 164.684 -77.549 2.173
-177.826 109.383 21.898 1.946
71.935 -157.027 -101.697 1.840
71.057 -46.959 -180.933 2.024
222.591 -176.486 118.837 2.045
207.617 153.636 -153.732 2.138
180.524 7.040 173.527 1.867
149.084 -59.577 127.480 1.922
201.679 -136.358 193.933 1.876
