187.026 -7.745 3.636 2.001
181.603 -131.661 -101.165 2.148
-24.159 170.228 7.568 2.062
-147.343 -85.934 -123.416 1.969
-138.434 -150.802 166.888 2.144
11.376 177.150 -56.742 2.032
146.506 -187.622 161.188 2.194
-202.087 185.118 124.314 1.853
191.193 112.736 59.158 2.185
82.210 167.558 -160.355 1.816
-165.020 -115.064 100.765 2.089
-149.213 -120.206 -95.424 2.047
-108.505 24.683 -148.183 1.831
65.491 -18.081 8.742 1.865
-88.286 45.049 54.731 1.978
105.805 145.851 2.480 2.050
121.130 -46.629 176.221 2.068
-11.365 8.180 -149.407 2.023
-15.726 -101.374 -21.884 2.083
16.837 -68.964 154.017 1.774
-63.380 144.925 196.911 1.878
73.979 146.656 -19.491 1.874
5.869 -49.246 -88.619 1.960
197.126 48.807 -126.432 1.825
-6.234 126.529 139.254 2.221
-212.924 138.580 -87.689 2.013
91.051 -30.335 -111.405 2.220
38.096 100.465 145.381 2.089
-208.793 -186.258 180.786 1.849
75.763 -161.959 -17.406 2.022
56.715 89.726 -182.796 2.073
165.289 85.238 197.411 2.040
109.712 -116.769 -193.682 1.983
-111.678 103.251 -139.355 1.929
67.736 -107.816 135.679 1.964
205.132 163.942 96.698 1.982
-90.145 -172.031 -31.464 1.907
219.258 84.811 -193.861 2.026
162.468 -186.441 -3.013 2.158
-79.476 -174.385 -27.996 2.043
154.960 49.986 -32.563 1.926
155.919 -97.061 86.763 1.911
116.860 181.740 -13.532 1.981
155.995 -18.850 118.211 1.880
194.903 -136.733 141.700 2.081
-150.746 71.620 120.889 2.181
-122.413 124.571 -55.261 1.849
44.330 -139.968 120.368 2.102
188.093 14.690 -100.707 2.054
172.125 70.536 -171.724 1.989
-52.094 146.157 37.385 1.909
76.594 -62.511 64.301 1.950
-43.124 -26.366 156.296 1.825
73.803 -127.789 -110.581 1.971
-11.666 -31.817 125.608 2.073
-74.507 -89.731 65.560 1.793
12.435 -156.640 68.952 2.070
194.489 -163.966 -29.637 1.847
39.489 150.266 104.995 2.078
-106.127 -44.684 140.776 2.024
7.318 171.318 163.482 2.186
-74.149 -127.915 184.008 1.863
139.653 29.635 -180.174 1.987
-18.923 94.581 -175.376 1.961
-106.962 178.531 120.917 2.187
-146.852 -39.323 -189.976 2.053
29.683 -112.549 102.264 2.116
-222.893 -0.100 135.724 2.136
-38.910 -71.161 -20.501 2.106
148.744 75.419 94.007 2.063
177.032 -166.908 -34.561 2.108
72.298 1.829 -75.770 1.993
219.613 -43.392 190.667 1.962
-203.882 172.512 106.546 2.012
154.434 2.730 78.016 2.010
-165.752 -0.317 -110.690 1.907
51.316 123.502 48.588 1.979
48.359 90.843 -56.609 2.054
176.742 -145.681 -180.425 2.164
86.910 108.276 -72.794 1.907
-81.675 173.571 116.831 1.986
112.255 89.138 -47.720 2.157
187.687 113.757 -128.092 2.014
-85.624 40.730 85.860 1.872
187.116 155.512 -46.069 2.075
-3.953 -33.649 81.952 2.004
181.237 -164.377 -123.618 1.931
221.658 161.088 92.487 1.886
-59.614 -62.048 60.792 1.885
141.445 134.203 -23.358 1.852
170.881 -96.986 -159.993 2.058
-130.827 -16.411 -121.214 1.895
-41.003 94.602 25.034 2.074
-130.602 95.007 67.673 2.055
-7.157 74.910 73.189 2.026
177.646 125.062 149.324 2.098
80.356 44.066 -138.007 2.125
-83.757 182.078 -20.385 1.829
63.590 139.502 -139.985 1.916
102.752 -77.278 142.785 2.006
-6.896 -69.338 190.198 2.165
118.480 122.596 -114.312 1.868
123.712 181.580 65.992 2.004
-224.626 147.822 99.405 1.994
158.945 -74.344 138.911 2.125
-92.709 118.960 -85.316 1.956
223.011 -156.834 28.527 1.948
-191.561 -116.576 -13.898 2.181
-75.851 -109.010 190.353 1.949
71.131 102.232 -33.206 2.194
-152.690 -131.964 -179.921 1.955
55.559 -150.727 -65.414 2.103
39.048 -79.933 16.996 2.012
57.695 -67.058 194.463 2.056
217.864 -24.729 82.330 2.003
101.893 138.862 185.460 2.169
-162.577 -173.832 -82.929 1.937
-12.076 109.075 -11.292 2.093
-92.005 -21.991 27.462 2.023
-9.011 135.505 23.230 2.023
-30.973 174.761 -70.809 1.747
-7.447 101.602 -68.865 2.128
-163.267 -168.226 -137.816 2.092
-163.538 34.518 103.408 2.143
31.888 -108.412 187.815 2.106
28.209 -181.321 -132.878 1.921
-123.028 -171.634 -149.816 2.014
-99.242 64.654 -24.374 2.028
-173.293 36.930 -116.441 2.165
42.561 137.927 145.433 1.923
38.449 -56.719 -157.400 1.991
119.337 -76.884 46.232 1.866
-50.986 4.539 28.192 2.020
119.759 -61.077 160.302 1.888
-97.290 96.356 -175.663 1.821
33.886 -24.725 -64.920 2.123
57.985 86.889 -3.583 2.105
25.313 0.845 -46.509 2.086
202.608 -41.738 125.546 2.078
-200.126 -89.717 -58.405 2.039
-112.690 -174.594 -21.207 1.881
223.588 -23.440 -13.894 2.016
187.672 -136.607 -25.229 2.058
-56.471 153.183 -17.691 2.091
-213.816 90.091 -98.422 2.163
92.286 18.753 -20.401 2.161
-110.537 137.847 129.832 2.008
-97.378 -183.395 159.863 2.145
-23.190 58.961 -12.674 2.042
-204.856 183.172 180.995 2.131
-90.430 28.546 64.637 1.986
140.975 65.842 13.629 1.923
73.594 89.273 -66.822 1.984
-206.881 -66.485 -191.548 1.830
-2.080 -76.300 -78.042 2.148
-107.912 34.601 6.785 1.867
78.342 -107.593 -14.423 2.094
19.062 -71.374 -12.259 1.979
22.854 114.095 31.948 1.914
-221.316 -132.640 -96.878 1.910
-204.334 -151.201 101.042 2.045
153.241 104.136 -112.584 1.962
52.926 -184.312 -180.125 1.998
-20.579 -52.878 17.047 1.965
-21.974 -104.747 -104.748 2.024
1.029 -89.224 -139.302 1.970
89.253 -90.474 23.649 1.879
-217.679 162.670 -66.406 1.863
-139.195 19.060 31.541 1.797
-38.712 -131.195 84.435 1.806
-120.560 188.568 -141.927 2.082
186.076 37.612 49.959 1.936
204.151 -76.037 130.862 2.152
122.605 -89.454 144.460 2.144
-38.175 113.616 -142.647 2.018
-220.834 -5.435 -177.731 2.104
159.383 158.375 117.628 1.942
-28.066 147.927 57.609 2.010
142.423 -103.164 -8.907 1.969
179.469 9.077 -22.982 1.881
189.929 -75.014 -114.996 2.159
86.979 -135.282 60.070 2.028
34.974 145.168 72.898 1.977
215.822 -101.437 146.648 2.082
219.858 -150.386 79.158 2.015
170.981 -81.506 -186.720 2.048
55.643 180.141 -191.771 2.025
151.375 6.196 -190.253 1.847
-69.215 108.750 73.117 1.927
222.307 74.169 -156.042 1.866
-198.224 57.014 -97.421 1.945
34.541 150.779 -35.427 1.919
127.988 -30.814 10.568 1.974
16.381 -26.980 120.891 2.041
-215.675 -131.741 148.642 1.750
-88.952 -168.878 158.283 2.091
-192.029 56.261 59.246 2.155
190.793 65.933 170.323 2.002
-72.377 37.389 -74.187 1.877
43.969 -116.520 41.720 1.887
-43.329 -174.241 -130.103 1.970
-214.376 -187.449 -185.634 2.051
-45.493 66.906 -188.185 1.740
-26.397 -40.752 124.040 1.944
-91.770 142.384 -136.514 2.084
125.002 131.953 14.085 2.095
172.273 -96.490 18.530 2.047
-103.764 -157.032 -94.321 2.019
-29.415 128.504 -138.850 2.005
-2.182 142.047 -146.486 1.774
82.667 -34.065 -129.073 2.082
-25.335 149.466 36.268 1.826
153.594 -82.701 -86.287 2.090
-58.588 -72.410 -192.276 1.921
-65.443 185.038 -81.820 2.093
-137.898 -141.793 -46.792 1.971
19.850 63.667 169.152 1.944
-86.433 60.892 182.433 2.001
-81.577 -51.609 49.599 2.232
-115.596 -172.072 48.101 1.937
55.528 -145.835 -47.759 1.945
-105.482 -183.468 0.014 1.938
-91.895 47.179 14.269 2.000
111.767 53.970 -52.156 2.062
22.865 -113.859 159.398 2.198
-67.804 91.502 -58.991 1.915
10.576 188.316 182.439 2.057
59.692 -105.895 -73.356 2.084
-145.944 148.751 42.929 2.010
-59.841 90.879 191.268 1.900
-60.344 -151.608 31.011 1.857
-210.859 47.665 -14.633 2.062
181.861 -36.025 174.254 2.042
188.765 -173.484 -54.648 2.077
121.443 -68.498 -41.263 1.989
-120.282 -29.415 68.223 1.985
-214.107 -99.350 4.793 1.867
102.434 138.765 194.277 2.001
-81.506 -182.092 170.141 2.103
202.781 185.682 -182.983 2.055
119.844 75.476 -125.200 1.813
41.057 -64.692 5.453 2.130
-50.050 -61.959 63.578 1.927
-82.236 -41.544 2.923 1.869
173.411 -183.861 145.968 2.033
-210.295 94.584 32.037 1.889
181.158 133.825 0.069 2.065
-209.090 142.344 -23.722 1.865
-111.011 -152.958 -179.238 1.948
92.668 -137.172 -107.978 1.960
-139.342 140.021 179.294 2.056
-208.161 -73.484 131.773 2.026
-82.532 -107.233 -29.018 1.992
191.666 31.365 -150.411 2.118
-8.746 -34.303 66.129 2.195
-103.722 130.676 124.276 1.941
200.267 -40.058 -62.541 1.725
-105.424 59.345 -92.205 1.961
26.195 -126.897 74.410 2.098
-200.540 -62.891 -85.088 1.968
30.622 78.807 15.399 1.737
12.977 77.279 5.400 1.954
193.845 -165.130 71.613 2.069
-53.661 -140.616 -118.137 1.928
21.829 -85.275 -147.844 1.942
96.014 175.677 4.311 2.178
-104.876 99.728 -78.773 2.041
117.887 -137.074 -96.960 2.088
49.497 159.354 98.062 2.027
-37.838 -149.439 -98.019 2.102
-7.087 -96.419 54.629 2.110
207.483 165.528 197.904 2.015
170.253 -140.192 -134.537 2.083
118.716 111.053 99.124 1.938
15.348 131.409 111.263 2.096
-154.939 -25.562 -156.917 1.939
-18.394 96.174 81.846 2.019
-61.378 -102.849 182.091 1.966
-52.694 -129.583 66.910 2.179
-118.277 -12.136 1.693 1.920
-131.822 -91.511 -33.363 1.825
62.144 26.759 -176.749 1.881
192.868 122.522 88.203 2.020
52.971 35.211 -30.768 2.110
-17.256 -100.202 -48.193 1.980
39.226 -50.131 64.133 1.902
-214.898 34.815 180.477 1.892
-198.107 -70.861 67.006 2.049
-113.009 89.676 195.171 1.981
85.504 29.392 50.298 1.960
-42.059 -84.849 74.750 2.014
-210.191 -137.568 -163.336 2.076
-158.664 -81.661 68.704 2.253
53.447 -49.421 -37.025 2.013
204.257 -0.299 44.742 2.103
-200.025 -183.556 -176.252 2.041
-56.085 0.609 69.038 2.080
54.611 117.280 -73.772 1.919
-87.592 -144.488 -100.006 2.055
183.381 21.711 -185.131 2.106
-4.201 -103.090 175.366 1.965
33.843 58.695 117.096 1.938
-136.937 -63.357 -171.760 1.963
50.159 59.599 -34.466 1.952
-18.644 -84.677 -125.450 1.839
-62.718 -47.010 161.824 1.934
-17.812 63.234 186.589 2.087
224.487 51.660 -196.063 2.033
46.420 -1.344 163.152 2.186
-83.101 -124.709 -9.847 1.940
186.618 -111.166 106.088 2.158
-216.501 145.710 -151.674 1.870
209.263 -77.308 -191.425 1.921
151.217 31.398 -139.883 1.962
149.035 62.434 -110.973 1.963
-87.078 131.167 193.371 2.002
-63.598 -65.473 -163.448 2.149
88.244 144.591 168.003 1.929
-175.878 -9.568 159.624 1.941
177.054 -189.876 40.887 2.064
173.071 72.276 -145.726 1.920
-77.834 -163.272 -143.438 1.960
178.238 38.901 100.838 2.197
-160.343 57.694 145.703 1.940
-199.333 116.918 167.059 2.055
38.618 -130.120 -128.608 2.140
-77.831 -85.360 -1.070 1.951
137.291 184.022 -93.301 2.143
-209.221 -77.409 -69.094 1.860
-168.206 72.704 83.048 2.014
-66.950 124.759 22.388 2.018
-51.350 137.523 131.035 1.888
-9.141 -67.163 167.153 2.014
158.939 -101.017 110.085 2.012
-220.889 81.273 42.069 2.086
-177.036 -172.030 -82.637 2.025
-186.566 170.866 34.547 2.104
32.506 -145.666 0.742 1.937
27.653 -162.809 -130.866 1.885
54.473 -97.698 85.882 2.009
-92.883 -159.875 146.722 1.944
-128.884 -76.019 62.396 2.004
96.614 -11.062 127.508 2.127
106.942 -39.585 132.257 2.096
82.020 45.567 147.069 2.091
-18.386 100.198 15.456 1.995
146.415 90.395 58.648 2.030
-193.566 172.487 167.578 2.010
54.777 -129.936 -194.510 2.117
-127.457 85.884 134.631 1.963
49.455 10.284 -108.898 2.125
218.329 159.644 -63.427 2.002
-178.559 9.832 -102.440 1.983
176.285 75.384 -2.457 1.914
-165.122 39.792 -171.587 1.965
-29.731 -114.023 -14.731 1.942
-172.988 118.484 50.549 1.987
179.007 8.755 157.387 1.842
224.685 -19.751 152.635 1.877
61.572 132.136 112.619 2.245
53.063 74.643 -132.233 2.017
-34.283 -78.620 -61.351 1.932
-56.727 127.522 11.421 1.992
-8.617 56.632 -189.467 2.206
-205.594 -102.267 3.679 2.021
69.259 71.420 -117.237 1.989
-207.875 147.704 28.227 2.029
-117.660 -184.837 -197.496 2.085
87.829 166.533 124.766 1.958
162.638 143.939 50.422 1.930
-33.525 -56.069 150.638 2.083
175.641 -15.599 -123.623 2.024
-36.798 163.054 -131.507 2.064
-135.599 -21.952 -143.779 2.061
-21.162 93.094 -47.482 1.865
-118.764 -60.737 -90.563 2.048
-160.703 93.092 191.672 1.987
134.150 -34.429 -28.508 2.028
200.150 -177.581 137.503 1.981
-54.156 -175.624 175.022 1.956
-50.977 189.180 30.342 1.858
50.077 20.110 -100.997 1.786
-90.867 163.503 123.287 1.834
9.786 -91.657 68.689 1.933
215.904 -150.857 -143.703 2.031
-57.727 -24.751 -43.189 2.072
16.981 -133.098 -98.580 2.007
-51.094 -149.602 -130.346 2.008
-101.070 103.478 137.935 1.740
188.667 139.289 153.869 2.080
206.202 -48.645 65.910 2.006
-67.011 -99.071 -23.543 1.922
-101.544 32.464 -103.782 1.995
170.896 186.896 197.448 1.924
-188.829 126.343 49.003 1.866
-51.296 169.016 -140.634 2.014
-78.373 113.300 134.173 2.172
84.807 116.066 66.256 1.928
117.774 -152.872 -145.245 2.282
-93.565 5.301 -104.637 2.116
-186.354 -48.932 92.809 1.902
-97.513 -19.101 -185.102 2.076
46.657 -173.892 -188.638 1.852
4.887 21.493 -176.807 1.854
42.702 52.691 190.140 2.302
94.446 11.044 61.287 1.904
-159.872 -161.904 -51.729 2.073
210.972 -11.567 58.739 2.124
151.838 -141.276 71.304 1.929
13.303 -105.367 -50.849 2.096
-209.340 184.043 -76.128 1.772
-202.971 40.207 13.333 2.013
-219.830 55.285 -130.796 2.096
38.024 121.472 -78.708 2.069
176.468 82.465 -99.242 2.089
55.929 -26.452 43.897 1.979
-104.894 -152.553 -10.857 2.022
-212.618 188.545 -29.741 2.297
-165.773 -122.359 -54.567 1.887
146.173 150.204 82.799 1.852
-162.863 -7.037 -96.940 2.142
173.110 78.356 -48.168 2.039
-168.471 79.263 -57.550 2.033
-82.488 -110.788 85.029 1.914
209.096 -80.881 46.799 2.217
136.343 106.433 -35.159 1.848
-14.307 -3.503 120.633 2.048
198.721 172.907 -20.849 1.824
-202.703 11.096 -172.174 1.939
-128.786 12.525 169.999 1.825
208.256 -147.257 158.403 2.087
209.723 156.489 67.526 1.993
-135.713 -7.359 -1.867 1.993
193.925 -79.361 -142.293 2.147
130.521 -16.670 150.134 2.017
149.823 50.212 102.025 2.050
-30.502 -38.085 -148.264 1.930
-73.763 160.665 188.031 1.975
90.404 -63.158 -15.870 1.980
42.509 -181.715 9.828 1.935
-64.197 135.560 68.552 2.053
-158.099 139.175 140.114 1.996
10.295 106.051 -157.904 2.153
14.684 -106.432 -164.750 2.037
-179.688 -66.580 -159.375 2.018
-97.045 39.413 -119.346 1.982
195.003 0.592 46.444 1.902
51.149 37.615 -99.225 1.904
157.464 109.358 -98.164 2.021
-64.417 -23.098 -153.973 1.743
61.366 172.908 -183.390 1.893
-144.315 -21.222 104.409 2.137
200.939 161.224 -146.923 2.190
-8.805 -166.335 -119.681 2.012
-89.437 -32.394 -110.706 1.998
-26.628 170.738 -20.364 1.986
206.286 155.669 -129.144 2.109
34.193 -166.224 6.652 1.970
186.337 143.153 190.841 2.256
-14.412 92.231 149.042 2.132
115.927 61.630 32.195 1.968
-154.468 -107.081 -20.858 1.990
-19.708 70.852 -30.271 2.055
-72.049 -10.216 6.068 2.071
-54.355 160.553 154.134 1.997
-112.987 52.084 17.235 1.889
-198.372 -171.890 -58.876 1.995
88.118 148.223 -31.659 2.127
-111.123 3.265 -8.214 2.049
-128.936 -7.496 172.720 1.846
-46.497 -53.390 60.028 2.096
60.408 82.520 -177.885 2.281
-166.641 34.239 116.507 1.804
-178.388 168.998 100.205 2.003
-85.960 -74.827 -31.493 2.063
-39.445 -70.049 -40.353 1.950
129.898 114.905 -92.625 2.247
-204.868 -90.999 -47.690 2.075
181.843 26.282 -21.577 1.955
106.751 86.235 -180.240 1.971
-24.590 -127.107 28.823 1.813
218.629 159.655 25.184 1.988
107.088 36.160 43.983 1.991
95.791 8.939 10.536 2.095
176.056 39.955 70.228 2.044
31.759 179.739 -126.226 2.214
199.945 -173.854 -125.255 1.994
-111.559 65.433 -172.314 2.177
157.743 -37.442 129.339 2.124
-20.506 169.557 -86.578 2.148
-59.571 114.171 -124.573 1.863
181.574 -107.493 -108.145 1.923
84.014 130.509 124.687 2.050
56.088 100.057 97.850 2.041
-48.960 110.642 38.999 1.960
-66.836 -46.151 113.717 2.019
-104.642 21.365 -36.249 2.052
95.361 151.466 -10.933 2.021
-32.049 -56.677 -106.561 1.901
-1.903 -125.753 116.671 1.995
-99.857 56.225 71.181 1.867
102.006 -176.981 -190.630 1.946
-209.618 93.608 -50.229 1.821
-115.321 -101.957 90.865 1.844
-141.099 15.724 7.441 1.958
221.335 6.609 -140.674 2.049
-51.518 168.299 -48.490 2.019
-2.468 149.872 59.651 1.717
25.514 36.705 -39.162 1.906
-210.925 -28.449 149.311 2.033
206.309 -7.732 48.966 2.028
-179.709 51.426 72.671 1.893
-98.311 -136.683 1.997 2.010
161.699 55.858 -104.998 2.120
-210.238 42.089 -134.992 2.007
142.886 -125.380 -25.505 2.117
50.800 142.660 -95.427 1.936
-134.809 15.804 38.942 1.932
-208.424 -175.030 -66.112 2.110
-126.725 44.391 -189.932 2.050
-148.532 173.639 30.179 1.859
-26.548 97.434 -172.433 1.943
198.048 -152.997 187.536 2.019
97.660 -105.320 -157.521 2.022
-113.951 -143.693 -82.554 2.012
142.498 63.218 173.225 2.144
85.734 165.192 63.132 1.899
151.464 -91.353 -134.545 2.025
-95.065 115.478 -0.335 2.117
166.023 53.573 23.839 1.937
-103.357 -164.157 -186.890 1.755
-90.181 174.561 160.675 2.044
183.062 -92.244 8.547 2.185
-160.045 55.947 86.240 2.053
-38.127 120.985 -96.638 1.825
108.617 -58.354 43.221 1.912
-100.517 -17.829 199.290 2.044
-105.122 -11.636 164.642 2.016
-150.447 68.151 -194.217 2.071
-74.220 25.863 -28.111 1.937
90.328 -37.419 63.258 2.052
-157.635 42.187 -80.905 1.998
53.319 -86.937 -101.157 1.966
-10.768 -1.414 -193.092 2.025
182.193 -141.213 10.798 1.872
219.694 -74.865 149.768 2.037
-33.547 160.309 73.051 1.811
-68.543 -59.899 102.426 1.899
216.622 -144.994 -68.930 1.842
-153.859 -1.823 196.329 2.043
-224.085 93.908 178.264 2.179
-197.716 106.573 -157.415 2.097
97.563 -31.466 -171.778 1.902
208.852 -128.176 50.574 2.045
8.801 -123.058 -87.086 2.019
-83.401 66.345 116.974 1.841
-5.090 -54.677 148.280 1.942
-22.065 -73.899 -100.407 2.021
-39.032 -132.439 21.246 2.259
122.962 -76.439 76.636 1.957
177.899 30.112 116.677 1.951
-217.929 -94.511 -133.181 1.932
113.786 91.528 -83.806 2.224
-110.678 4.787 -113.727 1.962
41.532 -54.428 161.006 2.061
-118.812 -51.039 -133.778 1.900
-100.355 -174.845 -58.213 1.888
3.711 13.688 -173.479 1.915
-71.266 38.522 101.015 2.063
57.598 -43.776 -117.272 1.852
-204.857 68.896 153.509 2.019
-46.077 149.292 -10.733 2.046
-173.014 -10.864 163.309 2.014
64.273 -159.660 -178.803 2.090
-13.162 -155.584 182.328 1.876
92.815 -177.727 115.664 1.917
-161.440 -131.318 -7.715 2.132
-19.886 -103.800 82.238 2.137
77.196 -27.727 32.421 2.022
-212.556 123.355 -73.600 1.860
2.247 -5.566 -88.316 2.027
132.720 57.592 -98.145 1.951
201.296 -161.479 -54.850 2.171
-137.229 119.275 -122.045 2.043
-79.900 69.300 47.066 2.101
-218.998 96.781 -71.666 1.968
-46.281 99.007 159.292 2.108
93.729 159.150 189.342 2.020
-3.421 -29.121 -46.056 1.924
-121.633 70.730 -166.193 1.781
-12.293 -174.606 35.337 1.971
118.240 -8.695 185.865 2.116
-86.660 -69.477 -127.890 1.889
156.296 7.308 94.329 2.016
-98.904 166.766 161.187 1.811
-25.633 160.905 -59.133 2.104
-91.316 99.628 -86.793 2.020
131.093 151.317 30.981 1.783
107.599 30.025 53.646 2.128
-93.276 172.332 -136.816 2.073
29.200 -18.997 48.118 2.286
64.727 -179.087 18.531 2.054
-8.301 -160.292 102.720 1.806
210.294 141.893 87.572 1.819
-75.556 153.471 182.678 1.974
81.887 -11.499 -41.745 2.055
137.341 -170.512 88.545 1.947
206.178 -13.962 -94.665 2.100
7.404 150.556 86.495 2.048
147.473 113.590 -136.429 1.919
-218.989 57.201 143.870 2.074
86.788 -48.236 -131.432 1.978
-15.734 -180.357 153.912 2.007
11.859 -135.605 122.050 2.071
216.611 -16.814 15.216 1.954
-83.051 164.241 75.861 2.075
-105.293 153.232 -76.044 2.049
-109.217 -18.009 -181.433 2.077
19.029 175.007 -163.112 1.963
-83.506 -99.552 -135.325 2.194
105.607 -98.920 -53.699 2.044
33.016 58.072 100.382 2.097
-197.617 178.510 -47.947 2.160
93.804 -127.238 169.382 2.033
-136.142 -165.164 -30.746 2.040
-109.058 -142.428 -150.048 2.013
200.280 55.478 155.932 2.017
-63.733 -120.367 95.663 1.847
-54.332 164.770 -108.499 2.063
-64.287 54.227 130.250 1.836
27.654 -179.119 -184.215 1.812
-19.283 48.927 20.154 2.039
67.956 -51.072 -188.329 2.130
0.124 -73.832 51.125 2.006
-146.133 42.573 130.616 1.958
17.303 -57.297 74.161 2.173
-28.159 -115.195 -55.170 2.094
176.561 -106.767 16.553 2.253
-21.024 5.487 -155.631 2.039
7.844 -16.993 193.908 1.945
-171.969 -181.498 -117.172 2.170
-138.088 -182.035 4.946 2.005
201.720 -87.645 -180.245 2.003
182.053 -167.523 -48.546 1.932
141.906 -75.532 -115.067 1.817
-206.749 66.936 140.368 2.043
-120.773 176.676 170.611 1.875
-116.917 100.334 -121.141 2.064
86.695 -114.268 23.162 2.009
-142.954 -10.340 163.641 2.054
134.515 144.321 25.088 2.073
-107.519 -67.931 188.877 2.042
134.787 -117.856 -112.269 2.048
58.775 -99.912 -40.000 1.985
99.870 -169.853 -134.564 2.110
-87.321 -19.053 57.711 1.985
-21.324 189.385 62.340 1.739
26.040 -19.808 -193.127 2.100
-191.166 -16.689 198.108 2.081
46.771 -60.676 -126.444 2.157
-218.916 132.035 59.426 2.061
149.152 -100.054 39.435 2.120
-38.624 -184.852 87.471 2.092
100.693 -78.487 -195.052 1.994
-67.755 3.448 -102.910 1.881
-53.102 172.429 -107.324 2.024
-16.041 174.284 -11.337 2.080
191.428 90.374 67.549 2.012
150.918 -48.260 89.121 2.010
-215.973 43.870 -85.416 1.868
-174.947 -183.049 158.401 1.939
45.624 -78.924 -36.410 1.883
-135.321 122.901 82.549 2.088
151.858 4.964 -24.953 2.103
-98.706 148.655 -131.655 2.046
-73.175 53.701 32.796 2.050
-19.816 -171.273 -31.213 1.882
145.143 -143.891 43.790 1.946
-45.739 -166.140 -6.508 1.986
-173.681 -54.642 -181.656 2.176
32.424 5.400 -170.746 2.203
86.020 91.605 12.025 1.845
173.563 -61.646 72.870 2.093
146.042 -86.866 79.076 2.036
-63.662 -98.657 81.384 1.981
-10.959 11.445 2.841 1.942
-6.763 -20.700 177.928 2.060
-2.596 151.684 58.140 2.005
193.857 80.429 50.437 1.995
96.249 -91.126 -146.152 1.936
-224.313 -4.444 7.617 2.077
-79.243 97.569 82.544 1.998
-167.569 -18.300 8.098 1.811
-149.448 -78.383 -159.112 2.047
108.849 181.924 -161.347 1.968
-93.340 13.116 78.282 1.898
-45.892 155.342 42.418 2.112
-12.097 8.146 -64.899 2.083
93.002 -127.143 -116.193 1.899
-77.344 -189.686 -80.701 1.923
134.349 -6.353 186.542 2.063
-77.656 134.644 -6.664 2.119
-215.892 0.224 66.978 2.026
-150.646 84.422 -198.859 2.120
8.485 -58.657 148.401 2.091
-44.799 92.433 189.965 2.030
-25.463 101.769 127.420 1.975
94.217 108.408 -85.565 2.068
49.375 107.054 180.902 2.141
-176.747 -118.662 29.728 2.079
-25.631 -28.531 132.094 1.874
-134.023 18.812 9.874 1.941
-221.555 102.443 -43.251 2.143
-73.338 151.603 69.108 1.830
60.156 -33.321 4.167 2.116
65.199 -168.448 -18.915 2.129
163.821 -149.464 19.593 1.879
-31.127 175.534 35.730 2.191
105.771 -117.537 -150.535 1.831
-73.985 109.088 47.252 2.032
-178.987 54.317 46.295 2.114
120.307 -45.710 198.099 2.056
-222.609 -51.820 -0.725 2.019
33.913 135.870 154.156 1.901
3.006 137.795 -160.970 1.986
171.724 -69.432 136.168 2.073
173.132 -188.853 108.875 1.982
-93.535 -45.010 -89.918 2.067
-111.003 115.782 -157.156 2.095
0.440 -152.085 127.398 2.058
168.557 138.682 -142.885 1.864
-220.369 -75.827 -103.256 2.097
-9.318 -188.549 -185.366 1.844
77.340 -32.643 -130.233 1.843
-138.151 119.815 64.421 1.968
93.601 -88.643 54.961 2.067
-141.737 111.796 -89.054 2.169
190.205 -133.921 195.596 2.024
60.292 -69.739 -76.043 2.072
-182.552 -35.511 127.582 1.902
-126.464 -21.889 -98.579 1.973
186.589 -176.773 33.228 1.907
106.169 -58.072 -41.859 2.010
46.085 60.302 120.637 2.180
-97.891 159.407 93.030 1.858
-205.969 -127.893 172.988 1.954
-80.039 119.654 41.434 1.943
-42.218 18.881 -35.199 1.922
-10.190 -149.630 58.756 2.086
-127.475 -20.234 -43.318 1.927
-161.660 -71.063 31.539 2.049
-148.005 87.364 146.027 2.100
137.345 -151.807 -126.421 1.890
81.491 -189.297 189.881 2.050
7.333 -30.721 152.694 2.024
115.380 51.578 96.746 2.011
-107.843 -131.077 -167.343 1.964
-6.997 -165.649 -54.862 2.117
184.082 -110.309 164.104 2.110
-21.910 24.927 -136.921 2.073
-172.044 124.281 85.030 1.958
60.893 53.396 -93.910 1.994
-65.161 22.597 149.423 2.045
-159.032 160.894 134.611 2.065
102.963 -160.781 196.098 1.884
-40.886 -81.361 -66.940 1.923
-45.260 -11.455 158.604 1.600
-40.944 -153.969 126.439 1.883
-62.476 -170.811 97.295 2.186
107.212 189.758 -84.567 2.174
110.477 -23.620 138.712 1.867
-1.035 28.807 45.371 2.013
-159.683 90.237 -30.823 1.866
187.944 152.735 -12.854 1.984
-112.616 -117.907 -17.322 1.812
171.785 -73.439 198.422 2.040
-205.692 -131.934 39.930 1.904
-75.010 -99.001 32.987 2.155
194.510 -162.678 74.422 2.164
126.461 52.579 159.477 1.988
137.175 62.550 -91.331 1.931
-48.518 -119.354 75.915 2.076
-100.399 1.989 67.485 2.053
203.562 63.695 64.512 2.081
-184.224 -128.801 142.267 2.158
130.166 42.820 17.903 1.827
82.827 -38.250 -68.929 1.868
-1.409 -131.243 141.516 2.114
186.098 180.171 -114.194 1.764
-32.093 71.971 -191.117 1.851
175.383 -10.994 -121.879 2.002
10.037 -79.499 -53.997 1.998
-219.636 182.468 165.233 1.981
-51.940 126.728 -25.382 2.001
70.739 114.478 121.909 2.013
106.685 96.856 -73.152 2.013
178.206 169.289 41.658 2.092
72.763 178.925 -187.116 1.926
101.068 -45.811 -38.748 1.851
116.279 -6.755 -2.859 2.031
-23.015 107.921 -121.943 2.062
-212.977 -23.010 -15.774 1.877
-131.650 -146.942 -19.877 1.902
-165.285 40.449 -80.869 1.901
219.359 96.976 -94.991 1.983
-105.951 -62.531 186.999 1.915
140.902 -37.643 -82.617 1.978
-114.844 -126.524 -28.613 2.044
151.489 152.347 -99.185 2.052
9.754 43.756 -184.536 2.187
63.390 133.634 125.794 1.949
-142.403 162.375 -56.419 1.887
-206.972 133.732 186.962 1.972
-22.818 -155.980 -137.038 2.025
-160.030 73.452 -60.033 1.937
45.082 -184.412 -156.332 1.766
5.683 -129.891 11.724 1.883
-59.981 92.611 156.821 2.033
147.736 -89.627 22.242 2.009
1.789 16.301 -193.137 1.973
-172.287 50.815 -99.645 2.015
82.685 75.505 -125.823 2.096
-42.787 -118.345 68.422 2.043
-66.440 188.025 -187.412 1.897
86.396 51.200 -20.191 1.983
-40.165 -161.236 -102.312 1.978
-203.070 -99.469 -181.502 1.965
158.682 181.679 -140.993 2.131
-117.282 -1.216 177.020 1.948
-141.155 -23.613 109.728 2.047
11.532 36.460 -100.335 1.774
-218.220 174.651 72.543 1.828
208.053 -21.339 79.809 1.883
23.223 160.287 -99.592 1.953
-74.048 49.252 177.232 2.023
-94.913 -12.715 22.126 2.116
-78.429 -75.489 -195.177 2.010
50.467 105.947 174.186 1.979
-172.363 51.056 -23.156 1.970
-0.059 3.905 -118.971 2.087
33.343 185.214 191.237 2.029
-149.437 103.919 55.136 2.015
-176.648 5.887 37.834 2.061
-173.310 -98.116 39.477 1.947
-201.875 -165.176 115.251 1.846
-28.646 -113.712 -151.885 2.047
28.655 -28.248 163.168 1.962
74.600 61.837 -0.872 1.977
69.534 -79.670 -27.719 2.108
223.815 -188.799 -114.240 1.963
-62.053 -78.346 58.961 2.065
-12.288 70.501 -153.935 2.002
48.821 -29.850 10.155 1.881
28.633 -90.935 -88.581 1.901
-21.471 16.095 1.703 1.841
-132.187 10.090 -189.762 2.048
-183.419 -160.643 192.658 1.929
-107.184 -38.829 76.105 2.010
140.503 -21.480 150.279 1.991
84.379 38.979 -190.914 1.823
123.150 -52.497 98.420 2.017
-224.087 176.796 -55.340 1.979
-32.871 -180.122 159.842 1.816
103.693 -128.008 -12.737 2.178
205.213 -37.577 -179.303 2.238
45.266 91.863 52.366 1.794
220.196 -177.499 86.806 2.027
-130.291 128.365 168.668 2.095
-128.171 165.058 -20.866 2.130
-114.456 -40.132 -159.672 1.751
32.229 6.473 87.951 1.966
171.518 144.771 -132.570 1.902
-194.190 -55.763 -175.493 2.030
-36.520 -31.055 153.111 1.958
63.956 0.140 40.711 2.065
-46.398 -66.270 -82.535 2.116
-13.468 127.407 110.058 1.937
-202.452 -8.194 118.378 1.977
50.405 -57.803 20.953 1.940
151.417 114.441 -140.715 2.033
-103.614 -47.178 149.167 1.935
-74.837 -48.707 93.464 1.924
65.548 -39.300 -140.741 2.179
197.087 18.034 -199.409 1.861
-171.187 -105.490 19.664 2.036
-205.902 -12.736 22.796 1.829
52.526 68.748 -133.197 1.995
46.899 -1.379 -75.322 2.160
-208.574 184.435 166.899 1.936
-191.656 67.254 129.214 2.000
-156.932 159.234 -64.428 2.029
-215.452 -101.911 14.364 2.049
-179.643 32.514 74.205 2.110
75.512 -17.532 -104.019 2.055
-172.309 60.622 119.587 1.871
-159.461 -92.810 -96.389 2.104
-161.873 85.188 -19.769 2.062
-39.779 4.837 126.780 2.043
67.821 153.425 -48.793 1.921
123.658 94.936 -16.560 2.136
98.033 -183.110 -48.115 1.952
-40.884 -105.359 172.537 1.971
217.301 -92.482 -36.653 2.024
-185.201 -59.037 152.366 2.081
135.547 12.947 22.493 1.966
212.690 -21.572 182.558 2.011
-177.137 -80.777 105.855 1.852
-14.281 -129.866 195.827 2.106
54.442 147.193 -8.990 2.070
-105.290 133.315 122.985 2.071
170.048 183.901 1.442 1.995
54.192 38.322 141.164 2.128
160.370 -180.206 -6.333 2.008
-167.207 150.912 67.889 1.914
-97.969 -70.531 -127.300 2.024
214.840 121.596 -69.802 2.019
-32.989 -52.441 185.250 2.180
25.720 -124.355 193.881 1.890
-84.484 122.052 54.235 1.957
-103.521 46.498 148.242 1.987
111.537 -146.212 25.120 2.149
-39.759 -44.573 34.313 1.844
-38.254 12.229 -8.129 1.874
-7.438 -89.160 -15.745 1.878
-4.906 93.800 -72.129 1.999
-213.452 -121.009 107.266 2.048
-139.811 -122.352 145.511 2.138
-60.907 -157.830 -23.913 2.032
193.812 11.243 23.464 2.140
-123.002 133.794 -53.437 2.075
167.389 -12.644 -100.324 2.070
42.635 74.184 -78.092 2.044
-88.858 -166.839 184.532 2.021
140.762 -130.203 -94.632 2.101
121.203 -51.649 -66.581 1.994
-51.271 55.750 38.620 2.047
-11.890 140.207 -71.339 2.071
122.032 -57.587 32.542 2.018
-132.630 -65.727 -149.365 2.125
-24.896 27.658 172.670 2.151
113.155 -159.456 -76.154 1.940
41.710 -102.279 107.811 1.915
-18.626 148.401 -93.075 2.089
-54.145 86.376 176.004 2.097
-106.418 -149.207 -34.817 1.964
217.477 -152.858 -43.217 1.893
107.035 -71.378 -104.707 2.006
-94.400 -137.166 -61.988 2.068
-113.729 -115.958 63.062 1.900
-35.972 129.384 -156.505 2.007
-214.657 -94.776 -106.267 1.887
-127.441 65.312 163.846 1.859
102.961 189.043 55.217 2.192
36.427 92.887 -155.136 2.072
38.740 174.803 -185.547 1.847
-15.286 172.653 -10.548 1.903
10.111 -175.567 23.945 1.896
93.995 107.389 134.969 1.982
-25.616 -167.315 -124.066 1.951
86.151 -89.900 127.204 2.095
87.904 152.322 25.923 2.100
89.070 -102.595 136.686 1.923
2.979 -179.494 -57.018 2.013
-88.589 54.751 19.138 2.044
9.170 -29.014 70.887 2.015
126.087 102.370 150.991 2.144
-15.557 -174.371 -132.895 2.193
2.943 -87.863 31.123 2.189
211.075 134.583 195.493 2.078
-96.866 109.023 -50.458 2.260
35.223 -101.063 -156.171 2.001
167.494 -32.113 -117.617 2.126
-106.812 -103.665 170.863 1.961
-201.172 -58.915 184.223 1.881
-0.706 -37.691 -91.204 2.136
144.148 -103.566 -18.659 2.132
188.673 137.244 31.364 2.085
151.082 97.055 -177.960 1.899
189.809 -108.586 -43.651 1.999
79.553 -26.011 12.982 2.195
50.154 -80.483 -56.106 2.005
-10.289 56.964 1.785 1.959
-49.965 -142.188 -164.497 1.975
-105.810 58.505 -131.774 1.859
194.882 -73.563 -4.684 1.946
59.141 159.507 170.404 1.906
134.946 41.257 98.819 2.098
114.635 -186.015 -48.940 1.968
206.505 -33.774 4.013 2.062
-42.913 -113.260 98.453 2.083
-149.551 -157.604 69.636 1.796
141.702 -48.784 -176.479 1.966
46.550 -7.782 173.453 2.206
77.426 162.075 -39.260 2.021
67.830 -79.301 -92.446 1.888
-31.172 -129.960 183.827 1.874
161.292 167.149 150.980 1.827
-138.523 76.074 -34.777 2.068
-81.450 -100.260 -164.726 2.159
-221.276 103.773 -62.009 1.893
