-186.021 -59.925 146.250 1.972
-124.371 153.574 -183.135 2.035
55.785 49.957 -64.437 1.907
60.246 -189.475 -53.204 1.920
105.520 24.210 15.792 1.877
-158.756 32.464 -151.358 1.829
-100.351 -4.142 -146.316 1.894
-68.840 53.092 -107.680 1.771
-28.929 103.326 36.502 2.068
-140.077 131.762 32.881 1.811
-137.863 125.149 -128.979 2.024
-23.190 -60.116 -156.146 1.903
168.956 118.207 24.411 2.055
92.515 134.616 -94.864 2.059
129.228 106.256 113.156 2.048
-123.852 134.747 169.345 2.056
-138.370 -128.021 -86.213 2.165
-115.601 166.178 78.095 2.065
-77.789 -35.425 98.119 2.152
164.488 -151.469 -77.426 1.940
23.268 -135.583 -131.967 2.051
111.896 -137.056 -55.027 1.974
150.409 53.922 -59.531 1.923
-171.922 -49.794 -180.569 1.892
-141.336 161.307 -173.232 1.960
184.272 -144.196 -24.091 1.775
-221.005 -19.182 91.078 1.968
-97.484 9.538 -11.584 1.982
-14.625 63.429 -129.124 1.933
-95.022 -14.405 52.921 1.836
27.817 167.540 -123.069 2.128
189.205 153.704 125.999 2.056
-192.885 154.773 -127.365 2.039
134.812 84.819 84.767 2.087
128.146 -22.849 -157.480 1.982
147.426 10.471 30.750 2.043
96.496 3.745 154.635 1.926
87.225 49.502 72.052 1.995
178.213 -88.773 -182.465 1.999
3.281 64.263 -20.002 2.062
-215.892 6.940 -98.212 1.846
-51.635 126.999 88.248 2.127
72.336 -113.783 163.322 1.994
186.843 158.894 97.673 1.827
-51.952 43.143 -155.369 1.987
113.836 -147.107 15.306 1.960
41.408 -86.570 77.470 2.051
-98.422 -64.173 102.769 1.969
-204.419 16.976 145.873 1.962
204.194 -140.615 -135.423 1.808
65.440 87.596 198.437 2.050
64.757 -73.910 -76.458 1.890
-179.548 -121.987 89.172 2.010
-188.902 72.734 -5.611 2.103
-147.302 -180.650 -98.216 1.816
111.048 179.035 -161.118 2.014
-70.325 -31.878 -76.843 2.035
-176.842 -52.626 37.289 1.967
208.088 67.965 -6.787 2.029
199.049 70.279 76.015 2.026
-56.773 75.658 116.570 1.875
-208.450 -8.756 160.149 1.925
-103.987 -69.485 184.654 2.009
-219.201 140.534 7.724 1.800
-1.355 119.715 31.313 1.866
-156.542 112.139 195.162 1.873
-15.070 -88.952 132.712 2.019
72.619 20.649 104.189 2.217
-135.696 -49.682 -115.158 1.982
59.531 97.480 142.725 2.110
-57.961 138.087 -122.075 1.854
105.554 101.568 -168.942 2.052
-211.493 33.390 -57.191 2.017
-130.508 109.140 -180.153 2.287
-74.454 -158.842 99.789 1.841
110.340 173.511 66.709 2.119
136.738 95.647 -106.123 2.022
110.945 -120.617 17.023 1.897
92.767 116.253 109.732 2.072
-156.630 -171.150 128.733 1.918
84.378 -121.906 17.651 1.986
-11.814 147.464 57.874 2.176
144.535 6.477 -59.897 1.943
171.378 -28.822 -195.680 2.104
140.429 81.919 -159.258 1.968
-64.289 184.821 -96.934 1.969
97.805 186.805 -119.009 2.017
-188.951 -29.423 196.736 2.022
-100.100 29.078 -121.726 2.056
210.247 12.547 -23.959 2.165
161.423 172.504 -52.676 1.959
-167.841 184.924 -55.850 2.089
-168.911 -186.854 -110.483 2.003
152.972 143.778 124.784 2.162
115.484 27.197 -107.384 1.775
-162.162 108.935 -121.213 2.048
43.350 -150.197 91.629 2.060
-139.968 -14.382 -63.237 1.931
165.923 182.345 -49.822 1.872
9.915 126.015 49.102 2.025
-216.649 26.201 -117.216 2.115
-212.389 129.864 45.273 2.131
-211.165 -188.340 -150.317 2.129
104.062 83.000 85.672 1.921
22.095 -67.844 -2.685 1.871
106.783 -135.724 128.877 2.169
-25.209 164.103 80.408 1.902
81.980 -148.447 -54.807 2.196
-29.770 -56.926 102.962 1.944
-180.144 -11.893 -73.630 1.861
70.850 36.283 61.647 1.886
-13.103 29.039 -45.626 1.982
157.553 140.512 178.696 1.910
20.631 -30.577 -177.109 1.924
-115.527 175.900 146.230 1.920
155.748 -89.098 -94.067 2.004
89.379 149.636 -26.468 1.698
-16.155 -188.504 162.178 2.011
-7.779 -184.629 -27.901 1.982
119.596 161.048 -74.832 2.108
-121.566 11.264 -116.570 1.928
45.869 -141.125 104.066 2.041
-50.025 -165.991 9.239 1.983
-56.211 21.583 3.915 2.154
-176.132 127.929 17.442 2.142
-24.601 -166.286 -154.040 2.169
-54.217 -63.520 138.984 1.973
102.509 -123.303 61.508 1.919
-143.987 84.417 161.637 1.825
175.478 144.455 137.112 2.012
111.179 -164.243 -2.184 2.036
-14.081 -67.504 -166.553 1.992
4.242 27.308 -146.438 1.736
202.449 44.140 -169.595 1.948
31.960 -64.463 140.974 1.988
-74.547 -147.570 75.703 2.023
96.245 21.775 123.601 2.069
139.596 -118.740 60.157 2.052
-42.805 -151.196 -82.975 2.067
160.441 180.810 -13.896 1.976
-219.665 -46.338 -179.404 1.995
5.651 -82.445 89.399 1.928
-86.897 132.285 -81.060 1.890
-199.755 -2.809 61.483 2.138
170.430 -23.276 -13.487 2.169
-171.185 -88.501 -60.062 2.161
30.284 90.080 -116.643 1.982
-203.649 30.298 -120.290 2.035
146.787 -44.263 -10.678 1.825
92.418 -87.010 10.580 1.984
-80.197 -5.096 -153.728 1.980
-118.906 -170.610 -95.274 1.994
28.330 -32.174 36.687 1.997
75.678 -143.907 -16.020 2.159
-161.068 174.182 -192.321 1.893
-180.060 30.475 -156.707 1.883
127.336 77.177 -2.620 2.000
169.743 -162.212 174.830 2.163
85.633 -140.977 115.232 1.939
29.367 102.911 -53.372 2.097
-66.504 -71.859 37.590 1.945
-181.455 -83.755 182.939 1.958
19.806 107.480 17.529 1.913
77.903 -131.949 33.759 2.114
-207.841 -144.065 22.056 1.954
35.998 127.833 91.842 1.970
-223.512 -112.466 -80.455 2.073
-30.173 -107.297 49.464 2.141
-84.894 90.969 146.459 2.052
76.294 49.252 7.336 2.088
29.345 66.352 66.122 1.995
-124.621 -45.048 -44.606 1.873
42.365 102.544 73.199 1.852
-158.599 -133.269 26.274 2.014
-139.537 75.491 -146.323 2.032
47.564 117.323 -23.541 2.114
43.147 -67.055 -52.577 1.916
198.292 72.947 -21.693 2.016
-89.776 170.272 117.890 2.009
-193.657 -122.550 -196.029 2.085
153.887 21.395 11.352 1.995
-146.753 -67.340 -174.972 1.976
19.229 -66.889 -64.037 1.848
-112.232 120.901 -144.407 2.065
215.398 -88.555 -197.523 2.145
45.896 -53.562 125.551 1.956
167.664 -16.168 -43.641 2.069
153.321 121.952 192.646 1.998
216.316 -108.442 156.902 1.923
-213.335 78.734 24.706 1.989
35.377 146.681 -133.679 1.876
208.036 82.066 83.114 1.969
-24.528 -184.314 -173.250 2.024
47.461 54.330 -1.397 2.060
-144.306 -97.267 -199.018 2.098
190.969 -184.772 -132.359 1.959
136.547 114.093 105.214 2.040
204.501 129.821 -43.812 1.955
139.931 92.146 193.456 2.022
221.697 -85.851 173.028 1.968
-63.936 49.069 -50.476 1.922
-179.407 117.589 -126.989 1.939
185.757 -122.198 -16.099 1.942
-171.260 -176.407 137.255 2.007
-173.566 16.471 -15.263 2.032
22.005 -112.424 -191.458 2.032
102.779 156.089 -40.099 2.024
59.196 -189.433 67.333 2.106
-183.676 45.757 -170.809 1.985
-104.189 -124.989 36.880 2.065
-216.585 -141.636 -96.861 2.091
39.138 146.110 133.142 2.078
-142.021 96.388 68.289 1.983
-190.764 -125.432 179.343 1.917
14.233 -78.418 -63.788 1.860
-64.067 -16.711 39.659 2.194
19.438 54.693 181.890 1.865
147.160 144.943 -7.027 1.995
154.942 31.003 20.624 2.092
72.310 155.454 97.787 2.038
-98.625 65.006 -122.225 1.993
-59.146 -102.448 -135.756 2.047
-86.907 -163.380 119.434 2.056
-66.487 -156.919 -45.991 2.050
222.749 7.400 -106.183 1.863
-35.973 -71.266 49.873 2.032
-147.074 -10.385 22.899 2.029
42.701 57.468 -179.978 2.113
-66.265 -27.506 78.371 2.073
-62.707 16.965 199.398 2.033
-133.433 -152.880 182.080 2.037
165.281 186.089 -90.391 1.921
53.018 78.388 -184.396 1.948
-194.592 140.607 80.795 1.946
-222.296 188.354 -82.953 1.929
-82.335 -167.595 -39.182 2.017
-15.889 -180.892 136.003 2.090
178.342 -42.323 -51.337 2.061
-89.943 -42.658 -22.168 2.099
24.663 -142.485 22.314 2.076
-190.587 -97.207 95.012 2.040
-89.316 51.823 56.059 1.941
25.582 3.192 55.982 2.019
188.368 -130.306 -78.094 1.986
-69.003 -23.717 -16.910 2.033
-134.203 70.501 64.742 2.093
114.232 -47.072 -136.459 2.199
-50.377 106.050 27.122 1.878
-178.439 -31.246 33.918 2.039
-122.776 -3.772 108.261 1.943
190.148 -45.872 -171.352 2.070
206.949 -151.466 33.085 1.964
204.463 6.593 -48.523 2.011
-36.629 -41.336 70.517 1.933
123.845 -96.342 -17.859 2.122
36.992 -24.136 -119.432 2.014
64.331 109.863 -17.377 1.843
-75.395 -127.818 107.560 1.822
-103.114 -13.139 -27.027 1.975
189.814 32.295 -90.925 1.850
180.561 80.473 -77.236 2.006
-134.531 110.693 -14.293 2.077
177.265 40.610 1.665 1.983
-12.358 40.089 -147.571 1.995
172.361 139.021 -82.555 1.928
-102.441 52.038 -31.758 2.061
-160.812 86.117 -97.445 1.928
88.701 -180.680 113.667 1.927
-37.362 -9.679 196.016 2.121
-189.042 -0.170 100.869 2.193
151.980 154.828 -113.910 2.003
-126.646 -18.684 -168.374 2.076
206.945 86.278 153.857 2.006
100.544 27.461 8.148 2.182
19.434 54.794 -59.660 1.798
-205.304 129.761 -105.788 2.018
157.124 -5.408 -31.056 1.886
171.317 -183.030 -155.017 2.025
-209.159 96.876 155.352 1.972
204.577 -136.239 -177.750 2.001
210.137 105.355 -1.045 1.905
221.536 24.549 24.613 2.092
-201.064 105.413 163.904 1.932
-173.158 138.341 119.980 1.855
-104.695 57.683 12.907 2.079
104.038 93.590 -147.660 1.916
-137.284 -179.678 -160.869 1.974
35.040 -43.737 -8.863 2.096
117.461 119.421 -46.731 1.919
217.116 -83.174 60.657 1.908
-61.442 145.258 93.237 2.080
-211.356 -125.387 -125.324 2.141
139.795 -54.388 -133.900 1.977
103.156 153.676 156.695 2.035
-133.511 115.810 -6.338 1.977
-176.095 4.532 -20.081 1.924
-17.071 146.937 -27.743 1.860
76.529 -95.319 5.581 2.123
126.139 -25.610 134.845 2.208
178.003 -127.904 -143.325 2.010
-86.571 -136.829 176.820 1.866
-63.774 -123.648 -183.525 2.002
92.480 -177.867 -79.007 1.865
-223.504 90.127 52.676 1.954
65.809 -57.077 78.705 2.001
193.862 -28.274 -50.828 2.014
-126.674 -111.492 -170.062 2.041
-83.990 127.619 -20.948 1.946
-158.943 -126.264 120.154 2.095
-218.452 121.212 -117.316 1.976
56.308 -129.614 179.124 2.144
61.033 138.629 -94.161 2.100
-35.182 163.593 44.574 1.970
-171.109 -49.970 -101.453 1.940
-127.081 -153.235 29.081 2.045
-16.060 139.907 67.376 2.054
203.364 55.680 -77.394 1.741
28.407 78.636 33.611 1.963
-81.462 -139.570 138.121 2.083
-139.503 67.663 108.173 2.066
-215.518 -58.921 -79.463 2.146
120.850 -130.548 -136.106 2.187
-194.788 -9.505 130.258 2.068
155.322 -135.137 -126.309 2.158
-144.082 177.026 -57.888 1.992
6.605 180.148 -37.281 2.011
3.196 -110.148 -116.057 2.084
-92.933 -92.423 -155.785 2.030
3.074 -23.646 10.929 1.845
5.634 -24.288 -139.346 2.072
99.599 -170.760 -90.770 1.985
122.395 -138.610 -81.751 2.027
15.715 -1.940 159.139 2.121
18.776 69.677 64.178 1.997
-123.906 -170.130 174.689 2.093
-73.914 -75.842 -172.172 2.131
0.110 97.453 103.121 2.206
91.465 -189.775 85.394 2.091
-114.468 180.332 164.321 2.029
209.620 173.901 34.192 1.884
-199.362 -57.649 191.698 1.775
20.328 61.477 45.281 1.906
-141.144 -63.058 -88.607 2.083
105.898 -176.745 194.000 2.000
-42.342 -0.806 -94.145 2.109
66.957 38.776 -69.791 2.030
-123.255 -55.904 132.544 1.889
-200.254 -44.690 -172.167 2.030
-213.926 143.435 -168.634 2.004
187.120 -142.420 98.866 1.967
23.806 138.233 100.010 1.963
100.288 121.601 -73.964 1.860
72.949 -16.266 52.339 2.038
-64.839 30.429 174.489 2.019
62.467 -90.544 104.634 2.206
-44.680 -81.453 -29.750 2.065
-117.179 -172.284 42.765 2.001
191.677 -98.742 -41.488 1.965
110.863 26.253 -161.032 1.823
74.845 -186.871 -4.227 2.091
-0.795 62.007 149.461 1.978
86.906 -157.133 18.109 2.022
-75.176 -102.102 -135.981 1.770
-218.804 172.527 -40.239 1.914
12.243 -129.461 94.258 1.920
-187.410 -94.028 -121.922 2.079
-26.496 -45.807 10.947 2.003
195.836 148.233 -46.099 2.127
147.977 134.441 -58.696 2.078
190.816 28.655 163.610 1.985
12.577 -67.786 40.884 1.828
-31.287 50.849 164.035 2.087
107.173 -142.510 -109.153 2.130
139.153 -96.440 108.225 1.777
126.203 67.567 109.638 1.915
177.990 55.948 23.796 2.004
218.409 -24.821 140.075 2.090
-16.808 80.237 -38.623 2.108
81.292 -0.255 63.020 1.970
-147.547 -45.397 -63.205 1.845
-201.477 139.181 163.146 2.010
-201.287 -46.187 120.067 1.767
139.954 -40.076 146.438 1.998
-173.527 -28.162 95.096 1.946
-101.764 111.658 82.917 2.020
-130.737 -76.862 -158.757 1.943
-224.076 -128.253 -17.575 2.170
-103.708 -67.665 176.640 2.041
13.296 47.953 19.962 2.110
191.983 65.315 -160.216 1.932
128.548 -152.495 -76.522 2.112
-33.687 42.987 2.998 2.095
-45.517 0.875 -147.008 2.054
113.029 -175.796 173.022 2.001
-61.477 -158.507 -73.914 1.982
33.760 27.891 41.190 2.140
16.620 169.174 73.932 1.940
-37.735 107.888 187.322 1.907
-158.197 115.566 109.430 1.986
201.043 158.161 19.464 2.007
-171.208 -57.013 110.454 2.036
-208.829 -133.147 -182.768 1.877
-119.121 123.227 121.819 1.911
68.227 -15.649 180.792 1.957
148.109 -122.757 -56.259 1.866
-111.627 62.873 -132.208 2.008
-161.649 32.701 145.824 1.986
-219.941 158.140 182.181 2.021
160.750 62.475 -158.688 2.065
-71.830 -24.579 -183.001 1.943
62.200 -96.979 -37.207 2.099
-17.891 164.226 122.607 2.070
206.315 -100.288 5.517 2.112
-142.356 -90.656 20.521 2.062
-63.154 70.401 48.446 2.121
199.564 -136.487 -143.808 2.021
-60.345 -183.607 -134.883 2.167
61.053 -177.232 66.039 2.002
-68.672 -155.048 -6.335 1.874
-211.465 -82.208 36.269 1.880
-42.359 30.453 -55.324 2.028
133.359 -146.019 0.992 2.130
-50.679 -35.519 109.599 2.164
84.855 -96.898 55.090 2.108
-202.607 83.044 -74.057 2.006
50.749 70.706 33.552 2.044
-132.301 -121.260 17.819 1.982
91.478 -40.440 20.598 2.077
-204.563 -27.191 184.537 2.062
11.746 -42.642 -164.710 2.232
221.020 -105.479 11.762 2.077
-150.380 29.014 144.001 1.898
-107.120 67.404 92.483 1.842
-40.700 130.415 126.082 2.132
104.597 -151.445 -58.450 1.999
-88.179 -16.249 -155.324 2.001
139.078 -148.263 28.464 2.026
-183.326 -7.153 165.872 2.033
132.729 -27.955 9.844 1.939
48.073 83.779 -82.938 2.142
-55.421 -102.852 116.975 2.001
-87.624 107.447 -102.076 1.897
22.180 -94.388 -16.524 2.172
-77.546 9.648 -12.160 1.860
-63.724 99.459 89.938 1.903
1.910 142.714 -130.466 2.197
169.718 -161.440 -74.836 1.924
-147.831 9.084 3.835 1.847
41.961 68.455 -81.212 2.019
-36.489 -74.610 77.765 2.178
-153.244 3.681 154.891 2.099
120.495 -25.789 186.470 2.104
62.976 -35.918 -104.900 1.895
-108.117 127.438 -149.621 1.805
-170.248 -118.873 -192.962 1.937
-211.787 -146.272 121.489 2.065
29.176 -132.279 17.940 2.204
-160.678 111.539 -171.663 2.023
116.942 -47.376 122.164 1.959
-67.344 40.963 198.835 1.947
125.854 154.398 34.173 2.061
-108.026 89.535 -194.498 2.130
-189.122 -59.792 -20.929 2.192
-130.289 -33.572 183.099 1.909
173.974 -78.118 189.011 2.102
-203.420 -141.525 -121.920 2.052
-120.000 150.811 -167.615 2.199
50.682 -173.689 -150.524 2.142
-208.468 -100.588 -31.276 2.018
-132.826 32.978 62.294 2.093
146.037 152.901 -90.408 1.980
-3.717 89.666 55.285 1.988
165.985 59.571 199.383 1.927
-59.814 -152.811 179.926 2.032
-83.144 -37.533 -94.973 2.038
147.128 186.636 83.081 1.937
114.269 54.095 110.959 1.887
134.258 113.607 -42.756 1.919
173.883 -119.888 -172.861 1.891
-39.442 -154.769 179.720 2.002
-122.142 -110.814 -130.820 2.087
-178.233 28.172 157.994 2.142
56.171 -88.493 194.134 2.002
145.021 -130.019 -129.514 2.001
-11.655 115.059 -170.925 2.007
-71.637 -84.582 -194.608 1.790
-10.772 28.170 99.109 1.970
197.266 174.964 66.708 2.025
-208.711 59.142 114.033 1.959
-104.548 93.017 -117.107 2.061
71.891 137.664 -10.390 2.098
-63.564 12.141 -187.197 1.874
176.211 -117.879 53.567 2.125
209.251 -103.387 -9.306 2.129
-4.615 118.828 138.800 1.815
-109.497 -9.717 97.381 1.998
-176.188 114.805 116.851 2.128
24.946 -84.754 -172.404 1.866
69.193 126.576 177.729 1.954
165.219 -165.179 65.244 1.763
-200.472 -173.643 107.913 2.004
19.465 139.147 78.988 1.975
-194.419 -33.227 -196.949 1.932
-130.623 -158.564 -110.632 2.002
-3.384 169.437 -134.109 1.957
-98.975 -68.087 -66.702 1.988
-53.651 -93.254 127.365 2.073
47.504 177.762 -113.983 2.076
-224.783 -129.227 -188.371 2.014
-154.123 44.308 -161.263 2.119
217.902 -51.809 119.799 2.008
8.774 15.766 124.321 2.118
-157.119 -64.197 166.698 1.993
74.108 58.611 -66.705 1.862
69.899 -52.270 8.409 2.161
-88.650 156.100 -158.003 2.085
-202.046 -63.232 138.986 1.866
-99.399 -189.799 16.969 2.114
120.825 -182.928 -43.347 2.001
-141.765 99.057 63.527 2.047
128.474 55.525 -48.343 1.728
67.380 -188.277 -62.998 1.907
-186.402 -44.625 -130.869 1.919
28.040 -62.228 -14.763 1.995
-3.290 -56.922 129.336 2.023
-146.619 -145.972 165.597 1.955
53.734 155.290 38.318 1.831
-7.670 140.486 3.863 2.067
-52.936 -28.660 -197.235 2.106
-12.342 173.240 -136.654 2.099
-70.790 -103.663 79.431 1.837
-52.420 -87.466 147.288 1.958
169.645 -174.560 160.377 2.088
2.784 71.828 -87.491 2.220
-181.879 -111.671 31.920 2.106
192.855 -127.579 -49.062 1.923
-10.526 103.481 80.478 2.027
222.845 -51.956 138.303 2.199
217.623 57.957 44.111 2.006
120.939 -41.522 198.667 1.895
-203.738 130.801 28.865 1.987
92.026 -162.064 183.349 2.126
149.345 -148.469 -121.223 2.128
-82.191 -179.539 33.545 2.045
-41.903 -160.632 -13.361 2.035
192.521 188.336 149.903 1.917
43.379 -129.349 -121.613 1.998
150.872 -146.615 165.057 1.934
198.334 121.409 130.148 1.894
-71.096 126.764 68.294 2.082
-175.940 -96.373 -59.998 2.111
183.137 167.570 -29.728 1.881
-16.844 -182.045 -162.078 1.988
123.893 49.988 87.299 2.090
-138.511 156.584 63.672 2.067
182.095 -27.825 -119.396 1.832
-116.782 -37.609 -193.257 2.000
-162.746 -52.868 199.533 1.868
150.765 109.553 -84.154 2.081
138.972 102.335 156.955 1.690
142.478 70.413 -149.151 2.026
-86.859 77.928 -150.780 1.930
-202.758 155.879 49.656 1.901
-70.804 125.521 100.528 1.990
205.366 86.971 -198.492 2.031
153.578 181.043 -10.122 1.981
-210.188 32.658 -45.471 2.044
-165.819 -14.999 90.041 1.911
187.844 -124.899 -184.968 2.041
100.706 -123.594 -185.220 1.935
26.507 -12.560 -147.431 2.045
169.348 104.938 -91.207 1.845
-198.434 -62.448 -122.480 2.025
-147.782 -38.545 7.917 2.146
-112.946 139.832 26.383 2.057
102.650 -132.803 23.080 2.002
168.867 93.424 -177.202 1.926
71.076 -128.517 160.113 1.763
-31.762 -143.973 196.829 1.939
-84.142 118.276 183.969 1.971
180.765 -121.822 -79.803 1.999
-102.404 -41.834 114.133 1.866
-114.429 -31.613 178.646 2.082
213.627 157.200 -43.934 1.914
137.341 172.769 -100.938 2.140
57.927 -128.046 -184.659 1.957
-195.125 70.009 -153.960 1.980
-155.187 43.234 73.697 2.167
133.984 25.597 180.428 2.196
-57.456 95.833 49.012 2.071
224.373 32.194 76.744 1.933
-223.727 -185.126 -188.898 1.847
-31.790 179.742 -65.901 2.038
-104.159 91.159 43.166 1.808
167.723 -172.429 -36.962 1.874
-147.447 -74.521 -158.861 2.051
-73.067 -177.050 193.825 2.012
201.776 -115.253 111.552 1.874
-206.530 -70.850 -5.912 2.194
29.936 -110.925 -54.862 1.855
-4.965 65.660 135.523 2.153
114.347 13.381 137.385 1.982
167.935 72.688 17.431 1.837
54.552 66.689 113.600 2.063
192.760 -53.094 -153.287 2.079
-157.719 -22.849 -31.876 2.224
200.298 23.831 -132.818 1.924
-198.270 8.903 69.864 1.951
127.352 109.108 -116.938 1.962
84.269 77.324 60.294 1.874
-189.403 0.418 -155.509 1.870
110.994 -117.213 -184.775 2.003
-161.990 52.631 16.496 1.874
-118.168 -164.237 63.521 2.055
-56.038 -130.574 189.214 1.893
-208.614 128.198 146.289 2.019
-51.823 -114.083 149.733 2.041
-122.194 146.605 -94.932 1.971
181.076 -101.061 85.008 2.039
-162.372 -156.212 44.821 2.102
223.792 -2.696 -78.576 2.016
-94.300 56.775 29.783 1.871
-112.838 -89.063 195.967 2.009
164.767 -34.988 -90.948 1.844
89.300 98.771 -187.670 1.915
-76.579 -183.558 -106.059 2.104
-152.783 -21.925 138.070 2.002
101.955 -49.963 -124.699 2.090
191.183 122.292 -1.882 2.004
78.346 46.286 157.765 2.080
94.914 -146.457 191.344 2.204
161.084 -102.906 37.828 1.811
-189.528 -10.799 9.926 1.927
-50.397 154.511 -104.202 1.903
131.887 133.118 -162.470 2.072
147.637 -181.397 -163.052 2.141
-8.499 24.506 -60.713 2.136
-73.589 -68.527 -83.559 1.933
193.499 -127.235 -160.082 1.902
135.563 -10.958 67.951 2.034
-33.715 -138.877 154.956 2.078
148.824 184.382 -88.058 2.112
-50.452 -100.569 -174.043 1.967
153.064 90.220 155.714 2.112
115.162 -49.334 -15.242 2.068
25.127 -174.940 -198.424 2.064
26.812 49.359 178.810 2.005
147.406 111.943 67.738 2.179
-173.090 -34.502 -61.270 1.969
-124.905 -151.733 -123.693 1.978
31.924 36.105 168.420 1.958
31.319 -48.647 -130.551 1.995
60.950 -1.873 -13.261 2.101
51.903 6.869 -145.896 1.981
42.735 145.269 45.016 1.967
-89.779 -189.185 -22.562 2.025
-46.049 -181.739 -117.572 1.862
-68.167 -108.770 27.596 2.035
21.233 -126.060 24.033 1.912
-192.963 141.975 36.514 2.101
107.552 163.826 63.428 2.031
-214.852 -90.836 39.020 1.957
-57.131 -86.920 79.679 2.130
107.827 -117.359 -120.207 1.986
-139.694 108.208 -39.971 2.004
-3.131 -179.041 187.914 2.148
117.262 147.281 -98.551 1.993
-79.918 -66.926 -117.329 1.864
-33.981 -8.709 -52.906 1.973
211.354 137.599 -31.236 2.031
111.320 -167.940 149.516 2.062
25.225 23.841 -165.262 1.895
211.942 -183.547 90.352 2.236
68.535 -87.725 -70.687 2.138
140.543 105.719 -109.348 1.900
-216.726 13.195 -176.618 1.970
169.289 157.532 -185.312 2.147
-213.877 128.345 30.292 2.034
79.568 -45.935 34.114 2.003
170.261 56.708 -59.239 1.838
17.624 -40.867 172.924 2.079
103.037 -157.134 -69.924 2.033
34.684 -34.492 -197.828 1.902
-105.566 121.302 -107.473 1.843
-53.634 -75.203 183.722 2.219
57.217 84.809 -123.551 1.959
173.684 80.217 -49.456 2.127
172.343 -61.612 -140.118 1.672
-89.417 56.255 196.972 1.919
-51.214 116.724 166.646 1.891
31.361 -114.499 83.848 1.950
12.757 -60.025 192.193 2.063
30.199 61.551 -129.069 2.080
-191.501 33.138 -67.489 2.072
32.197 -2.113 -154.686 2.129
-0.200 110.731 159.639 1.880
-42.872 -57.881 -32.358 1.968
27.334 166.831 30.245 1.935
-216.386 108.876 146.924 1.852
175.551 -27.243 -32.397 2.144
107.952 -151.602 -98.167 1.947
-79.272 103.835 -190.276 1.921
-203.929 -151.977 -186.619 1.904
26.907 97.075 140.953 2.036
-15.548 42.818 55.409 2.008
155.979 173.693 -194.408 2.031
121.799 26.995 101.394 2.113
7.369 -131.357 87.267 2.013
-5.496 133.916 93.841 2.030
56.585 120.048 88.759 2.007
86.153 184.951 140.660 1.910
67.275 131.386 -136.348 2.020
147.484 38.721 125.007 2.013
65.586 51.077 -64.852 1.863
-85.095 -126.952 17.884 1.882
218.277 173.209 -13.913 1.961
223.614 -8.215 195.475 1.965
153.756 27.157 162.513 1.875
93.154 100.503 -11.260 2.096
-11.635 -90.579 68.208 2.055
-122.937 33.492 -87.106 1.954
126.150 -8.873 -28.709 2.018
66.488 -60.812 -17.946 1.769
24.905 -82.222 160.828 1.875
103.180 -16.664 74.732 2.085
-174.823 141.130 -174.102 1.835
-88.239 181.564 -100.056 2.055
140.334 132.146 -175.874 1.870
117.257 69.224 -76.567 1.977
44.240 -87.482 -67.366 1.933
33.202 -129.937 -19.838 1.912
-166.797 130.120 34.352 1.987
-0.164 167.511 -76.585 1.915
31.281 26.539 78.515 2.056
-152.591 -134.260 48.091 2.049
41.730 -167.183 -159.079 1.920
82.986 61.873 -12.434 2.019
221.713 -67.542 -77.095 1.933
67.221 -164.492 -157.833 1.946
32.389 175.273 -88.220 1.985
-62.721 187.231 79.597 1.867
92.673 100.688 -95.389 2.051
169.298 142.257 -199.274 2.033
-138.545 178.023 102.845 1.942
-39.319 6.853 -195.830 1.975
-87.689 154.872 15.798 1.978
-72.392 44.936 156.003 2.082
-3.325 -82.455 116.939 1.938
195.477 -136.003 -160.985 2.061
-101.252 -74.481 90.144 2.074
-224.148 -3.368 -40.277 1.798
212.386 -74.990 -160.280 2.023
197.054 175.242 -80.745 2.150
202.924 67.320 70.278 2.085
-111.733 -79.944 -79.787 2.111
31.247 18.519 115.056 1.851
26.376 -11.667 115.841 2.054
22.716 112.637 98.138 1.914
-148.200 7.344 -172.388 1.911
-79.810 113.222 34.228 1.882
-202.091 43.310 174.576 1.937
75.699 44.840 74.737 1.925
-78.390 -30.881 134.015 2.230
109.494 -68.833 -128.613 1.936
12.861 -117.394 -91.535 1.968
224.641 -145.518 -174.145 1.973
126.164 -79.171 -179.582 1.882
-200.369 -62.370 -152.557 2.027
-67.874 -185.583 139.665 1.995
154.601 74.938 -10.496 1.893
-154.751 77.256 -94.479 2.107
-191.851 -50.964 194.687 1.828
85.114 103.886 159.277 1.968
190.149 49.509 -6.338 2.158
-33.001 -63.743 116.261 2.042
-189.449 -8.320 -125.450 1.787
-100.277 -181.955 113.892 2.191
99.967 -167.512 -38.188 1.940
-121.414 -152.569 111.791 1.873
59.348 -176.485 65.214 2.110
-103.686 177.209 143.096 1.915
-140.718 86.501 51.033 2.022
-123.661 -127.584 -78.096 2.020
116.943 -49.609 -131.027 1.955
-182.165 67.986 -78.648 1.995
114.704 -54.090 33.374 2.022
218.962 186.961 16.660 1.878
17.035 129.840 44.285 1.995
42.347 -30.905 109.031 1.993
120.766 -102.142 123.872 1.937
184.919 45.311 -198.837 2.072
223.790 136.988 109.721 2.086
-47.461 175.996 -37.480 2.170
-69.826 7.934 -46.493 1.943
105.696 178.365 -157.254 1.943
-202.168 143.853 138.942 1.813
213.056 -62.967 -51.260 1.995
109.064 121.121 140.078 1.908
213.853 -179.448 179.989 1.920
-76.452 -112.591 -78.669 1.948
149.251 -127.196 139.057 2.228
2.679 -182.284 -12.673 1.794
193.581 46.102 -32.612 1.909
-166.373 -7.311 112.386 2.050
-190.198 -21.983 36.879 2.131
205.843 154.415 188.978 2.031
86.868 43.057 -147.188 2.056
77.954 -15.457 114.712 2.076
157.796 131.005 195.344 2.013
83.769 63.686 135.354 2.330
-169.843 141.065 -178.811 1.901
142.453 101.838 -104.314 1.982
-65.655 -87.655 184.633 2.019
-52.303 -161.339 -105.790 1.929
-59.391 -18.887 100.031 2.142
86.740 -13.219 -171.379 2.064
150.534 -35.198 131.627 1.971
-81.848 -169.469 -176.160 2.151
166.009 -97.628 -41.318 1.943
202.486 -135.408 -109.286 1.999
175.352 120.226 199.557 1.982
155.216 -53.959 92.858 2.009
49.912 -39.897 9.094 1.866
-146.560 -23.873 47.466 1.912
39.800 91.104 123.120 1.921
164.543 170.306 19.407 1.911
49.872 123.244 -42.592 1.783
-27.326 -4.084 -192.716 1.916
-77.334 8.067 -187.603 1.979
-79.433 177.781 121.033 1.969
32.978 -84.445 189.933 1.845
-216.005 26.416 -56.820 1.988
20.143 -112.985 -127.799 2.137
76.753 117.128 -68.087 2.090
11.459 103.389 102.372 1.998
-12.475 55.623 152.337 1.811
9.485 51.028 -86.607 2.031
195.939 -149.063 16.122 2.047
90.269 186.899 -119.098 1.731
112.373 55.325 -186.207 2.050
-131.001 -176.096 -196.980 1.961
-162.885 58.066 187.386 1.966
38.433 -17.604 8.420 2.039
-166.261 6.825 9.359 1.944
-49.415 30.386 104.117 2.153
119.562 -188.346 -102.006 2.131
-126.674 -87.725 42.685 1.932
-96.192 -39.968 -38.761 1.963
73.687 -91.331 82.647 1.908
78.142 -15.950 98.461 2.069
-4.418 -126.932 -5.919 2.047
-176.949 -182.068 70.707 1.911
45.404 160.200 132.414 2.133
186.201 -169.323 144.202 2.113
-80.006 -137.360 -91.283 1.881
9.637 85.628 -168.008 1.802
-222.260 -21.751 76.259 2.020
-133.630 97.936 122.372 1.990
76.251 -48.388 -156.369 2.088
38.601 -38.022 112.286 2.048
-224.468 -89.831 -148.699 2.045
50.861 15.708 -139.827 2.011
-170.618 -21.767 -140.538 1.978
220.616 -131.974 148.546 1.827
113.854 -149.808 34.463 1.994
213.933 -100.478 -185.564 1.868
70.275 152.637 42.107 2.102
215.258 14.086 -78.044 2.012
51.483 55.578 19.946 1.904
-10.388 -36.198 -70.474 2.173
56.784 185.934 -34.033 1.903
-100.574 -146.635 141.885 2.214
-81.214 137.088 193.491 2.227
77.028 -102.542 -120.128 2.079
-143.516 153.592 72.974 2.003
-184.312 15.220 48.407 1.880
-121.701 -179.788 -49.159 1.890
192.900 -58.986 -190.796 2.025
166.864 37.906 -101.515 2.061
-172.019 -156.745 158.714 1.930
-84.755 137.501 162.190 2.016
-42.441 124.538 63.967 2.094
-223.661 141.119 -131.282 2.009
82.477 -81.143 -46.016 1.802
-52.140 107.278 -34.342 1.910
-110.124 -92.211 -31.988 1.846
-186.501 -161.865 -196.817 2.010
25.476 -85.520 -131.844 1.836
-168.487 -140.664 67.984 1.927
-16.734 -80.797 168.046 1.896
158.064 -107.778 -154.826 1.956
60.630 142.488 185.469 1.938
17.742 13.206 4.425 2.165
198.336 -105.592 -135.345 1.913
57.252 70.755 -17.374 2.073
213.912 -9.183 -92.540 1.980
90.419 29.137 74.503 1.993
157.506 -166.397 183.813 2.133
202.223 131.916 -55.673 2.099
11.747 36.675 106.820 1.951
51.322 41.514 86.203 1.949
35.212 -117.725 -21.454 1.985
70.173 -163.640 64.004 2.192
126.034 92.409 -18.504 1.986
-91.252 51.336 -56.717 1.936
147.632 167.208 -198.043 1.931
-100.012 14.519 -183.636 2.038
-20.233 -50.485 -178.251 1.937
-207.991 -158.323 -81.065 2.009
-151.213 -189.287 4.573 1.894
-106.170 180.836 44.013 1.957
-166.846 -14.402 -197.182 1.955
-2.811 139.791 -155.622 1.916
93.050 -181.116 157.090 2.063
-26.789 52.325 87.806 1.857
-148.513 -29.503 -94.644 1.868
-86.161 20.897 80.896 1.991
44.165 -27.374 -102.912 1.997
153.870 -55.858 11.333 2.143
207.193 -75.988 -66.115 1.976
47.902 -120.290 125.210 2.150
183.711 -41.631 121.689 2.074
160.956 183.223 -121.568 1.962
19.119 -23.289 -189.555 2.048
57.076 97.745 -113.883 2.030
69.609 63.799 -27.890 2.307
133.194 49.753 -136.738 2.018
-8.359 156.935 83.497 1.971
11.148 -70.829 -70.960 1.981
-38.203 4.634 -149.002 2.149
168.547 114.104 -7.375 1.897
-168.589 145.427 -183.169 1.904
4.633 -49.547 -153.325 1.899
-14.017 -162.806 -125.305 2.029
-157.539 -92.686 -22.494 2.068
-211.472 108.075 -163.711 2.058
202.762 122.223 -171.664 1.999
-12.060 111.479 151.702 2.024
-101.960 105.192 -59.523 1.810
-86.271 -110.045 28.990 2.277
-61.376 -181.475 -11.061 1.931
113.691 178.721 -79.494 2.108
13.232 43.179 -89.731 1.948
-173.161 5.757 -69.456 2.172
-53.936 -143.714 36.417 1.960
99.817 28.662 52.719 2.057
115.325 22.206 0.666 1.834
79.682 158.609 -101.545 2.077
-51.132 77.255 -166.914 1.898
-63.877 -72.729 -19.205 1.979
-170.464 95.776 -183.620 1.938
-171.210 71.583 -115.028 1.959
-170.929 -187.282 -67.171 1.950
139.928 171.876 54.979 1.961
135.967 -126.583 -116.909 1.930
110.746 -54.370 -78.506 2.066
-24.654 -160.785 -114.844 2.058
14.292 12.423 -93.787 2.099
-161.787 111.802 -29.643 1.993
-11.540 -21.228 -196.833 2.080
162.211 112.993 -186.794 2.195
-76.933 37.172 -145.851 2.059
162.722 12.859 33.845 1.907
-100.611 162.209 -163.192 1.866
168.200 -189.184 -131.427 2.053
168.822 160.642 -77.229 1.996
-180.310 -57.318 -71.489 2.010
39.971 131.851 -173.277 1.962
214.153 -23.653 55.794 1.956
-174.014 -51.651 99.621 2.127
-118.228 -96.638 -132.549 1.972
214.730 -132.031 184.269 2.069
-6.584 168.635 -158.336 2.003
156.326 -5.192 -25.721 1.990
5.927 -15.524 106.537 1.891
124.764 -157.548 24.102 1.892
141.980 -171.870 -117.462 1.999
-161.643 163.062 5.027 1.924
146.949 28.580 -54.388 2.142
-59.770 -138.530 -161.029 2.193
157.486 176.623 36.693 2.089
12.906 -26.071 -127.496 2.024
-40.761 -49.551 152.240 1.958
-88.780 -61.187 -1.754 2.118
52.246 68.335 -144.620 2.240
-15.318 -166.453 -86.903 2.135
91.536 54.411 77.866 2.053
-114.602 -168.721 -101.514 2.128
-70.181 67.343 116.827 2.076
-16.702 133.239 -171.633 1.977
221.158 157.921 145.573 2.054
190.384 22.029 103.194 1.916
224.558 -165.088 15.078 2.036
59.991 130.883 47.035 2.173
-139.713 -166.437 120.159 1.960
-147.658 11.259 -68.359 2.057
-19.406 79.066 178.063 1.814
-13.147 -158.345 -144.102 1.957
-203.257 -122.698 -73.192 1.767
211.467 -139.513 -156.333 2.216
