-166.815 -66.997 96.128 2.037
-193.431 -112.564 198.532 2.003
-34.695 161.070 -184.467 1.918
207.051 -81.346 -85.328 1.992
45.835 66.788 193.147 1.960
213.478 62.641 36.385 1.886
-199.951 8.276 197.231 2.054
-92.835 -149.673 60.145 1.930
97.814 150.457 82.977 2.007
119.359 -168.913 69.107 2.013
-60.293 -98.117 40.569 2.030
-15.933 188.551 90.899 1.983
153.756 87.866 134.775 2.062
42.713 -161.135 -103.978 1.968
202.275 -97.988 -129.121 2.185
147.917 91.159 -69.784 1.883
46.130 4.766 101.509 1.959
-91.910 -0.491 60.640 1.947
-127.636 -50.353 -83.789 1.957
-129.042 122.714 24.895 2.003
-160.420 -12.671 67.482 1.845
-137.128 19.631 -141.188 2.016
19.715 160.504 -72.308 2.101
199.246 103.248 85.711 2.080
-31.174 110.893 -12.835 1.894
-35.502 20.577 -120.233 2.109
-57.504 9.139 -70.435 1.845
-218.851 144.681 -198.777 2.044
-204.623 123.309 66.368 2.108
166.905 -166.783 100.792 2.076
85.726 115.608 -9.504 1.971
66.032 75.287 97.595 2.019
215.198 -153.172 119.365 1.969
160.764 -173.353 199.088 2.045
152.542 -122.031 -160.980 1.874
-29.971 -71.455 -148.127 1.989
-84.370 80.831 -149.541 1.845
9.937 -165.324 136.941 2.052
161.891 35.624 -85.517 2.091
115.728 135.108 -41.325 1.890
19.028 -97.301 126.228 1.984
-154.391 -65.242 -114.982 1.991
162.042 -118.048 25.526 2.139
136.689 105.745 178.317 1.922
156.909 123.469 114.000 2.058
-51.744 -184.278 -37.211 1.992
-192.795 -29.374 -71.803 1.977
-106.637 49.470 -26.838 1.903
187.017 -105.106 -133.555 1.891
-85.955 170.984 76.071 1.805
118.187 151.857 -35.237 2.060
-120.975 -165.124 -142.931 1.809
113.754 -72.646 -36.960 1.852
-41.836 69.347 -70.982 1.780
105.625 134.037 160.292 2.265
-112.269 32.126 91.780 1.962
-149.633 65.787 -160.274 2.162
-152.028 -128.054 171.050 2.001
-221.749 100.488 -8.664 1.885
203.750 185.784 -51.173 2.063
160.621 133.436 65.468 2.033
65.263 88.366 112.202 1.866
132.411 23.610 -115.386 2.001
-12.724 -111.932 -151.919 1.989
-137.492 189.926 -50.333 2.214
118.721 92.925 -153.367 1.949
-70.763 -94.088 27.807 1.908
-221.407 -62.096 76.116 2.071
30.525 -103.689 4.978 2.017
224.759 127.610 41.655 2.139
-158.308 54.422 161.711 1.993
-105.863 19.791 148.654 2.114
-5.822 -0.374 -111.388 2.006
77.948 -78.174 -159.767 2.044
-56.296 -22.744 -163.164 2.041
-178.876 -136.515 25.914 2.126
85.789 -134.862 -65.801 1.775
-32.284 -11.231 172.194 1.890
-67.027 126.274 -106.694 2.077
143.170 35.616 0.131 2.228
-148.005 13.300 98.153 1.901
206.552 -47.463 -102.528 1.969
-28.077 63.208 -118.992 2.001
-177.953 -110.759 -30.760 2.002
-75.583 145.331 -85.655 1.955
59.057 169.317 -98.982 2.147
178.217 112.926 127.390 1.876
-213.068 33.030 -168.346 1.847
-64.863 128.097 -42.552 2.051
-10.220 -119.375 -113.838 2.103
2.955 67.129 -183.621 1.911
-81.397 -71.626 -77.465 2.067
-177.631 39.371 -92.943 2.052
151.888 -121.602 60.090 2.049
-33.859 -89.082 -23.108 2.024
32.086 -147.274 80.109 2.029
173.444 -175.331 177.583 2.049
79.068 -59.351 54.504 2.084
-175.318 -15.288 198.911 1.979
-6.520 96.804 -38.071 2.107
-141.450 -47.179 -189.570 1.880
175.145 91.673 163.712 1.925
-120.434 140.455 39.308 1.766
-201.305 -148.129 -8.072 2.186
135.802 -82.728 39.491 1.894
56.697 162.943 -72.482 2.166
-130.213 -176.303 -176.054 1.835
-136.681 -141.227 76.535 1.818
8.128 -37.194 -89.466 2.082
-19.900 0.713 -98.874 1.945
153.586 155.740 -181.295 1.973
32.787 81.705 172.138 1.908
141.649 -31.733 170.228 1.832
-10.041 -183.102 -60.451 1.988
-222.739 -70.807 -28.668 1.726
74.556 -173.581 84.595 1.972
13.280 -154.267 4.703 2.159
-87.509 179.999 -59.082 2.239
50.686 -18.294 67.326 1.972
-83.993 163.668 -37.358 1.848
68.581 -21.467 109.083 2.031
-111.491 26.358 -19.178 2.178
-122.621 166.769 -127.091 1.962
61.559 -148.362 73.127 2.190
64.954 -139.466 -87.197 1.887
140.482 96.869 -197.360 1.818
19.015 -111.348 193.020 2.050
-64.291 -171.374 -83.901 2.183
-72.756 -183.641 -198.571 2.272
-9.681 147.551 -12.551 1.957
-82.934 -26.214 64.138 1.843
-46.790 -23.232 -3.801 2.002
-63.275 179.202 -9.136 1.998
46.210 47.750 -28.526 1.808
-136.014 -8.002 -9.099 2.043
87.936 45.774 -48.359 1.858
112.100 171.633 -128.947 1.934
212.699 184.229 -127.919 1.965
-149.378 177.952 174.117 1.943
-2.946 156.046 -160.201 2.017
-56.095 -189.857 74.516 1.910
41.665 60.630 108.462 1.939
190.113 -106.284 -61.545 2.102
10.628 137.962 66.686 2.188
-86.090 57.129 170.237 1.839
-49.561 133.796 -49.794 2.048
-135.680 -156.023 138.979 1.999
-167.168 -161.112 115.468 1.911
-48.777 21.129 47.009 1.946
-20.385 33.655 -131.652 1.936
-195.172 173.065 -140.241 1.814
96.787 -157.445 133.229 2.108
-41.591 76.130 31.489 1.918
-47.006 75.140 41.434 1.917
192.348 -73.976 20.610 2.068
3.125 127.484 107.709 1.999
-91.605 -176.580 59.363 2.072
192.396 177.324 -79.610 2.071
78.609 73.814 27.722 1.906
178.586 52.236 191.981 2.089
224.933 126.458 11.665 2.083
-124.121 -19.750 -180.759 2.013
180.430 56.077 170.660 2.053
188.094 -122.539 -191.877 1.852
-141.267 160.763 -2.066 2.035
-80.738 -162.921 -117.925 2.133
-50.783 108.379 -111.505 1.800
-103.276 35.592 -5.113 1.981
140.647 -43.631 -58.039 2.103
77.479 -137.894 -140.681 1.903
-98.928 69.382 12.282 2.126
137.003 -158.792 -154.550 1.954
7.610 -70.634 9.376 1.875
218.643 7.575 -196.337 2.149
13.436 157.234 -158.498 2.050
29.482 -120.121 -194.479 2.137
-22.033 -12.975 12.572 2.043
209.574 147.865 80.543 2.025
-160.323 -73.486 80.709 1.905
52.361 169.524 79.089 2.171
-187.298 116.226 178.029 2.082
-70.761 -25.432 189.587 1.947
-38.532 188.237 -125.878 1.951
-158.938 88.745 10.225 1.926
-219.013 142.870 -52.597 1.943
143.317 13.260 -132.548 1.944
-222.853 47.820 13.160 1.968
-65.764 -37.961 -149.762 1.993
84.425 93.316 -64.982 2.185
17.242 -173.118 -39.362 1.959
0.204 16.230 -124.583 1.830
28.690 17.543 59.527 1.996
44.001 -137.023 89.899 1.926
-12.176 150.762 -126.597 1.974
-22.023 -128.215 92.580 1.934
137.698 -38.815 99.724 2.134
-104.665 -164.325 -58.549 2.110
56.258 165.327 -100.091 1.983
-167.909 -185.265 -38.878 2.148
73.849 37.628 -118.976 1.819
-29.346 -26.690 -169.969 1.997
-29.760 -132.534 -46.546 1.940
-39.501 1.521 -189.456 1.944
-17.742 83.800 70.032 2.077
-1.524 15.067 -50.876 2.054
148.041 -3.541 180.756 2.027
-82.208 76.176 -48.702 1.935
-134.335 -112.450 -116.818 2.045
-159.868 -118.735 -112.294 2.037
-145.681 9.296 -169.836 2.139
-91.186 -22.179 159.555 2.000
70.940 92.320 34.321 2.075
-212.340 37.751 -110.052 2.020
-106.247 -34.207 -96.014 2.098
-167.058 -162.110 38.615 1.948
212.670 -52.594 -154.131 1.895
35.539 144.196 -122.766 1.894
-25.213 -43.301 -151.532 2.016
156.496 17.309 178.726 1.898
-40.776 7.214 -58.500 2.037
70.916 -28.520 -97.687 1.895
104.219 -26.722 -43.271 1.748
-162.994 -90.614 51.678 2.066
-120.954 -124.540 7.392 2.013
-153.578 12.549 3.692 1.934
147.936 43.211 178.789 1.960
-76.066 65.361 34.150 2.064
219.271 72.744 34.374 2.056
-150.897 146.516 12.014 1.989
8.033 -42.513 -96.814 1.857
-84.378 -158.398 94.949 2.067
-203.098 -102.827 -73.004 1.988
97.506 148.994 -142.428 1.884
-135.488 -109.900 -139.445 2.007
-124.141 -70.937 153.268 1.974
-139.681 90.857 79.396 2.048
-109.043 124.808 118.811 1.983
85.590 153.142 108.406 2.029
-120.514 152.237 191.740 1.984
-116.930 -120.829 3.499 2.037
139.023 -53.781 -62.012 1.986
-216.578 -48.770 -70.542 2.023
83.292 -167.350 -66.636 1.934
199.022 108.378 128.341 1.959
116.088 67.942 -176.427 1.864
-187.963 -37.411 -34.812 1.790
216.162 158.548 -67.093 2.089
-193.418 35.202 -74.152 2.068
-141.830 -104.557 129.339 1.949
27.970 86.525 -160.333 2.031
-78.710 -138.178 55.820 1.866
-132.691 -72.935 112.835 2.010
76.786 92.473 95.430 2.112
-218.233 141.237 -37.103 1.965
-185.822 50.076 -55.372 1.935
-56.575 29.318 -49.530 1.956
-7.488 -71.995 82.071 1.942
-58.936 114.925 34.874 1.898
-142.473 38.726 -158.822 1.991
96.658 -145.614 94.814 1.989
113.256 -71.046 172.518 1.905
75.577 25.356 -74.884 2.018
142.310 55.951 135.050 2.128
-185.698 127.185 146.282 2.058
149.339 -88.799 -37.057 2.062
-126.428 60.216 122.915 1.817
140.245 -15.187 197.842 1.747
197.107 -54.408 115.711 2.151
134.245 -94.108 -176.982 2.060
48.492 21.835 53.968 2.035
79.038 166.397 194.157 1.835
45.261 -189.995 92.596 2.138
-157.832 26.496 28.896 2.168
-199.681 -125.079 162.901 1.928
-215.739 133.090 126.608 1.986
-192.990 -175.938 -100.699 2.185
221.104 54.630 -137.565 2.077
-44.603 -54.389 -79.411 1.953
135.562 -19.336 -99.302 2.104
-147.155 12.477 56.232 1.930
-90.038 132.840 111.314 1.967
189.516 94.590 69.286 1.865
60.855 -25.759 -39.099 1.980
-204.994 -181.916 71.176 1.831
-4.594 99.851 -47.645 2.002
156.382 -167.318 -7.163 2.000
120.329 -12.899 39.316 1.968
-64.692 5.827 -165.510 1.913
105.323 -91.925 49.749 1.803
-142.083 -4.868 17.466 2.057
-34.624 61.003 120.749 2.029
-100.443 63.944 -85.757 2.212
51.460 119.793 -124.623 2.077
-134.265 -36.135 -145.756 2.013
18.064 -183.775 33.758 2.038
50.567 57.179 -109.025 2.018
-47.841 -176.041 167.482 2.085
-4.290 -157.440 42.375 1.862
-84.765 113.501 -139.601 1.926
130.783 -113.991 199.385 2.008
-21.408 47.000 44.887 1.968
127.146 -24.792 46.398 1.915
-154.568 84.317 -111.618 1.955
210.084 -144.347 2.508 2.091
-66.037 -59.019 -167.718 1.941
-102.698 129.278 -169.554 2.082
-56.604 -45.512 41.969 2.027
29.203 16.228 69.329 1.959
169.553 -48.744 57.755 1.836
-52.586 -126.993 -155.213 2.097
61.116 -169.094 153.455 1.794
-88.382 118.347 147.097 2.162
-66.487 -61.077 88.055 1.891
86.382 -85.054 -86.075 1.973
-108.931 -30.831 164.951 1.890
-162.609 -162.032 -145.090 1.882
-15.906 22.436 -144.722 2.070
-14.562 -34.969 116.596 1.963
47.427 -28.830 71.677 2.076
-116.393 178.392 -56.674 2.063
16.255 171.126 -13.490 1.758
217.215 -69.606 -66.121 2.012
39.459 146.870 -196.702 2.029
198.205 138.571 -98.355 2.027
175.889 -105.616 -65.365 1.899
104.517 -54.212 49.840 1.898
-203.321 188.856 48.056 2.115
-168.345 128.701 -186.498 1.998
-210.924 56.869 -194.716 1.797
-167.563 -157.619 59.108 2.064
168.402 50.210 117.392 2.012
-198.644 43.123 72.421 2.115
48.904 105.568 33.524 2.104
-106.158 -42.734 -29.494 2.087
-203.612 -158.139 -84.292 1.910
-33.264 43.571 -122.439 1.934
-73.275 -128.257 191.362 1.865
-124.002 -63.370 149.368 1.848
-202.098 -40.672 188.953 1.881
67.791 -34.178 148.054 1.964
171.454 112.538 -6.025 2.015
189.398 -188.028 4.904 2.024
-198.621 -137.225 152.303 2.117
168.748 22.419 -179.356 1.847
3.347 -5.784 144.591 2.055
198.074 -25.772 111.537 2.003
37.025 121.855 -155.729 2.181
215.619 45.548 99.398 2.192
-192.782 187.125 -197.036 2.071
-182.444 61.955 114.985 2.184
-143.556 184.792 53.776 1.910
-86.926 155.488 -138.338 1.981
21.528 -176.164 -16.290 1.867
35.286 42.366 179.733 2.002
83.069 144.807 -69.929 2.071
-24.401 142.389 135.074 2.050
-141.921 168.034 27.635 1.980
-108.184 154.339 -92.733 1.973
210.930 84.387 -186.129 1.948
133.191 -44.387 -137.265 2.226
-93.637 -67.628 -195.916 1.882
-178.559 -67.855 190.630 2.126
57.483 24.919 -39.940 2.004
195.181 -75.733 -6.620 2.151
-52.641 -174.966 -17.409 2.082
74.410 33.769 -112.249 2.113
191.874 -47.905 72.102 1.900
183.315 -37.606 103.992 2.137
121.512 183.933 -51.418 1.825
-88.962 99.597 -171.016 2.047
-8.247 -161.604 104.356 1.902
116.926 159.829 -98.795 1.836
97.928 62.830 11.552 1.911
138.619 20.454 151.541 1.867
-151.412 -28.518 2.361 2.111
152.970 -55.768 63.995 1.914
146.250 90.935 71.829 1.994
-54.882 29.598 -55.095 1.964
154.475 166.413 58.597 1.987
148.361 58.204 175.901 2.107
86.380 81.429 -73.534 2.079
65.421 185.227 -30.576 2.064
-3.737 -16.867 -162.944 2.044
-207.539 119.413 -7.275 1.955
-48.786 90.609 -131.038 2.042
-183.545 99.612 190.546 1.799
202.725 50.777 -199.557 2.012
107.818 32.518 136.697 2.120
-78.670 168.810 191.288 1.876
81.132 -160.318 131.156 1.948
-77.709 154.040 16.277 2.127
-205.349 173.536 -56.901 1.899
-138.956 -36.622 46.130 2.051
90.952 -119.132 77.047 2.029
-28.019 159.522 63.127 2.168
-11.643 143.538 -130.514 2.129
169.771 -154.279 -3.699 1.982
223.650 -157.790 145.501 1.944
-100.935 137.345 -182.047 2.022
215.111 -141.951 -151.555 2.114
72.136 148.432 176.385 2.066
-108.153 124.164 28.486 1.981
-191.822 -92.773 -95.530 1.871
110.098 -72.322 151.092 2.058
-204.047 97.564 130.595 2.070
-209.948 -185.594 -114.243 2.149
0.324 127.301 1.557 1.954
-205.788 93.551 74.866 1.890
-184.143 13.699 -34.840 1.901
77.986 59.216 -95.098 1.861
-88.321 -24.671 131.836 1.932
203.991 -158.644 163.698 2.104
60.991 -49.893 -88.254 1.856
-86.813 -30.007 126.416 1.942
106.672 5.556 -102.386 2.111
200.790 -140.783 -150.654 2.129
-97.915 -29.242 19.555 1.986
-26.493 -87.317 -163.421 2.147
-220.568 -186.813 -53.370 2.067
-40.433 65.805 15.445 2.008
43.477 128.429 184.905 1.889
-49.319 109.819 -107.818 2.029
-141.328 65.410 -94.184 2.005
66.889 59.625 -108.497 2.064
98.126 -3.370 -186.905 1.947
-210.096 183.113 -44.323 2.091
200.794 36.445 -101.660 2.010
40.527 163.564 143.683 1.967
11.585 -132.840 122.013 2.052
-218.638 45.767 -9.061 1.986
-87.369 -108.942 119.594 2.127
-173.674 61.930 -116.507 1.900
-56.344 60.655 -159.744 1.884
60.227 64.599 95.117 2.000
-115.742 47.267 38.759 1.851
208.364 -16.073 196.274 2.039
-211.171 -92.292 1.202 2.000
102.054 -18.519 -34.646 1.988
172.304 -42.417 -60.965 1.718
189.243 53.993 91.697 2.047
109.735 -66.752 25.471 1.891
184.527 109.130 1.294 1.948
-25.146 -33.563 -40.300 1.983
163.774 16.389 -176.374 2.074
-120.343 -140.987 147.436 2.054
-188.173 -21.803 150.538 2.186
-17.300 81.728 -7.841 1.976
40.456 -54.345 -83.683 1.835
-6.118 124.393 -96.203 1.958
-128.865 61.175 -166.965 1.956
-144.866 170.513 -20.856 1.965
10.338 175.284 -38.472 1.951
-19.780 -7.475 -157.336 2.010
173.349 90.067 48.227 2.027
31.875 50.536 172.369 1.831
-171.297 -44.459 -52.893 2.037
-145.692 -89.177 -152.006 1.988
173.142 182.558 105.871 1.922
69.944 138.746 134.259 1.839
175.799 -18.100 91.594 2.089
123.996 -96.629 -173.616 1.986
3.537 40.378 -48.728 2.033
-223.839 -102.194 -33.755 2.018
-62.256 68.691 -172.972 1.911
-41.763 -77.545 -46.876 2.217
-55.266 -8.588 -32.454 2.060
7.392 -185.359 -21.550 1.992
-172.422 -67.529 -136.727 1.960
148.777 63.669 44.805 2.102
154.789 133.650 43.678 2.107
-202.858 -166.970 76.887 1.986
-27.393 -156.937 -33.106 2.001
-164.677 131.254 124.740 2.150
-169.531 165.806 -183.094 2.066
221.903 24.315 -49.422 2.033
-11.449 0.062 158.723 1.894
-150.624 -91.615 187.985 1.939
-185.617 146.767 128.325 2.139
-167.260 -127.280 -125.229 2.022
71.271 -90.062 18.310 1.957
-78.077 95.466 -173.183 2.111
86.137 -176.743 69.766 2.122
43.726 -5.605 -95.422 2.128
83.428 -187.371 119.152 1.935
94.933 -159.395 15.847 1.906
80.763 98.124 -64.019 2.065
19.546 -12.573 -188.503 1.945
141.586 -155.341 -180.517 2.099
-69.092 -44.023 -172.339 1.823
108.517 78.705 -36.786 2.117
141.989 140.967 -22.309 1.942
-82.840 -181.221 -90.717 2.109
-143.357 -44.114 -20.518 1.913
15.768 -0.090 197.019 1.939
-115.878 7.556 -74.582 2.080
-88.942 -63.283 -117.725 2.050
-19.806 -44.786 90.651 2.136
151.639 184.569 12.947 1.967
-142.574 152.620 -62.510 1.975
109.801 -90.207 -157.812 1.818
139.184 1.686 175.075 2.082
78.647 47.186 -160.965 2.012
-207.190 -65.438 88.973 2.042
-119.879 -106.493 116.679 1.836
-170.009 126.231 16.160 2.045
-41.711 -153.247 113.978 2.038
22.069 77.818 27.510 2.022
114.927 103.732 5.408 2.023
214.586 -170.243 105.876 1.990
-7.196 -14.970 196.879 1.778
-95.844 -44.162 2.994 2.100
-15.814 151.111 -197.995 2.037
2.522 122.951 -113.425 1.946
-170.479 -67.416 -66.128 1.920
-201.666 145.804 179.658 1.905
194.881 -163.062 161.081 2.133
1.735 -128.919 -147.188 1.872
222.914 42.275 199.952 1.898
-162.122 52.601 -144.690 2.040
100.939 -16.914 192.688 2.059
180.599 -111.779 -51.306 1.909
-162.674 57.363 -42.894 1.886
62.333 -17.783 -90.542 1.848
50.031 96.100 79.266 1.993
129.787 -66.553 -65.262 1.907
224.254 14.212 169.053 1.994
84.481 75.477 9.600 2.035
-79.339 -48.071 -69.514 1.995
126.170 -27.868 -123.163 2.138
-12.694 99.894 76.044 1.977
-104.401 165.735 -155.523 2.003
59.497 -32.928 90.811 2.054
-200.177 124.740 -27.099 2.126
216.539 -153.881 29.724 2.030
191.789 -10.080 -186.609 1.999
181.012 -20.000 -131.752 2.004
40.704 92.082 -166.481 1.878
-136.004 162.410 -4.252 1.937
-218.828 -155.160 -89.917 1.915
111.821 121.106 -58.316 1.946
-15.887 143.661 44.279 2.024
-19.530 -165.867 -163.585 2.046
-170.227 -141.846 -185.197 1.938
-140.086 -102.280 -8.866 2.045
135.148 139.593 -55.583 1.881
-41.345 -156.737 -38.675 1.941
11.028 -28.056 88.825 1.991
-64.505 86.575 -69.174 2.031
132.175 -89.058 -180.034 1.985
-45.155 -4.628 135.245 2.002
214.607 -36.274 133.445 1.891
-125.860 122.015 -189.651 1.976
-156.773 31.236 148.176 1.954
-175.042 -13.058 -134.518 1.932
-219.239 -80.044 -118.175 1.945
85.698 141.002 154.326 1.895
29.119 -50.182 -135.514 2.172
184.962 57.434 -2.071 2.137
-121.613 13.592 -135.138 2.108
-193.925 -72.622 11.348 2.043
-22.884 65.619 194.731 1.911
-163.457 11.013 115.872 2.022
-161.089 32.347 59.992 1.967
211.135 -46.394 18.416 1.859
120.178 163.057 -149.884 2.023
19.032 -166.183 91.774 2.041
-133.366 56.006 -22.998 2.165
50.079 -152.158 55.552 1.996
-150.617 113.912 161.506 1.961
36.943 -75.755 164.625 1.971
-37.137 76.007 113.578 2.048
192.594 -49.107 -147.939 1.943
-32.791 146.704 64.569 2.065
14.252 -178.064 -88.568 1.985
38.038 -182.706 -127.356 2.193
-0.850 99.552 -188.213 2.008
-30.099 -29.019 189.412 2.010
-203.389 148.235 19.949 1.944
77.142 29.672 -154.219 2.157
194.540 -17.687 -26.752 2.144
61.845 -100.897 14.136 1.851
-216.506 2.935 -87.887 2.039
72.527 132.056 -110.346 1.978
-133.317 71.371 163.327 1.982
-38.190 39.389 -4.865 1.814
-138.060 144.155 193.075 2.057
-176.603 -76.484 -176.866 2.120
-53.748 38.689 -82.379 1.977
-61.139 180.612 23.948 1.925
-60.665 -80.194 72.275 1.861
7.475 -141.080 -70.630 2.079
179.345 -5.860 -44.565 1.861
158.308 -130.692 181.060 2.031
-39.502 160.122 -69.785 2.028
72.512 -98.552 -117.370 1.893
-41.431 -10.405 -7.533 1.954
-78.018 -131.871 -25.085 1.873
2.147 -161.422 -163.893 1.942
205.916 44.331 24.228 1.919
187.254 -150.261 38.581 1.829
40.062 -88.080 -55.837 1.976
-218.379 -87.713 104.982 2.138
51.489 -110.468 -106.190 1.994
0.476 -63.324 -123.415 2.002
224.191 -178.664 77.039 2.129
-128.287 -170.976 118.806 2.082
-71.998 124.455 127.880 2.023
-175.938 -78.175 -51.298 2.025
127.632 -188.155 -28.846 1.802
66.224 178.457 -158.589 2.016
143.729 0.527 -187.975 1.904
116.761 -150.980 -96.117 2.092
173.713 39.384 -115.144 2.071
-159.661 -18.579 -44.346 1.890
-162.843 0.875 -60.778 1.909
182.331 179.020 -17.741 1.959
153.311 -37.959 109.028 2.018
-85.992 -6.727 49.318 1.964
199.805 59.103 -82.356 2.010
-224.069 12.423 -193.328 1.861
142.584 154.906 -167.620 1.889
-103.800 -71.288 -158.107 2.017
25.365 -51.243 -179.665 1.952
-8.192 -124.912 32.304 1.952
120.470 -76.446 -38.939 1.948
-49.169 116.477 166.941 2.002
-184.442 -152.264 -177.280 2.104
-94.859 97.665 157.959 1.961
-87.283 108.050 186.667 1.797
-46.179 109.405 -107.674 2.200
-133.912 156.981 -128.956 1.939
-68.175 -37.433 81.283 2.101
-21.219 -143.966 4.991 1.838
-33.431 139.604 126.275 1.926
137.474 -167.627 52.180 2.081
-122.146 28.919 74.544 1.988
24.310 12.221 23.534 2.027
-172.052 -51.672 23.937 1.975
-175.815 -17.564 -43.587 1.983
-143.843 -98.276 163.811 2.050
-138.568 -165.106 -50.909 1.831
-33.261 145.580 112.604 2.204
195.736 -149.774 -120.501 2.030
193.349 -152.933 151.027 2.023
49.964 62.502 125.907 2.154
175.573 3.484 -132.516 2.134
177.291 84.155 56.902 2.028
-214.275 -149.085 58.802 1.975
13.188 -21.701 -147.703 2.252
31.297 -59.091 145.903 1.946
150.300 -99.473 -60.318 2.013
-204.561 -172.579 120.260 2.013
-207.521 -76.486 -153.935 2.098
-52.868 151.515 96.070 1.985
30.882 -28.134 2.299 1.893
195.697 -140.386 30.561 1.990
137.357 165.074 98.338 1.966
-181.002 102.797 134.167 2.075
-148.533 -33.993 178.482 2.114
-164.723 91.292 -69.903 2.245
108.081 -187.052 -101.897 2.029
126.825 -60.276 -167.062 1.905
49.211 -126.240 78.688 1.926
180.604 64.121 182.033 1.905
-29.275 -69.530 85.117 2.151
167.118 137.907 137.885 2.096
-10.271 -31.505 -2.407 2.075
195.777 -82.625 -172.264 2.086
117.933 -97.356 52.154 2.136
-159.617 78.507 -84.329 2.109
222.382 -113.506 -66.651 1.883
196.639 23.603 21.911 1.927
-117.745 -73.988 47.563 2.142
22.616 84.496 -108.532 1.806
27.566 -99.614 61.683 2.045
145.191 -122.666 81.160 2.001
-138.624 41.616 -178.209 2.019
-23.617 101.243 148.286 1.951
-143.972 180.186 -198.129 2.180
-114.723 -9.634 50.742 1.978
106.931 172.418 141.830 2.057
-113.649 -188.440 34.557 1.924
-67.995 -117.277 -34.753 2.186
8.160 -136.862 117.214 2.013
100.548 25.331 -163.664 1.978
99.956 -74.474 -197.520 2.118
-224.874 4.003 -152.805 2.076
163.262 -98.744 105.860 1.859
-69.254 25.182 -101.083 1.968
1.414 0.544 -46.116 1.950
187.612 -32.060 -150.531 1.891
8.659 7.069 -73.461 2.051
110.786 -50.135 18.299 2.087
-223.827 -183.943 -195.311 2.156
114.023 -153.483 -82.447 2.162
48.414 158.597 -93.321 2.042
23.457 -62.615 6.449 2.209
47.457 -93.278 138.135 2.138
-201.286 -3.856 159.569 2.007
-180.922 174.282 -137.820 2.061
-152.511 20.867 -190.041 2.031
-15.308 -88.113 -178.210 1.917
191.117 124.768 -42.284 2.015
222.919 -4.707 173.813 2.114
-195.395 -114.981 61.444 1.946
-26.752 -0.456 3.075 1.899
-44.870 -68.803 -183.572 2.023
-140.410 75.526 20.428 2.079
-205.373 -140.016 -66.851 1.954
-69.063 36.343 82.311 2.151
-139.892 1.761 -79.262 1.879
46.137 3.481 163.839 1.969
59.910 167.826 -157.552 1.960
-48.919 -12.487 -63.165 1.996
-45.626 -149.144 160.622 1.989
-52.214 136.258 30.817 1.988
158.362 181.096 191.873 1.882
-179.893 8.773 -180.754 1.896
-15.229 175.041 -183.265 1.918
192.149 -8.031 -34.045 1.895
44.387 6.542 186.470 1.966
-155.261 -23.299 135.694 1.902
-128.931 -146.922 -102.708 2.174
162.489 -71.691 52.302 2.018
188.148 -30.404 20.261 1.954
126.183 153.057 -75.937 2.013
-46.797 -114.574 156.292 1.903
78.897 157.302 -192.746 2.017
146.979 -108.909 136.922 1.993
151.456 26.431 -170.045 1.906
-219.194 149.755 63.457 1.848
-30.751 137.712 -110.600 2.085
-54.267 87.281 80.529 2.032
109.729 90.989 176.707 2.021
-116.345 68.888 -181.865 1.897
107.795 72.434 30.654 2.179
65.520 -154.249 83.734 1.752
174.244 -118.085 139.533 2.056
34.698 46.852 -30.770 1.769
113.400 62.778 105.931 2.128
22.014 82.769 3.808 1.973
99.418 -67.484 67.966 2.004
-55.067 41.070 172.656 2.149
100.987 -95.964 25.469 2.118
98.593 7.663 -169.773 1.911
-132.773 44.593 -189.138 1.863
-94.350 25.383 84.139 1.845
-112.267 -128.434 -173.305 1.944
43.375 28.463 11.918 1.991
68.076 96.774 -159.339 2.018
-116.240 71.403 112.509 2.258
29.665 -132.396 187.477 2.031
81.591 -187.233 -46.102 2.029
-130.439 -65.821 161.445 1.923
-83.688 -128.704 43.167 2.053
58.231 105.561 -16.850 1.840
204.286 181.184 75.961 1.805
-67.945 135.949 25.386 2.133
-178.738 175.764 -114.746 1.990
165.251 91.722 -74.973 2.038
51.546 167.310 -54.480 2.166
-99.588 -71.603 -41.278 2.068
-110.442 -106.072 -183.955 1.988
40.367 44.184 128.956 2.043
192.699 -175.048 -7.177 2.021
156.943 -106.548 129.850 2.096
-42.819 -3.121 -182.251 1.872
-64.571 -72.456 -19.773 2.012
-49.889 -15.549 -44.979 1.836
-100.796 -16.410 151.611 2.040
-119.082 -13.711 -186.165 1.806
65.796 175.097 -0.713 1.923
36.034 -86.558 11.379 1.978
-31.529 39.971 161.047 1.941
-137.055 -104.526 152.290 2.074
-6.071 -58.234 154.787 2.028
-121.673 54.553 -4.344 1.839
37.346 78.991 -160.811 2.161
185.745 -70.562 163.152 2.064
-189.063 92.127 40.484 1.963
-41.140 -147.188 -16.481 2.099
35.354 -99.937 -1.469 1.892
96.164 -180.247 -84.325 1.949
106.964 -51.238 57.571 2.029
115.507 -155.407 -67.220 1.949
-84.260 38.391 -36.371 2.141
-7.833 39.192 80.135 1.938
-93.452 -100.848 136.329 2.063
-171.853 91.754 -73.434 2.194
33.195 155.270 73.271 1.977
-95.825 176.241 -189.995 1.889
-9.005 -153.917 177.849 1.978
121.216 46.204 -195.509 2.088
-21.299 184.223 -77.822 2.012
-156.648 -48.619 88.451 1.998
-174.101 53.852 114.334 2.071
220.695 100.820 -150.085 2.039
78.572 180.681 -121.998 1.988
-173.592 -28.229 188.698 1.887
-49.054 88.088 -176.652 1.895
-145.632 23.316 -108.072 1.946
-149.130 90.728 173.834 2.022
97.116 -7.461 65.861 1.861
212.303 -61.953 -43.639 1.911
-118.359 -3.973 141.395 1.955
-130.220 -41.493 -181.840 1.960
-59.167 55.180 -86.487 1.933
-159.452 62.118 87.256 2.117
173.488 -159.437 80.185 1.876
-207.774 -46.808 17.636 1.893
-211.797 -54.765 147.204 1.851
56.922 -188.504 35.693 2.113
54.329 -125.394 -27.317 1.943
89.764 -185.859 -101.578 1.999
-111.155 88.043 -112.665 2.069
-190.189 71.307 -113.102 2.032
-85.592 -104.242 -46.980 2.037
-223.265 28.034 114.346 1.957
-35.182 163.574 45.659 1.944
177.291 79.563 -24.742 2.021
200.720 1.664 129.165 1.894
-118.717 -116.821 -190.060 2.064
-50.065 62.302 -161.357 2.012
-19.696 181.892 2.032 2.052
117.424 174.884 59.653 2.062
-83.362 -157.684 89.468 2.064
68.354 176.901 -118.621 2.058
-6.054 -127.877 -138.097 1.911
193.072 -139.732 144.272 1.960
-212.714 -15.510 50.020 2.035
-98.715 -34.946 -10.700 1.953
-102.139 -98.128 29.609 2.036
-20.016 34.570 -189.071 1.984
61.164 106.031 -148.964 2.033
35.248 189.278 -35.547 2.033
-190.215 111.040 25.284 2.139
-47.674 157.041 -142.457 1.942
149.138 106.434 37.419 2.064
214.071 135.458 -26.931 2.010
-156.689 -178.460 81.423 1.972
-173.317 86.040 -40.276 1.864
88.723 -11.440 -21.191 2.017
-106.692 -88.423 -73.933 2.006
24.348 -62.569 2.163 1.895
-154.680 157.244 169.572 1.890
132.802 -183.216 19.633 1.969
30.228 146.321 77.762 2.229
11.482 92.017 145.124 1.849
175.324 -11.177 132.442 2.089
213.813 118.214 172.884 2.112
90.721 -148.207 23.943 2.101
-151.510 -16.548 -175.892 1.913
-150.598 -8.279 80.930 1.889
197.709 -158.893 104.328 2.021
89.346 -104.611 61.463 2.090
78.006 141.323 34.060 1.881
23.662 -178.948 180.219 2.055
-108.519 -140.311 20.008 1.955
32.276 114.129 -148.282 1.982
-90.778 15.987 -23.073 2.039
-99.763 92.586 171.699 1.995
-68.742 -75.491 140.255 1.995
198.274 -61.029 141.927 2.224
-12.770 -163.454 47.079 2.111
172.274 162.881 -25.064 1.941
130.090 -76.520 183.302 1.853
185.812 -84.631 181.464 1.743
0.668 73.239 26.486 2.202
120.035 103.542 -2.503 2.071
-224.792 38.629 23.984 1.962
-188.196 128.652 184.403 1.972
59.590 -97.893 168.962 1.957
-56.480 30.880 -32.497 1.810
77.850 -95.549 -40.262 1.983
179.109 124.190 -148.362 2.066
-154.168 -55.427 -125.648 2.008
-62.010 -48.693 -7.431 1.992
-61.775 147.420 -163.950 1.914
36.157 -178.845 165.628 2.130
148.006 57.774 38.144 2.032
78.573 13.633 3.591 2.018
41.196 -10.540 -146.902 2.233
154.590 167.430 197.686 2.016
-7.607 -64.566 167.111 1.735
35.864 -67.661 41.221 1.910
188.146 125.708 -110.493 1.976
-152.766 24.492 -99.721 2.052
-84.387 -2.891 -157.428 2.051
-217.525 115.859 57.929 1.911
21.489 159.837 -184.445 1.929
-0.527 164.328 -168.267 1.924
-47.182 107.165 -89.503 1.947
219.864 70.207 85.846 1.866
190.442 51.604 111.083 1.999
152.619 -98.727 158.552 2.095
-88.874 114.187 199.724 2.031
-104.040 187.281 161.785 1.934
-164.589 -49.562 112.707 1.981
208.525 74.398 131.477 1.818
-102.522 -173.171 196.736 2.110
37.730 149.471 161.625 1.807
-82.242 -120.244 -67.204 1.926
144.169 -47.513 -102.028 2.008
17.137 -67.191 -145.036 1.944
-27.361 -164.912 160.004 2.052
71.860 116.093 -55.530 1.725
106.927 46.998 104.548 1.975
39.103 -17.414 -3.997 2.141
129.972 -173.692 -63.184 2.099
-135.054 100.455 -87.769 2.023
-7.763 101.701 137.952 1.981
76.517 107.501 54.901 2.221
224.820 -90.200 -182.340 1.922
-2.934 32.556 46.786 1.777
65.591 41.824 -113.995 2.062
208.816 99.220 184.657 2.037
161.114 155.774 101.961 2.022
205.488 72.886 -24.827 2.199
132.655 13.210 186.393 2.235
-177.582 45.609 138.289 2.145
163.313 -162.056 0.789 1.991
-136.068 154.530 -10.510 2.179
-208.289 66.109 -4.648 2.017
171.058 18.628 -195.435 1.933
-79.500 -88.144 -108.348 2.040
-118.119 -46.533 -97.611 2.032
1.098 -17.227 27.167 1.854
-136.845 -173.803 128.894 2.034
-16.664 -19.467 8.480 1.908
151.930 48.011 97.139 1.986
190.647 134.105 132.133 1.995
77.555 -72.372 92.884 2.091
20.451 28.937 56.409 2.026
178.891 -183.997 76.836 1.805
124.999 -144.805 -79.182 2.031
12.496 50.708 38.775 1.975
-156.667 -28.278 -34.199 1.900
174.247 -7.185 192.337 2.093
91.137 114.131 177.115 2.063
-170.167 136.484 -43.879 1.956
-30.311 72.790 152.513 2.007
43.221 76.446 -156.576 1.857
-138.007 62.706 -188.360 2.155
95.881 185.547 -190.763 1.989
116.279 -45.946 12.172 1.874
188.779 65.366 35.432 1.904
132.613 65.787 192.115 1.845
-129.858 119.239 171.344 1.974
-37.553 102.881 -158.726 1.975
33.938 -145.905 87.918 1.939
-176.878 172.991 31.828 2.087
197.664 139.829 49.962 1.911
-119.875 -88.187 -122.374 1.834
-217.248 -60.956 -168.310 1.986
189.234 178.662 -153.678 2.129
-23.976 100.791 15.732 1.857
56.324 -82.916 36.516 1.875
114.769 -12.942 -33.635 2.001
85.340 146.863 -53.846 2.031
-3.959 122.495 -187.984 1.869
10.810 -43.096 -158.170 1.845
-76.819 88.499 193.604 1.719
198.852 56.949 -118.964 2.040
-30.490 -71.819 98.799 2.095
-35.996 -150.957 -30.001 2.009
65.674 50.802 19.662 2.081
23.042 -81.068 -79.522 2.062
-120.322 -34.510 -175.613 1.909
8.659 124.302 156.069 1.967
-186.247 179.076 142.180 1.968
124.513 105.950 -18.439 1.931
161.270 -152.056 -183.704 2.039
79.821 -31.213 -149.027 1.965
-164.207 -151.058 -83.441 1.849
-87.527 167.296 134.965 2.021
-165.275 94.370 63.909 1.914
-121.903 128.395 -8.035 2.291
95.525 129.011 2.483 1.898
192.563 155.606 89.862 2.006
123.150 -6.331 7.017 2.004
-182.448 131.188 -30.812 1.837
198.400 -148.486 -62.570 2.000
-13.663 -42.085 31.880 2.041
-105.035 41.620 -162.283 1.961
183.425 -54.934 105.149 1.940
149.617 33.978 111.998 2.036
35.907 20.972 -93.627 1.846
5.221 -8.103 19.660 1.959
137.745 -174.963 -59.602 2.076
47.731 -147.293 65.598 2.022
-83.613 147.416 95.259 1.905
89.252 -21.050 180.818 1.981
66.550 -98.221 112.981 2.174
-141.683 -139.543 64.415 1.919
32.474 59.510 -34.174 2.043
85.499 -30.793 9.157 1.873
108.685 -27.642 -43.437 1.975
6.262 187.792 -106.099 2.095
-208.597 -53.200 -2.227 2.067
204.257 -100.724 -54.457 2.097
