12.461 -170.976 49.438 2.080
-54.597 -128.558 -93.803 1.882
154.366 151.026 107.908 2.080
-61.915 64.858 31.110 1.955
175.215 -42.754 -141.684 1.975
-64.172 48.116 -27.643 2.081
54.180 -152.712 -195.513 2.045
-131.133 81.393 -5.645 1.877
-161.868 -144.967 -117.756 2.135
205.701 182.687 -169.411 1.981
8.696 117.963 -196.358 2.240
134.897 12.002 -28.388 2.044
129.366 146.206 -54.298 2.064
53.549 146.081 -156.973 2.280
79.563 144.051 146.471 2.006
-141.311 154.518 -78.796 1.778
-68.441 53.216 -162.543 2.075
-218.485 178.141 24.759 2.002
-178.693 -167.822 40.299 2.045
-129.674 52.770 -175.822 2.054
-120.897 105.325 -83.254 2.055
130.798 -28.935 47.042 2.174
71.345 -11.147 -189.316 1.952
-30.969 -54.625 82.974 2.006
-223.773 -2.340 179.180 2.091
-98.032 33.621 -142.579 1.959
24.868 101.167 -41.889 1.926
-153.533 -66.583 -89.623 1.926
94.927 -120.977 121.867 2.188
154.903 152.963 -92.448 1.981
110.996 -181.896 -64.248 1.951
182.322 -181.951 -113.123 2.094
-201.543 -53.260 -144.418 2.054
-77.066 -167.343 -193.034 2.015
26.625 -161.109 -191.574 2.137
-50.376 -145.166 -129.880 2.036
51.631 48.160 -126.438 2.130
-201.620 121.275 116.303 1.925
41.912 74.151 -104.678 1.865
-81.091 170.526 48.155 1.795
172.439 -10.870 39.460 1.955
215.811 -45.484 -169.781 2.091
207.190 39.753 -154.286 1.985
224.217 59.437 -159.794 1.832
-5.868 116.904 -57.182 1.961
-84.178 -16.154 160.725 2.070
190.030 110.793 -189.391 2.041
158.435 -123.109 58.098 1.962
28.566 -110.384 -39.988 2.032
-68.719 142.341 48.946 1.994
-96.531 -125.501 93.347 2.032
-11.083 -117.086 10.557 1.908
138.039 -169.027 -82.327 1.980
47.208 84.805 -170.474 2.282
-208.108 84.461 96.965 1.975
-60.614 -123.997 24.260 2.008
-180.496 -170.192 163.567 1.919
70.555 -31.042 -124.185 1.836
-28.396 15.891 12.198 1.954
3.748 -82.400 -49.765 1.964
76.262 -155.212 -145.608 2.060
-92.626 157.792 44.014 2.005
103.710 -188.520 -158.080 2.040
-101.499 -157.578 140.749 1.997
-170.872 -189.716 -38.545 2.051
76.688 -93.149 -108.392 1.947
-123.296 40.497 182.955 1.992
-178.774 -114.859 -110.352 2.170
-27.665 97.333 -133.804 1.947
75.548 24.302 -31.972 2.148
113.900 83.539 -136.508 2.155
-8.637 37.771 -6.956 2.216
75.570 72.229 90.509 1.930
48.528 54.203 171.623 1.949
-41.144 13.701 186.949 2.161
83.448 -80.715 197.116 1.914
-131.154 -26.957 84.661 1.912
86.466 -136.100 133.574 1.909
143.584 -81.248 97.485 2.052
-130.128 -33.330 -166.274 1.912
151.959 -32.276 -197.049 1.790
-159.553 59.011 107.563 2.054
90.991 54.825 -120.285 1.934
-17.527 -167.520 -50.504 1.961
-45.771 103.676 152.503 1.994
-216.411 -155.918 -134.608 2.238
-16.124 107.104 -91.651 2.128
-157.456 -50.349 -11.795 2.143
-158.689 -163.605 -11.805 2.022
146.530 27.544 -140.710 2.048
189.633 163.888 46.307 1.988
210.538 -188.681 -13.739 1.919
37.146 104.228 5.936 2.080
133.169 -45.260 -17.081 2.065
108.300 17.906 151.465 1.745
-180.747 189.530 172.565 1.921
-77.795 -38.654 -151.344 1.764
-169.169 159.395 102.266 1.878
-221.892 46.308 74.406 1.913
159.037 121.663 -187.816 2.019
91.713 -96.412 113.974 2.080
160.724 -85.492 72.815 1.787
-201.255 -92.740 -35.661 1.989
216.831 88.291 -153.226 2.169
89.888 144.075 177.271 2.051
29.022 115.173 -11.555 1.866
99.299 13.087 124.679 2.031
-34.456 -134.375 157.497 2.061
42.184 83.104 11.079 2.168
-186.008 -25.246 192.518 2.014
153.952 -3.647 -28.701 1.851
-32.918 -62.735 -177.713 1.948
114.171 -33.424 -186.889 1.939
-107.746 134.868 46.096 1.978
-163.793 -105.067 -108.777 2.073
-47.899 142.677 -83.563 1.956
-161.643 111.812 71.036 1.933
-65.618 10.835 -141.935 1.989
-43.723 -78.390 -65.171 1.898
215.623 139.032 -18.313 1.984
-220.580 13.629 -193.229 2.043
183.098 161.443 -64.962 1.792
-224.238 -137.574 -169.088 2.198
208.778 131.919 153.646 1.868
-176.018 -27.602 -141.560 1.865
217.305 -183.875 164.763 1.962
-150.713 4.349 61.844 2.101
-160.449 -14.540 47.274 2.017
112.587 59.593 -187.218 1.733
-29.685 122.915 -153.945 2.051
-53.886 104.442 -34.072 1.904
220.912 189.151 -134.990 2.087
120.737 46.173 -76.388 1.925
-116.081 -44.971 -25.775 2.107
67.870 65.005 179.989 2.104
194.029 -90.414 19.897 1.984
127.536 -60.536 197.811 2.035
-64.859 4.337 -13.583 2.032
-48.868 180.349 -4.080 2.092
-42.652 45.903 127.909 1.880
180.102 -170.394 -182.308 1.890
217.780 -132.426 110.187 1.833
-15.051 -64.682 -181.632 2.040
-202.296 162.456 143.284 1.925
-201.868 -9.977 -199.378 2.065
-88.381 -95.985 -81.331 1.992
202.623 178.981 65.110 2.078
-59.981 -109.431 -123.636 1.802
-217.374 49.099 184.681 1.991
-9.805 169.785 82.350 1.945
-123.619 -31.825 172.509 2.223
35.407 91.647 198.615 2.078
-138.918 -166.103 -150.695 1.902
143.539 -186.399 -136.082 1.937
-105.118 54.924 -52.519 2.041
-99.782 124.971 161.449 1.919
130.989 -118.949 -116.546 1.925
-22.445 121.316 170.341 1.990
130.736 -15.130 -178.590 1.970
-30.789 183.620 -13.146 1.998
127.718 39.104 -185.545 1.994
2.820 -59.692 65.773 1.965
29.544 167.440 148.302 2.315
-201.783 14.703 37.415 1.929
-191.682 114.126 43.004 2.163
-103.407 -82.790 -64.616 1.952
91.648 35.103 78.711 2.031
-218.296 138.926 -26.557 1.907
-126.653 -24.018 -29.185 2.072
-215.705 146.393 -117.535 1.867
-148.642 44.913 195.330 2.219
34.907 59.095 3.188 2.170
-215.002 131.065 142.177 1.982
-30.227 128.068 -98.253 1.992
-66.926 11.413 -114.282 1.966
-63.788 -99.147 -81.646 2.111
-28.553 -116.177 -164.921 2.031
-71.145 -154.408 196.919 2.090
176.038 -187.636 -49.756 2.036
72.813 186.212 43.577 1.969
-5.250 186.255 -44.929 2.076
-57.885 -67.289 -128.989 2.077
224.481 -91.142 -121.263 1.955
17.251 -34.965 110.968 1.846
-113.449 167.723 24.422 1.950
-188.927 -80.250 32.091 2.019
-88.803 -152.165 55.468 2.204
73.405 -30.931 -173.365 1.888
-92.017 170.397 27.160 1.871
-6.177 -169.773 -3.767 2.010
210.311 -66.841 -2.512 2.118
-40.400 -29.919 138.365 1.889
-18.812 -141.558 -156.130 2.052
-145.845 -169.933 -68.579 2.041
-172.521 -30.063 -143.113 1.997
-25.351 101.857 49.951 1.690
7.815 -160.626 194.227 2.017
-217.287 135.969 112.429 2.272
12.821 -75.285 183.139 1.872
114.335 148.550 56.374 2.003
-112.864 -70.862 -188.339 2.157
93.288 -78.621 161.846 1.900
-138.057 130.426 57.844 2.054
-55.623 -189.402 80.754 2.002
21.288 -134.700 7.741 2.042
39.894 104.343 -87.510 2.060
93.641 38.874 143.623 2.019
47.760 72.693 27.191 1.950
-78.118 115.293 138.941 1.928
-212.989 -1.964 180.922 2.012
-86.487 92.665 -10.281 2.060
-70.260 137.347 63.687 2.140
-125.554 -11.901 -55.578 2.062
103.173 -175.131 -99.795 1.989
-57.378 -106.035 -28.422 2.079
12.011 -98.690 18.233 2.027
-41.640 18.692 115.918 1.932
-56.737 77.861 -146.716 1.937
205.064 69.817 184.078 2.101
-181.776 19.115 173.736 1.844
29.286 121.415 -9.308 2.022
-19.662 38.544 99.542 2.077
24.751 77.138 197.973 2.018
220.691 -33.301 117.759 2.004
-31.810 -34.323 -51.873 2.123
224.829 125.164 72.797 2.115
142.041 -88.298 30.832 2.079
-186.809 183.420 2.254 1.855
-142.968 -137.272 199.651 2.065
79.728 146.127 166.998 1.890
46.235 120.827 107.476 1.829
-70.868 -169.404 74.484 1.932
16.942 -121.113 195.298 1.830
-151.395 -126.484 -176.707 1.929
130.153 171.313 -61.805 2.134
-164.304 133.964 173.503 2.056
59.814 -67.642 3.835 2.082
19.520 133.951 49.803 1.995
86.740 57.602 171.456 1.986
64.704 184.609 24.285 1.994
-169.910 108.982 185.934 2.000
7.720 -37.270 -148.154 1.900
96.334 -109.051 122.455 1.882
97.699 -163.180 79.964 2.112
-206.274 134.635 -181.449 2.104
161.430 -13.012 -184.074 1.943
181.322 88.543 -182.504 2.007
34.957 137.649 177.294 2.111
180.542 -29.202 -167.854 1.921
66.286 -148.339 -187.346 1.841
57.167 184.700 -51.209 2.024
172.432 -188.134 -31.592 1.910
190.039 168.252 -45.989 2.065
180.147 52.860 -15.206 2.048
74.276 100.536 -157.549 2.094
-191.440 157.611 179.090 1.968
61.619 -88.400 -82.429 1.836
124.829 -30.330 37.810 2.153
-208.115 97.589 122.463 1.988
224.538 -164.172 123.771 2.259
158.690 147.781 -187.489 1.985
40.566 -187.466 -188.813 1.824
53.749 -25.123 66.411 1.878
-178.291 144.474 -30.822 2.054
-162.838 -185.270 -64.200 1.977
-121.627 154.486 47.022 1.915
69.572 -73.338 128.916 2.117
149.411 -84.542 -61.002 1.834
-145.039 189.413 74.842 1.951
6.071 168.196 194.798 2.001
85.166 138.404 -23.630 2.279
-18.226 -125.086 -26.177 2.001
-107.322 -152.055 118.846 2.061
104.965 43.210 192.584 2.032
163.296 46.965 3.728 2.243
-66.086 29.332 -144.655 2.003
-77.238 -123.777 -143.005 1.905
129.387 44.252 -173.435 2.075
46.182 122.334 -42.604 1.901
-20.518 -37.634 -151.836 2.049
186.408 164.342 -147.093 1.860
-222.824 -98.774 110.448 2.055
112.034 -171.226 139.023 2.305
36.530 176.482 15.683 2.081
-57.102 -77.587 116.096 2.159
185.737 -73.182 -54.547 1.886
-182.175 -123.720 49.372 2.067
-168.837 -189.906 113.103 2.047
-16.554 -103.468 67.971 2.054
-191.489 119.472 34.173 2.117
-129.303 55.809 132.397 1.925
62.664 -55.657 -59.193 1.889
60.908 1.834 -171.597 1.906
-77.357 -35.368 -34.099 2.110
54.302 98.283 193.406 1.962
145.068 124.946 70.120 2.090
193.549 -186.925 -166.756 1.937
-84.746 19.291 -17.323 1.996
30.165 -108.006 -138.544 1.958
24.846 -42.616 142.421 2.009
42.943 -113.341 -191.308 1.993
222.192 -67.798 -158.521 2.117
-137.933 188.664 22.251 1.897
-72.267 52.176 -71.059 1.980
-211.993 101.765 9.234 2.052
-36.722 -53.509 48.228 1.927
54.677 62.289 -66.114 2.071
-200.114 92.496 142.198 2.215
-142.012 -83.459 -117.101 2.157
17.271 -0.087 41.755 1.786
116.156 -4.824 2.351 2.029
-98.457 -60.165 86.739 2.117
160.396 -112.460 -193.121 1.971
207.796 -185.433 131.876 2.163
69.314 188.637 -104.921 2.137
59.217 -166.166 -8.726 1.883
-170.563 108.274 -19.393 2.148
134.474 -173.883 131.266 1.931
-178.219 -186.745 -30.760 1.968
-147.841 -5.100 147.203 1.960
-175.842 142.715 182.697 1.984
103.463 -6.065 189.989 1.812
-64.266 184.055 -96.003 1.965
150.775 46.844 139.921 2.067
-80.930 19.928 -163.313 2.017
59.362 -93.036 78.021 2.050
136.660 -19.676 -119.050 1.979
201.876 17.934 22.325 1.960
80.496 -57.695 21.577 1.870
183.513 -133.485 -139.074 2.093
89.864 16.977 -159.928 2.139
-47.124 42.244 -13.945 2.121
217.563 119.131 116.872 1.913
-2.063 -161.067 -24.607 2.000
35.282 84.532 -143.418 1.955
-123.398 -92.662 -104.757 1.907
224.935 118.112 111.992 1.904
-94.115 168.784 -94.240 1.795
-151.142 28.523 -94.213 2.090
-33.517 -134.694 -179.549 1.933
75.703 -178.134 155.376 1.967
139.213 95.491 -76.391 1.992
-181.799 70.779 163.652 2.245
153.938 69.432 -128.492 1.998
-56.221 143.562 122.800 2.066
174.269 -161.409 -37.048 1.907
-122.565 41.081 16.855 1.926
148.602 165.522 138.078 2.210
70.836 -152.152 189.128 2.082
141.880 26.481 158.450 1.917
200.767 120.237 -41.149 2.064
-167.832 -133.071 15.886 1.890
-41.628 166.898 -3.931 1.897
4.040 13.067 -170.942 1.969
204.859 -170.734 -54.995 1.912
-217.666 -52.459 -145.819 1.787
-140.348 -81.961 180.321 1.990
40.822 -145.610 30.063 1.881
124.483 -155.336 46.343 1.990
204.905 -166.297 111.175 2.045
184.978 82.300 62.330 1.812
-224.618 8.794 161.356 1.934
5.786 -11.672 173.052 2.018
-213.586 -8.973 45.191 2.120
189.353 129.113 -21.412 1.864
124.465 111.899 -111.664 2.058
57.216 37.756 2.051 2.120
-177.869 -51.078 -172.363 2.078
20.362 10.499 -95.463 2.010
-58.024 -140.290 84.870 2.093
5.743 -59.900 69.443 2.097
-17.684 -63.801 -110.045 2.027
-30.426 -89.439 -131.912 2.306
144.410 -135.947 -85.608 2.049
-199.357 29.059 -156.753 2.058
206.370 -18.352 -33.423 2.025
-166.983 -66.900 -115.003 1.777
44.380 140.516 -21.216 1.949
-2.805 183.537 110.188 2.020
224.855 -68.637 -85.854 1.998
174.567 24.770 -139.407 2.090
-209.624 156.039 -73.665 2.101
-207.001 -79.467 36.046 2.025
-208.767 95.633 55.869 1.840
-21.232 26.955 57.332 2.062
-6.470 111.776 -172.105 1.946
70.902 -50.312 -152.804 2.148
-35.932 158.828 68.450 2.100
105.687 -187.372 -64.448 1.927
-145.037 -102.743 -178.390 1.911
-177.114 59.240 -125.053 1.985
-42.727 28.192 4.552 2.251
53.426 -128.938 120.087 1.940
128.994 -186.760 65.367 1.920
-188.085 184.741 164.470 1.934
-33.088 -6.247 17.758 2.016
143.369 -134.503 -156.075 2.033
55.616 158.242 189.350 1.997
87.180 36.937 -182.483 2.005
219.603 -53.062 25.147 2.105
39.395 115.458 -194.429 1.936
174.354 -187.925 -113.887 1.903
4.780 -93.199 57.429 2.039
146.143 -163.205 -192.856 1.892
53.965 -72.573 183.436 1.953
39.877 117.954 62.437 1.990
157.814 146.185 -107.537 1.961
-163.900 -3.324 60.995 1.982
119.598 -67.433 181.702 2.046
128.740 -101.360 73.295 2.058
154.426 17.428 -101.287 2.053
-72.839 161.878 -57.059 1.909
103.238 32.913 131.255 1.995
-99.526 78.162 -109.055 2.070
91.226 67.019 64.568 1.978
224.567 141.973 -142.742 2.054
215.409 152.782 100.386 1.990
35.685 -78.502 164.797 1.952
13.298 -121.646 1.413 2.188
101.648 -61.923 17.626 1.958
82.790 106.480 -175.207 1.820
192.487 4.136 -123.553 2.015
-68.633 127.556 -18.341 1.958
132.963 45.021 -144.679 2.079
30.719 8.051 93.519 2.175
154.815 -136.572 -18.380 2.025
120.975 126.033 -144.910 2.121
77.488 80.358 -191.107 2.091
-36.982 -124.044 -130.931 1.983
195.508 25.708 10.449 1.954
-11.328 -17.060 -62.923 2.216
-90.040 18.018 -117.428 1.978
69.454 107.305 24.381 1.992
-19.688 74.099 14.899 2.085
73.313 -22.333 149.748 1.875
188.247 91.376 -76.078 1.939
94.183 76.312 92.399 2.013
93.666 -78.335 -7.183 2.113
74.582 150.419 -78.811 2.070
-97.996 77.922 151.304 1.830
-210.986 -10.726 -121.061 2.160
198.378 32.603 -148.251 2.093
192.372 -103.506 184.677 2.015
75.177 -126.737 179.397 1.962
-11.729 146.108 -190.262 1.989
-131.359 53.198 90.209 2.022
-16.493 20.321 -92.074 1.776
223.339 -161.486 179.921 1.788
-145.042 144.890 116.609 1.995
42.326 146.796 157.168 2.080
-129.218 111.154 -182.077 2.217
-106.959 -32.000 138.413 2.122
-102.994 160.832 86.449 2.034
-213.600 128.433 10.571 2.081
-202.509 -83.915 76.076 1.941
-187.223 89.385 -31.498 2.044
-17.798 -83.673 -27.580 2.020
114.194 -162.039 -51.593 1.949
-23.424 154.314 -73.530 1.918
-41.298 -160.737 67.238 2.000
-114.822 76.553 -176.023 2.246
-104.647 170.096 18.726 1.803
86.184 127.008 -37.417 2.071
196.087 97.564 145.022 2.177
208.950 -8.072 178.699 1.948
87.479 42.769 -10.245 1.900
80.542 102.436 -70.844 2.064
77.534 108.279 -42.803 1.938
-68.862 167.717 110.295 2.049
-200.625 144.651 -57.612 1.906
88.364 -49.937 -95.254 1.950
47.548 97.218 193.647 2.196
-154.034 46.994 -95.283 1.982
-173.761 -179.717 84.565 1.898
-126.349 156.483 24.078 2.067
-120.699 -189.242 110.665 2.073
119.381 -50.839 -103.840 2.034
-49.295 65.524 168.540 2.029
218.084 8.402 -162.195 2.131
17.330 45.738 -3.054 1.936
191.201 -151.142 -32.879 2.006
-115.150 -119.986 -196.172 1.934
138.351 -186.055 25.835 1.987
80.191 -106.353 50.779 2.079
85.239 -2.703 -132.311 2.035
-195.283 164.385 -126.596 1.991
-154.518 -22.591 -119.841 2.000
-3.045 88.889 96.293 2.077
28.357 164.396 159.576 2.004
-218.936 -40.602 7.019 1.958
31.337 -54.688 -183.104 2.098
61.562 -141.267 -121.275 1.891
-62.397 -156.400 -14.430 1.841
75.236 8.548 100.579 2.073
-100.719 83.175 -98.445 2.216
-172.199 126.318 89.425 1.998
-52.248 131.531 -102.504 2.076
-188.851 86.660 -115.474 2.032
114.782 134.281 -19.134 2.055
-95.368 -183.422 90.244 2.052
53.267 7.587 -57.969 1.951
15.103 -120.561 -21.344 1.956
113.340 -121.068 46.172 2.098
138.155 -102.569 87.693 1.904
48.612 32.081 77.296 2.047
86.791 -107.706 -59.092 1.987
59.447 20.796 123.741 2.037
116.138 36.061 -97.657 1.804
6.573 157.285 -24.182 1.971
88.849 59.788 -102.155 1.881
-150.818 47.361 126.331 2.084
-120.061 -167.581 -150.759 1.845
16.249 -28.774 109.370 2.074
144.907 71.554 -1.379 2.033
187.093 -151.955 97.814 1.926
-182.562 128.072 -28.445 1.751
122.216 -188.306 148.352 1.821
-173.337 46.558 41.004 2.034
117.425 79.514 -8.406 1.920
-34.358 37.783 174.666 1.832
67.706 -76.727 -94.645 1.976
153.045 -163.239 69.780 1.861
-66.478 -104.466 -58.236 2.035
-110.960 188.579 -84.624 2.101
6.585 -167.566 166.242 2.062
-99.546 -68.619 184.847 1.882
202.895 -142.608 -161.130 1.889
79.874 -161.919 -151.889 1.967
-179.246 140.786 -191.648 2.003
133.159 -114.855 143.043 2.001
217.001 116.163 42.461 2.046
-210.476 13.821 124.153 1.887
-189.187 -84.112 80.204 2.066
190.347 98.323 -190.019 1.931
188.868 36.608 -149.327 1.994
188.349 100.810 128.343 1.839
-124.204 84.050 -188.872 2.038
-139.856 141.218 -26.962 1.943
139.314 -12.549 90.618 1.667
9.655 77.010 30.181 2.061
-53.840 -110.473 60.904 1.893
56.350 29.594 -72.873 2.084
182.223 -119.802 -181.758 1.913
-111.339 19.626 116.415 2.022
213.998 38.811 46.675 2.076
-81.666 151.968 -98.188 1.967
46.878 -88.680 -124.105 2.039
-192.406 178.701 144.211 1.816
-162.601 -62.332 -124.148 2.124
-114.694 177.975 186.123 2.223
183.958 -188.024 -148.810 2.099
2.295 -150.457 118.560 1.958
24.578 -116.257 168.809 1.897
-183.961 142.650 101.115 2.105
195.160 -82.517 9.749 2.092
-129.812 -44.641 104.267 2.086
-113.572 121.068 133.546 1.971
9.810 100.415 -73.295 2.045
-155.503 -64.148 143.856 2.027
-193.049 -41.349 -174.571 2.011
-6.782 -82.755 89.514 2.084
-199.610 -149.317 164.465 2.147
96.021 97.150 -7.931 2.029
41.219 -106.818 133.564 1.738
-59.386 185.778 -190.868 1.999
-128.240 -121.907 173.149 1.906
83.028 -148.177 193.406 2.112
-89.683 -171.055 50.408 2.140
72.125 -127.397 -195.735 1.756
-19.633 -185.568 -108.848 2.052
-198.060 -150.191 139.630 2.084
65.482 120.652 58.513 2.079
-76.961 76.096 110.658 1.848
-28.053 -136.100 185.452 2.035
168.358 15.693 -6.008 1.886
-216.447 -163.118 -21.591 2.063
-135.384 -4.681 35.896 1.989
21.275 48.554 94.792 1.954
132.936 0.952 63.558 2.057
-215.435 -95.260 88.038 2.041
-64.469 -155.821 -86.749 1.985
148.727 76.006 -38.328 2.105
88.505 -179.989 90.961 1.983
-35.136 -100.164 -10.522 1.902
45.451 -12.782 174.773 1.953
-180.485 -151.931 -124.063 2.005
-42.298 -53.530 -158.467 2.122
-197.799 -143.385 -152.053 1.981
-106.377 49.925 -36.387 2.014
-121.868 -127.297 -16.320 1.913
23.210 -179.580 -127.716 1.935
-93.459 -93.708 -48.184 1.836
120.525 71.190 67.340 2.065
218.396 92.207 84.091 1.937
-66.004 67.592 180.708 2.061
-135.006 -88.586 -142.471 1.900
61.110 52.237 43.516 2.011
180.140 -176.431 7.179 1.935
45.984 -71.566 -22.842 1.886
150.935 -18.954 174.864 2.033
222.636 -136.510 62.364 1.962
-38.622 19.009 148.457 1.910
121.143 177.234 10.288 2.033
146.468 20.148 -80.128 1.960
147.776 -155.918 -108.549 1.957
-133.223 97.864 -27.484 1.922
162.631 172.727 154.447 1.902
-176.921 -79.608 112.775 1.856
-169.882 -54.780 -163.553 1.893
-4.616 -100.893 -45.582 2.128
-134.181 -144.581 172.340 2.036
-52.265 65.938 72.951 1.884
-110.998 180.878 -99.695 1.831
-217.008 -171.537 107.293 1.922
-205.395 77.764 87.645 1.923
-208.105 -143.219 -25.463 2.097
-141.337 -46.836 116.336 1.973
194.576 -168.694 -98.956 2.005
-77.778 -90.747 104.665 1.902
-109.541 -83.528 -134.700 2.012
-61.730 163.638 144.632 2.017
205.429 -76.671 68.202 1.804
193.066 152.902 -44.007 1.846
90.985 -74.068 145.999 2.179
224.322 -24.057 -88.906 2.026
-44.643 83.998 -112.355 2.001
35.059 -22.748 147.939 1.880
-157.214 -121.251 47.179 1.968
72.836 86.686 -147.561 1.936
-159.799 117.462 -175.097 2.030
-154.641 -9.197 -128.772 1.960
93.564 92.139 -13.337 1.952
-50.384 -2.773 102.506 1.940
-44.696 182.267 27.713 2.000
-0.667 99.747 47.874 1.892
218.109 -49.755 -153.520 2.064
19.295 -104.419 51.171 2.028
170.309 8.102 78.651 2.035
28.080 -142.757 -174.588 1.923
-100.767 133.780 189.232 1.988
-183.245 150.585 52.996 1.931
169.943 169.892 195.444 2.163
-10.574 143.692 113.966 1.798
112.730 43.336 -92.071 2.000
197.541 91.482 162.610 1.907
80.995 16.138 144.687 1.984
-115.102 -181.832 170.259 1.939
-122.610 141.191 156.013 1.933
-0.620 -24.181 162.489 1.962
98.565 -89.614 -198.518 1.869
191.131 144.981 -88.224 2.135
172.538 139.010 -105.736 1.997
28.573 -149.426 -155.652 1.887
-21.062 -9.297 85.026 2.019
-20.740 137.109 176.179 1.860
90.597 -15.843 186.076 2.207
79.752 -10.910 171.757 2.000
189.412 75.050 4.006 1.978
201.800 -33.517 -172.190 1.975
202.031 78.019 -82.400 1.856
126.894 -85.711 -140.043 1.987
39.337 55.520 193.221 1.949
-178.858 -154.551 -199.901 1.890
215.745 0.901 -59.946 1.991
-156.678 143.753 126.075 2.024
45.390 -85.013 95.316 2.166
121.390 146.608 -13.325 2.003
-56.697 -21.733 31.915 1.997
38.427 -29.766 12.324 1.903
-88.076 67.728 32.343 2.114
-96.011 -151.220 -188.424 2.114
35.678 -31.451 -77.970 2.049
105.194 -135.480 45.645 1.903
-187.209 167.874 101.232 1.941
71.129 -111.802 -59.430 2.021
94.153 -55.962 -130.785 1.868
-201.498 132.160 -129.661 2.060
-186.873 151.819 45.774 1.895
-154.906 64.649 -19.279 2.150
128.509 177.587 126.612 1.910
149.445 28.741 -38.289 2.067
-64.218 186.524 -62.030 2.031
173.716 152.739 -55.813 1.894
-30.670 173.346 -150.162 1.972
-146.754 -107.575 168.075 1.833
-78.759 71.735 19.769 1.910
122.544 16.968 7.612 2.192
119.065 -41.029 119.395 1.903
-87.307 -99.810 -27.093 2.029
-218.015 -83.516 36.369 2.027
51.490 -103.036 35.724 1.991
29.009 -144.853 -85.420 1.937
-178.335 -127.158 178.709 2.137
-111.122 -189.467 59.107 2.100
-7.646 -11.538 -117.154 2.156
58.178 -32.747 176.008 1.980
111.387 102.804 -44.106 2.041
15.865 162.481 67.087 2.025
-52.712 53.027 48.605 1.914
-6.546 131.504 14.118 1.946
-98.286 -79.779 81.966 1.985
-75.050 126.480 -55.473 1.944
69.392 -162.173 -118.951 2.078
2.302 -65.800 74.265 1.957
98.599 -28.231 107.233 2.051
-116.894 -107.462 -152.324 2.042
96.586 95.929 149.438 2.063
60.290 -183.783 37.490 1.878
33.507 -188.402 -143.357 1.956
-77.415 -20.938 -164.174 1.898
-54.273 159.854 58.876 1.996
-131.764 48.765 -84.677 2.074
131.139 159.495 -136.231 2.018
142.933 -70.009 -109.383 1.937
-64.392 -132.890 57.619 1.978
-177.321 99.078 161.794 2.123
-205.868 62.233 107.442 1.975
169.031 98.114 80.055 1.898
-47.149 -28.251 -193.767 2.039
-196.050 150.431 -173.754 2.083
-28.344 88.369 79.427 2.113
-27.755 25.893 32.473 2.054
-192.982 89.854 24.729 2.095
149.320 -123.501 24.102 1.971
-64.370 179.080 -103.908 1.983
-28.224 -4.719 26.901 1.875
-209.958 -70.168 4.086 2.028
46.704 179.558 178.165 2.154
148.325 82.689 60.979 1.911
158.577 -165.609 -76.149 1.844
107.545 122.736 198.276 1.780
-129.648 95.593 -69.735 1.996
-170.484 -100.257 111.027 2.128
-7.582 123.270 98.461 1.894
121.110 70.929 -161.045 2.077
-220.423 -120.404 9.024 1.857
-104.528 -66.460 -89.177 2.011
-86.476 82.583 -20.465 2.108
195.412 172.109 18.596 1.977
23.562 -121.163 -147.219 1.969
196.351 156.061 -98.332 1.981
62.873 103.313 78.970 1.969
-51.352 -160.668 -162.320 2.044
-99.712 -28.666 16.016 2.012
27.905 167.645 68.301 2.181
-139.287 -168.866 -78.214 1.947
182.893 140.415 -83.661 1.898
165.164 -150.730 -47.299 1.945
-45.040 -72.775 186.967 2.148
193.084 -165.817 -147.901 1.988
147.112 -36.508 -77.754 2.104
199.405 6.648 -46.691 1.947
-146.187 -116.096 -105.705 1.997
-220.890 -13.372 192.323 2.108
14.336 53.379 -132.454 1.764
193.142 110.193 49.237 2.148
67.035 -58.824 -100.202 1.931
-181.014 -130.159 -195.077 1.826
-62.631 -93.341 -64.966 2.236
182.148 -168.956 92.920 1.852
-81.537 28.701 -18.623 2.061
60.998 -187.380 -197.735 1.974
170.357 89.583 18.501 1.803
-172.465 73.133 27.853 2.049
80.612 -68.253 85.799 2.020
-208.537 -59.032 112.856 2.036
171.090 -130.619 -12.505 1.954
-8.933 -25.445 -15.901 2.240
8.222 -46.105 -170.522 1.979
-21.367 138.908 167.892 2.163
117.597 -47.646 -81.686 2.035
-213.328 122.105 -6.793 1.895
84.184 9.818 62.244 2.026
-135.703 -47.861 -73.794 1.934
-138.400 -173.166 109.218 2.045
-41.570 -160.635 165.388 2.051
30.743 87.171 -128.200 2.107
107.310 122.343 163.847 2.111
221.479 -74.327 60.394 2.027
201.065 7.959 -8.617 2.039
-157.880 -147.102 -49.351 2.028
-145.006 56.494 -126.484 1.850
-38.874 172.491 10.826 1.896
180.530 -145.330 -196.769 1.913
-26.645 70.637 -28.321 1.963
190.255 -161.280 -197.252 2.005
-147.543 -110.897 -80.289 1.992
19.843 -24.945 -27.678 2.120
36.781 60.125 -16.107 2.011
-37.742 14.106 146.391 1.989
-68.976 -131.609 149.131 2.150
-105.532 -175.175 198.944 1.925
210.766 -148.953 192.821 2.136
-162.879 -8.862 -125.640 1.961
-119.758 50.368 48.396 2.066
-49.912 -3.838 -160.511 2.074
-105.671 -102.395 -66.755 2.001
153.376 -123.283 79.626 1.956
153.611 -155.361 46.485 2.143
203.486 -76.231 -144.201 2.000
-187.612 56.613 5.933 2.014
-188.728 -19.658 -73.607 2.141
23.286 8.591 -165.220 1.871
220.956 72.339 -196.804 2.094
-193.048 -47.837 -50.267 2.047
149.226 83.609 126.034 2.236
-213.392 169.390 74.197 2.121
-218.734 186.163 -44.833 1.932
-10.000 30.543 -149.893 2.033
98.511 -10.002 58.548 2.144
21.504 138.883 76.918 1.949
-211.955 116.775 117.732 2.087
20.892 -67.784 -91.903 2.058
196.528 -45.344 140.311 1.962
-164.361 21.630 35.923 1.880
114.131 -143.373 -115.413 1.831
145.054 10.447 182.515 1.958
-100.411 -175.499 -142.538 2.086
-10.460 -51.564 175.244 1.955
8.727 109.410 -87.043 2.032
-91.468 -165.870 174.224 1.977
-141.301 138.491 -197.129 2.046
-220.197 -79.651 -105.689 2.041
211.019 -100.545 -117.503 1.845
-122.840 -46.595 176.244 1.968
-22.412 169.342 154.267 2.023
198.693 -24.265 -61.182 1.971
219.798 -184.110 -180.089 1.915
-133.448 166.749 -31.009 1.943
-10.498 63.443 43.575 2.088
-171.775 143.907 -1.980 1.934
-14.577 -50.415 -92.669 1.972
148.651 74.949 19.685 1.963
-148.704 -25.625 -67.752 1.842
-120.473 116.869 154.949 2.085
115.775 -87.955 130.258 2.069
156.910 154.815 -144.932 1.830
-84.354 159.993 -99.574 1.855
-149.021 121.944 -141.388 2.004
207.948 -178.426 -185.324 1.908
-160.396 71.939 13.570 1.963
-40.730 93.213 156.190 1.933
147.480 -179.618 96.751 2.099
165.802 -107.311 -181.967 2.031
-7.230 9.368 131.978 2.233
98.318 152.405 -136.338 2.312
104.184 -100.816 127.673 1.928
-43.864 -52.998 27.547 1.943
-54.678 -123.640 -5.693 2.094
1.138 138.228 59.761 2.057
-32.151 -10.735 124.723 2.098
-124.092 137.278 -156.292 2.012
153.653 110.595 -38.483 2.028
96.632 -116.306 136.639 2.078
37.334 -167.610 150.504 2.102
-205.652 173.764 55.967 1.985
73.143 -149.367 -100.857 2.217
50.774 32.180 -49.317 1.997
-61.565 -184.241 10.821 2.160
85.959 -113.043 -148.119 1.929
-168.353 -21.553 -91.834 1.995
175.921 5.761 -128.392 1.937
-145.187 -96.071 -132.673 2.077
-176.957 19.558 85.375 2.138
-139.065 -82.635 188.438 2.009
-193.463 96.991 32.434 2.087
-92.488 112.831 -19.732 1.865
14.905 -41.274 -15.960 1.916
204.648 115.709 -199.957 1.949
20.744 124.677 -34.268 2.097
-201.931 -135.976 72.845 1.734
67.572 82.450 -110.939 2.012
172.169 -22.383 -17.101 2.074
53.944 -152.119 -121.033 1.895
-0.413 167.972 71.665 1.882
19.525 25.216 136.213 2.108
160.007 -58.567 -175.829 2.002
-120.408 -148.444 -54.335 1.932
-173.031 -42.661 190.269 1.960
-80.033 57.224 -158.724 1.951
-164.029 76.769 158.097 2.022
28.741 151.258 -106.151 1.917
95.741 99.734 -104.797 2.031
-113.253 -94.195 190.628 1.979
-158.499 132.207 154.071 1.970
19.936 -153.535 -191.651 2.057
128.253 23.652 23.348 2.059
-115.742 21.813 -55.640 2.070
-67.440 129.473 -143.561 1.995
3.272 91.256 49.850 1.852
38.095 132.672 -85.843 1.932
116.999 -103.435 80.874 1.942
-118.876 117.567 193.930 1.934
-4.568 70.610 154.782 1.984
-42.491 -17.065 -190.656 2.030
-62.990 -153.103 68.529 1.932
98.253 -46.460 137.649 1.850
124.077 50.643 132.467 2.024
190.643 108.788 114.094 2.010
9.248 -108.664 68.394 2.082
-76.973 1.262 65.183 1.885
-70.101 -20.772 12.427 1.947
213.186 -31.411 8.890 1.899
87.825 9.519 -165.731 2.126
49.548 122.643 -4.219 1.957
-0.131 21.020 -91.601 2.001
-160.620 -132.741 123.184 1.871
211.072 -35.861 -159.760 1.755
-157.803 -77.357 189.495 1.936
105.105 -15.605 76.745 2.054
193.652 43.722 -110.290 2.070
-25.462 71.563 150.366 2.116
-107.491 -158.481 118.824 1.958
11.969 179.399 106.760 2.037
161.236 -60.157 32.535 1.984
221.757 -156.438 119.805 2.079
78.258 -140.966 -167.063 2.092
-213.021 48.077 55.674 2.004
-169.925 186.144 87.960 1.932
-40.038 -177.204 -167.026 1.959
130.889 39.565 180.133 1.862
-148.944 23.204 -27.114 2.249
61.686 28.739 -70.272 1.974
-66.025 -23.391 97.767 1.961
-112.813 179.893 -71.754 2.033
222.151 -176.908 -57.445 2.005
123.224 -46.056 -3.709 1.894
-223.835 -136.573 193.228 1.985
-201.035 -166.962 -107.064 2.147
92.928 -103.751 -9.698 1.828
168.518 157.030 26.918 1.991
77.358 33.998 -45.983 1.759
-140.956 33.982 48.695 2.001
-119.041 21.383 -56.781 2.078
-131.829 -66.455 -179.348 1.998
22.586 180.509 18.479 1.936
146.837 55.343 -111.586 1.988
194.595 60.699 -4.983 1.968
59.501 -72.285 105.758 2.161
162.513 93.996 43.359 2.030
-122.150 -132.485 40.991 2.032
-104.139 -31.527 -36.701 2.023
179.877 179.155 -146.268 1.995
-29.860 68.985 -176.900 2.034
-98.692 179.968 136.537 1.922
-86.865 -38.459 -195.198 1.989
-98.512 108.208 -131.129 2.238
-39.959 150.772 -139.699 1.974
-17.327 -105.152 7.949 2.014
-186.635 -149.210 -184.174 2.004
-27.209 -48.788 -14.722 2.097
170.392 53.720 -29.932 1.949
214.079 -132.732 -31.694 2.113
-48.302 -124.980 83.197 2.089
-53.199 -40.056 72.905 1.995
-42.215 -187.115 30.536 2.020
121.707 10.406 131.078 2.016
212.983 -11.069 -131.733 1.985
214.169 -162.713 -128.409 2.175
-173.253 -161.408 -156.724 2.107
27.050 -128.525 -6.623 2.007
191.478 187.235 -191.835 1.994
-71.552 -145.540 195.847 2.032
-33.348 -184.460 -159.888 2.103
-189.472 163.389 -130.142 2.101
133.189 -184.557 -67.750 1.983
-155.233 -124.652 -151.553 1.944
167.232 100.789 -109.175 2.015
2.629 -48.157 194.750 1.891
57.346 -141.924 39.047 2.030
196.815 -6.437 95.417 1.939
98.695 -22.674 89.453 1.901
-92.603 67.088 -174.232 2.026
-64.876 -7.283 145.357 1.995
82.414 -122.073 -97.144 2.006
84.237 34.234 3.673 2.092
-216.549 -118.501 -23.244 2.156
-99.700 -157.470 -167.307 2.191
138.053 101.590 -14.621 1.956
-61.924 152.225 -70.790 1.893
47.351 -80.703 184.443 2.035
-181.863 -6.792 -94.896 1.993
-117.170 60.586 -150.903 1.899
88.022 -188.393 -69.369 1.940
-78.229 182.331 -12.234 1.993
44.585 -158.385 -61.271 1.797
90.030 -175.620 -66.906 2.156
148.857 184.646 79.108 2.018
220.255 -22.196 -186.916 1.959
-25.522 0.591 -121.063 1.785
-97.749 23.516 -7.019 1.983
-142.912 166.839 -122.962 2.061
205.900 99.812 196.547 2.146
-215.809 -70.901 138.275 2.122
2.926 -177.226 124.944 2.114
-101.830 -136.392 78.006 2.066
38.801 160.194 85.353 2.166
23.917 -90.611 145.054 2.042
127.081 24.662 -161.619 1.999
111.093 169.890 3.916 1.986
