8.799 -180.831 -78.530 2.090
-169.312 15.713 -110.948 1.768
155.187 -149.949 145.154 1.908
-181.214 36.917 -166.234 1.816
-109.581 2.339 -134.783 2.158
223.486 179.956 -136.046 1.888
150.740 61.773 -184.152 2.140
90.216 -20.211 116.538 2.057
85.264 -37.924 52.569 1.929
-176.743 125.759 110.051 1.831
-210.133 64.951 7.892 2.078
124.428 -6.984 -167.935 2.081
-149.362 165.223 -77.996 1.866
20.929 97.245 -121.392 1.930
-108.843 1.781 -171.919 1.843
78.758 -166.949 13.621 1.913
155.308 -17.651 -163.931 2.014
57.964 49.074 -79.127 1.754
108.499 -133.012 17.087 1.922
-163.907 -60.752 -101.877 1.974
-153.513 107.871 15.115 2.048
-57.379 -174.994 -73.170 2.034
-55.664 159.750 -85.368 1.779
101.830 174.177 180.913 2.094
-90.463 -62.896 -115.881 2.032
52.433 123.364 -119.969 1.811
-219.891 148.963 189.310 1.969
-207.299 152.481 78.245 1.945
-67.603 31.858 -107.670 2.145
-7.268 78.835 13.448 2.003
99.103 85.207 13.234 2.034
2.124 -37.942 154.171 1.974
26.223 48.514 -6.103 1.787
171.418 -48.891 9.237 1.916
72.362 67.997 116.548 2.003
-138.373 158.723 -151.223 2.116
-149.488 176.675 -144.235 2.007
-219.180 -181.432 -108.325 2.103
103.880 87.982 -155.189 2.127
-28.154 -131.501 -15.827 2.012
52.386 139.052 46.827 1.929
-5.465 -115.794 -107.702 1.985
-167.459 48.982 -105.248 2.088
126.881 -64.415 167.651 2.072
71.374 -127.918 -182.777 2.145
63.934 -141.579 -145.406 1.985
-79.253 8.985 148.223 1.956
86.170 -13.809 81.937 2.055
-148.513 93.917 -85.721 2.209
-144.262 137.634 124.737 2.193
84.335 -42.160 106.009 1.828
85.527 -83.158 -1.699 2.070
79.754 -52.194 60.045 1.993
-215.562 144.308 -196.109 1.865
194.376 103.745 41.871 2.029
-159.996 -35.328 116.291 2.125
-219.087 -16.142 146.948 1.915
-13.318 123.516 -83.875 1.968
107.597 145.799 163.459 2.045
211.472 120.106 24.522 2.103
175.197 -55.777 -29.991 2.100
-19.131 102.958 -142.992 1.982
14.253 65.973 146.846 1.900
-9.774 165.670 -152.131 2.131
71.469 -117.754 -31.327 2.161
-136.936 18.347 173.139 2.008
-19.418 -23.471 152.990 1.986
0.437 117.367 -154.033 2.049
-103.725 3.999 137.348 2.046
49.950 -77.619 139.943 1.912
47.220 -161.650 172.816 2.095
150.251 -15.877 -174.113 1.955
66.132 -134.916 94.896 1.972
-170.129 98.368 9.848 2.082
-86.449 136.893 61.487 1.965
-56.362 -140.313 142.453 2.046
165.173 46.610 -53.746 1.999
15.632 -77.529 108.971 1.936
164.145 127.739 -14.647 1.949
-156.631 -103.305 166.202 2.051
-224.184 186.835 172.552 1.863
-157.073 -91.423 193.579 2.056
-54.113 186.028 62.558 1.919
-107.781 184.668 6.103 2.079
-149.560 114.574 -127.876 1.917
-71.987 -146.352 -147.610 1.924
93.781 124.874 10.391 2.046
-38.164 60.426 69.876 1.995
61.437 148.903 -111.868 2.047
-7.597 23.788 -87.647 1.882
215.455 9.179 8.743 1.922
-138.867 145.305 158.116 1.955
192.363 -134.171 -15.994 2.073
-97.424 -3.935 -7.357 1.810
185.139 -43.483 166.101 2.003
-81.605 107.187 54.421 2.058
11.493 -96.902 -125.831 1.888
-158.546 -18.439 -100.130 2.098
201.196 -124.069 -23.914 2.017
149.633 -60.172 -21.005 2.114
-92.875 -173.121 68.750 2.217
-217.255 -91.072 -172.195 1.899
23.375 -134.373 -87.054 1.988
147.884 124.450 99.721 1.933
-1.773 -31.286 -169.094 2.092
165.848 -132.799 -113.313 2.034
-221.236 81.557 163.343 1.924
-143.840 -113.749 -82.459 2.030
-48.915 -2.403 -77.246 1.892
-62.022 -140.282 27.472 1.908
-120.638 51.247 -120.294 1.920
-211.463 2.347 83.620 1.874
-158.065 -28.608 78.229 1.909
-19.479 95.504 114.244 2.097
168.233 -67.960 48.614 1.877
0.082 81.573 117.094 1.960
-8.357 -177.556 135.657 1.989
77.988 -171.536 133.686 1.965
-29.406 -28.291 124.006 1.896
187.307 -78.285 -119.183 2.013
34.386 113.312 37.147 1.895
41.105 14.593 -122.661 2.039
-104.983 -104.455 139.972 1.877
126.666 -48.397 -28.951 2.141
101.713 -16.644 53.362 1.958
144.841 37.872 81.718 2.074
175.815 91.669 62.791 1.823
214.345 -64.267 -56.364 1.799
137.326 -138.364 132.034 2.070
37.739 54.644 -177.314 2.035
151.334 -32.111 -116.021 1.931
187.712 146.631 -15.082 1.843
113.113 -165.566 -16.466 1.961
-78.274 12.172 -137.027 1.851
71.282 -52.364 -159.876 2.025
107.947 -159.285 10.698 1.982
-148.453 137.276 -156.159 1.901
-34.271 141.758 -59.934 2.111
222.000 -108.515 75.907 1.832
-5.980 64.897 163.491 1.999
-142.218 -126.223 142.723 2.083
85.804 126.109 -69.421 1.974
133.320 16.232 -160.375 1.897
-58.928 61.692 173.183 2.001
213.603 97.477 155.483 1.963
-124.183 -115.555 94.599 1.996
-222.192 -19.086 -56.469 2.088
21.675 20.868 -101.476 1.820
-40.127 170.962 -26.892 2.101
3.329 111.764 -184.856 2.018
46.422 140.444 143.816 2.020
165.827 -189.629 151.666 2.108
86.738 -105.806 41.053 1.911
-217.198 107.112 -148.569 1.846
38.789 155.232 -83.207 2.240
-8.496 -32.935 62.590 1.967
11.353 -0.552 -31.454 1.909
-59.537 161.081 -4.105 2.086
2.932 126.357 197.356 1.952
223.126 60.916 -177.212 1.892
19.644 -107.149 -110.966 2.064
154.605 -166.323 -103.092 1.977
-207.092 3.530 -169.906 1.873
-118.779 -4.819 103.837 2.001
85.848 104.538 -190.326 2.094
-151.584 161.873 156.873 2.072
-8.318 -78.354 120.450 1.890
-62.754 -166.109 95.549 2.058
223.729 -172.651 164.460 1.966
133.592 189.569 -48.015 2.153
-87.496 -126.018 -157.723 1.805
96.539 82.660 -52.503 1.857
-147.809 33.625 155.289 2.058
-102.701 -72.172 -84.347 1.916
-168.441 -124.114 -76.210 1.807
115.233 -156.803 133.402 1.975
159.247 59.580 -114.306 1.981
149.725 -150.657 197.529 1.992
122.861 122.502 -27.426 1.980
-148.257 135.958 -126.959 1.939
105.441 107.991 -140.946 1.865
-182.340 -100.063 135.423 2.138
188.379 -100.583 -110.572 1.972
32.235 -131.917 191.723 2.032
-3.994 43.004 54.185 1.923
-194.400 -15.080 79.229 2.068
-138.120 7.073 -38.186 1.925
-111.205 49.830 33.199 2.059
45.666 -74.342 120.458 2.005
-5.044 -7.226 62.107 1.820
-76.507 -141.273 -109.232 2.024
-212.240 96.327 38.509 2.081
104.237 94.165 172.703 1.970
98.030 2.668 -161.076 1.948
-214.705 74.518 -58.796 2.025
191.962 -75.218 162.880 1.968
53.949 -46.644 25.758 1.969
-107.114 146.967 -171.873 1.836
18.232 0.248 21.557 2.051
-171.827 66.146 -139.446 2.116
203.789 23.122 -136.554 1.903
154.230 34.258 -188.441 1.880
62.609 -18.118 -158.606 1.972
208.757 -90.337 -11.217 1.789
-222.723 56.975 144.893 2.060
-183.513 -70.773 111.102 2.109
200.729 160.362 -195.605 2.126
-217.974 19.744 95.348 2.090
-14.511 -142.616 39.216 2.013
-132.160 0.287 151.213 1.906
-108.866 184.696 80.593 1.899
179.387 113.369 95.034 1.754
95.704 25.033 169.935 2.048
42.024 104.439 -54.977 2.066
4.959 117.479 -160.728 2.094
119.979 0.060 134.403 1.802
121.638 -81.209 147.802 2.170
-23.001 -148.608 -136.015 1.917
216.513 53.259 -175.959 1.978
-125.907 96.168 94.328 1.790
19.480 -132.372 144.917 1.920
-195.981 34.603 -196.684 2.004
53.019 -155.195 100.136 2.123
176.113 60.254 -64.548 1.944
221.666 7.599 89.016 2.105
-15.633 -175.482 179.098 1.954
-179.149 -110.354 175.538 2.075
40.419 -113.268 -0.469 1.906
-12.512 103.879 -41.936 1.989
-79.316 105.799 -188.679 2.059
-208.671 -54.493 179.511 1.896
-196.535 -178.746 -96.553 2.089
207.932 -33.032 34.501 1.969
-181.656 164.915 110.013 2.012
93.959 15.620 99.836 1.896
11.865 -8.044 147.927 2.170
-62.582 -142.519 -34.642 1.919
69.750 -2.454 88.117 1.984
55.109 117.163 175.702 1.984
-30.049 -85.752 -192.127 1.797
99.436 20.106 128.456 2.113
104.964 -97.289 50.577 1.890
207.018 -146.418 17.544 1.852
151.187 120.882 127.529 1.869
111.078 -137.961 -139.722 2.146
-102.256 178.787 125.439 2.130
5.800 -164.661 -154.042 2.023
-163.019 -92.371 -73.833 1.916
11.539 184.915 43.301 1.935
-102.439 -54.367 -189.412 2.016
-18.872 35.019 28.968 1.881
219.396 -152.578 30.485 2.067
-91.172 30.277 53.574 1.990
-80.260 74.677 -181.619 2.165
-35.537 -126.469 -127.384 2.069
104.366 -164.808 -48.996 1.821
22.620 -31.070 99.178 2.181
-59.521 151.021 67.234 1.958
97.697 -20.452 -134.225 1.937
201.565 -167.892 189.925 2.086
160.693 54.869 169.484 2.084
-184.975 -161.579 -111.872 2.074
-166.796 -186.616 55.565 2.018
219.634 92.852 95.000 1.902
53.116 112.080 -73.654 1.928
-59.013 164.239 150.039 2.251
-80.550 29.818 100.842 2.138
-170.887 172.097 27.029 1.854
-209.898 72.314 -199.591 1.943
-106.053 -134.746 67.377 1.899
17.559 165.849 185.069 1.964
-138.225 -158.332 151.604 2.147
215.481 1.274 185.889 1.984
-177.920 90.433 197.801 2.037
-22.896 77.994 152.321 2.116
-10.634 -98.037 -99.997 2.049
112.454 3.608 -124.605 1.985
120.916 -79.832 175.646 2.141
181.990 31.579 34.790 1.877
-221.573 -46.199 178.980 1.912
1.307 -161.540 151.070 1.960
-91.224 -125.236 -78.821 1.742
117.999 33.340 -49.868 2.142
-87.592 -183.124 -89.777 2.101
-176.005 -20.643 -196.054 1.954
138.259 180.229 27.541 2.058
-114.334 165.914 -13.326 2.064
-160.945 23.852 -31.453 1.884
89.977 -108.345 -130.957 1.956
3.710 5.755 -156.145 2.021
-186.208 -117.095 10.834 1.895
-26.343 -62.727 -122.797 1.917
111.723 -174.649 35.701 1.977
-186.263 32.760 17.737 1.949
222.730 69.242 -89.303 1.998
-24.069 -23.542 -108.379 1.977
-19.973 -162.894 -56.856 2.038
-176.176 -13.198 139.127 1.989
-219.274 -130.854 -3.282 1.904
-47.858 42.628 -67.046 2.007
-30.784 73.945 -39.682 2.162
208.054 72.032 196.413 1.952
-219.912 -84.191 -34.852 1.960
-184.243 109.331 -89.958 2.071
-206.963 127.249 -124.936 1.932
44.624 94.985 69.188 1.890
121.454 -40.082 63.879 1.914
-117.835 -8.491 -4.644 1.903
67.174 -149.900 -81.520 1.997
123.618 88.318 -183.013 1.957
-84.042 -157.793 -84.628 1.958
-185.803 -117.069 71.937 1.996
138.538 -70.147 159.661 1.912
-153.970 -189.842 95.735 2.191
-183.714 -109.679 -47.178 2.067
79.901 37.493 -147.502 2.036
180.156 -128.258 -115.675 2.052
-144.746 65.658 56.855 2.035
41.574 -86.067 117.707 1.996
-30.741 -123.886 115.986 2.028
-0.895 133.817 97.678 1.999
-86.661 5.527 -196.694 2.008
-210.065 109.801 -57.369 1.899
-14.503 -143.111 17.951 2.021
138.587 154.462 -131.592 2.098
-114.880 -120.163 -155.875 1.938
223.834 144.779 -96.083 1.992
94.700 95.771 9.148 1.959
-66.810 172.992 69.337 1.868
164.547 -56.921 -59.165 1.880
155.931 100.779 -22.428 1.854
224.766 61.522 -148.395 2.230
214.006 -99.657 -186.969 2.211
52.546 -143.595 112.955 1.859
-41.020 -164.723 125.040 2.038
-223.192 21.842 -113.611 2.139
-3.690 -3.974 -110.111 2.069
-45.011 -150.040 34.894 1.917
63.764 -98.632 -111.268 2.039
-210.425 -68.681 127.345 2.217
115.868 -101.011 -30.595 1.967
117.031 -41.420 73.804 1.940
55.933 -23.330 158.272 1.952
-153.803 150.757 -133.279 1.953
127.698 9.426 -81.236 1.980
-52.725 -87.725 -60.468 2.104
156.415 -23.628 86.097 1.928
22.761 75.542 -1.761 2.080
43.521 13.622 85.888 1.920
-46.752 -4.696 -46.469 1.866
-148.432 119.739 -117.421 1.956
-138.460 -29.912 -1.181 2.024
-177.580 168.176 -30.807 2.037
222.459 -96.043 -25.174 2.010
19.794 -156.953 153.529 2.021
170.542 -188.632 170.639 2.034
-82.717 -8.900 69.581 2.144
136.898 152.129 189.598 1.945
210.521 -65.467 158.281 1.913
-154.811 93.877 -25.988 1.895
-204.150 -174.157 -108.827 1.936
138.458 -185.572 96.979 2.017
211.170 -121.482 -82.037 1.875
68.496 -176.747 -171.880 1.990
-94.363 166.039 65.869 2.070
-97.528 165.119 8.773 1.837
113.701 76.660 -156.674 1.918
-223.259 68.510 80.109 2.173
-165.663 61.785 95.902 1.916
158.745 72.609 -110.444 2.028
-54.638 -132.070 -148.162 1.970
120.485 13.896 137.564 2.072
30.314 -93.061 -195.667 2.010
-68.715 70.690 102.961 1.924
102.360 -137.206 -80.690 2.138
-157.694 55.790 -118.378 1.955
-64.868 34.292 -126.541 1.782
-219.743 99.410 179.188 2.006
-203.606 15.349 191.106 1.914
1.632 18.242 -196.657 1.995
88.273 117.233 -86.905 1.971
-108.200 -47.195 -193.659 1.845
-151.857 -167.272 69.381 1.901
-178.716 -43.684 -50.038 2.101
-113.891 -148.531 59.802 2.146
73.676 -139.916 -14.783 1.968
-208.988 180.362 -118.219 1.981
121.921 151.309 63.255 1.870
-163.922 88.280 -118.405 1.919
-197.316 -18.379 -4.364 2.014
148.610 25.950 37.637 1.838
190.018 -95.073 55.360 2.130
91.433 -47.115 162.208 1.985
-145.968 172.929 72.132 2.050
-7.361 -61.029 126.615 2.082
-130.807 161.584 -4.832 1.844
196.115 -92.779 153.638 2.003
217.244 114.411 -60.282 2.067
19.732 -82.093 97.383 2.003
-169.847 -9.079 -113.408 2.041
-187.348 -144.540 -185.105 2.080
22.347 -98.243 -123.806 2.132
-13.437 -109.728 -60.450 1.925
-136.608 -26.630 -199.908 1.961
13.198 -151.809 -162.064 1.945
-43.780 125.798 129.791 1.872
222.206 -56.964 112.200 2.008
-155.690 147.407 197.696 2.140
-94.115 -7.324 -64.676 1.866
-2.791 49.483 -110.049 2.009
146.769 -77.812 -83.225 1.974
142.044 -159.433 80.303 2.039
-74.473 127.653 -6.214 1.965
22.867 -146.499 22.128 2.080
-35.354 -167.927 -164.628 1.866
-151.217 142.668 -151.461 2.005
-129.530 -104.454 101.911 2.067
134.592 -113.290 6.488 2.011
-193.352 -32.164 118.862 2.072
-145.247 65.019 -134.976 2.023
187.025 57.145 -160.943 1.993
0.867 158.305 139.031 2.034
-217.914 88.596 -152.493 1.858
114.784 72.223 150.776 2.062
-58.741 -70.504 -87.391 1.858
-154.287 -168.130 -52.707 2.068
-213.328 -18.364 118.871 2.146
45.629 -24.795 -56.632 2.157
12.779 -155.043 74.634 2.018
-198.596 147.061 77.736 1.936
-165.413 -43.196 -144.580 2.060
-10.112 -8.813 -71.193 2.062
-115.608 22.821 -144.351 2.057
-143.366 92.735 -80.763 1.969
137.630 123.217 -75.863 1.882
-49.642 57.424 188.407 2.034
67.669 -64.503 -195.852 1.901
120.964 81.093 -156.827 1.987
148.503 -82.830 33.524 2.088
-35.344 46.102 -112.496 2.183
-98.626 30.004 -129.413 1.926
122.669 -69.262 15.988 1.836
103.808 -12.892 93.659 1.972
127.529 122.817 43.303 2.022
203.313 -83.719 34.922 2.059
-131.451 -42.671 -49.745 1.941
52.757 -7.606 -143.059 2.003
69.407 -113.251 -71.245 2.059
-163.855 3.731 126.603 2.071
-178.056 -114.908 -50.661 2.281
-27.533 110.656 -129.839 1.941
-22.774 -9.553 -156.346 2.108
-221.102 -55.438 66.398 2.134
-57.649 168.253 74.328 1.951
-16.739 -120.309 185.726 1.989
-19.838 36.837 -38.190 2.031
171.068 1.509 -85.053 2.056
-155.665 6.010 -30.970 1.938
152.386 -187.944 -76.002 2.096
-184.156 -22.102 65.603 1.902
-4.157 183.098 -119.312 2.033
-131.210 61.807 -6.699 1.998
31.421 -142.745 -84.798 2.009
215.607 -33.184 19.829 2.083
36.950 7.787 -74.198 2.026
-3.187 -189.828 189.544 1.857
1.811 155.803 -73.064 1.997
-213.723 106.054 -154.104 1.848
-195.439 -83.160 -142.482 1.866
222.998 168.385 115.463 1.831
31.511 65.817 -81.459 1.925
158.376 43.055 -2.977 2.130
-198.127 -138.314 -40.552 2.013
197.481 -99.059 44.178 1.989
-10.319 17.764 -8.226 1.779
-139.022 4.260 77.033 2.059
5.472 -101.322 -123.424 2.282
51.185 117.960 103.634 1.989
-83.823 -102.870 -95.435 1.935
-183.236 28.471 -0.423 2.038
108.098 -108.972 -79.322 1.981
-208.461 34.038 185.687 2.010
-53.657 59.795 -90.133 2.137
125.406 59.378 183.614 1.946
-87.196 -181.492 -86.875 1.968
128.611 -152.779 -181.897 2.128
-213.260 -47.704 181.679 1.988
-178.530 36.461 189.154 1.936
30.514 166.006 10.760 1.857
-201.174 -86.460 144.999 2.028
62.667 -88.842 -8.167 1.982
192.918 -60.585 27.381 2.006
205.725 -89.424 -153.218 1.942
-173.312 2.707 24.235 2.045
202.613 183.628 -196.512 2.008
138.278 46.808 65.264 1.983
-158.456 187.014 12.910 2.004
-153.020 -60.508 -196.928 2.158
-97.245 -99.292 16.910 2.078
-1.888 116.536 -118.837 1.856
-204.920 -168.321 145.916 1.944
219.110 -10.618 -87.537 2.038
-7.688 164.895 -63.307 2.009
143.947 182.325 25.698 1.972
64.692 75.340 -67.041 2.133
-146.553 84.026 46.432 1.936
-94.199 134.414 -95.494 2.000
126.119 -114.564 -151.765 2.001
162.424 79.688 42.672 2.055
137.324 -60.729 -126.623 2.149
95.954 77.710 36.097 2.059
-160.667 55.420 101.034 1.787
215.465 -18.802 36.673 1.868
67.577 101.432 -64.775 2.007
53.452 185.945 86.395 1.997
212.428 104.693 105.897 1.868
67.101 -149.050 -90.699 1.948
145.109 157.051 -143.230 2.011
39.164 139.638 -115.151 2.076
41.069 93.389 -69.122 2.089
180.022 94.240 -0.547 2.004
52.845 108.152 -154.763 2.008
-119.730 73.104 63.335 2.014
-195.902 -133.597 74.813 1.877
-25.663 2.033 73.370 1.975
166.369 25.848 11.480 1.946
117.063 -80.378 -58.559 2.212
175.477 -13.240 -122.454 2.166
125.948 11.940 157.470 1.925
40.684 -119.576 148.614 2.106
-57.274 160.917 -103.098 1.977
-28.709 -13.982 11.230 2.086
-99.214 -172.417 115.042 2.016
-105.316 71.102 0.234 1.877
-148.479 123.205 -113.783 1.957
85.360 -23.689 -115.355 1.916
-147.932 39.620 -88.267 1.951
-135.013 -110.947 117.385 1.963
-156.212 174.045 -108.385 2.055
190.690 -87.862 -173.182 1.990
-97.949 -146.481 105.402 1.983
137.196 105.716 191.432 1.970
47.387 -72.318 170.257 1.818
186.399 -137.162 -20.391 2.064
-32.075 131.521 -141.128 2.001
47.779 -86.707 -101.266 2.144
-18.142 -55.878 -108.971 2.015
-91.043 -81.718 -14.586 1.944
-164.138 123.653 -175.048 1.905
-194.475 124.867 72.852 2.065
166.413 135.006 51.092 2.184
66.432 -0.936 -70.432 2.087
-15.533 -72.342 152.577 2.030
-163.363 92.861 -57.148 2.099
215.077 -39.976 -174.872 1.794
-108.900 -64.005 -30.166 1.856
111.469 -34.601 63.107 1.871
17.715 -17.128 -28.270 1.890
-154.735 120.553 2.982 2.077
131.671 107.082 152.043 1.926
-137.195 -124.205 85.351 2.050
161.312 -111.133 -74.246 2.109
134.310 -63.625 -28.891 2.113
-185.734 47.459 -186.028 1.983
-105.025 154.226 -5.381 2.032
66.411 -168.150 185.234 1.790
-10.384 -85.093 -157.751 2.161
139.573 127.464 -89.676 2.049
-2.854 -141.253 11.299 2.135
-9.790 -173.153 -49.370 1.998
150.267 175.082 174.957 2.035
63.513 -137.072 -102.202 1.948
201.598 139.225 -164.847 1.970
19.149 135.296 83.031 2.018
-214.667 -127.351 191.870 2.107
37.740 -88.450 47.115 1.991
-94.843 119.637 -197.874 1.925
-199.863 77.010 78.109 1.974
171.858 -151.482 -186.151 2.021
122.655 149.277 114.286 1.963
-51.095 143.832 114.664 2.092
-39.735 147.075 -28.745 1.923
153.759 -110.859 167.495 1.926
13.965 -8.376 -155.682 2.116
10.844 65.679 -105.551 1.877
44.323 12.671 197.793 1.964
47.076 122.712 -34.221 2.128
-23.343 -97.374 108.464 2.207
-101.390 -2.546 124.485 2.047
-173.931 91.949 -126.593 1.990
-128.474 137.200 172.377 2.092
185.421 -25.101 155.214 2.007
45.477 -166.028 163.910 2.059
123.671 -65.827 -60.652 2.028
-196.197 -56.926 9.645 1.933
224.749 -80.966 26.358 1.880
139.681 -100.577 89.613 2.095
2.140 31.329 28.643 2.152
164.136 -40.438 -10.841 2.028
185.670 146.234 189.348 1.927
-173.491 118.054 -179.468 1.878
221.490 19.946 -141.098 2.125
15.063 89.121 2.088 1.983
-135.450 -48.265 52.111 1.900
-151.150 44.235 129.713 1.871
80.359 -187.174 158.566 1.842
-211.601 130.436 15.124 2.030
-46.314 73.971 -106.162 1.929
-111.812 51.043 -103.805 1.994
129.545 -53.354 -58.612 1.992
-211.547 -110.130 -198.905 1.985
91.118 -117.553 115.136 2.034
58.827 87.145 -185.390 2.019
-26.991 7.571 -23.394 1.953
62.550 67.116 -52.279 1.970
21.769 -111.415 -184.149 2.179
135.540 105.230 -171.068 1.941
-12.424 -103.443 -197.182 1.894
-35.536 127.044 -164.037 1.991
-156.638 22.348 -194.692 2.111
91.065 45.967 -63.465 2.033
116.760 -44.745 -182.435 1.897
148.925 166.045 -76.575 1.987
35.254 136.458 198.865 2.016
-3.330 116.125 36.017 1.937
165.619 15.176 84.663 2.005
-94.026 -149.684 119.296 1.964
45.444 2.721 121.416 2.042
20.083 -141.826 -114.526 2.001
-167.338 184.713 61.706 1.971
81.123 -94.938 -79.120 1.996
-105.767 -15.032 112.312 2.143
-219.978 -61.314 -103.468 2.081
175.688 -185.395 -105.902 1.903
-216.429 -40.661 145.742 1.818
6.760 42.325 60.265 1.988
59.290 162.607 -20.355 2.044
-37.310 -167.748 60.559 2.002
-159.101 -38.051 94.134 2.229
-163.846 -91.818 -103.478 1.872
-167.846 121.971 82.965 2.006
75.585 -145.980 47.634 1.975
-70.574 -112.513 -199.442 1.949
-16.508 -127.259 -24.434 1.888
-62.849 5.022 48.827 2.050
-214.711 25.234 -87.806 2.004
24.435 -128.049 133.511 1.929
172.918 33.211 -82.368 2.087
189.045 146.930 -91.819 2.014
-212.614 120.867 57.883 2.096
-152.155 105.368 23.624 2.155
76.672 -185.301 17.014 2.135
67.392 184.646 -157.593 1.951
130.549 -79.592 -20.896 1.924
-29.911 189.029 158.682 1.991
-124.165 -46.018 -85.746 2.023
-58.262 97.323 99.362 1.988
-32.241 -23.935 16.072 2.115
-159.583 -81.990 -98.788 1.896
170.234 -189.875 119.322 2.086
48.502 -36.175 42.957 1.957
54.239 -165.511 105.085 1.934
54.527 102.904 162.069 1.896
-140.971 -105.235 -88.428 2.089
-209.923 -20.837 -121.033 1.887
59.784 -178.148 -149.152 1.791
-85.813 -172.097 -177.431 1.974
70.056 -13.723 -146.564 1.975
-138.506 9.853 132.732 1.946
-215.653 5.504 114.581 2.079
120.932 -162.863 -175.320 1.946
57.330 130.730 -8.900 2.151
-18.232 185.882 -177.015 2.141
-89.269 -53.337 40.106 1.924
-208.529 -27.967 187.719 2.010
220.218 -170.052 -118.836 1.787
-36.336 85.351 -93.322 2.007
-50.741 -136.751 192.192 2.001
118.822 50.251 -6.472 1.958
214.774 162.138 129.124 2.129
-97.073 5.356 -184.448 2.132
-215.714 49.302 156.105 1.905
6.438 160.104 99.356 2.050
116.778 180.517 -17.459 1.986
183.376 22.778 18.465 2.146
74.767 176.199 -69.308 1.987
152.335 -2.793 -53.372 1.939
153.896 12.461 79.811 1.931
-48.319 -93.581 29.205 2.069
-58.529 -70.003 -153.886 1.891
-113.366 171.215 133.289 2.012
-116.040 132.852 -27.399 1.812
-70.419 118.405 89.872 1.948
-205.455 -9.279 -122.018 1.852
54.383 -37.413 168.154 2.001
-63.117 150.924 92.867 2.020
-207.220 36.085 57.779 1.862
82.560 142.268 162.893 2.017
-77.476 -160.444 23.611 2.011
-98.175 110.117 6.084 1.890
-72.378 -81.931 82.028 1.933
-76.980 2.445 176.504 1.982
161.951 153.448 20.197 2.059
-152.180 -68.322 -138.134 2.001
-78.074 -140.567 -50.036 1.899
3.516 63.460 87.759 2.126
-76.626 -54.719 -169.839 2.021
85.199 26.673 -103.059 2.123
57.693 131.104 -137.667 2.018
137.666 170.621 99.508 2.075
-194.883 -180.159 -169.597 2.054
-135.336 -160.780 39.617 2.228
217.869 84.929 -0.633 2.022
183.504 96.172 99.581 1.990
176.266 159.054 -165.166 1.912
49.634 62.000 -6.022 2.167
65.598 71.592 17.302 1.844
181.166 73.079 152.166 1.884
36.063 -172.236 187.247 1.968
213.288 -158.691 72.701 1.951
-71.301 -37.794 -20.440 2.079
-120.399 84.807 181.300 1.997
-96.655 67.394 -92.748 2.185
-222.686 15.736 73.426 1.949
-89.233 115.454 -32.002 1.892
-25.305 43.505 189.203 1.963
-135.406 28.143 -89.761 1.865
171.873 70.746 183.365 2.140
44.644 128.306 135.008 2.165
-3.632 80.132 46.032 1.924
-97.776 45.895 149.629 2.071
-116.602 180.932 120.921 1.975
-185.310 6.660 64.987 1.812
-94.148 134.508 -144.021 2.095
-141.892 -108.034 177.061 2.157
-89.696 142.654 77.803 1.991
199.903 -121.505 91.737 2.069
-44.436 57.638 24.255 1.911
-14.021 -7.655 74.558 2.080
129.685 -139.437 149.236 1.973
59.416 2.171 -125.083 1.865
211.574 1.147 -29.737 2.149
13.102 117.374 -182.547 2.218
-67.559 -42.252 -51.123 2.022
175.371 -74.180 179.558 1.950
71.151 -160.140 28.996 1.787
200.551 113.644 12.588 1.976
75.456 138.482 6.339 2.022
-76.390 -135.740 56.244 2.055
-178.712 -95.964 -52.422 2.084
-198.579 41.779 -190.901 2.136
131.339 -33.983 165.025 1.943
211.855 -186.154 165.826 1.906
-196.514 -138.978 -33.417 2.055
204.576 -14.624 26.933 1.917
-18.450 -170.456 91.079 2.031
207.690 81.104 76.872 2.111
-31.648 188.386 116.608 1.833
173.649 118.027 -102.048 2.103
-97.303 -87.939 197.338 1.938
20.152 118.461 166.795 2.004
-107.623 -62.179 125.121 2.098
-73.858 -118.922 169.032 2.177
135.851 -119.096 -182.709 2.121
-24.379 97.423 115.123 2.183
8.181 -156.216 -131.620 2.221
-118.316 -169.201 -14.938 1.983
-199.810 -135.029 106.854 1.972
-180.705 188.288 66.358 2.181
-21.237 -13.273 -4.554 1.962
-148.666 145.465 -37.181 2.119
93.863 88.733 21.308 1.884
-215.575 121.255 -199.412 2.111
77.042 -108.841 17.053 1.977
139.074 34.936 13.875 2.018
-205.078 63.507 -152.595 1.954
-43.588 -147.501 -104.389 1.964
162.047 -175.341 27.072 1.948
-142.349 127.403 -175.320 2.028
-172.155 -8.182 61.098 1.998
134.998 -132.427 43.897 2.094
-156.862 -73.090 -58.425 2.123
189.433 94.118 170.082 1.935
-219.825 -184.705 -133.252 1.996
186.472 174.901 143.927 1.900
-97.747 -42.502 -100.474 1.986
-23.642 -90.650 128.746 1.997
5.062 -169.431 -182.543 1.951
-147.658 33.001 -50.220 2.131
-210.139 -179.417 167.084 1.986
92.459 66.902 -35.878 2.018
-113.966 153.888 -78.370 1.961
-64.451 0.717 198.483 1.959
131.155 10.559 104.806 2.038
102.749 9.537 72.317 2.153
33.846 182.784 189.224 2.150
-32.728 -115.505 55.146 2.190
105.193 -126.433 155.482 1.938
-205.683 -172.822 -187.121 2.054
60.283 47.875 46.208 2.195
-130.625 -145.641 53.515 1.996
155.048 -182.915 -186.012 2.174
132.888 135.053 -157.284 1.844
86.598 122.196 114.967 2.090
-139.108 167.663 192.444 1.796
-31.193 170.256 -195.710 2.030
-48.709 -156.895 -166.189 1.810
-90.948 76.479 -28.126 2.164
-112.071 44.097 -141.418 2.110
-161.470 133.045 -159.906 1.728
59.231 -149.652 -137.322 1.910
-122.463 188.477 36.028 2.139
-54.137 -152.600 164.711 1.904
223.283 -51.365 -12.483 1.924
-35.531 -89.635 11.140 2.009
150.558 -125.843 46.072 2.034
-215.485 117.048 -79.919 1.836
42.772 -119.678 -76.960 1.959
133.193 188.841 45.891 2.087
-35.614 -54.120 162.777 2.079
38.405 -154.392 132.563 1.889
-82.589 67.261 -107.451 2.044
19.475 159.661 -42.902 1.946
-10.257 -15.207 24.649 1.830
129.471 117.857 -125.370 1.961
-73.300 168.777 113.293 2.006
-61.398 -129.906 -50.039 2.088
-8.105 -174.840 45.705 2.058
-127.230 12.446 144.030 2.082
-67.851 188.288 180.785 2.119
-131.638 165.061 112.886 1.889
-164.923 -96.599 -107.061 1.924
198.628 38.881 76.986 1.875
-180.730 -98.160 173.193 1.977
214.554 -129.470 30.680 1.978
207.110 -41.714 186.090 1.936
95.830 152.645 196.586 2.139
3.156 -182.192 136.887 2.023
-82.208 -131.529 -69.397 1.999
-79.621 -141.936 175.269 2.007
-116.892 -149.541 92.812 2.176
-6.237 90.409 -118.613 1.943
140.343 -51.763 100.675 2.011
189.152 -28.872 -34.792 2.093
-72.560 170.698 50.278 2.085
-44.876 -18.786 -199.967 1.886
170.673 48.695 -114.789 2.144
167.965 -98.400 -162.776 1.921
83.106 -109.565 -34.507 1.969
-28.492 -53.973 89.665 1.819
-77.097 -86.801 20.846 1.923
150.901 62.130 -147.537 1.931
-159.701 13.299 -130.731 2.014
-72.611 -160.029 81.183 2.111
59.136 155.127 -98.394 1.958
-89.029 -149.370 -54.632 2.080
140.363 -79.172 57.336 2.056
-12.620 -132.409 -111.837 1.951
-30.475 50.904 40.534 1.979
119.901 77.504 26.424 1.794
-22.172 113.723 -149.310 2.021
-95.239 -144.315 -162.877 1.963
105.889 111.936 -136.276 2.035
-157.316 -4.958 -52.483 2.000
-145.980 -108.633 100.898 1.886
-221.466 86.535 198.789 2.053
-218.582 -20.162 -171.138 2.078
-126.540 110.282 -59.643 1.970
69.455 -132.980 -61.395 1.990
-123.601 31.297 -14.925 2.055
38.981 -135.662 82.994 1.937
217.689 188.389 56.298 1.987
118.366 162.986 -45.080 1.987
-22.098 -31.545 -173.474 2.001
-118.450 -90.375 11.064 1.893
-135.866 -163.369 12.831 1.917
5.515 130.854 188.268 1.996
-156.451 -1.759 -43.633 1.907
-99.139 139.821 191.328 1.830
168.092 -34.150 -21.811 1.903
124.995 162.866 192.416 2.068
-82.428 -109.489 126.311 2.014
12.268 11.664 26.662 1.982
216.790 138.765 161.672 2.089
-40.330 -150.226 13.222 2.019
-116.037 38.967 -84.489 1.953
-107.608 -140.182 18.980 1.746
-9.048 -135.044 43.332 1.857
-171.899 101.211 -169.750 1.832
-219.510 -130.536 91.420 2.123
-171.818 154.361 64.358 1.922
24.092 130.950 68.464 1.929
30.352 163.212 -196.517 1.760
52.745 182.312 -175.525 2.038
-64.225 -36.528 -113.770 1.934
-28.018 -185.133 -122.995 2.073
109.447 -0.829 35.513 2.193
-138.968 -118.241 111.750 2.030
87.332 -105.736 141.276 2.010
216.271 45.804 190.057 1.871
-137.090 -118.540 69.301 1.827
30.321 -132.013 124.644 2.009
93.937 -72.111 -52.382 2.133
145.968 -174.052 90.130 1.862
5.059 185.488 -131.436 2.047
-55.257 -178.207 142.478 2.137
-207.192 109.823 -183.430 2.035
126.273 153.300 91.373 1.898
16.186 -173.579 165.036 1.815
132.802 47.165 -93.988 2.038
-101.304 -10.837 31.654 1.939
-32.244 55.235 -132.739 2.042
-118.543 35.242 -146.256 2.045
26.764 36.741 33.227 1.853
-120.114 -16.712 97.021 2.176
44.021 -145.562 181.048 1.910
-14.905 18.821 -24.075 2.116
-18.166 46.682 -126.399 1.852
9.642 170.180 22.105 1.961
1.389 73.802 152.313 1.902
201.510 -149.529 46.093 2.056
135.327 -65.961 -190.276 1.985
-50.582 39.869 190.325 2.238
97.911 -18.858 51.046 1.917
89.131 -118.038 141.189 2.039
176.305 54.790 -183.523 2.103
-154.607 -81.400 -96.042 2.046
-192.580 -118.206 -70.287 2.079
-7.880 159.800 42.315 1.990
23.144 -92.636 -148.411 2.175
-162.361 178.028 -19.638 1.941
112.013 13.658 161.806 1.820
25.186 -32.121 -82.419 2.114
72.481 -80.261 -32.822 1.901
-165.758 171.336 174.907 1.953
-49.909 14.081 -143.795 2.063
215.418 -170.661 -78.405 2.040
192.225 135.273 163.395 1.924
-205.800 166.646 -97.927 2.006
27.270 -15.471 106.601 2.232
164.473 48.041 -152.922 2.055
87.748 -56.754 21.046 2.073
-49.269 148.691 -68.396 2.104
169.011 -14.372 67.257 2.055
87.451 -78.236 197.053 1.931
-66.363 63.564 -61.820 2.051
131.246 5.900 -136.306 1.912
-64.914 112.701 -7.593 1.946
-164.992 150.484 -75.394 1.890
-144.909 18.353 -183.461 2.054
26.477 -11.710 -136.996 1.865
130.444 -124.594 -190.188 2.077
79.594 26.626 78.808 1.982
103.771 158.114 101.872 2.234
0.410 20.756 79.531 2.102
-75.742 -153.711 -16.183 2.078
171.966 36.273 -14.166 1.898
190.237 118.236 -34.952 1.981
80.500 111.888 85.015 2.093
-43.420 6.496 -7.607 1.883
-132.373 -13.501 191.660 2.176
-8.643 -65.599 114.838 1.901
-23.228 -59.333 171.866 1.821
-218.077 38.008 38.688 1.915
138.890 19.953 -107.241 2.101
122.978 -112.151 -37.545 2.150
-23.026 104.922 151.257 1.934
-181.103 -121.342 -58.680 2.008
53.852 -81.887 -153.145 2.083
55.210 112.851 152.395 1.983
55.950 -119.444 74.336 2.045
-95.391 -70.963 -105.463 2.090
-109.069 4.882 162.745 2.111
164.927 -147.297 -34.629 1.885
196.952 189.044 -111.460 2.026
39.560 -155.388 -92.873 1.934
-91.579 82.178 196.726 1.978
99.635 -9.594 -34.394 2.026
9.220 158.995 -110.481 1.920
32.287 -76.678 69.914 2.047
-44.929 34.143 -14.857 2.033
54.354 -85.902 108.846 2.059
-91.377 -162.321 93.480 1.957
50.286 187.012 -152.936 1.985
58.941 10.137 -8.469 1.920
-20.535 -85.145 -189.952 1.892
-170.370 61.722 20.717 1.954
-162.763 -110.000 -196.114 1.926
-54.432 79.671 -135.071 2.209
-155.354 31.590 -158.973 2.004
-218.197 -10.634 67.797 2.133
53.274 -136.936 -76.994 1.975
-161.842 -183.398 61.621 1.936
187.040 127.509 -141.351 2.020
118.674 140.070 140.814 1.960
179.990 5.413 -124.597 2.134
78.877 163.720 -173.181 1.948
111.834 182.507 -64.790 2.024
213.611 -47.516 135.194 2.108
140.443 -33.532 95.367 2.076
