108.358 -43.833 -145.111 1.924
6.339 -183.843 110.412 1.937
61.949 -61.638 -190.761 2.277
-58.407 -117.268 -137.735 2.063
73.138 -104.439 78.257 2.031
80.536 167.579 179.787 1.985
-141.661 35.839 -182.211 1.933
-199.478 153.557 -182.039 1.985
-94.556 124.993 -77.664 1.884
-201.556 -175.559 -105.230 1.921
-46.867 117.466 -101.840 2.049
-182.668 151.249 57.010 2.139
216.656 -32.532 167.218 1.972
-169.494 11.685 -50.635 1.958
-67.873 38.221 -197.058 1.979
-172.543 23.657 -74.227 1.980
-18.096 70.133 189.591 1.795
-118.318 -50.537 176.565 1.966
175.957 166.453 199.662 1.977
-155.140 -132.317 62.568 1.946
43.240 -115.897 164.493 2.134
194.492 34.378 -78.658 2.182
-217.387 -7.658 -156.136 1.813
-199.065 175.623 115.692 2.058
-131.374 83.705 -90.816 1.988
-131.182 82.686 122.989 2.003
-30.941 54.575 159.941 2.209
-147.838 145.417 -168.203 1.947
-224.583 91.661 187.605 1.911
-208.405 96.389 168.601 1.968
-168.272 -58.776 -169.400 2.052
-169.793 -170.560 25.449 1.982
110.418 -90.090 3.607 2.030
95.045 -110.195 -37.506 1.958
-177.371 30.088 -72.000 2.055
-48.919 76.526 -77.015 1.974
159.366 3.891 6.951 1.804
191.074 -17.623 111.425 2.005
-193.667 165.853 24.178 1.932
-212.107 65.926 -154.372 1.862
74.006 -182.533 42.342 1.856
-13.143 -1.335 152.386 1.897
24.031 20.097 156.545 1.996
-26.836 65.382 48.879 2.137
103.621 130.813 -101.149 1.795
184.584 -52.706 -126.665 1.821
112.198 -87.112 2.764 1.921
52.010 3.286 38.784 2.032
-104.006 160.375 146.592 1.862
68.124 -82.245 180.354 1.992
190.493 164.883 125.876 1.888
-106.512 181.404 130.701 2.050
-197.042 148.784 190.389 1.901
95.294 175.837 -66.192 2.002
49.190 105.196 -144.662 2.053
126.669 -62.285 94.169 2.107
135.155 61.281 168.532 2.032
-0.151 94.934 -43.245 1.900
129.809 -183.164 -154.941 1.936
-131.269 134.735 11.682 1.883
-59.174 87.059 104.648 2.062
105.715 66.225 66.006 2.079
90.310 87.924 6.582 2.074
104.983 -185.024 -95.864 1.998
-129.018 -6.356 48.384 2.044
202.620 -48.405 -22.636 2.039
-221.923 -88.098 8.766 2.162
220.184 -16.890 -150.728 1.896
98.560 -130.625 -21.883 1.967
56.971 152.325 -177.446 2.206
-16.875 53.709 -15.286 1.859
-39.488 -108.914 55.875 2.046
-182.568 -34.591 -147.903 2.015
21.671 -121.601 68.043 2.002
-44.106 -137.386 -80.061 1.680
12.247 -87.175 -1.644 1.937
-87.257 -32.720 -17.802 2.091
-54.723 -66.218 108.610 2.066
-52.740 182.805 -171.466 1.922
49.744 -129.547 -156.814 1.971
139.891 -139.647 -146.606 2.073
-223.790 68.557 16.342 1.787
117.464 -74.823 161.242 2.087
-193.765 6.375 122.568 2.138
-204.506 -48.974 -75.787 2.163
-146.026 -67.286 -59.646 2.047
-157.734 122.009 89.873 2.060
163.903 -108.741 172.040 1.957
207.251 -179.868 139.755 2.037
-36.601 -99.364 60.823 1.988
-62.003 -94.906 -82.568 2.118
-118.188 173.114 -124.584 2.112
18.102 -151.257 -96.561 1.803
96.277 -70.260 151.351 1.934
84.456 -59.365 160.757 1.951
-221.860 54.445 68.746 2.038
-78.784 -56.861 7.704 1.854
166.654 122.936 81.835 2.068
117.033 -121.876 37.279 2.131
133.436 -70.301 -136.613 1.885
39.416 -11.574 -114.163 1.946
-72.919 -8.074 191.257 2.040
-113.604 104.888 -179.174 1.941
-14.127 -27.426 -159.579 1.878
-144.393 -39.353 83.686 2.167
-208.007 -161.709 100.057 2.070
88.439 50.429 -4.718 1.923
175.794 61.406 -79.523 1.982
-47.220 130.482 -158.942 2.016
38.263 162.906 -130.965 1.968
81.609 91.395 -187.725 2.001
111.382 -107.202 -190.093 2.007
-213.552 -2.377 196.322 1.903
-50.060 -88.499 142.049 2.059
37.681 -108.795 -60.766 2.104
-15.615 -184.326 190.157 2.160
174.624 94.447 191.366 1.942
-87.128 -20.639 -131.839 2.114
99.399 76.893 111.604 1.743
175.882 189.234 -0.957 2.125
174.746 -125.186 164.303 1.996
-199.797 84.111 -104.599 1.773
-187.739 -84.154 142.488 1.821
135.127 81.455 -33.010 1.922
166.549 -169.834 -17.363 2.026
102.511 -33.587 56.084 2.003
-81.815 -114.841 -48.716 1.986
-105.668 -87.440 -24.982 1.880
-34.714 -54.821 -73.615 1.944
200.893 65.076 -66.559 2.047
-21.830 130.157 152.350 2.256
202.031 80.713 17.156 2.027
-183.855 -143.857 197.254 2.059
152.427 -184.133 -194.067 2.055
-215.437 -59.802 0.846 2.047
-8.738 164.897 -12.486 1.949
-56.409 -8.841 -97.908 2.096
86.504 58.546 192.690 2.195
-152.550 -126.576 -97.735 1.932
122.559 -137.934 89.515 2.110
31.759 -21.000 70.198 1.993
104.096 -123.221 -146.886 2.082
-81.836 0.014 -39.157 1.947
202.203 -45.557 -108.516 1.881
-61.032 -153.085 169.202 2.024
179.914 -90.900 104.971 2.071
218.954 24.178 -100.706 1.942
104.761 -134.213 -31.909 1.988
31.443 -78.662 55.906 1.897
-26.019 81.413 -103.260 2.079
211.696 -104.606 -195.138 2.002
-107.078 70.955 -37.511 1.941
123.382 -180.137 176.788 2.027
81.519 -13.865 -88.554 2.007
-122.397 73.612 59.138 2.129
-172.352 86.437 -135.724 1.923
-65.825 54.845 41.643 2.069
-177.336 123.828 128.224 2.135
139.472 -74.810 -197.138 1.855
106.460 -154.005 -80.083 2.086
-148.998 -50.899 -129.520 1.871
159.837 -184.676 14.453 2.060
-48.387 105.467 -163.080 2.134
205.504 88.737 -141.065 2.055
156.658 118.252 75.061 1.979
3.317 184.637 -42.080 1.941
65.012 -156.776 -194.413 2.078
-143.221 -82.360 -128.771 2.228
-150.750 2.934 28.578 1.985
58.060 -75.830 31.537 2.152
19.953 -188.548 -116.817 1.935
-9.616 -105.699 176.720 2.029
155.541 -176.659 4.082 2.037
-144.900 -31.424 140.591 2.033
-30.215 6.549 184.435 1.955
152.015 -112.128 89.648 2.044
188.217 100.822 -84.384 1.955
-175.436 -42.009 -142.342 2.162
-10.076 -40.689 -158.105 1.851
-90.339 -35.947 5.446 2.177
118.844 -189.800 -185.836 1.995
164.327 167.732 22.222 2.057
-48.278 -53.185 151.528 2.069
-127.419 103.842 76.871 1.934
151.883 148.679 102.620 1.985
-9.091 10.221 166.077 2.049
-47.235 90.019 80.312 1.768
-25.325 -144.917 131.407 2.042
109.703 -129.837 -152.149 2.009
-48.013 -111.287 62.771 1.961
-29.453 -168.871 182.257 2.023
74.511 -38.978 75.473 2.055
-24.076 85.384 -126.284 2.087
-176.912 -14.971 -187.446 1.978
-210.953 107.186 -32.491 1.907
-13.857 -58.900 124.599 2.015
-181.287 -44.487 -166.831 2.118
109.995 -180.419 -109.741 1.882
178.329 -32.078 58.876 1.988
-192.157 -146.338 -9.999 2.080
146.326 -173.513 -81.462 1.909
98.828 160.246 142.558 2.034
-81.825 -127.783 106.640 2.042
-63.229 168.790 -13.688 2.059
-69.720 116.047 -39.219 1.889
-215.009 8.810 145.784 2.167
-128.946 -108.578 -59.227 2.018
-63.592 24.029 199.096 2.093
67.659 -20.667 -136.763 1.954
-52.609 -42.845 -85.171 2.067
-142.260 -146.768 95.361 1.895
37.459 8.821 -197.987 2.066
216.494 152.928 165.718 1.890
-37.321 134.727 -146.301 2.174
86.816 -105.013 94.300 1.853
162.245 -146.773 110.796 2.197
-127.526 -69.075 -108.016 1.816
-166.338 -25.269 156.176 1.931
-193.731 -168.764 30.434 1.979
9.447 54.622 -158.176 2.105
-17.264 76.388 137.644 2.109
-140.768 169.764 97.372 1.931
-5.702 -23.125 -34.893 1.937
202.013 -54.184 -31.447 1.965
-178.336 -71.413 -143.624 2.060
-155.293 -69.336 136.816 2.193
-126.824 -22.435 -167.291 1.975
-130.143 -22.174 -130.398 1.959
-132.685 -108.893 -69.313 2.098
-153.582 -0.119 51.111 2.022
-112.465 166.740 84.497 2.060
-132.672 0.796 138.624 1.972
-152.902 49.649 -44.737 1.956
-205.003 -13.084 192.901 1.964
-21.919 -23.114 -2.888 2.007
-132.690 115.697 150.934 1.948
165.642 -75.567 69.958 1.962
24.358 84.055 26.386 2.070
-11.558 71.936 34.926 1.993
-153.697 145.893 -125.334 2.046
16.918 -62.418 6.466 2.017
208.809 -118.513 139.865 2.006
209.584 -136.516 38.626 2.015
77.628 102.137 -57.195 1.938
-196.313 171.008 -17.610 1.892
-181.184 -117.765 81.120 2.032
167.400 -98.072 18.198 2.054
-57.636 -8.458 -174.455 1.942
209.058 86.308 -110.143 2.054
-168.862 -81.658 24.139 1.965
-103.227 88.669 166.679 1.956
-63.488 -149.955 -127.591 2.046
-222.915 139.946 14.547 1.936
181.857 97.662 5.374 1.850
-148.450 -83.041 -110.195 1.882
-123.382 11.173 -182.185 2.098
165.566 47.261 -70.624 1.853
158.490 -79.067 6.267 2.008
220.035 -64.634 152.668 1.898
-95.129 -97.748 -199.754 2.008
173.362 -75.291 -27.991 2.023
108.679 -66.210 -175.698 1.987
180.185 -33.940 194.388 2.087
132.732 138.383 -76.364 2.032
135.630 -163.821 -59.767 1.960
-25.577 -121.683 71.025 1.893
-127.082 -168.715 33.085 1.949
-101.388 6.302 -25.071 2.062
-133.055 -134.422 -188.295 1.912
-149.505 60.131 -154.543 2.001
184.048 -19.829 -63.795 1.953
71.843 185.468 67.759 2.052
-92.047 58.564 107.498 2.146
-37.908 -179.818 83.579 1.957
-185.758 184.624 42.942 1.838
-80.191 -119.777 189.143 1.968
64.446 -135.291 141.406 1.932
117.382 -40.376 74.531 2.169
-141.667 -145.758 -59.539 1.855
-31.172 -97.122 128.842 2.050
83.938 9.523 -60.038 1.968
-137.842 -105.221 -146.442 1.933
-73.011 159.563 105.509 2.100
-64.938 108.752 75.812 1.954
74.657 89.341 -32.197 2.030
29.554 183.869 -62.361 2.119
-171.136 -38.814 -135.388 2.018
-121.615 -159.337 -19.431 2.029
-50.010 -90.918 -19.748 1.992
207.997 -151.846 -190.130 1.895
-133.263 77.589 -64.584 2.025
-26.593 55.031 48.224 1.955
19.250 -71.596 -143.079 2.096
224.526 42.692 -99.494 1.928
-113.759 145.607 -61.520 1.993
-174.131 -56.170 -132.616 1.864
-124.119 37.720 -8.965 1.971
136.678 -137.424 189.629 1.946
174.429 77.840 -63.405 2.005
64.445 -18.398 194.407 2.123
-85.853 13.559 -94.764 2.119
90.528 -150.959 189.578 2.187
-29.814 -103.903 -88.306 2.107
2.898 155.791 -98.277 2.066
-147.453 164.171 107.539 2.007
-172.538 -172.309 198.777 2.013
94.291 78.550 50.242 2.197
40.158 -83.176 114.447 2.181
78.018 -103.003 59.721 1.911
-59.218 119.396 166.882 1.826
75.671 67.178 26.982 1.996
152.649 153.870 -178.658 2.163
-149.006 29.144 5.803 2.001
51.212 -54.153 -101.057 1.990
160.943 -10.501 67.594 1.909
-85.071 -110.247 -109.357 2.093
68.586 -74.593 -58.168 2.027
-127.132 56.987 194.602 1.973
210.345 112.632 111.064 2.001
120.672 -99.611 -97.901 2.113
201.636 -37.894 -170.406 1.967
164.262 -127.550 123.413 2.011
40.552 180.830 113.405 2.077
102.573 87.306 148.616 2.040
-153.372 184.574 4.987 2.122
96.939 -183.818 76.444 1.955
48.196 -123.287 68.528 2.029
-103.638 44.266 -31.465 2.040
-11.525 84.829 101.333 2.104
52.263 -107.872 162.085 2.031
97.370 50.295 -162.052 2.087
209.171 120.499 -117.905 1.922
-134.394 110.345 132.227 1.969
-169.103 -106.984 -16.217 1.959
-199.598 124.908 55.422 1.951
-168.497 21.097 -144.349 1.906
-164.629 189.508 -143.545 1.855
30.104 -81.055 8.453 2.039
-116.952 166.192 98.351 2.089
200.389 54.859 193.881 1.896
96.977 167.311 -28.594 1.938
-24.399 181.371 145.740 2.055
153.718 -150.951 -66.908 2.263
-198.197 61.281 198.968 2.111
-168.349 98.881 64.335 1.969
0.538 -56.825 37.775 2.130
-188.561 -132.301 91.731 2.006
48.894 45.873 -40.133 1.992
-161.721 -135.273 6.519 2.072
-144.833 -156.804 -113.994 1.947
-85.057 71.624 37.618 1.818
90.510 89.532 -24.234 2.035
-93.072 -84.409 11.583 1.932
43.458 142.562 72.946 1.913
-14.081 -36.181 -98.057 2.081
-63.509 69.841 84.632 1.908
-55.649 48.146 10.201 2.092
-207.774 -94.723 -16.068 1.974
-18.119 -41.036 191.541 2.085
202.581 123.884 154.050 2.048
-47.955 -51.592 188.600 2.026
45.860 108.797 188.415 1.851
52.603 175.390 130.078 2.105
-146.937 -80.768 17.593 2.069
58.433 115.733 -9.214 2.056
34.716 -41.377 23.544 1.802
107.515 -130.187 -122.567 1.910
-201.540 -171.463 -46.073 1.810
142.187 108.226 143.125 1.804
-18.636 18.227 60.137 1.949
156.868 40.997 116.580 2.071
-40.467 40.703 74.926 1.911
-101.043 -186.592 11.339 2.083
-108.433 -130.684 -28.626 1.992
-30.680 117.777 -94.433 1.994
15.293 30.430 -12.488 1.904
30.586 31.306 -43.522 1.904
-81.641 162.758 32.094 2.074
76.387 -181.061 45.766 1.773
116.552 16.097 73.491 1.945
-155.793 71.260 -78.287 1.909
-60.691 115.809 109.145 1.906
139.477 -148.952 -136.137 2.048
-157.132 -139.759 -72.821 2.010
-161.625 -108.624 167.188 1.964
51.206 -62.926 -45.004 1.896
76.295 -121.928 -194.402 2.047
-205.881 -71.463 120.976 2.053
-162.118 148.944 198.847 2.027
159.212 -164.400 -103.036 1.941
0.594 -134.519 161.945 1.874
155.168 188.733 27.016 1.925
171.796 -121.244 47.658 1.935
42.657 -108.076 -3.804 1.956
-197.577 184.059 -10.442 1.874
-43.895 -158.791 -78.647 1.944
90.996 11.352 74.728 1.979
223.612 -130.118 -117.088 2.009
-200.374 -106.402 23.233 2.207
-117.348 -70.483 -155.510 2.007
203.924 -152.113 69.092 2.129
211.817 75.268 -122.821 1.946
165.219 66.218 143.204 1.997
100.722 -178.516 -93.936 1.940
-16.979 -136.640 119.262 1.974
209.761 83.336 65.075 2.099
150.354 45.872 -148.938 2.090
47.680 66.719 -69.202 2.007
-27.717 72.234 -171.257 1.845
9.095 163.813 135.306 1.951
216.830 136.986 39.398 2.123
-180.593 22.549 0.157 2.048
-50.714 32.604 -97.272 2.010
33.719 70.971 160.010 2.132
-176.108 108.295 100.678 1.872
80.359 174.490 0.544 2.157
-135.121 -111.551 -37.280 2.131
-201.760 -110.704 180.148 2.066
73.178 -122.490 -32.013 1.890
-14.497 -160.650 -76.701 1.893
96.405 -153.529 -8.492 2.090
-108.376 -162.279 -36.590 1.983
42.450 -54.507 158.285 2.044
122.731 41.996 -121.496 2.093
46.268 6.894 188.476 1.906
-208.584 171.174 -115.970 2.123
-72.838 121.083 184.368 2.069
-16.566 154.633 197.704 2.092
4.852 52.478 177.246 2.044
54.082 -17.912 77.602 2.053
119.791 18.097 81.214 1.971
-34.694 -107.429 -125.743 2.088
-211.763 -96.862 150.604 1.978
-139.516 74.864 -118.537 1.873
-65.032 32.404 -111.149 2.002
53.821 -59.148 -10.157 2.104
-33.957 -140.267 137.036 2.089
-126.129 -100.028 92.090 2.030
215.279 183.829 60.891 2.013
-154.093 108.480 110.399 2.049
119.080 126.972 -60.697 2.104
-179.468 174.790 181.832 1.919
26.675 40.948 57.992 1.887
-210.287 169.566 -65.358 1.941
-64.507 -135.893 -137.658 1.927
34.587 106.172 -148.351 1.836
202.069 -15.720 -147.850 1.927
122.869 -46.258 38.401 2.053
-21.123 159.386 13.452 2.001
104.915 15.338 129.973 2.095
54.307 -10.920 32.056 1.983
-21.333 25.192 18.011 1.977
-54.316 -188.672 68.524 2.027
-129.771 72.702 176.808 1.973
-186.738 -54.770 -138.212 2.197
148.090 172.165 85.465 2.065
-161.168 41.595 33.884 1.958
129.175 11.363 7.315 2.096
-152.835 -145.126 -3.820 2.009
-1.783 -61.326 -152.675 1.997
-116.301 68.847 60.536 2.091
-47.850 64.865 -187.177 2.002
-108.685 -103.920 -52.178 2.096
-111.427 117.367 -126.716 2.004
-224.859 100.996 -172.231 2.024
38.937 -64.061 -146.247 1.954
3.755 -171.590 157.904 2.084
-140.258 -14.412 -73.085 1.992
162.181 -154.656 29.084 1.876
-106.443 4.645 76.531 1.858
50.565 89.991 -152.806 2.133
128.541 -60.177 -51.896 1.916
-15.862 133.883 -21.635 1.959
-9.459 -94.183 56.850 2.060
-50.393 -58.197 -10.021 2.203
181.848 -147.680 -28.715 2.040
-167.200 168.114 -187.602 2.009
120.494 -154.969 -21.288 2.231
-112.561 -165.552 -108.400 2.209
-94.436 66.738 98.674 2.020
-179.097 106.672 -150.044 2.215
137.402 30.975 -78.903 2.076
79.141 -27.944 -85.377 1.909
102.157 50.541 -137.422 1.944
-97.285 -29.733 105.625 1.923
140.347 -89.851 -131.090 2.087
-31.969 -13.956 -40.911 1.907
-131.184 -88.641 6.212 1.905
59.741 -43.122 67.504 1.909
-212.430 63.240 -132.246 1.963
35.455 73.764 -9.378 2.023
-78.124 179.906 153.169 1.907
-144.391 171.513 56.932 1.944
-80.029 -183.196 151.173 2.002
66.119 6.832 -88.225 2.090
165.697 139.005 14.427 2.178
-123.156 103.472 -118.002 2.066
85.340 -129.050 92.905 2.066
-66.336 8.697 -122.523 1.865
-221.814 -123.686 137.812 1.931
190.665 -146.589 -114.017 1.804
45.668 -54.066 -32.447 2.121
-9.277 53.763 100.080 2.095
-205.949 -188.622 -61.758 1.783
-46.793 17.285 158.631 2.020
57.698 138.512 -126.361 1.915
123.499 -116.192 185.674 2.118
-141.758 -133.574 143.969 2.002
-197.338 -92.022 125.692 1.962
213.572 40.638 86.355 1.784
154.987 -33.490 -46.105 2.029
189.391 188.336 -191.404 2.021
156.029 115.770 141.891 1.842
174.365 -121.670 -184.706 2.161
-116.206 -80.497 -166.696 2.018
-177.084 17.536 138.442 1.938
8.235 136.700 129.099 2.093
-115.096 135.195 66.457 2.041
-177.381 128.352 -22.444 1.959
105.069 168.104 83.990 2.035
76.656 -42.821 -118.992 1.862
109.651 63.766 73.841 1.914
26.912 -1.026 189.191 1.957
-82.277 -116.365 -9.191 1.933
127.614 71.704 137.934 1.948
134.408 16.973 -149.052 1.942
100.981 94.951 -10.461 1.732
0.035 33.317 40.416 2.107
52.325 157.296 -134.001 1.886
36.866 29.985 -160.424 1.977
-46.229 184.642 -65.507 1.965
59.036 -70.927 21.771 1.837
-186.048 -127.332 -50.729 2.027
-53.634 28.619 196.310 2.078
28.298 134.284 87.880 1.938
-116.453 21.179 -35.966 1.898
37.417 164.521 11.988 2.036
-196.719 152.198 -78.806 1.885
-19.618 -163.128 -144.454 2.343
221.024 90.326 189.986 1.928
180.441 -149.258 84.197 1.932
194.208 5.910 165.433 1.923
-5.531 136.091 -73.612 2.067
-171.345 169.036 42.338 2.047
125.935 -82.825 91.691 2.026
38.190 -25.392 155.034 2.058
163.621 109.962 -70.165 2.101
174.364 -93.410 63.307 2.034
-79.843 -99.847 185.719 1.961
-102.640 -14.292 -135.319 2.080
191.501 182.374 104.802 1.915
-218.967 4.085 95.597 1.968
210.060 -175.672 15.778 2.229
173.002 40.138 -71.177 2.047
-27.474 -171.210 14.705 1.891
157.217 71.463 -160.967 1.912
158.141 50.907 131.925 1.947
93.092 49.362 191.767 2.067
181.170 60.877 -137.253 1.944
-79.523 -135.794 -160.200 1.945
116.720 -55.066 -56.367 2.010
207.647 -138.831 -80.711 1.990
-174.415 -73.602 -28.177 1.977
169.348 -187.481 182.963 1.901
-40.058 -134.781 86.020 2.016
215.129 122.411 -27.731 1.900
-148.682 172.451 44.002 2.099
-208.273 -154.124 -84.287 1.969
-45.763 -73.295 -109.331 1.876
117.925 41.557 -195.623 2.004
-72.736 -18.602 -108.636 2.037
-220.876 -81.306 16.050 1.874
-214.003 31.354 -70.958 2.046
28.040 -39.165 194.407 2.237
20.288 116.518 -67.064 1.921
101.225 -77.931 -24.613 1.964
22.079 79.275 -8.517 2.119
-20.952 -131.680 2.361 1.977
-0.633 -114.716 -37.099 2.186
77.309 -70.773 -155.109 2.051
156.117 20.496 61.121 1.882
216.160 13.681 -34.218 1.945
-25.658 137.529 185.520 2.066
181.001 151.495 16.607 1.848
33.419 64.380 88.527 1.829
63.032 80.987 -166.167 1.950
163.564 44.956 173.900 1.979
-213.763 -167.405 -93.623 2.171
22.481 146.094 66.891 1.993
28.787 142.103 40.418 1.906
-195.560 -55.974 134.748 1.961
1.687 81.037 -156.607 1.985
-174.398 7.704 155.166 1.959
-2.718 -110.721 47.682 1.962
-205.957 0.191 -170.634 1.957
78.785 103.193 96.465 2.085
27.049 108.986 -99.574 1.955
130.148 65.047 99.124 1.782
-76.761 -49.006 -138.826 1.981
-35.979 109.003 7.798 2.041
-25.831 -67.950 -76.756 2.118
-84.303 -184.721 72.158 1.813
168.369 -70.872 -103.618 2.166
-73.388 24.797 97.780 2.013
62.241 -37.015 -100.763 1.794
-213.870 -187.810 -33.423 1.938
-212.710 188.239 -59.954 2.085
-209.383 -51.536 1.450 2.159
-40.479 -123.969 -109.993 1.966
178.450 -50.884 64.182 2.009
-157.207 86.415 -179.699 1.844
-167.435 67.288 74.532 1.775
-24.672 -172.982 -39.126 2.104
-218.561 -71.432 -170.398 2.067
-70.570 -179.328 114.883 2.068
-22.774 -87.271 -2.116 1.998
43.303 -72.115 146.387 2.220
-201.964 122.920 -133.778 2.074
50.268 156.944 -9.825 2.028
-155.164 187.878 125.418 2.061
-67.919 183.916 -77.485 2.103
-135.070 -128.983 -48.866 2.199
-175.577 71.155 154.235 2.037
-212.940 -75.658 -149.259 1.961
-128.025 -64.918 -164.541 1.959
177.640 -72.409 180.117 2.005
-105.412 124.449 1.083 1.927
204.979 -183.676 -2.337 2.045
94.774 2.853 -38.874 2.237
113.785 -16.096 75.941 1.970
2.834 -148.899 -67.156 1.900
-189.513 81.824 39.432 2.017
172.601 149.686 -117.518 1.998
144.763 50.063 -95.914 1.882
-25.410 -44.027 -28.744 1.929
85.517 -35.183 -115.638 1.975
109.389 -92.186 92.783 1.932
-127.804 147.133 43.156 2.021
-182.571 -27.316 29.664 1.963
207.998 -124.331 -152.212 1.772
171.145 105.127 198.282 2.166
-186.437 -57.141 -0.519 1.871
-8.687 25.705 -57.661 2.043
-135.126 -154.090 177.208 1.955
182.711 -77.392 88.213 2.083
57.027 -28.111 -85.848 1.932
-101.231 -120.523 -131.570 2.065
95.626 -33.741 -105.947 1.919
-40.252 162.018 155.325 1.897
58.893 -4.128 -51.694 2.042
-202.231 173.561 141.467 1.925
-184.745 -155.684 -131.976 1.920
-178.951 58.798 -117.216 2.049
-23.469 136.788 -62.597 2.191
18.097 -163.663 -77.446 2.023
213.635 -12.816 55.704 2.137
-23.947 88.037 -67.470 2.017
-121.610 104.355 -36.852 1.876
-153.869 113.943 50.144 2.072
148.385 176.168 56.072 1.839
-106.623 29.990 -2.754 2.014
-105.069 -167.632 107.868 2.043
82.130 118.790 -160.404 2.018
154.857 -27.347 -41.425 1.775
62.107 96.655 79.186 1.995
-185.402 -140.007 136.375 2.072
131.907 111.356 -165.358 1.990
-38.782 -173.747 -89.445 1.935
66.619 -169.468 -29.581 2.105
42.069 -174.439 98.684 2.119
169.296 19.563 181.934 2.110
22.920 123.980 -197.240 1.965
-80.500 126.429 -73.910 1.885
157.457 43.093 -54.724 1.890
143.961 -11.591 73.928 1.826
-160.928 -87.884 -58.591 2.091
-20.649 -143.593 154.757 2.006
-9.659 29.416 -198.461 1.928
21.160 -31.157 193.105 2.003
-11.120 -39.760 98.252 2.044
16.782 -178.014 76.749 2.145
-178.212 89.797 48.609 1.884
-85.103 15.041 153.256 2.021
6.482 -135.066 -73.756 2.072
105.940 -69.772 -90.080 2.059
-118.466 75.852 -73.526 2.064
20.312 26.217 14.718 1.884
88.940 -155.279 -148.498 1.891
196.658 93.660 103.616 2.089
-98.550 155.080 17.931 1.903
154.069 188.566 184.308 1.953
151.426 -136.993 100.700 2.155
-215.845 -18.156 92.898 2.290
-7.658 67.861 9.744 2.057
-31.278 -143.028 11.179 1.987
-74.300 -106.118 133.223 2.093
-148.692 99.365 -192.507 2.045
-31.529 -59.095 178.924 1.849
87.208 133.418 -112.809 2.066
-67.361 -80.514 -63.894 2.012
-178.820 -156.750 -37.353 1.997
197.817 39.260 173.964 2.155
-53.927 67.291 -27.975 1.815
126.766 18.594 -180.587 1.909
-62.206 43.003 182.117 2.232
153.866 -50.749 181.816 1.858
-163.763 -96.708 -139.911 1.888
-137.666 81.260 6.300 1.991
71.119 -151.748 -185.898 2.007
157.508 141.229 179.438 1.913
-35.391 93.169 -57.646 2.037
20.345 -34.577 107.770 1.920
-180.510 46.721 -51.885 2.035
-144.821 -104.025 -62.029 1.932
-114.514 182.782 198.586 1.914
156.074 -5.323 116.567 2.145
31.995 164.530 -77.452 1.906
59.674 -27.557 -52.141 1.987
-87.754 62.587 -150.963 1.993
34.765 -81.105 184.234 2.044
-78.330 101.061 4.996 1.872
-65.197 158.397 -100.456 2.009
33.324 -115.317 -12.016 2.058
197.579 162.872 106.694 1.881
-218.584 -62.507 -129.664 2.088
124.821 83.692 -152.678 1.953
103.912 98.789 -16.569 2.060
-64.762 19.161 -116.407 2.025
38.273 -5.650 39.598 2.061
-87.782 -70.661 -76.473 2.016
-179.445 -176.549 112.695 2.006
87.349 178.868 -77.203 1.908
74.528 -144.135 80.698 1.855
140.957 43.007 178.661 1.913
9.171 81.239 -14.072 2.102
84.646 120.908 10.058 2.032
-52.401 69.473 -126.813 2.031
-51.506 -92.626 -187.708 1.895
-56.813 5.327 197.693 2.069
122.628 58.774 165.169 1.952
-131.211 -49.549 -37.202 1.947
-135.065 44.459 13.889 2.174
-51.817 67.418 -172.473 2.092
-107.543 -14.905 44.830 1.953
-133.038 70.583 156.146 2.035
201.115 -126.883 -155.082 2.025
-27.533 47.067 176.112 2.120
44.540 50.133 9.982 2.001
-17.320 174.375 -101.624 1.955
127.241 -167.777 -110.112 2.081
-126.260 26.451 31.212 1.980
-35.556 174.631 117.626 1.984
-74.493 83.443 55.586 1.914
10.666 -23.498 -10.552 1.830
18.088 -8.246 -88.184 2.106
90.296 -89.981 71.368 1.907
164.801 -115.865 -79.337 2.092
-90.062 9.045 -194.599 1.969
-174.281 -59.008 -67.152 2.055
219.725 -125.735 -165.870 2.087
-86.166 -117.846 -93.126 2.091
192.460 -77.477 162.874 2.018
-135.443 -71.887 -6.778 1.928
157.063 185.224 -36.655 1.998
40.911 -7.413 -75.733 2.054
37.347 -32.015 112.498 1.968
98.712 88.208 123.439 1.841
202.033 -31.810 131.940 1.877
124.476 -166.786 -45.177 1.905
216.754 -54.538 4.835 2.003
-117.614 82.108 80.787 2.055
-137.955 142.123 121.077 2.074
-51.351 -135.954 -35.002 2.045
92.701 6.051 152.888 2.002
65.376 117.438 -155.519 1.965
-25.568 57.730 -191.508 2.088
155.966 -12.382 -155.644 1.920
80.945 12.479 19.317 2.073
83.256 141.431 186.419 2.031
224.906 175.602 -83.837 1.867
210.354 -150.843 136.842 2.144
-86.131 -75.440 147.326 1.973
-199.906 147.205 -44.678 2.220
-34.489 -36.096 181.954 1.931
120.171 -98.797 -198.186 1.961
83.405 25.721 -111.877 1.844
-21.855 131.217 113.932 2.052
52.480 157.961 -193.533 2.096
160.612 -104.912 65.638 1.994
-150.300 -143.213 -34.055 2.062
-191.743 -54.548 8.990 2.012
-74.293 177.746 114.778 2.014
-42.332 77.872 -83.698 2.012
169.537 -52.191 101.970 1.900
-72.851 114.768 -22.003 2.069
87.612 -115.715 -162.761 2.041
193.944 -151.732 96.814 2.163
14.911 -117.887 -153.485 2.164
130.180 100.178 -149.592 1.853
106.796 11.263 -118.185 2.084
105.638 120.994 -19.658 1.923
-131.507 -35.580 -169.574 2.034
-186.935 96.023 -71.913 1.936
124.484 -44.887 -163.091 2.222
-151.960 157.020 -99.517 1.810
-140.625 -66.655 173.984 2.119
-117.749 -136.378 195.724 1.940
88.119 -89.989 17.782 1.856
212.484 -131.919 -54.100 2.106
39.479 144.729 -149.721 2.047
-41.142 -58.661 -127.844 2.191
25.105 -117.153 -30.780 2.063
46.090 135.319 -181.232 2.143
-175.137 68.374 -64.580 2.071
161.385 107.517 164.378 2.245
74.901 -27.623 70.866 1.892
163.380 -103.874 -4.708 1.897
-162.205 23.020 33.408 2.076
-117.600 55.273 -106.979 2.212
-212.766 -107.553 -107.818 1.919
155.209 40.743 -150.032 2.063
-158.677 84.299 8.762 2.039
184.107 -133.507 -137.268 1.795
-93.553 -141.659 -102.818 2.121
52.196 103.493 61.551 2.063
-72.736 31.862 -45.244 1.763
150.200 164.727 85.362 2.085
-43.459 -73.964 149.347 1.937
34.366 -68.934 122.551 2.096
-101.880 11.237 -122.730 2.089
69.711 -173.839 -25.312 2.136
115.084 179.572 -171.778 1.889
-24.324 78.534 182.043 2.185
-218.569 -37.103 -174.931 1.986
75.156 53.225 -109.642 1.986
147.858 -19.120 150.724 1.939
97.727 17.187 -77.289 2.073
-124.204 144.268 145.373 2.003
-61.444 -109.965 166.191 1.960
-67.305 142.713 -60.024 2.035
163.056 17.217 -142.887 2.049
181.239 104.951 72.493 2.091
-207.728 -9.839 48.104 2.184
-155.929 -0.988 95.221 2.014
-167.031 176.574 160.952 1.970
167.898 -93.224 175.699 1.923
-83.262 68.617 123.829 1.899
-135.934 -121.134 -191.320 2.113
46.172 -77.614 -146.140 2.167
-103.962 -183.101 124.473 1.949
74.918 168.710 -147.840 1.913
-77.176 -1.815 -115.873 2.210
157.643 -119.427 -147.911 2.070
-213.792 13.885 154.956 1.904
-155.763 87.376 31.782 2.140
-16.547 -156.284 -17.924 1.814
72.530 -186.893 154.332 1.912
197.548 -133.441 -59.926 1.965
-94.759 -142.398 -63.917 1.774
82.235 188.181 -184.147 2.045
-92.675 -23.547 17.627 1.924
-98.926 58.343 78.804 1.973
51.716 -129.734 -145.058 2.011
-213.544 156.700 118.408 1.840
-154.728 -113.924 -131.334 2.059
-150.157 168.078 -154.822 1.996
-145.719 85.701 -47.250 1.927
-55.460 80.730 -162.640 2.277
-192.734 44.703 57.125 2.040
204.744 -189.057 -149.349 2.049
89.282 136.393 6.482 2.066
-203.994 -58.032 162.716 1.884
-65.198 144.092 -44.568 2.032
29.663 73.742 -7.279 1.901
-6.193 -62.782 -35.646 2.085
-147.745 159.780 40.582 1.851
-214.328 -169.261 109.545 1.836
-114.203 79.458 20.032 2.058
-0.344 -147.461 -65.640 1.957
149.708 -21.427 17.251 1.885
-133.810 18.992 88.565 2.069
-147.755 -67.932 183.017 1.916
-165.943 7.297 37.604 1.864
-146.929 -158.669 -96.209 2.108
-84.040 -3.359 -92.654 2.024
-80.884 -10.075 -115.033 1.931
180.245 19.029 190.146 2.035
194.978 -29.417 68.288 1.894
-128.448 -20.262 -186.082 1.902
165.090 171.827 -76.401 2.096
-199.129 156.155 178.557 2.074
-39.346 -143.994 1.840 2.025
160.199 186.665 83.489 1.780
-96.129 -147.345 -132.893 1.781
-77.392 167.123 -8.913 2.026
-168.842 -163.895 -134.806 1.935
-209.565 12.925 86.953 2.005
-27.848 -180.120 72.950 2.007
220.695 -189.468 -87.464 2.062
10.116 -119.796 -179.209 1.952
132.891 -11.969 89.496 1.919
7.197 -45.586 -1.056 2.031
0.907 -5.185 -70.979 2.061
-147.648 -66.881 -21.084 2.045
41.586 159.156 -107.111 1.972
223.943 -83.990 -127.360 1.777
129.006 189.510 -146.242 2.042
177.822 -76.960 -7.690 1.950
-153.630 -85.406 98.968 1.952
-10.848 86.799 -185.549 2.022
-58.318 -128.987 13.898 1.954
218.554 100.127 63.412 1.913
-128.784 -20.671 -111.098 2.007
-91.213 49.130 -20.600 1.894
88.770 41.205 -175.295 1.991
200.518 150.000 69.649 1.964
-79.823 157.865 -97.059 1.864
-36.909 19.838 53.503 2.013
20.204 99.393 -41.406 2.004
-186.276 -95.560 86.256 1.966
-58.654 167.472 193.852 2.171
26.013 -57.569 -40.544 2.021
-192.429 114.205 -35.100 1.790
215.378 6.070 11.998 2.061
1.442 20.736 51.953 1.934
34.123 -2.477 65.989 1.902
207.770 144.618 -141.252 1.947
23.185 -40.675 -117.576 2.184
-206.551 135.754 -35.477 1.895
-135.904 -151.162 -50.741 2.044
-136.876 -136.234 -160.708 2.044
-35.490 -140.158 154.811 2.091
-150.109 -119.215 58.610 1.984
73.110 -112.118 155.837 1.960
-107.000 146.108 61.991 1.915
-123.869 49.896 156.190 2.056
139.070 108.928 137.852 2.038
74.412 -163.403 79.031 1.916
-112.980 -13.798 -113.215 1.988
201.562 176.918 -172.167 2.146
47.092 187.538 -50.460 2.036
147.363 -88.365 -180.558 2.129
192.566 74.436 75.073 2.006
-21.508 182.644 -13.743 1.998
120.404 79.265 57.995 2.060
-7.535 125.644 -136.681 1.767
-113.281 131.057 -24.571 2.042
44.969 -170.354 -61.625 1.895
57.356 -70.631 -162.926 2.010
-126.244 27.675 21.874 2.002
-204.164 70.473 -71.327 2.057
195.220 -182.965 43.800 1.949
-140.090 -109.205 181.538 2.034
-46.373 172.287 -3.802 2.059
152.145 -64.951 62.807 2.092
82.695 129.953 185.053 1.823
89.111 -173.269 27.620 2.082
56.680 138.864 -159.545 2.022
21.074 91.161 -65.064 1.796
114.764 -124.912 146.180 1.972
154.630 150.136 -117.796 2.039
2.292 4.099 -168.324 1.927
99.378 132.465 184.892 1.986
-83.002 -149.185 21.732 1.904
49.410 58.153 141.676 2.217
72.323 -129.659 45.529 1.932
137.224 -149.763 -173.454 2.011
222.324 10.474 135.468 1.953
223.217 63.372 82.565 1.933
18.631 -47.766 -96.216 2.076
-32.919 180.020 -41.410 1.984
154.047 38.006 -50.869 1.934
-43.740 95.332 159.953 2.204
-183.080 -29.239 -74.115 2.125
-68.062 -163.672 -187.454 2.056
-159.072 120.047 -54.773 1.929
169.593 47.841 131.346 1.887
-62.876 -154.655 145.703 1.990
39.975 -93.380 75.829 1.803
108.013 -58.027 114.735 1.834
46.456 115.022 81.980 1.999
-224.744 -137.557 -61.237 2.110
96.488 71.018 -86.019 1.993
137.754 -69.479 -83.533 2.032
74.522 -132.885 -16.317 1.970
-168.274 150.442 56.460 2.079
78.310 -158.303 187.502 2.121
207.635 -164.621 -159.088 1.993
183.236 57.376 -141.582 1.948
200.476 31.843 -155.483 2.120
-1.113 36.411 -67.724 2.107
60.919 111.328 76.485 1.999
-184.722 101.802 164.000 2.029
-76.732 176.945 195.603 1.905
50.550 173.380 131.658 1.982
107.297 36.455 -135.500 1.904
114.869 -115.182 -33.084 2.042
-79.178 -119.268 -63.695 2.062
-65.136 -16.644 -23.852 1.988
188.698 115.908 17.068 1.899
