-195.685 -75.733 65.548 2.063
-149.496 -68.387 52.769 2.080
-142.757 144.086 161.641 2.027
-133.496 7.443 123.119 2.028
128.130 30.370 168.337 1.904
-103.878 -130.131 -21.113 2.260
-44.614 -66.577 -145.132 1.969
-161.502 54.671 -105.010 2.047
139.694 -112.274 180.305 2.164
-108.159 -171.815 154.486 2.066
-212.838 -168.741 63.194 1.925
33.066 88.736 -151.960 1.903
-150.811 -34.314 79.466 1.926
-15.968 -101.384 187.079 2.040
-158.509 67.105 146.832 1.894
-15.298 -166.544 -133.286 1.901
79.582 96.270 183.762 1.953
185.766 -160.218 74.065 1.959
-137.662 -152.161 20.979 2.119
85.084 -9.339 35.127 2.119
83.827 81.083 -16.399 1.892
113.765 -154.284 192.715 1.967
94.792 -47.945 120.534 1.970
-33.110 54.905 -9.943 1.942
-178.448 173.310 -178.830 2.080
-117.184 -66.857 -35.891 2.104
-9.086 -76.569 111.430 2.033
176.993 15.141 27.282 1.997
70.578 153.468 -155.052 1.954
54.042 24.550 -65.339 2.055
143.606 -108.138 -31.406 1.971
-217.405 -76.734 -151.582 2.081
84.885 156.657 -3.861 2.049
116.054 -74.133 172.451 1.991
-122.380 21.014 -50.927 2.039
145.115 177.475 113.147 1.923
24.510 -152.617 93.547 2.054
-102.592 -123.242 86.366 1.904
124.913 137.842 4.383 2.017
-11.435 -115.137 -51.007 1.894
-159.473 125.471 -164.311 1.887
-167.649 -32.943 135.425 2.044
59.034 26.663 -160.294 2.111
-7.170 -106.247 -6.258 2.053
-120.663 108.461 129.708 2.018
96.788 -59.472 -0.692 2.116
41.703 87.145 -64.715 1.834
-222.382 -103.118 191.664 1.964
-51.346 -97.633 70.238 1.935
-72.595 -138.174 63.633 1.989
48.014 -105.446 -103.115 1.934
-223.887 179.077 -64.990 1.920
-205.129 -45.557 -57.916 2.105
-203.491 -126.979 -39.490 1.896
-48.313 -140.896 54.151 1.943
-66.274 -96.876 163.932 2.126
213.775 152.921 -94.829 2.055
148.751 -111.573 -197.400 1.944
-28.005 -77.117 -75.520 1.884
-92.109 4.854 136.557 2.042
-193.568 59.882 101.704 2.085
61.735 141.964 129.373 2.023
54.451 -46.313 182.974 2.051
101.627 -45.353 -127.345 1.848
-55.234 -99.443 -180.692 2.135
-14.636 -142.769 -89.274 2.017
11.638 -154.536 33.808 1.998
210.835 -59.523 172.026 2.105
65.730 -155.823 -110.963 2.004
65.629 29.213 181.819 2.221
20.137 23.396 107.344 2.108
-16.872 -52.850 -43.085 2.035
48.231 -105.214 162.949 1.997
166.730 -143.376 5.115 2.037
-218.651 -119.291 177.585 1.955
-57.885 -157.109 -179.309 2.187
106.179 185.177 -107.954 1.853
58.503 10.955 -54.079 1.926
-150.730 -107.104 -117.948 1.903
-13.415 98.714 111.412 1.894
157.661 29.578 128.140 2.019
-89.207 18.676 -24.989 2.118
-6.246 -16.387 -129.446 2.097
-112.842 63.758 55.008 2.215
-22.589 -79.153 126.179 2.091
219.793 85.447 183.098 2.230
220.241 -81.413 176.318 1.956
54.228 -173.622 -181.193 1.913
106.241 19.961 91.461 2.041
-128.164 46.818 73.934 2.066
107.907 -61.252 20.456 2.084
-15.646 102.882 19.196 2.068
-184.297 54.808 89.902 2.045
215.501 29.048 60.292 1.884
75.851 -155.076 -24.847 1.837
-160.280 92.244 -102.618 1.836
-214.556 135.490 58.144 1.939
89.872 -66.586 -163.177 1.927
109.120 75.448 -37.882 1.978
-145.669 -163.067 -131.377 2.044
164.362 33.107 94.307 1.849
78.645 -162.087 190.883 2.140
-157.957 -179.632 91.932 1.940
-58.512 65.579 119.847 1.927
-8.724 43.821 139.823 2.152
52.222 69.413 -52.763 2.129
102.591 -87.969 41.283 2.012
7.819 97.168 -165.061 1.933
87.669 63.281 -30.847 2.014
208.786 -102.612 -151.700 2.235
-153.163 -136.909 179.445 1.799
-222.896 -90.139 74.206 1.790
22.073 150.341 -195.198 2.019
-28.620 -54.325 -46.881 1.876
109.738 -115.740 66.662 1.978
89.403 -27.518 -143.718 2.143
-93.758 75.935 179.373 2.145
166.423 -117.064 -138.362 1.829
-215.095 146.889 193.311 1.936
-62.977 -185.997 -46.597 2.005
-27.506 -46.964 -16.853 2.028
-205.113 164.954 185.473 1.867
64.439 51.167 110.438 2.043
-11.253 -18.557 111.639 1.912
-169.781 -29.990 -76.310 2.006
189.802 100.016 57.864 1.945
123.173 -36.371 -127.772 1.959
-46.801 -123.153 74.517 2.094
49.366 -85.792 46.276 2.015
-24.594 -87.589 -83.704 2.134
221.982 -28.329 174.613 1.904
21.472 144.361 83.224 2.074
-32.498 -180.217 -190.251 1.820
-8.748 4.878 16.221 2.096
1.857 -70.741 114.885 1.959
-217.252 95.129 85.334 2.016
79.390 -95.278 159.692 2.082
-193.345 -59.012 -53.689 1.962
-143.380 -122.393 -64.755 2.014
-158.864 61.305 -119.524 2.004
24.367 12.860 -99.248 2.201
81.421 -138.692 -85.990 2.084
54.806 -1.251 -134.704 1.971
-223.231 -184.029 -38.936 2.010
126.794 50.233 7.129 2.025
-101.701 -100.855 -60.149 2.135
161.533 -45.857 97.140 1.988
49.800 -70.447 61.405 1.921
-62.236 146.006 12.273 1.964
-20.873 -32.873 -148.252 1.982
95.970 148.244 -18.832 1.973
-214.208 48.332 64.032 2.123
-201.004 -36.791 -194.875 2.069
67.024 -38.499 -32.559 1.954
201.385 -91.229 135.404 1.971
-177.084 -158.669 -133.487 2.091
-151.690 111.897 -140.025 1.890
-107.528 -50.700 -143.916 2.027
152.789 21.624 45.963 1.859
78.029 155.327 -127.200 1.933
177.384 -175.780 51.126 2.057
35.175 53.122 5.931 1.919
6.493 143.398 -43.017 1.899
74.472 -183.434 188.638 1.816
-193.311 143.567 -100.685 2.094
-21.971 56.094 -138.196 2.168
185.619 -128.907 -73.960 2.137
217.025 -62.189 131.927 1.886
-18.869 -129.403 126.423 2.077
146.766 -160.713 -3.741 2.015
108.257 -83.210 -140.139 1.868
28.409 -162.805 111.285 2.021
-93.565 77.074 7.229 1.853
50.937 113.385 -104.620 2.125
160.087 34.158 23.649 1.970
145.620 -87.927 161.436 1.920
-120.775 -51.705 -24.190 2.138
-92.060 38.709 -53.818 1.973
-26.936 -14.057 110.380 1.907
39.625 77.160 -123.495 1.960
157.698 83.589 119.451 1.962
185.187 139.589 -81.820 1.973
-102.201 113.463 181.790 1.904
168.130 168.800 96.547 1.770
28.853 112.259 -193.940 2.068
133.742 -19.664 195.851 2.090
-207.564 -39.121 -44.795 2.158
31.364 -146.620 62.379 1.992
222.382 -152.504 100.535 1.861
-157.069 90.147 81.634 1.963
121.971 -3.661 -133.087 2.030
-171.003 156.656 -25.737 1.916
222.329 161.165 171.885 1.945
20.191 -97.947 -132.961 2.088
-34.886 142.272 62.773 1.799
37.537 -142.816 -55.036 1.881
77.422 41.948 -19.235 2.211
-190.288 70.590 -15.381 2.067
109.298 -151.921 177.571 2.131
-189.710 105.347 -182.105 1.922
-224.395 10.391 -188.598 2.081
76.864 -135.810 91.379 2.037
54.046 -20.109 73.685 1.898
156.229 -31.325 -45.440 2.010
139.240 76.306 -110.132 2.025
211.524 -116.137 184.283 2.063
159.208 22.263 -0.854 1.928
80.754 -41.963 90.726 1.963
94.798 116.248 198.946 1.981
126.957 -142.481 55.508 2.147
86.901 57.110 0.474 2.101
-184.742 -10.809 198.356 1.890
33.240 -46.807 -88.328 1.907
-196.131 125.318 8.252 1.935
139.975 85.919 152.994 2.154
41.732 32.718 -165.637 2.056
57.562 154.099 -37.102 1.991
75.789 -55.680 -152.835 1.994
-178.533 -99.315 -154.374 1.954
-114.351 -181.570 -161.949 1.977
8.767 -55.251 18.558 2.133
41.998 -171.428 146.650 2.142
143.745 137.261 154.734 1.972
95.227 49.612 -11.417 1.952
89.992 79.663 37.927 1.901
-216.671 172.521 98.042 2.065
164.231 -188.722 51.370 1.927
195.225 21.800 -57.213 1.903
-31.471 -184.707 -193.437 2.126
20.377 140.011 -96.485 1.870
-104.347 166.254 190.164 2.015
-30.512 -163.831 33.615 1.903
-141.904 -163.893 58.634 1.921
68.131 111.530 162.687 2.009
198.594 -128.191 -135.341 2.014
125.142 174.526 130.454 1.898
73.183 -20.117 59.821 1.978
106.801 -146.013 -55.532 1.957
-185.678 100.292 86.633 1.914
-180.280 -85.879 132.040 1.874
-209.611 172.227 58.711 1.987
218.050 141.156 -194.995 1.946
-55.959 77.100 168.724 1.896
152.529 55.203 -44.377 2.022
88.931 -93.103 99.367 2.142
-124.799 38.992 -150.291 1.920
-136.825 48.492 -111.860 1.958
161.394 -62.980 -24.497 2.103
-198.874 36.591 80.591 1.981
-134.680 -32.883 -164.075 1.981
50.095 -168.118 153.932 2.169
-45.381 -81.815 174.437 1.893
-114.327 75.925 -179.189 2.157
220.791 108.518 189.057 1.981
140.921 -130.882 2.053 2.129
43.158 -4.245 -44.257 2.041
216.408 149.487 -72.991 1.840
63.949 157.082 -9.326 1.959
-191.766 -93.924 -41.508 1.942
179.506 53.438 81.270 2.097
-160.189 -93.394 11.395 1.934
-190.450 -29.052 147.302 1.910
-72.284 67.665 107.868 2.042
-94.488 -104.970 -181.294 2.044
-171.950 -62.941 -9.534 1.892
12.684 -106.772 -76.720 1.705
78.080 -158.427 62.782 2.016
175.716 182.209 67.932 2.124
-65.746 -47.875 162.039 1.892
180.673 70.447 -108.409 2.158
4.737 -181.283 2.729 1.954
-71.579 -64.108 -64.605 2.054
-51.007 -173.451 -197.713 2.040
64.381 25.865 135.028 2.000
-146.375 -46.216 -184.859 2.026
-62.328 -112.586 -54.770 1.868
148.625 144.637 112.024 1.997
185.309 84.897 -64.361 2.048
-85.577 -132.890 -90.300 1.955
-45.952 168.220 87.005 2.049
-20.720 50.251 -172.056 2.088
106.150 152.445 -107.804 1.850
122.217 126.159 -140.586 2.035
117.105 114.987 184.146 1.922
-122.672 102.610 -184.960 2.008
-150.745 148.335 93.936 1.872
187.891 -39.230 164.965 1.744
35.380 17.931 -140.759 1.892
-183.787 -74.829 79.849 2.005
-23.333 54.960 27.726 2.030
4.613 116.673 -38.739 2.131
-92.111 146.235 51.871 2.048
21.614 59.027 178.941 1.787
-147.280 -115.260 -42.021 1.994
-110.251 149.682 58.311 2.095
35.259 -171.252 -178.159 1.900
136.142 -22.842 -132.305 2.081
-71.542 -64.143 54.098 1.956
-46.527 -34.976 -130.411 1.968
77.879 60.277 18.349 2.080
-210.764 -47.628 54.990 2.022
-199.042 -40.082 73.203 1.983
-73.682 74.745 -165.648 2.134
-203.456 102.337 -89.490 2.076
-139.339 -116.863 108.241 2.208
-182.998 139.615 -143.724 1.827
-145.545 -65.392 -132.444 1.923
-110.863 64.949 122.723 2.013
107.357 -53.175 107.660 2.123
3.789 7.659 -18.127 1.954
209.783 4.735 2.883 2.017
119.957 119.340 56.407 2.136
-49.478 20.930 187.270 2.055
12.691 150.463 -72.284 1.933
-151.871 53.282 -7.369 2.079
-222.413 137.576 121.629 1.811
217.069 -189.803 -46.697 1.901
217.284 69.515 -57.167 2.039
95.211 -159.023 -32.662 1.864
158.222 65.429 -182.136 1.951
103.357 -46.179 -27.564 2.159
119.609 56.263 121.362 1.985
107.071 74.619 124.025 2.016
-90.923 -170.945 182.357 2.129
48.298 -1.287 75.741 2.127
161.941 125.648 126.116 2.074
-62.206 -189.157 97.176 1.976
-120.386 -158.294 5.283 2.072
-29.779 -123.448 194.786 2.057
-12.009 114.609 -30.819 2.113
141.947 158.925 45.034 1.908
52.927 -167.886 -5.936 1.954
-50.432 -122.174 -64.579 2.070
56.503 120.561 -15.980 1.761
-127.206 2.442 146.696 2.158
-95.479 153.448 -177.841 1.929
90.604 107.903 164.747 2.122
-54.103 9.847 153.049 2.141
3.691 126.333 -26.763 1.767
154.060 -83.112 44.525 2.054
-127.629 -129.464 -0.613 2.056
-64.137 -32.760 175.732 2.010
-58.870 81.329 48.054 2.077
-206.627 -146.999 -102.153 2.017
-17.909 -149.305 -86.875 1.946
-218.981 -23.636 -99.200 2.027
49.052 50.777 -78.363 2.132
-199.445 13.169 28.889 1.818
16.329 -8.898 95.760 1.881
91.329 165.009 31.472 1.893
-222.982 -17.234 115.641 2.121
-219.443 97.107 145.916 1.877
159.290 -107.431 -176.407 1.962
72.311 -162.854 -10.031 1.944
20.189 107.572 -190.247 1.959
-101.123 102.572 158.204 1.996
60.569 -28.812 -193.087 2.029
-2.575 -171.254 -114.572 1.943
53.534 62.551 -93.213 1.919
-48.736 98.130 -63.613 2.071
-170.997 80.898 6.719 1.964
153.479 -98.454 -157.604 1.882
141.295 68.745 -191.347 1.961
198.367 -62.269 76.907 2.112
32.813 12.121 132.286 1.958
99.059 -53.132 -12.023 2.054
-117.666 -165.824 -152.614 1.905
-35.650 -54.329 37.001 1.993
148.382 132.822 9.536 1.839
165.036 50.942 -71.020 2.070
-165.488 -154.122 68.263 1.906
135.354 125.453 -197.052 1.918
164.359 135.185 -57.839 1.781
169.249 -88.561 186.325 2.125
40.244 -62.425 54.361 2.013
-222.138 89.980 -101.458 1.841
-186.123 -30.442 26.129 1.862
-123.784 -96.490 60.992 1.881
-207.988 -114.827 70.799 1.945
124.798 -57.507 -60.000 1.891
-185.440 160.495 93.818 2.079
-62.041 129.539 30.398 2.051
-162.963 165.986 -77.409 1.967
223.357 -90.043 -125.628 2.069
-54.854 49.758 26.339 2.046
-161.027 59.900 -56.034 2.031
78.259 -18.635 -24.730 1.932
1.493 91.303 171.792 2.109
-140.492 -100.374 -100.303 1.909
-221.491 -22.729 180.732 2.002
-167.101 144.666 136.621 2.023
-166.006 141.965 171.697 1.881
-42.926 147.492 -79.119 2.002
138.588 -143.919 190.099 1.855
-111.731 -42.511 106.142 2.039
-116.045 8.474 86.332 2.039
-52.763 101.611 -118.189 2.009
89.179 27.127 131.623 1.956
-99.644 87.645 143.282 1.750
102.536 -49.550 -71.906 2.111
125.478 143.589 122.780 2.009
-187.890 -160.659 -65.058 1.798
30.745 -121.056 51.340 1.943
-37.971 -83.225 -109.349 1.956
-211.460 -100.633 -145.316 2.047
181.035 -114.780 115.593 2.109
-7.264 110.477 -101.219 2.073
181.876 132.879 30.653 1.926
210.787 -132.697 -82.744 2.109
-53.856 2.382 -159.498 1.868
134.124 3.012 -167.483 2.057
-222.341 80.463 -174.455 1.940
-214.306 154.882 194.266 2.046
-2.436 -181.625 -192.260 1.974
104.164 -58.662 97.037 1.869
-166.424 -116.979 -161.530 1.987
-73.786 185.071 -107.658 2.120
120.680 -36.868 -158.269 1.988
47.236 110.583 -109.240 1.964
219.248 18.800 -57.530 1.900
-63.573 57.050 -14.267 1.860
-114.801 127.097 -41.236 1.890
195.917 -153.291 -181.635 2.064
139.501 20.978 137.899 2.047
-35.870 183.089 87.581 1.895
-41.705 -125.557 -61.793 2.052
-102.152 40.010 55.914 1.993
136.700 -78.505 1.519 1.879
115.070 -119.497 191.380 2.007
-221.378 -136.211 -113.157 2.187
26.195 24.671 34.603 2.044
-49.656 8.695 20.189 2.120
71.386 14.859 -78.418 1.747
37.414 -171.719 163.571 1.996
-4.391 10.927 198.827 2.195
155.035 21.749 -17.230 2.057
11.975 149.738 -167.855 1.950
-60.473 75.330 122.327 2.105
-148.618 61.093 -177.574 2.097
77.459 114.199 -14.091 1.989
-161.161 35.246 -144.657 1.982
214.355 101.226 -122.309 1.771
-206.370 7.536 73.957 2.149
210.609 -97.026 167.263 2.014
105.267 -153.596 1.048 2.005
23.665 -32.585 -170.572 1.937
-18.869 11.267 -147.840 1.866
180.035 41.505 55.142 1.841
-85.027 -52.786 -46.586 2.078
133.238 -185.854 -46.212 2.159
191.285 131.065 73.995 2.032
-146.647 -116.320 100.286 1.964
106.166 -90.639 -103.557 2.117
124.781 -189.196 33.936 2.024
165.867 132.755 72.239 1.993
135.169 -166.631 49.886 1.941
49.091 -167.395 -27.281 1.944
-167.465 -6.321 110.880 2.010
-14.542 179.557 -177.577 1.950
-41.198 -181.218 -158.227 2.079
-5.370 186.971 169.532 1.928
121.776 12.858 -143.656 1.762
-54.353 127.932 149.610 2.054
71.904 111.526 28.679 1.956
145.359 33.423 87.963 2.117
-2.611 162.663 -188.754 2.155
-181.580 22.747 114.242 2.054
104.240 -141.852 180.463 2.017
173.259 -159.553 -161.126 1.933
10.575 55.733 184.469 2.070
75.940 -184.406 93.313 1.908
131.671 169.031 -96.853 2.045
142.215 -71.653 55.029 1.913
135.884 121.884 -63.239 1.903
103.990 175.512 83.919 2.077
65.146 -50.636 -156.809 1.946
-196.963 -147.847 -171.511 2.077
-38.969 -57.499 52.028 1.959
197.834 -147.573 152.434 2.171
182.225 -183.737 -26.046 2.094
-24.051 112.262 74.557 1.947
-211.883 123.031 167.640 2.030
20.613 27.854 61.316 2.023
-138.877 67.624 198.353 2.068
-183.379 -105.978 29.110 2.022
165.049 -16.231 60.366 1.808
-131.261 63.593 78.283 2.012
195.820 105.918 121.350 1.977
137.210 136.662 -189.417 2.003
155.178 -69.396 -106.409 2.178
-134.913 152.345 113.661 2.010
-223.955 110.335 104.327 1.976
-41.380 100.867 -117.571 2.265
9.469 134.704 84.295 1.947
168.803 -145.467 -160.470 2.015
-186.288 18.098 44.887 1.955
-123.625 -61.465 -56.498 1.991
-206.679 71.170 -51.708 1.839
-41.789 -172.156 136.549 2.028
-33.632 94.005 -137.898 1.942
42.768 -97.772 -155.954 2.029
192.652 -80.923 -192.424 2.016
-93.848 -22.458 -16.365 1.976
-54.101 -120.598 69.955 1.926
33.437 175.412 154.697 2.127
79.522 113.275 -15.644 2.049
183.681 54.325 -109.725 1.883
-55.764 175.315 2.731 1.962
-214.618 148.482 166.882 1.936
82.564 -165.647 -140.604 1.995
124.260 -106.255 -81.583 1.895
68.157 -150.361 -153.551 2.048
102.933 168.230 178.381 1.978
28.722 -185.200 -49.221 1.949
95.816 142.003 -92.810 1.886
-53.547 32.182 -172.163 1.910
58.199 39.091 86.471 1.938
25.332 -170.858 -34.460 1.947
-69.055 -186.745 -199.741 2.136
-106.915 166.086 -100.732 1.963
37.268 97.983 -72.304 1.966
207.915 10.080 185.436 1.996
174.869 162.267 82.028 2.002
-36.516 100.096 44.038 1.961
51.113 123.005 60.935 2.075
-191.766 127.297 81.404 1.997
-102.265 59.578 104.706 1.844
79.012 -119.502 122.094 1.897
-101.369 -67.431 -58.245 1.967
-95.655 -74.730 -32.795 2.012
133.669 136.589 -194.769 2.039
-166.976 27.322 -18.117 2.082
188.610 121.269 147.826 2.099
-45.610 164.463 -6.537 2.100
131.140 24.756 -95.859 1.815
-36.849 114.746 -183.699 2.122
129.855 -36.662 -13.858 2.029
151.374 -36.606 -78.403 1.964
120.767 -38.688 -42.328 1.927
-62.156 23.641 110.100 1.712
-42.282 177.812 28.289 2.005
204.078 168.476 52.721 2.111
-34.965 -47.631 -122.333 1.862
18.926 -96.158 -160.366 1.830
7.817 173.997 -140.883 1.937
191.154 -132.606 60.683 1.989
33.015 113.282 -168.567 2.152
-73.768 6.372 -50.241 1.921
100.963 42.422 183.178 1.929
87.783 -81.027 -166.596 1.980
104.057 31.821 192.679 1.861
-166.879 -173.541 141.831 1.988
180.886 185.032 -85.744 1.928
-81.410 -94.729 114.414 2.020
-75.267 -156.319 -97.743 2.008
101.599 81.779 -96.403 1.959
-54.074 142.377 -58.470 1.973
8.214 104.913 -188.813 1.868
43.950 -94.074 -16.024 2.050
-3.123 78.518 -26.685 1.820
195.808 -57.822 -72.268 1.969
187.088 167.560 -104.558 1.974
199.602 -177.618 -120.427 1.764
164.555 91.033 -170.730 1.993
-169.880 22.983 -147.621 2.222
98.931 -60.326 75.187 1.892
-68.305 33.467 -180.760 1.914
63.397 188.972 28.129 2.157
-160.453 2.319 67.761 1.959
108.418 -26.363 -66.173 1.972
-179.737 171.062 192.126 2.083
-193.016 -100.830 22.697 2.091
173.574 -171.241 118.951 1.961
-162.737 -186.431 -18.880 2.011
67.083 182.448 -105.869 2.001
-185.523 -13.247 -56.106 2.072
105.273 165.136 -77.216 1.800
153.310 -10.493 -83.528 2.101
-116.260 -133.111 -27.174 2.122
-90.274 -57.284 -12.714 2.002
104.420 -127.894 -50.600 2.178
94.056 -89.879 -128.500 1.958
130.428 -143.241 -190.580 2.090
-181.024 81.519 111.252 1.844
-223.862 112.259 161.868 2.042
-180.147 -165.978 -46.445 2.065
204.582 -46.293 -180.583 1.861
49.022 15.827 0.587 1.832
-23.135 19.600 143.694 1.984
182.517 109.791 69.645 1.932
58.529 -154.032 55.006 1.961
97.966 58.050 -145.008 2.085
-188.752 -157.930 42.667 2.012
-213.526 -29.615 -8.157 2.177
56.737 165.001 132.240 1.818
29.039 -163.815 -88.889 2.015
63.316 117.882 97.503 2.038
176.955 -160.105 -157.714 1.924
-82.538 83.070 -30.881 1.859
183.399 141.000 -56.431 1.775
-119.142 123.192 -98.542 1.872
-46.785 94.991 -149.982 2.026
23.939 93.493 -63.015 1.954
159.787 -75.637 -137.810 1.957
-153.419 -32.388 113.211 2.001
211.522 145.700 172.566 1.988
-131.716 129.301 -181.446 1.917
124.631 -26.952 149.231 2.114
100.418 -80.411 -114.622 2.003
-54.008 -1.754 62.828 2.145
-5.536 81.187 127.291 1.874
-211.317 113.931 -68.004 1.981
54.027 65.067 120.477 2.100
-105.466 168.499 131.263 1.907
-140.516 24.398 113.137 2.034
48.751 -121.528 -132.021 1.753
97.785 -97.399 -83.529 1.911
21.418 -164.691 127.002 2.160
-180.400 142.838 181.179 2.182
-82.931 -155.571 72.122 1.974
23.079 -71.032 50.319 1.874
208.266 144.520 155.915 2.119
68.046 169.531 114.742 2.031
-211.598 -172.720 -117.763 2.076
-206.202 -120.088 66.523 2.089
18.891 47.530 -177.681 2.115
134.582 -158.215 -197.705 2.061
185.780 -41.602 -101.712 2.130
192.550 -68.690 -132.660 1.954
187.788 188.807 29.532 2.096
-128.499 155.891 168.507 1.914
-151.370 -85.751 18.743 1.935
69.115 180.317 178.875 2.009
-44.341 -188.973 172.275 1.962
43.507 40.368 -111.471 1.933
41.663 101.322 -136.418 2.115
-152.576 -118.148 -186.351 2.005
51.400 27.261 -28.559 2.026
-86.569 -145.045 -114.956 2.098
-91.703 69.307 138.896 1.972
168.126 136.660 48.943 2.138
-54.168 185.324 -184.275 1.866
-95.226 -108.727 -62.651 2.011
131.708 164.675 -60.125 2.212
106.041 -114.806 -85.530 1.983
-135.857 144.031 130.475 2.022
91.388 155.647 -85.210 2.047
-108.097 -133.083 127.515 1.972
50.364 10.557 -150.087 2.018
-9.563 -71.238 -112.454 2.004
8.024 153.012 -22.699 1.996
52.974 58.235 -124.091 1.936
130.374 12.677 -47.422 2.015
215.234 -27.212 -33.113 2.125
-88.882 -103.540 192.007 2.090
166.233 78.607 -93.959 1.886
-12.093 -113.083 -165.404 2.114
-52.715 62.989 -158.864 1.927
42.775 -139.334 191.271 2.007
-24.992 57.827 -71.431 2.017
138.644 -15.253 131.913 1.876
213.145 67.357 13.624 1.985
90.683 -137.459 -84.165 1.772
-143.762 -59.511 -106.163 2.311
-69.810 -96.312 147.924 1.984
-122.098 179.100 -198.548 1.937
-83.353 -149.808 -61.028 1.846
-53.121 -14.368 172.422 2.067
-156.314 85.750 -115.977 1.902
-211.970 -136.477 -53.797 2.057
204.502 47.520 193.327 1.974
58.539 -117.953 -190.280 1.977
182.415 2.871 -120.424 1.973
170.136 144.041 25.328 2.030
213.688 -162.364 119.125 1.950
-210.033 73.618 -145.875 2.052
123.867 172.679 20.552 2.118
-186.876 -31.988 93.781 2.169
2.437 14.150 144.945 1.906
-36.934 -46.482 194.479 1.993
-95.252 -62.049 102.912 1.898
-104.822 187.262 -91.738 1.718
-190.974 -172.042 4.023 1.873
209.615 31.275 86.698 1.872
82.599 93.987 -53.705 1.948
92.662 8.122 152.924 2.041
-136.909 90.595 -162.704 2.094
-114.609 113.223 6.780 1.994
189.910 -39.752 6.905 1.929
-209.329 170.959 -173.490 1.917
136.617 -146.208 -172.069 1.869
-160.816 -57.743 -152.380 1.977
-118.313 -100.439 -190.734 2.114
170.794 -123.098 182.466 1.877
187.174 153.083 -123.014 2.124
-159.605 182.241 -98.585 1.848
-99.519 -156.933 -188.458 1.986
-164.975 91.549 169.176 2.086
-64.147 3.310 127.397 1.836
-36.670 186.856 181.924 2.112
195.995 -56.941 18.903 2.147
85.355 -165.259 -17.895 2.005
-38.185 51.555 -145.729 1.904
58.504 -46.775 176.949 1.909
-6.207 -89.992 -109.308 1.900
-185.471 17.666 -107.781 1.994
-156.497 151.429 -186.846 2.128
-24.973 -185.063 -55.940 2.167
-221.402 15.429 -0.233 1.980
-6.723 27.899 149.581 2.078
46.889 -117.846 169.264 1.884
111.665 -174.442 -107.970 2.195
173.197 122.057 132.997 2.126
50.249 -125.672 -175.584 1.869
9.267 -149.468 12.757 1.973
215.389 36.397 -68.028 1.915
181.275 -39.416 149.925 1.899
-181.145 63.186 -129.844 1.884
63.826 1.641 71.163 1.962
-74.185 168.585 191.409 1.949
-108.775 103.977 60.496 1.899
88.543 -168.311 -32.635 1.949
-205.215 120.853 142.217 1.894
119.233 -142.837 190.084 2.135
173.381 -152.604 100.860 2.069
160.040 98.990 -123.284 1.953
-87.764 33.897 -105.181 1.983
170.499 18.947 -100.064 2.027
-142.871 42.316 140.081 1.989
-108.197 16.533 -35.982 2.024
77.393 -144.698 32.782 2.081
-159.374 -107.295 -45.405 2.037
-198.593 128.213 63.895 2.001
58.219 58.871 -34.992 2.029
-97.185 81.041 -130.874 1.964
71.174 81.059 -128.050 1.983
-220.262 178.660 -51.901 1.964
-141.971 -8.958 162.992 2.184
-187.307 114.317 51.905 1.994
-144.761 -41.298 -62.303 2.013
-186.769 119.014 -154.387 1.943
76.205 -43.231 -124.353 2.024
98.590 76.346 187.862 2.002
200.913 22.904 -60.939 2.001
-79.601 87.520 -192.087 2.099
-32.455 143.698 -107.625 2.000
44.699 89.386 32.030 1.945
-155.207 169.751 45.710 2.018
-26.868 114.079 -81.154 1.926
-54.752 -26.641 -186.990 1.994
-192.488 21.190 175.660 1.979
-166.747 -170.269 -2.131 1.786
-118.595 -44.516 -11.865 1.910
152.994 -153.847 -57.586 1.963
-142.188 180.588 -112.313 2.043
-104.540 57.111 8.988 1.999
165.562 29.434 -39.858 2.152
-138.697 -182.461 -139.108 2.109
24.758 -138.204 90.134 1.972
88.794 -82.212 3.697 2.107
-175.813 -154.128 -160.970 2.049
148.262 91.692 133.649 1.888
-96.022 108.325 -145.826 1.843
165.858 -155.795 -109.572 1.810
74.477 189.809 5.495 1.936
97.247 59.987 -173.682 1.924
38.849 147.119 -29.541 2.030
89.606 10.009 28.283 2.039
-169.593 -82.239 88.125 2.093
67.691 23.971 -130.155 1.854
-191.929 -36.169 26.171 1.859
-169.395 -156.732 180.965 1.939
197.881 97.933 -77.045 2.075
-79.996 185.628 -150.873 1.864
96.129 151.545 -182.000 1.864
-218.235 -108.988 140.509 1.879
-61.093 -5.575 194.370 2.010
36.870 -127.862 -99.577 1.827
151.817 132.986 119.067 2.174
-81.084 -174.025 -99.448 2.010
87.930 59.849 -85.672 2.160
-216.779 -158.472 189.881 1.817
26.054 -180.890 -191.270 2.052
-89.666 62.770 115.860 1.854
88.821 69.619 96.991 1.964
147.586 -143.871 -160.938 2.059
-14.140 110.578 135.207 1.961
-137.796 150.902 -188.786 2.010
130.883 82.506 -178.281 1.959
-218.877 33.153 -198.761 2.011
13.590 27.507 4.652 2.171
-59.048 14.869 60.976 1.913
-60.353 56.519 146.261 1.923
224.736 48.077 -183.912 1.987
211.870 -188.777 120.244 1.959
-12.857 76.728 174.772 1.975
66.063 -83.479 94.181 2.077
-164.289 -70.571 149.175 1.922
93.306 27.320 92.763 2.125
83.828 -49.134 -39.786 1.839
129.105 100.426 -143.929 1.987
102.682 -107.759 -80.119 1.960
126.027 -54.969 147.286 1.989
-117.721 -92.803 188.830 1.770
94.722 174.355 111.260 2.115
5.747 -149.731 117.667 1.965
-84.740 141.552 81.291 1.907
-215.166 -152.350 64.777 2.094
-43.191 26.222 -185.617 2.093
-21.093 131.648 136.880 1.931
-178.126 -21.493 163.432 2.211
118.353 29.107 32.935 1.901
69.691 55.452 130.958 2.009
37.164 173.190 29.959 2.116
30.316 -16.676 8.334 1.983
108.460 15.085 143.423 2.044
-86.562 22.301 80.619 2.017
-15.469 -88.259 -167.568 1.846
-188.589 -115.434 3.493 2.062
-46.293 -135.080 122.448 2.012
135.057 -94.405 30.884 2.120
-148.873 -18.242 -112.527 2.018
-146.844 -101.313 99.098 2.005
-133.117 44.597 21.370 2.143
-38.860 63.461 54.280 2.113
-3.562 -58.166 127.905 2.023
139.741 -52.447 96.063 1.999
-11.315 -70.850 -106.584 1.892
-111.069 172.652 176.110 1.959
-205.038 -48.438 -74.081 2.015
184.055 73.319 196.959 2.213
138.096 162.758 -94.345 2.034
210.135 14.714 -165.861 2.071
31.946 -72.403 -70.048 1.914
-81.077 186.302 156.091 2.092
19.859 -67.738 21.072 1.923
81.887 108.100 -10.026 2.084
-140.083 88.492 14.942 2.003
25.895 -9.239 -152.257 2.079
62.614 -90.745 -172.161 1.980
-80.938 -36.496 190.412 1.812
-127.791 -95.735 67.386 1.912
-166.587 -68.123 121.538 2.069
149.066 -75.071 39.519 2.161
-62.376 -62.853 134.664 1.977
-187.103 127.025 16.342 1.986
68.436 3.190 165.998 2.127
187.780 -112.822 -26.150 1.977
214.969 109.070 -150.740 2.105
108.858 -39.046 102.767 1.844
175.864 -18.832 -20.836 1.918
135.205 117.581 195.423 1.817
19.112 -166.627 81.442 2.001
-24.834 133.610 -141.398 1.948
93.091 118.049 104.405 1.895
60.247 164.254 -89.660 1.740
-10.249 22.977 31.574 2.069
215.591 -174.661 -33.523 1.972
214.476 -83.790 139.779 1.775
207.725 174.408 22.840 1.928
-106.216 130.829 180.579 2.124
165.751 -8.001 197.018 1.880
-172.816 -74.038 100.851 2.021
-221.653 -95.726 -60.730 2.048
165.028 182.788 -10.042 1.900
-139.202 188.080 -199.288 2.056
98.635 85.053 -24.730 1.990
-56.228 2.245 -54.047 2.097
-30.252 -25.686 102.412 2.024
224.429 66.321 132.372 2.021
162.455 -67.136 -47.591 2.061
-110.498 -10.445 182.112 2.008
-88.625 -17.710 -73.950 2.150
101.111 -69.693 -13.294 2.085
-55.389 138.679 31.331 1.832
187.629 99.899 50.868 1.957
101.187 96.312 91.368 2.078
-46.239 -84.401 -183.717 1.906
-115.315 92.557 -60.440 2.113
-128.238 127.902 54.301 2.181
167.512 -81.659 182.683 1.920
38.656 -74.093 19.096 2.024
-218.686 -87.115 63.402 2.107
167.693 171.739 -100.077 2.096
127.375 -33.082 -157.699 1.991
-33.870 -187.482 -88.089 2.117
-11.248 -183.640 117.301 2.239
199.788 -171.024 45.970 2.017
-94.257 -22.780 -94.281 2.114
63.770 -69.162 -105.350 1.921
-57.275 -1.629 191.767 2.050
168.893 163.230 185.824 2.119
-75.257 -166.812 -56.831 2.150
20.758 -66.705 -94.684 1.799
101.463 69.671 122.397 1.996
-139.075 -135.693 58.799 2.022
82.223 182.181 -42.546 2.232
-119.146 18.085 -56.858 2.033
201.937 -4.389 -159.752 2.059
188.497 -42.866 113.657 1.956
66.533 74.189 51.534 2.000
-141.292 131.285 -89.973 1.912
83.683 130.731 144.773 2.085
221.238 -80.046 -105.798 2.014
-22.311 -83.524 -194.283 1.885
-208.157 32.380 169.273 2.026
116.508 -65.859 -86.875 1.926
148.349 112.493 -61.087 2.122
5.550 103.406 -64.159 2.086
-97.415 5.152 -80.877 2.047
50.627 121.848 -64.433 2.146
196.160 77.786 -52.168 1.994
-220.797 -28.634 13.181 1.995
-217.776 121.498 -36.027 1.994
46.386 72.414 106.520 1.969
-210.970 183.260 -51.114 1.918
-6.684 115.798 -77.438 1.808
-147.266 -59.254 -66.891 2.058
-129.410 -162.708 104.977 2.006
153.677 -34.299 164.531 1.916
44.365 144.037 -141.826 2.058
57.020 -55.643 -43.572 1.975
-30.204 48.064 -98.951 2.074
-193.556 -160.239 -56.017 2.020
130.715 98.767 160.986 1.746
25.504 -85.293 -197.051 1.888
73.635 94.638 122.819 2.001
-65.375 162.145 -114.229 1.865
184.701 -91.058 -162.754 1.934
-166.668 -96.275 -97.366 1.940
111.604 -82.090 -91.430 1.807
25.151 -100.291 -177.104 2.189
86.759 -13.369 -69.335 1.989
-41.803 -45.046 37.412 2.133
32.397 -162.000 -149.870 1.793
153.057 -128.167 60.654 1.937
3.455 -95.543 -105.504 1.884
-172.353 147.207 -14.290 1.924
139.781 -135.414 26.134 2.030
112.939 169.330 36.418 1.904
163.496 59.563 189.902 1.947
-75.391 -135.095 -132.627 2.089
23.394 166.038 113.753 1.953
200.354 138.897 -28.061 1.874
-203.317 29.042 -178.447 1.936
-137.855 94.780 94.556 2.047
128.750 -36.437 13.043 1.872
71.672 141.950 147.256 1.967
77.448 28.960 -180.284 1.925
161.781 -137.807 -45.056 1.874
111.759 38.655 -76.733 2.203
-22.715 176.772 -178.426 2.087
11.512 52.645 -121.259 1.962
196.975 -73.742 -109.163 1.915
-30.661 -187.414 -180.414 1.799
64.713 -127.287 -18.046 2.025
175.164 -31.129 193.609 2.153
-224.484 104.273 4.486 1.922
88.300 96.916 -195.341 2.109
-199.996 -153.342 182.501 2.025
-195.969 -4.682 -1.142 1.902
-169.221 -115.304 -63.369 1.954
-145.070 -1.816 -13.915 1.906
-56.549 -12.503 -85.366 1.969
-60.474 -91.881 119.367 2.003
-144.250 -142.124 -179.446 2.117
27.760 -177.019 -180.285 1.909
52.939 10.582 75.798 2.036
117.606 -100.899 67.687 2.029
74.827 23.467 -183.045 1.972
-2.049 -17.706 192.561 2.185
27.696 -162.015 6.458 1.840
-206.596 103.094 -132.489 2.053
116.865 -30.163 -167.025 2.060
-141.667 -166.614 -44.981 2.179
-18.487 120.012 97.346 2.128
-215.066 -135.661 36.108 1.958
-224.614 -125.422 -46.016 2.054
219.657 135.705 90.536 2.152
42.377 134.947 -190.447 1.925
-131.857 157.855 -61.167 1.965
-8.009 117.987 -165.547 2.023
121.640 151.331 -45.086 2.168
126.666 -146.998 -30.208 2.069
116.881 37.613 -33.695 2.155
146.811 178.498 -176.921 1.853
155.356 -166.825 -156.319 1.901
41.118 -25.183 -149.574 2.020
-161.609 -169.332 127.114 2.229
5.234 173.537 142.933 1.838
-2.384 -61.742 152.421 2.183
70.436 179.236 -191.536 2.085
12.281 -93.810 121.139 1.977
-217.200 60.704 113.145 2.048
99.756 -52.869 -38.514 2.132
-86.044 36.290 -183.753 1.797
134.103 -5.217 180.994 1.993
212.925 115.743 149.913 1.969
-178.406 -161.259 -22.825 1.842
-199.683 155.411 44.289 2.159
