149.595 -32.957 15.678 2.099
210.829 -79.515 118.179 2.040
201.410 123.743 181.203 1.950
-116.902 34.179 -17.854 1.891
48.348 -13.110 27.855 1.819
-12.093 -46.429 156.858 2.056
-168.732 153.396 -1.156 2.036
-37.078 59.279 94.638 1.968
-3.916 115.172 9.627 1.998
63.182 94.820 -194.074 2.111
-71.408 -53.811 73.485 2.010
65.727 -107.712 5.830 1.931
101.772 -170.225 0.566 1.879
172.885 159.732 75.668 2.057
-124.755 -144.818 -71.795 1.875
-4.162 -104.378 -64.819 2.141
141.450 -50.659 43.241 1.964
-188.606 -152.997 -135.209 1.799
98.868 155.395 64.153 2.193
-172.056 -112.657 84.828 2.070
-174.648 -133.997 -34.463 2.023
204.139 -142.091 -5.971 1.859
100.310 41.661 139.053 1.905
139.320 -184.036 -185.976 1.884
112.081 91.153 121.728 1.984
-193.079 13.802 -7.037 2.063
-143.251 106.193 -133.715 2.070
39.475 75.185 -17.664 2.035
173.990 52.928 118.300 1.903
-195.762 178.708 -59.566 1.962
-147.921 18.013 72.413 2.028
206.976 -101.130 182.677 2.233
-18.498 177.863 -5.343 1.977
-171.032 21.098 120.400 1.897
118.534 -39.651 -147.351 1.926
-137.683 -97.261 188.782 1.848
-58.432 -76.538 -192.933 2.081
-5.021 48.720 43.698 1.984
-83.177 -129.769 77.356 2.091
-120.752 32.472 35.122 1.891
143.118 87.021 187.497 1.972
-43.673 131.614 156.305 2.111
53.660 -29.487 158.166 1.908
27.807 -144.983 27.934 1.930
-75.565 17.749 -128.993 2.013
25.578 -162.874 108.474 2.008
-43.345 184.180 -48.763 2.013
-147.425 172.768 -108.381 2.057
-111.113 -171.120 -106.457 1.997
-46.469 -125.350 -17.989 1.992
-106.984 -76.157 -116.981 2.034
81.871 166.547 -11.648 2.084
-138.880 60.657 -36.765 2.070
-224.245 -6.987 -157.775 1.915
-161.809 -140.281 -116.069 2.189
-213.957 71.779 181.264 2.011
-44.972 91.724 186.208 1.975
-215.451 -53.431 -163.881 2.002
-194.772 135.767 174.671 2.019
-194.530 -170.579 -39.391 1.910
-58.871 130.860 68.256 1.882
36.708 21.570 -95.278 1.972
-65.174 -65.626 42.931 1.936
61.650 -48.709 31.801 1.999
-216.286 31.803 155.905 2.055
176.513 152.094 -32.121 2.012
-6.861 58.268 35.574 2.041
159.596 110.624 154.127 2.054
-183.170 -119.947 -177.800 2.092
-2.202 -154.141 110.829 2.089
76.545 85.230 -61.635 1.914
-14.897 35.574 -29.994 2.084
20.081 -6.326 18.233 2.061
-167.498 115.082 152.166 2.025
-109.168 -42.052 96.186 2.051
-117.800 -187.339 -187.540 2.001
-80.238 -162.973 -92.187 1.762
186.368 -32.741 -156.668 1.922
148.766 -180.921 -95.624 2.181
-203.102 75.650 172.591 2.032
-99.919 -149.113 50.894 2.123
-18.229 173.469 78.285 2.058
-90.964 -45.570 33.990 1.927
-212.181 115.861 -85.552 1.863
158.815 -131.711 -116.131 1.985
-48.129 23.920 -19.886 1.914
28.404 -37.995 153.571 2.070
199.984 103.033 -185.238 1.907
149.257 -187.105 126.667 2.059
6.540 99.102 -175.029 1.914
64.897 28.987 142.322 2.160
116.234 -147.321 198.583 2.001
198.605 -164.438 -128.140 2.214
-49.978 138.925 -4.019 2.208
-73.836 -186.344 -134.273 1.917
23.896 -150.372 -148.295 1.953
-205.980 68.914 127.979 2.000
77.871 -82.124 -2.494 2.027
48.704 -37.382 -199.774 2.004
-167.004 -24.321 80.088 1.855
-158.320 124.113 123.740 1.977
78.385 106.110 183.308 1.996
139.947 -8.146 -50.749 1.990
189.129 9.674 175.258 1.932
176.156 -131.087 198.137 1.828
157.046 160.450 149.355 1.942
-210.177 166.918 33.757 1.860
-54.940 -134.164 147.680 1.997
-99.342 61.287 19.336 1.952
1.376 -162.621 78.302 1.905
-91.331 13.189 64.430 1.929
-210.834 10.585 -96.323 2.053
46.456 64.118 -127.863 1.982
-31.918 -26.305 -172.826 2.028
-97.587 84.192 -64.754 1.988
98.934 105.044 -186.516 1.980
-65.664 2.093 -84.393 1.945
-106.354 -102.422 85.234 2.137
203.785 7.030 -148.865 1.951
84.212 -187.880 151.994 1.960
-56.521 106.957 -110.017 2.049
-40.938 -53.296 -145.698 1.996
132.250 23.534 -107.908 2.070
-189.321 120.439 11.940 1.957
6.033 113.187 -180.946 1.977
127.757 -80.504 50.868 1.856
77.288 -163.953 -95.935 1.911
-195.093 165.145 -195.568 1.985
-15.400 2.764 -64.919 2.000
-166.875 -0.033 196.012 1.960
214.896 175.892 -84.810 1.837
-188.216 -60.129 48.905 2.128
-149.938 88.142 176.203 2.139
51.771 -34.977 96.922 2.264
2.010 125.847 195.576 1.983
7.272 -12.653 -156.705 1.980
-60.979 136.211 -194.498 2.207
73.088 -1.113 -116.249 1.948
196.473 157.525 77.127 1.916
-83.775 3.262 127.092 2.000
160.874 49.826 27.548 1.880
-117.415 145.443 -169.560 2.050
126.184 99.356 -6.175 2.015
-182.782 131.127 89.530 2.082
204.835 -144.230 76.766 2.124
-206.664 -172.931 19.287 2.135
-199.668 -145.330 69.798 1.823
-99.617 15.083 137.123 2.039
-156.963 -52.814 110.037 1.984
-114.058 21.891 -71.649 2.000
-116.537 59.854 -150.598 1.994
-136.945 -6.279 33.333 1.918
31.995 -127.753 -76.563 1.979
74.196 169.700 66.962 2.130
-33.660 183.744 14.841 1.986
-57.865 -22.799 -57.770 2.054
137.797 -65.387 79.230 2.028
-16.809 48.825 93.109 2.003
190.846 153.317 101.889 1.950
139.151 24.108 71.447 1.965
163.159 144.290 177.770 1.996
80.644 121.238 32.226 1.980
103.547 128.761 -85.695 1.959
11.334 -21.635 -159.077 2.022
1.060 -2.812 56.174 1.940
125.903 -99.415 157.296 1.995
-99.434 -119.107 -74.009 2.053
-186.917 59.952 121.306 2.137
28.980 154.319 -107.807 2.121
-224.152 75.281 -136.992 1.745
-210.518 76.117 172.755 2.112
-78.658 -23.586 -171.048 1.965
77.580 -44.154 66.115 1.950
70.516 54.511 190.181 2.027
-1.060 -183.190 78.597 1.811
-207.960 140.563 -142.892 2.043
-154.874 -23.365 -157.855 1.867
112.809 151.830 34.609 2.047
78.796 29.750 153.318 2.088
46.904 -131.448 90.632 1.965
49.335 185.061 131.528 1.911
161.021 -162.181 90.558 2.072
41.028 -82.453 150.692 1.937
-173.017 -97.324 -29.778 1.975
-31.605 152.818 -187.095 1.835
-132.334 -150.159 166.002 2.107
123.769 40.754 -11.712 1.972
-12.022 -0.715 -191.402 1.880
28.219 32.235 -22.041 1.941
-72.032 -40.851 -106.131 2.034
-71.417 17.351 190.289 1.976
-139.600 -8.831 13.357 2.008
-134.771 -143.807 31.414 2.025
40.780 -89.216 -140.460 2.008
-46.636 -78.341 193.762 2.122
51.359 102.762 94.506 2.092
215.202 -24.521 -52.571 1.992
176.737 -97.419 78.582 1.905
-178.078 -183.179 -30.262 1.963
20.967 -137.373 21.121 2.142
208.787 -139.565 -163.666 2.082
130.168 107.765 -13.567 1.849
-143.782 74.509 26.117 2.133
-45.871 -32.009 147.091 2.067
-168.393 4.778 118.473 2.038
-52.523 109.962 105.132 2.089
-166.346 -137.963 59.581 1.975
82.701 118.239 16.281 1.865
-13.652 -132.185 -29.073 2.005
23.864 -136.465 -37.763 2.064
144.613 84.883 -34.755 2.128
-0.827 2.744 121.191 2.007
130.722 11.191 -183.690 1.941
-220.395 -79.729 -98.909 1.893
-42.720 142.509 -106.097 2.101
-128.620 141.165 -114.239 2.046
-182.139 134.687 84.724 2.080
-2.201 -123.224 199.567 1.982
112.253 -69.705 5.795 2.016
103.246 97.287 -0.484 2.126
-9.704 -10.397 -113.402 1.805
-223.888 130.375 -103.999 2.072
42.505 -47.802 -149.619 2.056
188.803 -145.995 -152.681 1.894
-59.836 -95.454 -10.325 2.063
180.955 41.386 83.756 1.960
-202.346 177.982 -187.519 1.963
155.750 -25.999 38.303 1.962
-68.001 23.131 -85.392 2.078
10.388 -78.090 -121.005 2.000
107.558 2.726 137.351 1.821
137.014 22.548 44.144 2.103
35.866 -0.874 -193.845 1.931
135.169 43.329 190.106 1.972
-125.419 55.511 -186.258 2.069
106.498 -187.131 82.490 2.051
-193.644 15.556 15.601 1.863
-70.373 -121.270 -39.961 1.956
-84.792 115.319 166.866 2.051
-46.433 -116.292 -43.966 1.867
-182.538 188.590 199.533 1.842
69.640 -187.930 -134.273 2.029
-99.011 99.592 -0.949 1.960
-219.466 -129.193 -115.285 1.977
193.503 -167.139 53.821 1.928
201.094 68.989 54.594 2.011
-141.419 136.660 -171.753 2.031
40.334 118.582 97.442 2.248
-217.443 181.859 103.703 1.863
215.325 59.460 -164.808 2.092
118.620 91.674 15.716 2.126
195.058 -134.504 -64.053 1.839
-43.369 -186.947 -197.229 2.159
59.018 -141.540 9.389 1.851
102.279 160.486 196.019 2.028
-7.911 -151.900 -33.596 2.051
123.870 -173.095 -77.175 2.001
54.937 153.758 -45.527 1.940
105.003 -113.995 31.659 2.118
-145.749 -66.718 -58.782 1.921
37.030 -51.533 -133.753 2.169
-94.667 -14.838 80.947 2.010
-95.040 79.932 -94.604 1.857
31.565 -150.512 197.252 1.971
16.488 22.821 -123.431 1.882
-152.795 129.952 -98.745 2.062
200.133 186.136 9.821 1.928
218.661 35.911 -124.438 2.105
154.456 -19.309 32.345 2.068
-39.087 118.036 -170.165 1.932
-46.140 -177.351 -143.668 2.123
-114.488 182.467 118.719 2.098
88.210 -27.211 -156.506 1.987
-132.757 -25.960 -191.699 1.890
205.482 102.895 4.201 1.951
106.948 82.774 -191.765 1.864
186.555 93.547 -19.014 2.039
104.641 142.682 -12.698 1.849
193.613 161.105 -16.858 1.986
67.612 178.538 -178.729 2.072
180.289 -67.549 138.846 2.165
9.700 181.876 -147.049 1.922
89.196 -69.636 107.504 2.129
176.951 -23.866 -23.408 1.966
-6.429 -10.876 121.353 2.074
89.743 148.162 164.699 1.952
-133.321 31.364 50.003 1.860
194.575 -151.285 158.578 1.981
213.570 -111.894 -198.513 1.741
186.360 92.760 -73.510 2.081
133.175 87.422 -70.873 2.011
-165.045 -77.338 -29.537 1.986
-214.532 115.919 -12.445 1.951
88.538 -23.026 -33.706 1.828
-209.863 -31.642 16.346 2.011
-28.943 -179.983 -56.525 2.186
-155.849 -187.759 -108.845 2.093
-193.721 -139.851 -98.718 1.945
-177.207 -140.118 -93.288 1.874
140.484 132.846 192.283 2.102
41.993 168.255 109.418 2.003
155.436 50.058 94.478 1.991
-147.119 -18.911 89.522 2.019
159.840 175.546 -110.793 2.006
-170.255 -45.901 18.504 1.941
-9.538 -95.001 175.474 2.002
-134.618 171.570 89.843 2.037
166.715 54.751 -65.919 2.008
-68.349 113.302 67.730 1.913
47.005 -120.654 -186.314 1.821
37.457 38.077 -32.905 1.972
-212.840 -72.594 34.049 2.082
-64.369 -0.649 193.639 1.857
16.778 -62.587 30.819 2.088
-181.167 95.881 114.438 2.092
150.071 -51.278 -145.138 2.073
-127.041 150.692 178.334 1.878
-165.503 162.218 48.024 2.019
17.542 -72.603 -15.123 2.241
-96.904 -11.288 -159.626 1.892
-8.937 141.359 -109.013 2.177
-163.928 47.061 169.227 1.833
43.945 59.768 197.467 1.831
84.684 -92.776 -142.947 2.088
53.082 -111.565 26.523 1.917
111.443 -188.513 125.544 2.040
198.501 103.190 -83.806 2.144
183.741 -144.817 68.948 1.962
-114.167 166.756 117.630 2.050
224.425 -185.895 130.816 1.975
37.442 75.722 -126.743 2.171
-116.769 21.449 47.699 1.944
101.928 -25.266 182.639 1.949
201.211 157.625 153.878 2.109
171.945 -180.910 93.383 1.956
97.943 40.189 -159.821 1.992
171.753 173.971 45.535 2.174
-221.187 -66.251 7.729 2.015
-117.200 -130.218 -172.419 1.984
91.517 138.257 -51.928 1.996
50.647 11.876 -71.612 1.936
-69.792 166.698 171.735 1.883
-122.646 -131.638 -11.222 2.026
33.723 87.999 178.067 1.841
-219.990 -37.273 -159.092 2.016
119.348 113.890 150.422 2.161
172.514 50.094 -37.535 1.821
93.606 130.303 131.838 2.071
-198.293 -79.786 -90.018 2.193
200.553 141.968 178.781 2.079
91.562 51.431 -137.460 2.082
129.477 -122.584 -118.151 2.153
17.993 153.200 -148.391 2.053
-204.524 136.185 -120.119 2.225
17.308 -79.991 -17.039 1.879
-150.784 -167.837 26.646 2.091
-131.935 76.576 -38.071 1.861
41.596 -167.337 -168.647 2.122
99.278 97.402 -77.791 1.976
113.175 6.081 -174.948 2.039
-194.516 127.811 -90.642 1.912
-218.653 13.471 49.386 2.041
51.847 103.553 15.254 1.903
9.611 118.766 -33.378 2.115
93.758 -160.874 -24.956 2.104
-160.290 175.474 158.181 2.117
-29.747 159.613 126.363 2.125
-54.439 61.772 -138.600 1.940
177.735 -61.726 102.807 2.070
-56.901 -46.466 -176.272 2.115
-30.193 142.101 -31.971 1.971
-42.049 -174.506 -18.976 2.036
53.033 110.855 -150.815 2.165
-147.259 -72.901 49.893 2.036
-203.829 -186.405 -97.004 2.074
-203.688 71.214 138.693 1.880
76.829 120.023 -52.308 2.153
-47.220 85.918 4.839 2.004
13.770 -9.041 53.560 2.101
-83.825 60.688 179.731 2.177
167.465 32.443 -30.841 2.108
129.271 -127.315 192.237 1.898
-217.956 179.400 2.678 1.993
-169.798 -109.007 -84.113 1.940
-90.620 101.163 42.912 2.147
-107.855 -89.847 146.753 2.058
-189.230 96.460 62.250 1.950
-10.145 77.630 184.215 1.940
192.288 5.908 155.810 2.055
-142.500 -175.478 -31.228 1.919
61.570 167.284 -27.489 1.938
61.289 -5.468 -59.991 1.843
47.779 175.562 -33.159 1.895
130.800 83.306 156.233 2.039
-19.078 79.985 -103.479 2.080
220.965 186.451 173.075 1.997
-108.136 -16.488 30.753 2.057
21.763 156.353 -155.771 1.981
21.812 6.564 55.822 1.984
42.830 -65.839 116.087 1.924
148.557 -31.394 -26.732 2.106
76.089 -130.667 128.433 1.891
-59.611 -130.616 -70.208 1.970
-178.477 -55.995 -22.097 1.982
-61.055 -147.086 90.490 1.895
25.412 -111.508 -52.995 2.007
29.407 12.514 -79.547 2.064
-103.627 33.261 -120.958 1.944
-85.481 -123.329 -95.217 1.988
-75.416 102.491 -141.831 2.099
-138.047 93.840 -163.591 2.017
-61.814 -108.291 -165.096 2.029
46.833 134.921 51.833 1.951
202.590 -107.555 163.227 1.913
182.288 14.173 -188.055 2.089
-181.186 -135.898 125.832 2.056
-209.197 94.325 -16.370 1.906
152.189 49.297 -24.335 2.022
198.877 -8.213 32.285 2.067
134.645 0.775 -135.059 2.092
-178.538 -168.252 -191.502 1.984
-38.997 -140.059 83.402 1.977
203.587 96.389 72.246 1.844
172.625 -47.148 -51.739 1.923
-192.079 -43.682 17.378 1.887
-22.444 -58.017 -72.266 1.916
59.487 64.167 -56.512 2.079
213.736 188.888 26.408 1.887
109.356 -55.371 -2.640 2.099
216.719 -178.238 33.532 1.944
212.307 -124.052 -195.893 2.022
201.644 -170.926 -7.637 1.972
-5.643 -165.309 142.989 1.861
-179.276 -175.105 -36.007 2.013
-118.262 155.506 165.284 2.043
-75.470 -189.456 187.643 2.154
208.158 117.940 -53.855 2.024
199.144 -28.771 97.483 1.976
-27.535 45.484 -185.913 2.141
-182.389 -173.098 -5.777 1.860
26.684 80.897 -68.348 1.935
131.971 -169.997 -81.113 2.065
106.658 33.650 36.403 2.126
150.094 -175.426 190.387 1.899
-192.942 151.452 105.829 1.818
-33.604 -153.656 -21.833 2.017
-181.307 188.483 -42.728 1.840
195.163 -145.726 -41.568 1.967
-160.433 -83.150 -52.579 1.952
214.961 -2.687 159.231 1.995
-209.587 -36.755 61.641 1.998
172.717 -151.978 -16.652 2.070
132.555 121.841 -39.775 2.130
98.074 8.318 62.898 1.841
65.652 -48.398 -81.260 2.074
-129.898 20.592 -3.807 2.002
-141.286 124.144 -53.361 2.029
81.883 61.493 144.348 1.853
180.189 103.958 188.767 2.051
130.038 151.973 61.955 1.947
17.444 45.048 122.137 1.786
143.122 59.872 12.153 1.973
-211.368 -18.000 170.962 2.197
81.093 62.395 -59.472 1.891
-139.561 108.717 73.253 2.080
-108.298 -166.931 -24.355 1.956
30.490 -57.162 46.650 1.926
35.659 120.677 46.567 2.082
-224.557 -150.790 179.362 2.088
136.224 80.748 48.295 1.898
-151.704 72.927 -96.054 1.909
114.643 -185.576 -72.857 1.988
205.715 110.030 149.848 2.062
169.414 -49.015 -150.148 2.049
171.109 171.036 -85.144 1.916
177.762 93.735 157.896 1.995
165.514 -28.750 129.479 1.967
-43.385 92.028 -46.848 1.856
163.266 100.945 -122.205 1.794
142.104 -30.020 -188.850 1.825
-33.079 -113.137 153.986 2.051
-144.731 -93.676 -3.231 1.952
-143.744 -185.661 56.677 1.941
-203.159 -41.389 -105.953 2.019
-153.308 117.326 -8.743 1.871
-5.522 -155.689 41.749 1.913
-5.144 -180.560 -199.788 1.915
154.520 -168.895 -69.595 1.983
170.898 141.173 -155.965 2.194
44.890 -95.512 178.133 1.953
141.071 -151.167 -150.562 2.012
-185.916 3.902 -187.026 2.110
-161.173 -10.780 44.762 2.115
63.586 14.550 66.136 2.137
19.514 177.536 -76.986 1.909
4.054 -166.369 142.567 2.017
-102.796 106.844 -189.564 2.092
55.492 75.469 118.623 2.111
-197.518 -181.486 -27.171 1.844
-55.588 -12.325 -50.376 2.049
208.292 -171.193 -167.344 2.193
-134.440 -127.108 -63.257 2.176
-133.822 -28.081 -176.831 2.013
223.212 -120.641 192.622 1.827
3.043 -51.228 96.804 2.202
-102.083 -123.894 -13.142 2.097
-52.020 155.401 60.029 1.857
61.091 150.101 97.634 1.938
75.132 -49.520 180.741 2.038
-57.684 180.406 20.387 1.924
12.384 -175.537 -92.192 2.014
-31.898 -3.005 108.614 2.066
180.096 -66.259 -144.273 1.929
-155.703 125.125 196.673 1.979
39.266 -21.892 -39.851 2.058
-46.495 -46.364 -98.989 2.126
119.990 121.352 -91.514 1.924
-191.846 -96.747 82.222 2.093
97.339 50.587 154.628 2.229
-139.035 11.582 45.056 1.953
-56.982 112.602 -97.924 2.065
172.657 38.486 98.239 1.765
-83.797 -29.887 -159.407 1.987
5.029 -71.231 2.988 1.918
90.578 41.113 136.890 1.929
-103.801 -122.876 -3.543 1.958
133.972 5.652 42.125 2.014
221.397 -1.080 168.573 1.991
-42.115 -17.419 -20.328 2.203
5.889 -62.094 54.700 1.863
177.235 20.249 -111.615 1.865
-175.830 -86.580 -170.755 2.033
-86.392 148.732 89.313 1.929
-208.992 129.998 -134.688 2.134
-15.138 27.573 23.498 1.919
48.352 44.744 -1.839 2.149
17.266 39.802 -82.030 1.813
-205.355 -36.040 89.049 1.965
-152.331 24.787 159.839 1.928
95.842 -184.837 67.301 2.005
-56.594 164.736 115.844 2.030
53.921 129.189 167.102 2.039
-59.664 64.616 -16.400 1.873
-211.913 23.062 110.324 1.842
-15.447 -31.195 79.058 1.886
-128.996 -140.497 -146.415 2.046
219.393 143.037 81.934 1.904
-167.165 -46.790 194.336 1.991
113.517 93.224 141.764 2.079
175.065 -23.979 -82.833 2.000
-199.628 -122.752 -49.903 2.048
29.600 -74.227 -74.098 2.020
201.424 -170.978 54.579 1.878
139.797 141.058 -164.527 2.029
-60.195 64.200 30.090 2.070
166.830 -41.354 -71.556 2.011
80.229 85.959 9.777 1.888
164.725 104.049 79.867 1.890
8.886 -89.290 91.693 2.012
-36.897 -109.037 -112.282 1.896
-157.786 -49.562 91.607 1.974
90.071 119.139 138.761 2.139
-111.742 76.378 107.903 1.996
-2.897 -105.458 197.416 2.086
-138.131 -79.036 -165.966 2.103
-209.105 4.857 38.692 2.057
-78.103 -153.329 12.854 1.968
132.471 73.168 70.245 2.037
172.886 -3.502 -13.010 2.068
24.692 -170.004 -148.554 2.064
-157.872 188.322 170.376 1.873
-177.069 -141.977 150.685 2.034
184.396 24.706 -161.642 2.110
154.046 166.896 9.113 2.005
172.465 110.663 102.162 2.091
-49.039 81.361 8.177 1.981
-92.862 -178.110 -166.851 1.900
-193.555 -12.141 105.566 2.034
-105.312 -91.790 35.958 1.992
-69.428 -139.049 -153.102 2.066
194.266 -21.244 -40.245 2.219
127.090 184.040 147.696 1.968
23.967 -80.708 164.435 1.983
61.520 -88.737 -136.887 1.861
-73.298 25.730 42.484 1.944
124.416 -88.758 -120.627 1.987
-168.681 -64.346 140.827 2.158
45.292 123.434 -178.708 2.014
113.390 -161.497 105.519 2.019
-84.863 153.875 136.165 2.044
223.388 13.776 166.478 1.978
-85.032 -62.071 -191.209 2.166
122.176 60.028 183.190 1.904
163.970 66.999 -161.681 2.079
218.204 98.386 13.151 2.049
-21.063 -113.380 189.863 2.130
151.893 104.900 -192.715 1.927
200.680 -4.592 143.970 2.018
131.363 -189.648 -39.543 2.088
0.824 -126.284 -38.303 2.178
89.542 108.402 -199.920 2.193
-53.061 126.226 58.628 1.947
-52.862 44.964 -53.753 2.009
-19.162 126.016 -1.666 1.978
212.279 2.811 -148.038 1.896
-22.023 -45.701 63.751 2.182
155.055 -7.024 -146.245 2.114
105.792 -133.200 -80.117 2.082
-86.424 -58.505 -47.894 1.975
7.813 -8.765 -20.727 1.897
173.262 -56.532 172.737 1.876
-222.249 -7.995 -22.129 2.126
-207.663 -90.850 -35.432 2.191
169.901 127.889 -6.347 1.986
-157.752 159.298 7.083 2.048
-203.974 0.697 -58.397 1.939
33.164 -74.302 165.130 1.956
-35.033 105.921 148.834 2.041
21.130 -146.284 9.051 2.114
52.073 143.733 78.476 1.879
168.344 -88.822 -122.679 2.227
-181.238 -26.302 186.995 1.973
-7.273 -60.526 -91.380 1.924
72.609 -131.599 -141.771 2.027
-175.650 126.564 191.486 2.042
-54.615 -55.881 -183.055 2.063
-140.799 -84.034 -3.359 1.970
-159.012 55.787 -52.278 1.917
-42.519 62.883 105.283 1.974
170.712 -70.244 3.717 1.838
132.070 -7.068 -34.597 2.105
142.871 175.125 -187.225 1.975
199.467 127.062 -28.783 1.751
22.942 151.330 -170.519 2.126
-191.706 -129.475 -112.265 2.103
-148.528 110.834 165.364 1.941
93.871 158.333 -175.292 1.951
60.290 4.718 -179.934 1.968
-195.790 -24.255 135.736 2.170
-119.463 84.295 -76.568 1.988
18.207 -80.726 18.372 2.101
-168.271 136.666 25.155 2.060
-178.310 -181.832 92.246 1.882
-130.408 -106.382 -130.653 2.026
-193.351 132.800 126.325 2.092
-219.134 -110.343 172.778 2.012
139.001 -157.271 50.921 2.035
99.029 95.820 -132.961 1.970
224.913 -175.386 73.144 1.989
190.920 115.521 70.990 2.002
171.330 -150.356 123.035 1.839
182.669 141.330 127.947 2.098
-222.881 -178.252 161.866 1.908
-92.142 -65.444 175.579 2.052
77.852 -105.598 -40.296 1.927
-80.735 -90.765 54.162 2.097
-134.734 -55.113 -127.906 1.801
-82.449 166.288 -96.767 2.065
-66.159 -132.748 177.455 2.097
-65.914 24.546 -118.211 1.919
-86.899 100.952 -92.127 2.085
127.375 45.437 -187.384 1.981
-16.228 -180.917 141.319 2.123
-104.979 30.038 -51.174 2.180
-134.995 -156.361 32.710 1.885
-206.500 -121.402 -139.389 2.155
-205.758 -45.330 45.395 2.089
32.255 -7.037 -91.255 1.941
176.006 29.032 140.978 2.068
-120.643 54.312 -161.129 1.943
-149.109 178.705 12.777 2.226
-175.973 -62.462 178.609 2.071
-130.905 -60.882 -66.250 1.974
89.717 112.749 -150.105 2.041
217.437 18.819 14.141 2.026
16.370 60.232 -60.464 1.846
-58.220 -148.005 60.831 2.154
-69.260 -181.962 -1.185 2.151
-137.101 87.397 52.030 2.102
10.802 115.510 -140.522 1.903
188.901 130.673 -196.126 1.979
97.904 -54.096 12.215 2.175
-26.674 -63.933 61.859 2.092
14.629 -64.303 1.334 1.945
170.989 183.148 126.708 2.096
-13.639 -29.019 65.253 2.024
118.826 84.932 156.680 1.945
-98.332 17.620 -146.481 1.941
20.002 124.605 -24.646 2.042
-27.909 83.451 -71.164 2.025
78.742 -40.508 168.560 2.018
206.232 98.813 -163.289 2.050
189.194 43.998 -124.998 2.012
-185.869 27.966 98.779 1.975
-37.472 -70.111 -187.832 1.933
-167.155 -124.037 132.067 1.949
15.013 30.649 -113.391 2.288
-203.794 -111.044 84.733 1.990
-17.265 175.895 42.276 1.898
-4.474 -171.415 153.899 2.071
-88.238 -164.065 162.747 2.030
150.623 -83.152 -59.102 1.953
-141.818 85.537 51.300 1.918
-172.662 140.512 82.654 1.804
172.544 -122.792 -25.533 2.064
17.843 -146.523 -180.276 1.991
100.674 -166.140 184.799 1.800
-99.170 -9.585 -91.627 2.043
-145.268 -74.850 -93.885 2.014
7.729 33.312 -121.122 1.987
65.341 -171.007 -63.069 1.965
-110.977 -189.705 -6.210 1.909
-35.383 176.920 85.787 2.153
-78.763 118.442 -81.879 2.160
3.822 159.527 -126.628 1.754
-123.574 -111.110 -109.255 2.210
193.305 139.050 -195.989 2.171
130.868 22.679 160.751 1.987
-93.336 160.290 -119.265 2.106
-13.647 54.482 -193.005 1.979
-149.097 77.115 -163.086 2.198
222.972 -121.727 63.581 1.989
-116.015 170.602 -26.345 2.048
93.954 177.189 -194.112 1.947
213.242 132.878 48.044 2.198
-57.784 -82.474 -9.406 2.014
66.317 -64.979 85.590 2.167
-111.170 184.426 -189.656 2.045
-193.290 47.399 -172.824 1.919
5.235 6.094 -180.936 1.958
135.797 -160.691 -177.072 1.973
-119.961 28.314 5.145 2.022
-217.688 90.961 -125.658 1.951
-146.340 -154.512 185.070 2.044
-100.609 162.627 70.446 2.032
6.852 -1.384 -42.659 1.865
-188.070 -158.030 -120.541 2.097
128.058 107.437 21.384 1.863
-107.110 168.680 126.240 2.086
-19.193 -4.394 188.465 2.122
-15.083 -125.560 -68.620 1.952
118.702 -131.131 128.609 2.109
-150.659 99.670 10.878 2.038
23.900 -175.416 -67.452 2.041
-128.489 118.137 -21.608 2.026
-31.275 -36.248 121.593 1.828
186.754 36.856 -159.048 2.028
-81.252 -144.023 -10.732 1.981
39.928 72.719 153.829 1.964
194.866 40.794 40.742 1.859
-47.285 -144.112 15.207 2.177
203.358 -70.818 35.110 1.985
-144.150 -44.170 43.598 2.015
190.297 -112.486 42.880 1.987
207.491 -135.118 -196.965 1.972
154.843 -29.253 140.188 2.036
-199.492 117.357 52.148 1.957
-95.133 187.065 -121.567 1.950
-9.016 -6.863 97.685 2.012
49.330 -70.213 -104.990 1.897
148.455 112.786 131.651 2.135
-87.589 141.898 178.141 2.059
-134.263 -181.364 -58.881 1.841
38.455 -138.640 176.729 2.002
106.720 45.776 -135.993 2.108
104.809 134.716 196.311 2.091
25.025 -71.586 -11.505 1.847
60.238 -46.942 75.229 2.007
-202.973 161.162 67.491 1.944
189.869 52.655 -42.084 2.124
-46.145 -110.586 66.685 1.925
-114.551 100.423 158.717 1.918
-42.601 -60.917 -170.845 1.978
110.213 -62.647 -52.901 1.913
-112.068 -8.397 -129.327 2.051
86.026 60.854 113.436 2.229
-183.168 182.421 -54.874 2.044
-114.108 -132.767 131.515 2.033
50.123 142.981 64.920 1.852
-147.421 149.021 -194.727 2.010
-127.376 92.869 -14.954 1.871
-43.227 -101.125 -155.311 2.152
-109.737 -123.058 72.408 1.925
18.771 183.258 100.923 1.969
-137.136 -101.804 94.820 2.109
-73.046 -79.535 -145.967 1.920
-185.936 122.598 96.530 1.988
-121.281 125.959 -15.772 2.012
-161.774 -169.351 33.294 1.897
111.376 -73.683 125.440 2.090
-63.815 71.737 184.984 1.993
8.139 99.873 97.720 1.932
164.217 -81.224 -38.034 1.961
-173.314 -56.527 -52.877 1.912
218.323 -4.584 129.751 2.069
-120.515 159.934 -7.543 2.029
31.023 -142.828 118.166 1.834
68.880 126.203 17.369 1.987
-204.994 -119.054 106.511 1.924
-14.905 40.873 -134.685 1.864
-117.345 -127.205 -122.519 1.873
202.225 121.680 -101.090 2.065
-185.900 -161.469 -22.841 2.111
221.786 67.329 24.438 1.843
-218.364 39.051 -13.122 2.087
127.668 -67.647 -16.621 1.883
-133.221 140.558 128.761 2.038
136.180 -31.032 118.641 2.108
-46.337 16.675 161.537 1.896
-69.546 -129.053 -56.444 1.918
-24.082 24.387 -116.876 2.070
161.210 115.978 -179.254 2.047
-92.827 179.188 188.749 1.965
-162.092 -54.765 189.760 1.890
-140.919 -55.389 -26.161 2.038
49.081 29.430 -84.800 2.068
-17.047 166.480 65.440 1.986
144.137 75.071 -108.089 2.105
-210.404 142.055 -14.134 1.938
-111.887 -161.512 172.355 1.965
-176.754 72.224 155.154 2.035
162.410 56.419 36.363 1.974
-174.764 63.945 8.761 2.077
51.898 -50.635 -73.812 2.117
7.580 29.266 179.764 2.021
-71.236 108.323 143.411 2.074
216.992 159.503 -186.063 1.978
-109.789 121.850 -85.245 1.989
53.729 -56.794 -70.038 2.120
-169.613 -20.023 124.480 1.928
96.981 -65.298 -116.890 1.945
110.200 50.783 55.031 1.814
139.162 2.124 146.587 1.870
-50.042 -178.809 -177.052 1.862
-199.135 156.014 -69.312 1.891
-58.719 117.066 -71.562 1.849
197.093 -38.376 76.316 2.118
140.341 139.330 100.998 2.268
-214.446 -39.068 84.003 2.035
-42.837 -100.270 -92.242 1.875
-34.693 138.430 114.890 1.824
176.389 164.560 -177.611 1.887
-44.244 -4.244 -11.774 2.194
-60.469 63.856 -131.309 2.129
87.775 -10.543 -15.754 1.986
-128.771 130.258 167.969 1.956
-159.966 3.694 15.129 1.908
-220.872 -111.040 61.758 1.905
166.913 21.185 63.913 1.862
-134.011 -181.453 113.189 2.176
-64.300 114.412 12.832 1.869
150.517 -125.882 -22.743 2.030
156.428 71.325 70.909 1.991
131.578 49.066 -173.347 2.118
-167.593 59.606 -152.718 2.024
155.730 -152.427 190.340 1.902
213.900 39.802 143.063 2.237
13.660 -167.717 -59.069 2.058
-219.165 -113.586 -33.218 1.986
60.132 -168.453 -181.908 2.139
166.856 34.567 -111.178 1.856
-203.382 41.425 110.006 2.009
120.656 9.526 -41.661 2.006
-165.225 -140.961 -6.000 1.692
90.283 -55.380 -178.648 2.052
118.207 -19.705 162.002 2.144
165.704 82.428 -48.244 2.038
-14.387 53.488 -146.026 1.976
155.371 -137.551 182.266 2.053
164.542 153.635 162.947 1.847
140.090 130.306 -78.164 1.958
-137.921 -46.658 -119.184 2.153
-60.023 63.173 -126.373 1.904
146.198 -32.036 181.185 1.940
-68.479 168.064 -47.533 1.906
39.695 -147.710 0.892 2.081
152.409 -21.953 103.418 2.095
-180.408 98.448 -162.104 1.986
-40.839 -7.475 -178.310 2.007
-99.370 43.592 170.328 2.115
-144.858 -91.299 147.011 1.885
-158.548 -113.567 -9.743 2.056
131.733 29.238 12.628 1.960
-45.709 35.446 182.080 1.742
14.802 140.506 143.670 2.166
158.390 -149.622 35.080 1.913
115.980 59.517 115.177 2.137
173.456 48.274 68.801 1.988
-123.644 -100.606 -147.951 2.074
-101.964 51.433 195.108 2.060
-192.800 -59.316 -52.462 1.904
165.681 109.689 -23.781 1.890
-13.232 65.279 -173.045 2.164
18.485 79.332 -125.480 1.914
-124.403 171.097 -184.670 1.929
42.438 -136.417 27.206 1.857
160.673 176.456 97.937 2.360
-159.865 120.402 -172.754 1.972
154.339 -72.099 65.227 2.069
-20.666 -58.279 133.848 2.115
-181.883 -61.602 -81.106 2.019
154.671 43.175 199.349 2.162
215.620 32.772 130.271 2.044
-111.160 160.382 -16.527 2.058
118.964 186.188 -51.318 1.987
-52.758 142.994 12.349 1.891
-195.641 153.989 -189.762 1.937
186.191 39.804 -46.928 2.000
-42.542 -105.470 -191.767 1.932
-12.576 -8.759 155.274 2.108
-69.631 60.234 -51.959 1.936
-32.067 -22.432 -32.760 1.968
-161.540 -66.645 -137.947 2.033
-193.440 100.916 -95.262 1.946
-177.567 -176.531 66.297 1.917
87.399 -78.619 -179.533 2.093
100.747 -46.224 -21.243 1.997
-130.838 121.623 -54.258 2.015
-153.199 98.062 97.468 1.996
-141.779 157.736 -48.081 1.996
-142.928 -132.245 -103.952 2.207
206.525 -22.638 -49.190 2.030
207.521 -109.061 188.764 2.081
54.161 -121.486 -111.799 1.958
-17.554 -60.028 48.577 2.077
107.252 174.622 -9.247 1.889
-140.375 -141.554 116.908 1.969
-183.270 17.941 -80.022 1.935
-144.599 41.318 107.700 1.988
145.152 175.519 22.450 2.125
-38.815 81.489 -175.068 2.063
-17.542 -130.352 163.635 1.906
202.512 131.464 183.676 2.065
194.468 51.313 182.759 1.997
-114.907 -67.933 -63.168 2.052
174.733 34.479 -58.543 2.032
148.175 -19.336 109.945 2.054
-56.932 136.387 -20.614 1.983
-48.847 9.808 -43.108 2.087
-132.146 128.811 -45.366 1.964
-122.854 -140.077 171.585 2.061
117.629 -136.290 -47.555 1.931
190.640 -119.257 -175.604 1.984
66.303 69.829 -21.867 2.006
202.722 132.942 -17.448 2.031
-37.479 -104.240 49.293 1.987
67.171 -174.948 -193.079 2.014
97.054 -54.252 129.813 2.077
-134.524 29.767 25.250 1.716
-172.052 -46.150 -94.208 1.867
-46.292 16.037 32.935 1.981
-138.768 18.333 -28.982 1.977
40.690 173.337 -59.435 1.952
-82.447 165.094 56.559 1.919
202.729 -26.933 -137.251 2.110
-144.786 27.520 -118.608 2.039
-74.843 -117.260 -13.282 1.996
-51.830 -168.434 -154.136 2.044
8.219 115.093 -138.380 2.177
-213.636 123.102 57.680 1.833
53.140 158.018 103.853 2.166
144.277 -116.853 166.703 1.866
112.639 121.977 -61.668 1.933
85.787 -125.672 -160.700 1.918
188.037 -155.463 92.125 2.189
74.698 -74.352 -10.116 2.025
39.673 -11.527 26.487 1.867
213.570 -176.515 -157.793 2.078
169.927 -88.104 -66.039 1.955
194.215 -91.373 4.125 1.985
-75.005 5.568 93.825 2.141
-195.724 -37.050 7.827 1.926
218.729 -122.389 -16.603 2.120
-22.883 167.165 -91.212 2.043
-132.639 4.925 -49.572 2.213
-119.529 27.905 -181.645 1.848
-177.770 -95.631 -130.035 2.208
34.897 70.966 138.492 2.096
37.369 -178.406 -20.321 1.838
59.512 -98.025 -152.189 1.942
212.281 -51.945 52.779 2.163
68.722 -136.429 103.869 2.166
-224.993 -0.287 -87.645 2.002
-224.204 -171.554 82.411 1.891
175.524 -12.130 -167.969 1.981
-72.199 97.734 -73.130 1.854
154.130 34.437 156.531 1.946
-224.952 100.074 -42.238 1.876
-94.284 153.812 40.649 2.045
61.149 180.471 -86.963 2.105
99.171 -16.459 183.018 2.143
-76.741 -174.871 -95.306 2.020
-220.741 -169.279 76.338 1.925
-119.969 97.515 -28.913 1.872
-109.459 97.237 -152.850 1.906
-59.251 -59.255 45.020 1.924
-44.596 -178.137 9.890 1.944
-198.400 28.182 99.828 2.016
190.903 142.867 153.256 2.048
-8.503 57.088 -158.827 1.800
