101.232 -25.870 86.307 2.068
-60.463 -140.519 -194.609 1.962
171.684 -14.621 -49.461 2.099
-16.060 94.771 30.682 2.020
-134.798 -165.018 17.451 2.148
-180.755 -2.901 101.148 2.354
-24.424 121.257 -151.591 1.972
43.460 -61.669 1.594 2.055
221.306 -66.876 75.510 2.045
-97.941 -115.179 -26.897 2.068
159.287 -85.070 -107.997 2.111
-205.501 -106.377 70.273 1.988
-137.623 33.151 90.439 2.055
-61.036 28.025 -44.056 2.010
-201.405 -163.318 -145.085 1.863
122.966 150.994 -94.109 1.933
120.293 11.612 167.002 1.913
9.475 -114.711 -128.159 1.823
-104.105 -53.974 -79.248 1.946
-182.704 184.275 -26.345 2.105
152.033 -181.530 29.130 2.331
-120.996 -103.091 98.582 2.084
200.572 138.010 -84.690 1.851
-146.478 133.749 71.745 1.991
-128.858 -165.512 164.415 2.098
-89.850 -173.942 -75.775 2.081
-64.229 128.419 -9.039 2.121
-121.401 138.208 -125.493 2.091
51.858 -15.325 65.743 2.105
-30.122 140.727 96.951 1.861
67.751 -159.710 -198.823 2.021
-90.643 -55.787 -130.655 2.041
156.071 -173.771 -197.202 2.010
-37.477 150.890 -17.700 1.993
34.306 -156.283 -122.950 2.040
35.546 -146.157 195.643 1.962
-28.740 101.103 60.513 1.957
-219.555 14.191 -166.962 1.983
114.127 69.480 105.037 1.915
-96.714 181.367 -145.776 1.937
181.290 127.472 126.170 2.072
-97.833 -56.481 96.365 2.114
9.868 166.856 -49.658 1.910
-10.064 165.291 39.100 2.059
-202.961 135.776 -142.447 1.963
-51.818 154.899 -111.812 2.127
53.246 -49.555 -59.140 2.046
110.039 60.019 -68.128 2.226
195.742 17.048 -70.548 2.042
-41.192 177.311 -130.428 2.114
213.709 163.375 -50.532 1.868
74.736 158.881 144.610 1.986
-1.765 154.435 -55.876 1.908
106.280 134.423 -198.930 2.007
-188.354 -98.619 154.503 1.973
-157.752 30.668 199.166 2.182
-178.625 -10.831 5.292 2.074
-173.024 174.063 85.233 2.085
219.380 79.856 105.196 1.927
-42.850 -163.409 -61.883 1.925
-4.957 -33.283 111.481 1.928
-146.260 160.525 16.893 1.825
-109.313 183.804 31.667 2.054
192.407 -14.166 -91.213 1.949
-106.317 -29.171 27.562 2.014
112.370 185.636 7.888 2.012
-34.293 117.989 171.014 1.779
-159.333 -92.073 99.415 2.099
-106.461 -74.372 33.905 1.967
57.122 47.626 -184.493 2.086
58.297 -173.489 157.767 1.908
-98.424 -72.278 -99.537 2.072
1.654 -151.267 197.208 2.112
-20.454 -51.802 -16.391 2.142
-134.377 64.686 -122.265 2.039
-21.501 161.426 -56.400 2.061
-36.204 -124.704 -172.850 2.051
-26.918 81.006 -177.372 2.071
69.771 119.740 -105.037 1.999
-15.425 -76.230 22.069 2.037
-207.848 -124.106 -165.886 1.949
127.229 4.809 120.479 1.810
5.788 -125.563 -42.135 1.941
-21.490 70.660 -5.194 2.209
-14.858 60.025 -62.239 1.809
186.254 50.465 62.223 2.089
-204.807 29.604 -118.405 1.963
-33.090 53.455 106.342 1.963
194.170 17.777 -172.600 1.856
123.162 57.888 3.337 2.062
154.460 -138.138 -2.499 2.119
164.053 136.232 -66.722 2.001
96.235 134.431 -97.714 2.015
101.756 146.967 -184.448 2.030
186.630 -93.360 167.742 2.034
-94.866 -33.918 -190.317 1.919
-170.369 117.060 -173.734 2.000
208.086 -55.272 199.344 2.122
-91.559 176.897 106.811 1.950
-188.209 -130.456 -142.996 2.144
-193.577 136.255 27.612 2.043
-7.401 179.071 72.157 2.141
208.938 63.545 166.174 1.960
174.241 -136.966 111.658 2.070
-116.584 -115.408 3.839 1.897
218.538 114.559 -126.908 1.877
-126.738 64.609 54.509 1.912
48.924 66.217 -37.509 2.014
76.699 -136.728 -93.598 2.085
-219.505 -134.814 140.920 1.959
-9.799 -44.808 125.115 2.029
42.534 27.867 13.995 2.067
-43.274 -12.136 -11.357 2.029
-86.709 59.784 199.338 1.996
56.180 29.364 -71.901 1.886
161.758 118.349 109.196 2.057
-76.811 165.247 163.577 1.993
82.993 -107.654 93.543 2.085
-202.614 118.827 -124.020 1.935
-73.234 27.235 -104.982 2.113
135.076 -74.907 -186.140 1.977
52.033 -8.936 -27.538 2.041
-134.231 84.379 17.571 1.983
2.471 49.202 10.798 2.090
30.863 -87.324 -22.474 2.123
-184.555 -145.497 -136.192 2.062
-26.844 -167.033 -54.851 2.028
-141.335 151.581 -34.235 1.815
-90.703 158.466 -119.159 1.870
-146.927 -123.498 164.684 1.886
-141.671 137.145 -12.831 1.929
-188.915 -28.103 -109.649 1.972
-204.366 -87.697 -52.738 2.176
1.466 -12.334 122.672 2.069
192.925 76.610 108.044 2.105
78.385 -119.676 -125.833 1.989
222.635 -151.295 -176.815 1.955
179.395 -53.021 -128.511 2.089
-110.108 41.709 -102.209 1.981
155.457 123.379 -171.921 2.027
126.310 149.040 164.425 2.058
211.115 43.805 -197.910 2.008
-205.815 18.995 -191.671 2.088
-129.056 41.889 107.208 1.899
40.616 -12.535 184.469 1.932
-66.066 90.454 -135.484 2.074
-210.008 171.674 -145.499 1.925
110.669 -177.363 41.095 2.099
-170.379 105.692 -8.610 1.769
-90.800 97.667 -19.841 1.945
51.889 25.319 162.260 2.006
70.514 68.363 136.921 2.013
161.213 123.372 -117.418 2.111
-189.388 -51.240 18.852 2.124
-218.294 -177.685 -108.939 1.924
101.972 -152.275 76.472 1.968
41.583 -52.122 -68.004 2.099
160.116 55.235 -152.504 1.888
-142.284 107.766 -168.921 2.031
119.127 66.404 151.434 1.994
-125.903 -108.938 -83.020 1.848
-120.941 -161.921 -100.585 1.994
19.371 -159.590 -188.196 2.027
-2.620 34.875 142.486 1.743
-26.439 54.695 183.919 2.086
144.224 -2.055 -70.036 1.941
157.531 -56.245 128.788 1.818
91.331 -20.553 177.488 2.011
-140.126 9.192 -56.901 1.955
-215.609 -132.173 129.754 1.878
-161.884 52.215 38.944 1.936
172.892 16.472 71.331 2.149
-23.458 -89.997 184.512 1.988
-131.433 -66.613 162.459 2.025
91.369 148.988 -47.749 2.027
26.575 79.182 187.908 1.891
220.702 -87.010 165.109 1.756
203.302 8.229 118.680 2.084
-131.530 -151.047 -11.514 2.015
135.448 -75.347 88.714 1.953
-151.778 39.941 55.546 1.852
109.963 -126.448 -98.017 1.982
168.592 188.989 -131.651 1.950
24.439 -40.751 180.486 2.005
81.294 178.486 -162.718 2.023
145.236 -180.313 -9.178 1.895
-196.216 124.672 67.838 2.155
131.952 58.740 -86.254 1.919
26.354 -133.805 163.931 1.960
-58.099 -61.985 -44.725 2.113
194.311 154.286 -82.854 1.963
-76.145 9.386 -175.724 1.943
20.110 144.985 -13.970 1.864
-119.658 -117.827 -90.717 2.064
-45.542 29.687 54.729 2.049
-60.417 156.605 3.873 2.032
87.847 80.800 68.377 1.969
75.170 158.762 132.727 1.957
-142.725 61.730 -89.830 2.055
2.024 17.213 -112.014 1.797
-191.054 -138.017 -146.326 1.947
156.371 -44.324 24.680 1.852
-142.472 163.061 193.135 2.101
113.017 72.297 -180.582 2.022
-125.418 -175.461 37.973 2.117
22.708 -73.941 -31.905 1.921
84.227 169.313 -142.703 1.986
31.304 -120.702 -199.228 2.021
120.087 81.474 40.726 1.845
65.928 -49.250 76.361 1.867
116.546 -75.466 -117.836 2.163
-170.256 53.092 -165.997 2.086
48.382 44.186 40.613 1.964
108.749 87.528 -67.887 2.072
-160.861 -168.475 125.326 1.843
-2.927 -135.252 -91.666 1.766
-223.093 -156.660 4.543 1.957
117.357 -169.307 -145.800 2.143
-205.317 186.309 -15.611 2.003
99.044 116.958 26.738 2.011
-12.026 26.079 55.883 1.897
4.709 -101.126 36.758 1.875
109.211 153.569 -106.329 2.001
-201.315 -40.323 107.222 2.009
-223.524 103.895 52.513 2.044
8.450 18.566 71.804 2.076
-60.191 -5.571 -72.149 2.042
3.913 -33.775 2.612 1.988
149.033 27.931 148.709 2.192
-200.277 -52.427 -164.861 2.032
58.520 -93.199 -75.251 2.072
191.511 -21.841 -71.530 2.077
-101.496 79.967 77.616 1.974
-80.597 -6.851 126.025 2.071
168.455 -14.867 -91.046 1.989
-203.514 131.138 -63.439 1.998
27.770 -127.690 28.778 1.943
-118.026 82.047 -185.144 2.214
113.595 98.054 -184.787 2.004
204.221 -119.088 -21.348 2.138
-63.268 59.002 112.044 1.956
-14.043 -177.353 -189.294 1.852
-215.119 -6.331 173.241 2.143
47.041 47.069 -14.001 2.159
-167.773 -119.863 -199.363 1.951
99.282 22.002 -193.855 1.902
-82.911 -118.086 -25.890 1.877
34.623 101.151 47.264 1.921
218.092 98.019 147.096 1.873
6.465 104.393 -93.677 1.942
-207.289 59.391 -36.020 2.112
-179.970 -40.999 -68.148 2.036
139.080 182.635 136.173 2.214
144.755 9.492 28.850 2.006
-201.846 30.315 -61.270 1.964
122.299 -134.687 103.419 1.902
184.313 25.191 -197.893 2.098
202.806 -121.054 117.500 1.957
178.435 -99.390 -194.944 2.076
92.323 85.193 -144.433 2.023
-105.823 -131.715 188.554 2.075
69.865 -76.766 -2.103 1.951
113.177 177.972 15.693 2.120
-167.999 112.429 -53.133 1.946
130.749 130.861 37.334 2.036
132.110 -169.876 -155.905 2.044
-67.952 13.025 129.694 1.999
97.678 -158.693 -166.035 1.855
-143.424 23.845 -59.486 1.791
66.682 49.670 100.358 1.970
47.875 -2.753 126.216 1.923
107.010 4.599 165.381 1.777
-206.243 8.822 11.913 2.136
-83.103 156.242 -133.008 1.960
174.091 -159.927 4.067 1.913
118.590 -45.153 -46.848 1.876
-1.569 9.495 -77.029 1.870
162.641 -77.249 68.750 1.963
95.400 87.174 -144.251 2.067
172.355 121.669 135.203 1.964
193.630 12.201 -0.922 2.070
-17.748 106.326 151.349 1.955
-56.421 52.650 197.238 2.031
201.853 -125.273 146.308 1.928
102.033 -102.928 59.929 2.048
-36.515 -139.939 -164.579 1.900
82.229 -170.940 -198.445 2.028
-3.479 -34.518 -40.161 1.931
-4.686 117.201 107.567 2.005
-205.577 -79.675 193.673 1.824
39.909 -167.354 -99.931 1.997
33.251 -115.568 16.050 2.059
57.377 134.370 111.749 2.042
-1.099 15.871 178.324 1.995
136.358 -175.255 -63.591 2.218
24.960 150.039 -164.570 2.225
101.665 -73.982 79.658 2.098
95.495 -92.330 -70.362 2.037
101.763 -41.115 -8.533 2.068
117.805 113.516 -195.297 2.147
206.847 138.513 -77.118 2.085
-92.620 -75.291 -42.104 1.958
-165.455 62.964 -145.444 2.085
-41.808 -39.198 -125.548 1.939
-202.876 88.900 -160.314 1.913
-205.607 147.422 -109.765 2.075
-189.262 66.720 -155.128 1.924
-13.153 157.508 2.362 1.905
79.405 -141.874 -76.352 2.057
175.434 -106.856 -30.802 2.064
-114.082 -12.233 -126.754 1.977
213.867 145.629 -38.246 1.845
6.440 142.118 -35.450 2.034
60.685 153.097 -41.160 1.851
-184.449 -138.137 87.594 1.863
-211.725 -7.797 118.976 2.050
-11.693 -140.884 -135.522 2.027
-97.290 29.900 40.194 1.998
205.764 129.501 87.300 2.079
-80.946 -107.086 131.154 2.024
-165.435 -68.307 -24.442 1.986
30.387 73.366 100.851 2.155
-189.148 -88.381 18.486 2.013
133.720 115.971 -135.619 2.008
-191.836 97.938 -193.594 2.233
10.402 81.856 -65.961 2.109
137.743 -22.507 170.764 2.026
-156.384 180.527 -99.568 2.032
-131.085 -113.275 15.147 2.071
146.866 -138.117 -198.918 1.928
-133.942 -186.281 51.624 1.771
-193.727 129.057 179.883 2.027
-178.323 -169.965 -143.954 1.949
211.206 -45.247 34.013 1.966
69.484 42.765 140.590 1.934
29.900 130.175 0.207 2.007
-128.630 65.518 177.988 2.069
-22.114 37.803 -85.200 1.966
-58.582 43.807 -85.193 2.081
83.739 101.665 -6.034 1.978
207.793 -139.285 -97.772 1.935
187.929 -78.787 36.912 2.121
2.855 151.552 -99.200 1.936
157.483 155.478 -27.950 1.954
132.956 -164.949 -31.210 2.170
-116.446 11.028 -147.269 1.899
-168.955 -109.367 -169.439 1.973
-223.663 1.254 80.087 1.946
28.496 -75.505 2.003 1.805
-193.489 -90.129 73.299 2.079
-13.532 169.563 45.715 1.966
-190.248 172.434 153.091 1.964
155.996 80.907 -116.122 1.928
-198.070 -143.355 -43.183 2.148
-153.126 174.152 5.824 2.104
-120.718 -132.141 -172.019 1.966
23.141 9.718 -108.125 2.120
133.935 -156.069 -6.051 2.083
-113.619 -97.019 -37.650 2.030
-183.098 -164.968 168.409 1.900
-25.168 29.031 -4.035 2.055
-0.602 -150.691 -72.733 2.017
-76.636 -49.411 194.083 1.902
13.774 -70.709 -132.124 2.003
112.504 109.949 -185.502 1.876
-91.976 -153.209 183.733 2.012
85.884 128.184 -110.209 2.085
8.952 -154.293 -123.105 2.045
-95.542 -185.264 -51.030 2.161
-79.041 -77.122 -137.457 2.013
83.785 184.710 -64.134 1.890
-169.295 93.032 -39.403 2.219
18.047 66.167 -80.655 2.045
-127.747 -156.433 -86.011 2.000
-118.104 -15.677 87.825 1.982
-59.005 27.618 28.984 2.196
-169.862 -158.093 -173.888 1.795
57.636 125.323 53.780 1.920
94.083 -8.343 156.357 1.962
60.380 166.326 23.401 2.131
132.654 -22.966 42.888 1.959
-187.205 22.689 148.728 1.979
-8.363 103.291 -26.343 2.097
178.923 -141.977 36.782 2.289
-189.481 -169.356 12.627 1.882
34.472 64.846 120.028 1.951
17.737 53.758 121.090 1.873
112.816 138.558 177.375 2.207
-181.061 47.349 -126.754 1.839
-98.240 160.679 -108.333 2.189
-19.535 169.564 -108.160 2.049
-41.694 20.099 -74.396 2.028
115.226 90.101 155.584 1.918
20.834 -99.740 133.298 1.892
-74.199 144.751 -17.291 2.100
-190.137 93.833 93.271 1.952
-144.941 156.801 166.935 1.982
-69.427 106.727 17.249 2.047
212.206 152.847 -178.390 1.970
-120.246 109.251 -177.480 2.189
184.799 -185.392 108.056 1.882
-45.506 -77.888 -102.559 1.909
215.318 119.269 129.947 2.001
160.769 -151.894 -133.649 1.856
-146.703 -175.648 -73.434 2.091
-75.991 -71.590 45.561 2.112
-30.115 -15.077 -171.802 2.082
204.785 64.978 -112.118 1.989
-108.002 -89.209 -174.182 2.067
57.410 -30.504 106.415 1.979
195.576 -167.119 160.092 2.086
-220.522 -22.928 38.308 1.766
142.532 54.417 -92.218 2.025
-159.786 3.644 -36.301 1.937
69.158 80.481 54.678 1.917
132.381 178.151 89.536 1.905
197.286 27.810 -154.690 1.812
-12.477 41.653 -116.252 1.955
20.067 -118.247 -76.658 2.025
-108.119 121.530 88.077 2.048
-31.644 -147.110 28.899 2.125
-44.176 -34.782 -150.687 1.968
-108.141 -12.172 110.475 2.015
36.902 -29.787 172.765 2.055
-53.481 61.012 -160.508 2.034
-32.808 -159.379 181.275 1.983
-196.945 -2.045 -125.756 2.271
-200.463 -128.062 12.005 2.153
-32.669 -43.391 74.788 2.036
37.584 -61.410 -75.408 1.936
192.279 161.581 189.110 1.976
-75.006 37.689 -119.011 2.009
151.944 -156.346 -7.736 1.978
175.870 -66.958 -171.975 2.068
-172.913 -24.537 -62.913 2.152
-187.427 106.139 54.390 2.034
136.016 -80.363 117.475 1.926
-117.473 94.650 20.009 2.002
128.709 145.147 -50.713 1.930
39.236 117.968 85.623 1.987
-188.788 -41.526 -79.599 2.066
-70.368 77.066 150.604 1.875
-52.379 40.630 151.608 2.079
-60.680 2.576 -90.162 1.977
-181.770 -70.116 -75.487 1.907
-155.810 -185.882 -91.186 2.024
-124.946 -172.269 -6.560 2.083
-136.864 17.467 -81.782 1.998
74.782 -43.659 112.871 2.084
-121.571 -113.220 104.832 1.932
-151.256 -135.875 -26.300 1.969
9.665 -66.447 -7.102 1.967
-12.567 166.105 -122.954 1.896
-1.927 -187.408 77.184 1.966
-2.267 -12.388 -159.641 1.888
56.277 109.647 178.984 1.970
161.573 17.691 65.628 2.102
89.636 121.360 -92.148 1.829
156.866 27.178 -142.611 1.922
-87.491 -32.208 -19.740 2.116
65.621 -118.479 36.737 1.991
-76.539 145.293 -59.245 2.045
-127.482 95.241 173.382 2.073
-48.651 -175.715 -136.067 2.031
94.597 -155.186 -127.740 2.070
35.039 14.000 120.264 2.027
-47.317 -24.643 -38.962 1.883
-42.463 -179.412 157.830 1.790
-135.169 -123.188 -160.725 2.014
124.591 91.934 194.797 2.089
-38.911 130.890 155.038 1.977
-15.711 87.932 191.767 2.134
85.144 -146.887 160.227 1.900
218.194 -33.615 -61.954 1.775
-222.081 64.591 60.176 1.964
172.624 160.642 15.049 1.940
-62.004 15.962 46.905 2.059
-136.226 120.047 -115.151 2.177
-68.259 -45.522 30.862 1.935
-218.282 176.097 -74.211 2.025
42.080 -2.488 145.997 1.951
19.593 -144.137 -86.753 2.124
-190.301 87.616 -3.233 1.925
-128.258 127.773 -22.209 1.930
10.872 30.686 43.005 2.056
174.727 -171.151 47.616 2.118
55.121 66.633 19.192 1.999
-178.163 88.712 155.390 1.987
4.798 -62.094 167.438 1.940
35.041 142.026 178.397 1.973
27.166 122.593 -171.216 2.008
20.926 -117.327 186.551 2.007
-146.267 -132.060 158.753 2.034
-150.631 53.777 111.127 2.045
-192.688 -49.245 -44.083 1.914
15.746 -21.937 186.851 2.040
-77.088 -40.663 -70.473 2.013
-27.018 11.116 -192.074 2.056
-71.159 -133.694 197.153 1.994
147.251 -135.430 10.780 2.120
-37.839 -27.433 -116.399 1.962
-78.970 85.960 87.843 1.925
-9.780 -4.240 181.082 2.141
194.722 133.138 -137.671 2.006
208.142 149.508 -106.741 2.101
221.181 -67.763 36.496 1.970
14.962 -32.104 -162.023 2.093
-167.648 184.191 -131.225 1.808
-153.398 130.435 -91.986 2.095
51.798 -48.967 -97.515 1.992
124.380 -166.361 61.713 1.833
-162.137 82.011 -62.472 2.039
-23.049 135.901 75.948 1.929
36.395 -49.299 198.687 1.831
-221.026 -74.634 -87.440 2.027
211.137 162.518 -123.387 2.005
-159.015 35.012 151.662 1.965
-49.991 26.567 100.128 1.949
-95.962 177.315 -96.421 1.951
148.174 -74.640 0.600 2.002
213.554 -10.678 -137.198 1.847
-83.415 -164.659 188.986 2.111
-70.067 -21.091 -115.618 1.985
155.768 110.547 -106.166 1.881
-109.113 138.104 157.022 1.745
74.324 51.356 75.216 2.037
-143.390 -41.427 -10.977 2.031
158.057 -53.290 14.339 1.865
10.387 104.077 42.863 2.012
207.353 -133.436 -193.005 2.022
-150.483 162.772 -67.119 1.911
-168.367 90.659 -23.953 1.874
52.637 -131.685 24.030 1.987
-31.447 45.099 199.126 2.048
14.044 124.588 74.276 2.134
197.841 -153.295 -115.354 2.076
147.198 142.769 11.744 2.015
-185.027 123.771 -2.149 1.973
-53.638 -98.399 -184.230 2.068
170.245 -56.945 105.617 1.938
-9.616 9.996 57.554 1.967
-106.295 122.654 -177.753 2.081
223.932 -113.929 171.475 2.155
215.539 -93.962 187.193 2.194
-176.911 75.550 18.163 2.031
-121.286 -24.306 87.527 2.050
-128.631 -138.426 101.761 2.011
5.862 61.427 -177.996 1.896
107.922 -17.393 -199.202 1.940
27.209 -9.620 -10.681 2.121
-98.676 -15.456 -13.973 2.100
217.095 41.436 44.320 2.074
110.463 51.383 -105.761 2.129
-218.269 -68.658 -72.149 2.026
-132.890 -92.932 15.903 1.983
-67.535 -146.394 131.953 1.928
-142.645 149.266 44.091 2.013
179.907 -97.983 -3.271 1.995
-6.749 -150.316 -1.089 2.050
147.512 -41.642 -138.373 2.003
-12.254 -136.821 -124.774 1.863
40.171 -92.708 10.666 1.941
90.960 49.739 3.157 2.001
50.482 -146.816 177.288 1.938
-189.104 38.886 -168.454 1.984
-152.719 158.877 -130.557 2.174
102.326 -183.911 41.714 2.079
-103.799 -37.551 9.846 1.886
-63.593 -75.299 -47.724 2.066
-100.779 31.172 -38.106 1.955
-156.740 17.884 154.269 2.057
-28.463 120.990 174.334 2.151
131.880 163.977 -48.533 2.019
-104.704 -152.284 -69.730 1.948
22.891 -47.927 -120.614 2.181
158.119 -32.139 153.119 1.971
148.355 54.509 -192.659 1.926
-118.231 74.674 102.285 1.948
37.396 165.661 40.668 2.066
-190.794 133.488 -71.999 1.908
95.376 151.785 106.361 2.112
-41.242 52.634 -9.979 2.037
-106.267 -112.669 94.233 1.917
-2.858 98.015 46.329 2.002
-121.677 131.622 -3.690 1.841
-99.460 -61.276 -16.449 1.938
-67.512 18.876 173.710 2.073
-38.971 70.055 -55.534 1.932
-13.707 -173.911 -164.613 2.017
-168.695 -3.390 -125.318 1.997
-53.126 -56.497 15.446 2.149
-87.276 -144.551 66.138 2.110
-127.525 174.338 -61.672 2.080
-173.573 -167.564 167.693 2.143
62.668 -154.057 -105.236 1.853
223.033 96.175 -8.084 2.154
-65.704 -95.886 -26.247 2.045
-69.100 -185.435 159.775 2.100
-157.450 -32.049 -168.161 1.975
-34.107 20.882 151.582 1.968
89.301 65.037 15.815 2.093
191.948 -1.163 191.056 1.897
-15.587 -82.319 76.862 1.977
-10.426 29.198 -142.705 1.927
31.085 -141.160 26.914 2.053
44.702 -165.754 -65.943 1.874
-167.488 2.827 -187.951 2.061
74.495 -63.862 50.817 1.964
200.420 27.663 110.286 2.062
-180.505 142.609 -47.450 2.021
146.910 -159.944 145.916 2.192
-202.109 -141.089 -59.895 2.029
176.234 63.618 115.347 1.987
-187.513 166.360 -8.381 2.028
-142.673 141.297 -106.907 2.109
125.459 -163.662 90.932 1.892
117.993 -62.984 -170.001 2.068
-115.430 -34.749 111.230 1.984
-98.295 -126.747 -99.796 1.998
-0.150 123.621 -150.534 1.960
-166.887 176.296 -48.204 1.982
-61.034 -59.538 -96.187 1.778
-132.299 169.005 -103.000 1.966
-176.231 39.456 97.283 1.923
-29.620 -69.463 100.745 1.926
-14.993 -6.509 -63.153 1.977
95.348 151.375 98.897 1.825
-155.058 -122.047 144.465 2.029
-32.069 -148.466 110.579 2.034
-7.220 -138.106 96.200 2.082
-60.241 78.262 126.772 1.922
-207.207 -160.152 -57.009 2.086
124.627 -5.244 -161.738 2.059
-93.880 2.014 84.347 2.119
-56.505 -63.747 5.181 1.873
47.738 -149.007 145.995 1.919
-193.926 -25.671 -22.209 2.079
136.524 -138.114 4.924 2.009
-171.276 -102.529 -22.117 2.155
-135.443 -116.876 132.844 1.893
175.900 -141.535 55.081 1.944
36.656 -77.848 96.490 2.146
121.411 159.481 -126.776 2.074
131.842 147.308 15.229 2.135
-123.126 -180.537 -51.245 2.126
-3.997 -170.281 -44.696 1.857
-41.621 137.189 -44.804 2.026
-26.251 -17.074 -89.553 1.837
-122.750 -108.356 -36.887 2.068
205.832 157.624 -147.394 2.255
216.206 167.507 78.423 2.048
188.795 -26.468 162.000 1.973
-45.323 -39.855 -76.899 2.044
-11.596 -28.440 42.414 2.080
-110.693 94.991 135.135 2.010
75.893 -131.901 -134.834 1.953
-76.469 -83.350 -44.223 1.949
177.500 -45.270 -58.485 2.138
-11.146 185.005 118.294 2.044
-41.979 133.586 -20.679 1.969
117.782 -17.199 -79.501 1.946
81.129 -127.233 -67.479 2.030
-28.675 -47.342 -90.831 2.179
-91.649 109.820 -64.688 2.125
17.381 -126.103 -66.963 1.935
186.971 21.600 173.589 2.082
154.479 -189.649 -150.047 1.784
31.114 172.035 51.961 1.998
144.206 -95.732 11.248 2.006
23.840 42.964 100.484 1.961
157.581 -76.642 19.718 1.992
153.734 180.508 -97.619 2.007
29.669 182.952 118.195 2.163
-75.066 130.597 131.988 1.958
-190.302 -55.877 -139.906 1.896
-20.845 -123.770 -25.615 1.910
-66.096 47.371 193.040 1.975
163.866 -19.464 -34.977 2.163
-136.781 14.310 -21.689 1.873
190.675 -14.832 199.964 1.911
-150.506 -22.935 -146.317 1.879
-206.874 175.501 -182.263 2.194
-130.573 136.172 -150.233 2.034
204.802 118.719 -114.854 1.916
218.520 -8.159 -102.438 1.910
-48.731 -28.347 197.714 2.053
-214.546 -47.241 -149.099 2.027
137.146 -54.103 -118.458 1.861
-29.454 80.498 51.959 2.045
77.724 126.256 -86.041 2.024
93.386 -28.603 183.010 2.081
-45.927 157.244 47.649 1.975
2.331 -142.416 -141.320 2.238
38.945 -47.146 168.721 2.030
-126.321 -6.335 -171.430 2.024
-200.075 -117.275 -115.787 2.087
171.781 29.229 -12.389 1.879
-129.487 185.361 73.933 1.841
-167.876 -61.982 130.955 1.896
-177.615 -5.235 8.660 1.974
87.284 -150.401 -75.020 2.145
3.932 -4.197 19.557 1.996
138.584 181.962 173.906 1.945
221.159 39.258 -122.706 1.952
-134.619 112.871 189.764 1.927
124.317 84.344 183.133 1.850
-64.867 49.164 1.313 1.990
197.114 63.663 99.607 2.118
189.161 187.505 2.089 2.056
-132.348 -53.063 185.586 1.893
206.679 -172.451 -148.045 1.929
206.047 65.642 120.366 1.999
203.754 82.135 120.473 2.117
94.512 -72.583 69.850 2.006
-139.996 -97.368 -25.553 1.947
205.240 42.806 -59.557 2.127
-185.510 -136.345 -68.703 1.890
111.405 127.265 -156.973 2.042
-8.113 114.223 156.470 1.928
60.134 -82.475 -129.822 1.865
15.810 14.535 -68.853 2.083
-35.001 -26.483 -176.016 2.192
122.235 -10.230 -128.152 1.911
-182.417 75.306 148.160 1.894
-108.587 96.191 90.819 1.954
217.562 81.027 139.207 2.133
145.410 73.437 72.209 2.186
204.522 154.911 42.710 1.879
145.554 -178.900 189.341 2.076
25.926 -180.344 -87.405 1.958
209.141 -148.371 -105.214 2.086
166.183 -113.317 -143.555 1.919
133.095 -114.663 -170.705 1.993
84.271 113.969 -102.309 1.931
135.323 57.011 -165.896 1.985
216.653 -182.367 -0.114 1.933
207.704 -30.669 143.737 2.045
84.457 19.934 140.121 2.066
-131.375 -9.057 12.289 2.040
-149.072 -185.717 133.838 2.016
-13.505 -81.829 -85.586 2.066
217.014 -63.588 189.804 1.938
-138.793 -41.158 -13.502 1.993
0.314 -29.858 -129.608 1.914
-128.913 162.959 44.886 1.961
126.164 189.922 80.738 2.170
146.561 5.894 -136.944 1.991
60.711 24.260 -178.709 2.063
-47.433 -153.952 9.364 2.112
-13.453 16.137 91.206 1.936
-55.894 -54.855 85.636 1.905
-64.648 160.042 -135.376 1.933
52.867 1.133 -151.684 2.075
206.648 -6.632 -176.142 1.914
141.878 -100.132 -127.197 2.019
-205.068 -129.452 -70.209 2.003
212.361 147.036 2.294 1.878
28.146 -81.880 -166.521 2.061
-174.549 -50.984 -105.584 2.092
55.253 -149.083 -127.527 1.969
166.805 168.792 137.061 1.962
-78.037 -114.957 39.172 2.169
214.619 123.446 73.412 2.012
-138.438 -164.832 157.030 2.076
75.134 122.302 23.414 2.032
77.816 42.258 74.783 2.098
-5.600 148.224 -187.057 2.183
-204.699 -139.490 -37.401 2.118
46.123 176.929 -154.206 1.918
-56.877 -140.238 -192.619 2.150
95.989 6.459 23.975 2.059
-183.228 -4.671 -139.699 1.957
216.009 46.654 0.059 1.931
-219.319 -185.583 113.148 1.947
-105.802 -161.523 -147.999 2.046
211.201 64.365 -150.144 2.018
222.967 21.961 -38.298 1.970
150.235 -5.133 175.721 1.884
-102.826 -133.112 6.179 1.914
-183.389 88.151 -68.730 1.876
216.903 67.467 4.857 1.932
76.123 34.705 -34.538 1.978
-160.995 -80.045 181.726 2.052
-159.768 83.102 -33.494 1.996
12.122 -90.478 -140.210 1.987
-65.401 131.859 64.489 1.731
-84.003 -17.119 53.504 2.023
205.696 171.078 23.897 2.065
148.001 -170.095 108.308 1.957
-196.101 139.825 -66.751 2.035
45.931 108.970 73.372 1.983
12.004 31.446 -10.152 1.898
-83.654 27.329 -101.057 2.081
-210.832 24.309 49.978 2.303
158.787 -128.863 112.047 1.942
14.115 -2.930 -188.416 2.045
83.810 113.607 -153.128 1.875
46.307 -63.433 -5.724 2.099
-41.046 175.622 38.681 1.882
-167.632 42.216 -87.672 1.912
188.787 -132.133 43.981 2.062
54.918 -162.352 -141.482 2.177
39.121 -93.452 118.531 1.830
7.587 -153.217 -59.833 1.999
53.038 162.406 37.282 1.985
-107.178 77.479 192.538 1.984
-97.050 29.736 -195.721 1.945
-34.268 142.396 -53.248 1.835
38.201 -67.999 179.019 1.989
-165.611 -40.676 108.617 2.096
216.790 125.155 -47.531 1.985
64.953 42.264 -74.007 2.021
16.602 -69.778 160.780 1.949
15.680 -157.222 -134.953 2.119
-202.859 -188.838 -29.161 2.105
-208.106 -47.169 152.876 2.017
74.774 -168.060 25.739 2.108
20.472 77.584 109.820 2.034
-159.247 -21.598 87.630 1.917
-65.751 -17.614 -149.720 1.859
35.898 -49.321 -48.574 2.036
37.773 -110.990 36.089 2.286
76.719 -71.863 -64.704 2.061
-113.438 5.634 -102.676 2.028
-84.908 64.008 20.471 1.895
84.195 21.099 66.253 1.961
32.348 -123.115 -34.599 1.943
164.241 -145.113 -55.501 2.134
-107.626 150.909 130.517 1.973
10.067 107.615 28.924 2.054
-1.170 -40.666 60.837 1.900
-112.425 37.153 -160.513 2.099
-162.594 176.556 71.560 1.877
125.185 -177.266 -91.755 1.923
-152.619 -181.223 -25.059 1.988
-201.808 96.187 -147.659 2.038
-82.700 93.116 189.182 1.921
-22.089 -72.860 129.472 1.904
-135.525 47.517 73.081 2.150
48.940 -50.892 -193.869 2.007
140.428 68.733 75.224 1.761
218.522 -31.281 79.461 1.969
-13.288 26.266 -3.590 2.032
13.542 -90.810 188.197 2.019
-17.945 62.224 -94.838 2.087
-94.599 -48.001 56.426 1.893
-124.560 -125.401 109.536 2.000
-8.179 -40.441 54.468 1.973
209.158 3.567 -102.816 1.976
170.268 108.700 -29.572 1.919
-133.059 -22.484 -180.469 1.821
57.110 -165.727 144.815 1.973
159.123 -61.532 -169.150 2.049
5.146 90.232 41.843 1.934
-174.888 -71.475 150.868 2.062
59.505 -152.102 -151.530 2.137
-136.024 119.396 -188.621 2.023
53.119 47.532 45.607 1.997
75.330 -20.456 -134.710 1.950
-165.202 -48.758 7.444 2.146
144.490 57.027 126.947 1.833
17.269 91.820 125.356 2.011
79.000 77.736 -154.911 1.985
-104.497 -158.146 107.902 2.134
-125.994 -73.094 -180.952 1.937
-147.660 -55.714 42.772 2.059
-166.432 -21.077 -87.065 2.000
-23.899 107.127 157.833 2.092
35.434 129.489 125.925 2.140
97.499 -36.460 145.576 2.274
-96.670 -21.193 91.002 2.037
-129.429 76.501 -120.248 1.972
-103.026 -178.160 -68.307 1.965
-72.067 169.438 197.191 2.083
-75.868 -138.723 -113.974 1.996
-17.173 -19.568 138.557 2.036
-21.757 148.890 -65.363 2.168
-85.546 119.649 -115.257 2.071
92.889 -116.810 -8.062 2.108
-80.346 -177.034 97.485 1.838
-105.848 29.080 -133.394 2.016
-140.510 173.448 132.612 2.042
175.619 183.550 101.152 1.969
176.589 61.533 -7.078 2.038
22.615 4.717 -114.660 2.007
102.202 -121.201 114.161 1.909
125.209 -24.127 181.690 1.919
-15.963 -166.181 -152.743 2.055
-204.714 -170.654 9.713 1.976
-185.547 -46.953 101.929 2.117
178.350 -153.699 -93.955 1.863
-175.794 172.482 16.356 1.984
-99.172 -106.529 -58.863 1.802
-125.470 -105.965 -12.878 2.008
-0.263 -131.332 14.279 2.119
59.799 -43.092 85.702 1.889
-42.669 -73.086 28.067 2.008
190.920 41.713 123.734 2.276
-204.676 108.180 -52.057 1.953
73.453 -147.693 -133.378 2.061
-55.944 -81.795 125.440 1.979
-1.765 111.730 82.493 1.906
-144.088 -138.932 92.943 1.909
174.716 -143.936 168.929 2.070
131.678 33.291 -175.762 2.089
-181.548 -106.201 -7.039 1.910
-169.814 83.525 59.386 1.967
34.823 77.315 -23.349 1.936
-8.358 -25.116 -21.868 2.116
-156.219 -186.426 -22.423 1.862
98.949 -53.585 156.466 2.260
161.155 -106.286 146.395 2.139
-215.324 -21.023 -161.215 2.135
-141.460 -142.491 65.061 1.871
-202.360 163.028 -143.306 1.973
208.459 103.458 147.962 2.098
-122.805 -80.930 112.392 1.877
-132.634 -43.204 -58.026 1.901
92.244 69.324 146.471 2.123
-122.233 167.633 164.871 1.752
160.686 -30.174 187.884 2.102
163.227 -167.116 48.687 2.032
125.617 141.993 -87.341 2.014
-184.120 81.237 141.943 1.976
-204.690 78.317 -85.724 1.850
-103.269 28.409 -55.606 1.915
-188.759 -130.360 68.603 2.233
-77.024 -52.396 -112.311 2.080
23.754 -114.463 -117.163 2.180
189.606 -55.410 -92.831 2.038
152.861 39.731 -156.051 1.896
146.541 154.918 34.014 2.032
148.999 -31.138 -21.845 1.920
-117.743 93.860 -19.681 1.947
-86.498 65.268 -79.481 2.037
-121.815 92.881 -104.777 1.894
-26.303 -155.041 -179.081 1.982
108.816 -163.745 -116.615 2.073
-153.921 184.141 -80.659 1.983
215.142 -153.633 -193.845 2.065
202.843 -103.211 167.495 1.989
34.534 64.460 -86.211 2.116
118.237 -170.653 -103.094 2.134
51.319 -14.939 122.100 2.069
110.606 -144.251 162.927 1.924
37.917 24.932 -31.080 2.013
127.942 -43.371 51.598 1.842
103.698 163.553 -35.955 2.174
146.186 49.045 129.119 1.970
-189.329 -180.256 36.868 1.975
-186.584 -42.795 -68.706 2.129
-44.352 102.168 -151.642 2.004
84.190 89.735 136.992 2.058
177.621 -58.255 -82.573 1.789
-15.689 -169.785 141.067 2.089
10.773 3.692 -14.609 2.178
63.657 24.480 91.860 1.843
213.923 -146.171 -145.779 1.960
142.966 94.213 108.177 2.007
5.907 -119.436 -117.763 2.114
51.859 -175.092 46.694 1.942
142.912 103.795 -151.887 1.912
153.155 67.851 74.907 1.984
93.108 -86.185 -63.819 1.903
-177.313 -26.711 166.285 1.983
55.117 -140.635 94.352 2.032
-205.455 -105.306 -88.487 2.122
110.739 146.994 -62.767 2.047
41.054 48.888 -100.972 2.087
-59.875 141.810 4.791 1.975
91.882 37.566 -180.928 2.045
191.771 114.693 -119.285 2.102
77.925 -176.348 47.723 2.057
-169.565 175.553 -154.371 2.013
5.994 144.978 25.596 1.966
-63.293 -163.026 112.998 1.793
1.812 -137.659 -156.779 2.091
111.618 141.359 -35.005 1.826
-120.352 -106.794 32.519 1.991
-87.732 -23.717 -66.599 2.094
-126.369 81.976 91.347 2.028
54.887 -27.890 -158.940 1.803
145.035 -39.524 -113.669 2.009
-101.652 -121.755 109.001 2.067
-124.976 140.763 99.317 2.052
-37.219 26.897 -72.173 2.103
115.251 183.847 157.622 2.135
-64.363 69.628 15.450 2.040
-88.059 161.574 32.138 1.976
-120.579 -149.560 108.693 2.056
-96.414 -135.694 72.592 1.922
37.382 126.409 -45.878 2.190
35.053 143.520 -61.310 1.884
-23.544 128.609 -67.473 2.081
212.484 -12.258 -126.546 1.913
201.583 -64.711 41.033 1.862
40.026 0.800 -20.346 2.126
-48.968 119.943 114.119 1.942
136.645 -139.142 24.678 2.062
-142.599 2.752 169.322 1.968
