-126.821 9.148 191.943 1.948
182.740 -57.967 -82.249 2.031
-95.770 45.620 -145.060 1.937
-191.458 5.392 -112.903 2.078
142.771 -152.687 53.072 1.832
-88.342 -21.533 -34.808 1.946
74.177 86.046 80.989 1.908
-174.945 -114.279 -80.150 1.879
-192.321 162.864 -163.442 2.042
78.229 171.793 157.142 2.049
111.503 51.227 -31.750 2.041
-74.923 24.260 -65.797 2.046
33.482 -102.732 168.938 2.006
-79.883 49.655 -188.870 2.180
-154.135 -186.014 125.186 2.019
-208.531 185.854 -138.648 2.050
47.848 166.229 197.281 2.184
63.438 -98.232 41.220 2.073
-146.077 101.588 177.535 2.014
-69.456 119.190 38.877 2.178
-188.236 -43.983 56.651 1.920
-213.999 -166.258 -15.607 1.912
-61.863 -118.659 64.403 2.043
-212.278 148.444 136.290 1.965
-54.798 -141.074 121.297 1.905
216.752 -49.663 199.812 2.105
217.956 47.743 144.302 2.201
128.258 116.621 83.050 2.111
11.886 -161.209 -149.813 2.073
-10.208 -8.936 109.149 2.003
-63.451 -135.720 -103.903 2.076
148.649 -12.557 -42.704 2.055
-183.296 -133.232 138.231 1.947
200.818 -47.124 -179.372 1.942
-167.905 85.415 -149.456 2.003
29.871 -144.925 114.910 2.167
-53.420 -18.405 -101.546 2.093
-125.982 70.441 -9.019 1.939
96.413 178.454 69.559 1.908
114.796 2.000 -148.957 2.047
25.229 59.593 195.461 1.997
-142.593 -177.187 162.225 1.845
49.112 20.261 197.256 2.029
159.014 32.149 -60.016 1.751
-49.084 -68.112 152.245 1.944
19.153 84.197 -173.980 1.964
215.107 -175.344 103.675 2.088
126.019 142.113 -195.920 2.134
11.953 -92.759 -100.797 1.955
-58.686 15.279 -168.997 1.974
76.063 94.529 23.064 1.920
-69.685 35.743 175.430 1.897
-111.385 -38.564 135.565 1.972
218.474 161.569 -60.288 1.991
-103.102 68.084 -104.803 2.128
-176.452 -111.759 55.428 2.115
-110.589 60.071 96.654 1.927
-94.286 68.964 -25.472 2.113
28.589 -188.334 137.005 2.031
194.065 -171.123 -83.436 2.006
213.312 185.739 114.733 2.033
142.599 -107.034 -173.760 2.091
142.886 -108.670 62.762 1.826
211.940 3.653 27.575 2.040
-141.117 -177.211 -63.702 2.168
-161.019 105.835 157.776 1.994
-212.651 178.348 136.290 1.917
119.788 55.127 -99.611 1.952
-12.400 61.566 62.076 2.111
-29.564 -79.411 -143.482 1.832
27.352 -171.328 -35.869 2.023
-154.668 -18.802 -20.481 1.968
47.188 -43.186 44.309 1.975
35.746 -61.469 -24.318 2.104
174.291 -14.060 -11.001 1.878
-84.196 89.672 -30.096 2.180
-182.894 -41.445 -170.643 2.145
-171.936 27.245 172.885 2.041
6.001 121.538 44.250 1.913
187.962 126.458 -121.661 2.171
-91.282 72.774 27.251 2.074
-212.031 -165.145 -156.223 2.058
145.501 148.039 188.028 1.954
106.005 143.244 -27.201 2.100
121.850 -70.663 160.627 1.974
-207.647 79.511 -185.376 1.920
66.706 -40.987 24.662 2.004
-145.213 -137.096 179.089 2.099
156.195 -3.951 -50.863 1.944
-12.117 97.735 194.586 2.069
-118.737 -26.792 -12.887 2.044
201.036 -69.134 -39.326 1.853
181.507 174.609 188.736 2.035
-76.220 131.907 67.876 2.125
-12.190 133.420 -197.842 2.131
179.577 -30.552 152.411 2.047
44.479 104.967 147.930 1.989
-140.735 161.425 151.809 1.936
96.680 -48.570 -165.281 1.984
206.255 87.029 -142.916 1.789
201.052 30.431 -101.028 2.034
-22.097 -31.620 -115.005 2.045
-166.995 -137.996 -84.197 2.005
-208.469 15.273 60.177 2.038
100.239 -129.431 -68.321 1.964
-12.213 39.112 -185.790 1.961
116.467 -119.374 -165.917 2.077
-183.933 -159.205 -120.908 2.015
-47.456 57.960 -34.330 2.265
139.240 46.937 198.229 1.877
200.456 30.648 149.573 2.073
100.928 103.512 -123.681 2.061
-194.779 -189.386 -2.165 1.933
-92.054 -32.791 -90.107 1.839
-66.729 -114.283 -94.648 1.908
-11.431 34.708 59.187 1.944
57.050 -158.054 114.933 2.054
-142.086 57.229 -12.711 1.907
-175.902 30.528 -173.871 1.848
168.369 113.877 14.652 2.078
124.833 -143.817 12.020 1.945
-152.064 172.469 -21.337 2.132
18.457 -32.131 152.510 1.934
-134.311 178.063 172.812 1.888
194.525 -110.713 -72.276 1.888
44.461 -33.079 -52.132 2.123
138.902 184.305 36.011 2.058
185.913 39.575 -20.863 2.080
15.893 48.184 -166.516 2.012
46.352 136.014 -100.006 2.070
70.126 152.969 53.947 1.817
-104.781 -56.637 -161.737 2.073
-13.123 -7.777 101.221 2.058
105.443 30.110 -169.294 1.969
108.370 33.765 63.046 2.031
-46.092 129.265 -145.129 2.024
132.886 -154.537 -37.572 2.103
-138.525 -20.015 -195.200 2.257
-182.593 169.418 -188.256 1.881
-25.982 -158.903 173.566 1.994
5.104 8.865 -103.015 2.017
-160.895 56.996 -105.547 1.984
-218.223 97.427 119.961 2.068
-217.635 114.957 -144.708 1.870
116.870 182.000 101.328 1.999
-3.492 122.817 -2.473 1.991
163.964 116.113 2.094 2.112
105.555 27.204 -186.962 1.939
-215.554 86.811 18.624 1.981
51.646 -144.152 40.009 2.045
16.712 189.118 128.451 2.049
-109.363 24.585 139.331 1.985
121.463 47.961 105.886 1.952
-27.769 58.670 119.690 2.061
20.038 165.422 102.187 2.007
-142.975 137.439 -130.493 1.860
-62.835 156.301 -38.771 1.997
58.846 -131.435 -3.461 1.919
28.937 -97.498 -94.178 1.859
88.680 -1.703 173.177 2.107
148.423 -149.624 -94.695 1.943
213.465 76.174 -175.897 1.925
144.268 78.358 -137.146 1.986
-220.175 170.582 186.792 1.983
93.333 8.617 71.864 2.100
26.102 -41.133 -180.087 2.007
-195.398 161.136 -125.476 1.916
-52.541 -141.130 192.021 1.985
-197.017 -135.849 27.504 1.974
132.744 -93.519 -118.724 1.982
-45.259 -147.073 -110.333 1.948
-168.912 -91.259 106.502 2.006
-141.298 -150.538 154.899 2.176
-80.928 161.484 30.889 2.058
42.751 -150.167 13.572 1.975
32.211 -29.195 -131.262 1.994
160.388 -87.712 83.731 1.927
220.180 27.265 13.805 1.974
136.620 -5.776 -107.850 1.902
205.708 -47.790 -169.888 2.022
-98.238 -159.347 61.974 2.074
-219.110 -54.351 -117.150 2.049
-80.902 -17.496 -192.008 1.896
-132.655 78.462 -171.986 2.187
168.059 -11.631 -188.553 2.024
-69.905 -124.724 -87.064 2.031
78.426 27.192 51.357 2.067
-222.029 -109.686 173.671 1.918
69.075 -152.024 31.606 2.252
-109.018 124.951 190.383 2.017
5.809 139.532 82.961 1.884
-25.236 -154.631 168.971 1.901
7.801 56.294 -57.062 2.177
135.682 -164.646 -43.753 1.900
47.876 133.032 32.103 2.100
-70.677 105.556 197.586 2.151
94.824 155.959 115.064 2.136
-103.880 -143.880 -140.905 1.973
23.839 -55.987 91.481 2.038
-75.147 48.421 10.196 1.881
44.227 -15.331 111.461 2.040
24.612 112.827 136.606 1.938
-130.591 -163.189 150.958 1.868
-124.694 19.779 80.054 1.972
38.685 169.843 54.848 1.930
14.522 -25.291 -13.523 1.978
81.986 -128.405 23.140 1.894
-132.480 -22.713 -140.409 2.014
105.629 48.005 -104.334 2.056
153.799 -136.722 -142.945 2.216
-216.935 -140.478 34.433 2.165
-104.410 -94.507 -154.065 2.030
145.557 5.752 154.402 2.155
118.353 38.823 -133.598 1.950
194.689 27.254 -108.055 1.993
-127.035 -105.702 64.560 1.925
143.883 -169.498 4.367 2.163
90.482 -172.634 -3.060 2.100
84.413 44.496 -111.623 2.130
105.285 -18.804 -67.688 2.058
151.931 9.110 110.869 2.003
8.166 25.878 112.653 2.108
-28.232 -41.622 -66.256 2.101
-159.355 114.537 -31.594 1.896
-90.184 121.614 58.168 2.045
-158.807 -68.907 50.861 2.065
-129.685 -67.105 174.141 2.017
174.837 -177.386 39.867 1.898
62.221 -63.181 -39.491 1.740
-13.799 150.992 -132.369 2.064
-181.842 103.940 -169.496 2.088
102.158 125.152 -130.008 1.897
165.109 -143.832 -89.710 1.851
-46.326 8.823 119.346 1.941
11.577 80.430 50.839 1.766
58.243 45.135 155.669 2.089
-86.049 -27.675 -17.985 2.152
-206.169 182.503 -147.278 1.893
-157.118 -159.093 1.735 1.760
-162.618 -29.405 176.946 2.070
-207.187 21.324 197.090 2.081
37.920 -50.270 -88.464 2.022
57.561 -87.546 -155.886 1.976
-213.778 84.427 -21.246 1.994
182.335 -150.215 54.329 2.029
98.959 -1.556 -43.118 2.200
-73.297 42.248 -100.085 2.125
-14.257 60.684 -134.523 1.968
170.746 -120.925 179.877 1.974
-185.173 -51.968 -34.453 2.231
-67.714 103.721 115.122 1.989
214.515 12.261 -0.335 1.968
36.792 160.012 177.185 2.014
141.565 -187.643 94.123 2.181
167.185 128.713 107.852 2.169
40.254 109.966 191.620 2.129
104.385 -63.706 -151.000 1.945
-72.690 172.988 135.263 2.139
27.384 17.052 -105.794 2.213
-177.903 -164.974 98.631 2.089
-196.673 99.199 169.234 1.811
37.496 79.713 -151.865 1.881
-103.140 76.779 188.699 1.880
-165.531 30.951 68.845 2.303
46.347 70.894 -196.292 1.784
-194.020 -7.318 -82.853 1.920
117.624 46.490 -96.559 1.907
93.860 114.595 -65.928 2.114
123.186 -17.201 -21.403 1.905
-23.420 139.055 144.415 1.974
103.436 89.648 163.250 1.919
117.454 -84.447 117.181 1.944
-178.180 -140.822 135.213 2.046
-59.419 -188.925 -25.138 1.890
199.238 -138.749 37.120 2.071
-99.682 -179.912 134.862 2.026
-94.445 -77.421 19.230 2.075
-116.478 -46.231 -54.146 1.891
-100.008 184.642 104.660 2.189
204.044 -71.857 182.739 2.011
71.631 163.488 -168.410 2.078
112.347 -127.944 -122.113 2.131
-179.705 30.014 -35.751 2.062
204.770 188.496 -85.758 1.957
-165.692 167.517 73.943 2.124
-74.578 65.877 -174.170 2.025
67.081 145.997 -186.158 2.112
126.282 -82.627 185.791 1.927
-33.047 -113.068 129.496 1.977
203.673 -75.018 -14.794 1.924
209.543 22.440 -19.407 2.252
164.678 129.439 31.771 2.077
72.922 55.006 -173.614 1.898
-18.942 -174.918 146.638 2.035
-55.303 182.629 -41.583 1.993
41.603 -84.001 26.746 1.979
122.568 -131.369 -199.432 2.085
47.357 -97.099 -131.064 2.190
-216.101 154.286 113.413 1.876
-186.310 -187.090 150.871 1.814
-195.570 -94.367 92.128 2.075
-215.311 49.097 -80.536 1.975
-133.628 186.513 -150.769 2.013
-100.099 -70.635 -51.147 1.809
14.407 -82.238 16.742 1.964
161.714 159.382 91.976 2.105
-115.991 33.877 -160.728 1.916
115.395 151.964 -93.449 2.003
-32.659 43.487 32.532 2.017
-2.432 -89.702 -45.704 1.924
-95.008 3.945 -170.259 2.080
210.786 -28.083 154.747 2.061
185.294 8.616 130.882 1.958
-35.271 140.980 92.630 2.031
-207.011 -99.128 6.905 2.075
-2.064 -176.132 194.776 2.030
-197.982 17.864 93.679 2.140
94.462 -124.474 16.830 2.003
-85.897 -80.695 -6.169 1.842
-211.825 101.365 -127.439 2.012
-193.325 135.279 115.995 1.770
213.060 -38.558 -47.524 2.068
93.527 -40.137 -53.569 2.104
135.844 -180.418 165.900 2.000
-190.244 -129.943 127.671 2.005
224.304 64.783 -156.402 2.052
-224.769 103.913 -79.539 1.919
-101.408 38.815 -116.038 1.928
198.366 -154.167 -106.755 2.098
-122.792 -152.220 92.969 2.081
102.302 -159.702 -14.662 1.959
-87.015 -178.510 -23.560 2.178
-71.827 161.249 -48.239 1.985
159.578 61.318 128.042 2.176
126.704 150.545 193.671 2.140
-75.533 -114.250 -156.343 2.111
220.246 -76.126 123.934 1.913
179.897 85.309 73.388 1.992
180.861 169.856 -154.438 1.892
173.956 -180.985 -89.990 1.902
172.389 -42.759 155.664 2.009
-116.797 -136.437 -32.038 2.049
-38.175 108.841 -39.520 2.080
-127.704 129.822 58.965 1.989
-180.105 -24.123 -4.690 2.098
-36.703 -88.911 -151.107 2.189
-161.644 -149.036 -85.663 2.093
179.951 10.891 168.429 1.812
-35.266 170.458 -3.901 2.046
7.034 129.892 -184.626 1.886
-200.531 173.832 -73.445 1.983
137.752 51.737 -177.556 1.823
-39.353 -32.686 168.191 1.979
-33.398 -103.110 -144.748 1.931
-149.163 97.978 -148.448 1.989
-154.269 129.329 -133.699 1.984
142.509 113.892 173.245 2.149
77.260 -171.388 -131.740 1.896
-7.070 -100.669 166.779 2.009
-115.933 145.249 19.074 2.029
-125.600 -0.188 -136.408 2.160
-20.020 -34.271 49.817 1.926
-178.773 95.277 -135.494 2.193
-37.738 -164.575 -108.059 1.893
-19.908 179.752 -34.010 1.940
75.530 74.212 53.634 2.005
-152.404 -180.845 55.449 1.938
45.751 -90.552 57.555 1.981
1.472 135.766 133.068 1.924
93.485 38.096 42.023 2.213
70.041 173.785 71.431 2.149
-102.186 -48.451 -136.370 2.053
105.803 -76.385 72.119 1.860
-65.174 -10.313 31.607 2.036
114.800 -50.867 -67.144 1.963
109.290 -7.695 -189.161 1.816
45.755 -147.202 176.561 2.074
-141.609 124.692 -30.959 2.246
69.637 -52.519 89.031 2.041
182.874 14.334 175.665 1.890
82.045 131.451 -60.403 2.090
-103.087 47.991 -184.350 2.000
-6.228 -71.508 82.867 1.792
-72.545 80.216 156.401 2.078
-140.906 -95.150 106.590 1.964
86.216 -23.085 -123.588 1.866
-15.829 -171.104 -3.138 2.104
80.802 159.744 -100.340 2.072
95.781 -178.835 -22.611 2.034
-48.977 128.698 -131.805 2.033
145.422 61.241 39.243 1.972
-35.381 -103.926 -91.477 1.903
-67.051 130.072 26.942 1.938
133.062 -37.354 15.046 1.899
94.228 59.255 45.379 1.832
7.943 92.810 165.791 1.947
156.980 109.486 50.404 1.971
-127.233 -76.003 181.247 2.001
170.492 -143.825 84.082 2.137
7.165 -105.674 99.563 2.120
-87.834 -81.703 -149.268 2.071
-206.776 68.323 141.688 2.026
174.829 166.525 176.990 2.079
90.262 -83.994 108.385 1.945
145.527 -134.715 -177.873 2.093
-180.633 156.138 90.708 1.917
207.631 -38.714 -59.582 1.994
-139.355 -163.436 -83.589 2.161
174.162 -124.422 94.165 1.922
-105.806 -35.662 -60.788 2.227
115.179 -143.685 -191.153 1.930
-97.591 152.521 149.620 1.958
-47.790 96.999 31.994 1.865
97.683 -3.314 -42.562 1.955
150.052 92.050 -84.455 1.903
151.418 149.671 -83.996 2.062
-99.760 138.488 15.874 2.050
8.856 164.812 -111.174 1.962
206.769 22.606 174.856 2.039
154.078 -165.465 134.005 2.003
120.302 51.049 85.263 1.869
77.257 -114.607 174.813 2.057
-217.983 -147.752 -193.521 1.856
-100.769 79.351 -110.774 1.999
161.980 71.765 -185.887 1.986
-54.599 58.486 -76.600 2.147
-53.205 4.035 4.994 2.071
162.102 95.156 52.080 1.907
1.964 -9.057 122.074 2.025
-126.167 -183.489 -47.133 1.869
-141.336 -111.926 31.592 1.901
64.676 -17.447 -161.907 1.993
-35.270 148.552 85.120 2.022
187.185 68.083 -4.421 2.134
-68.709 -187.017 -157.291 1.792
-177.317 -55.884 -149.978 2.125
30.371 52.531 134.801 1.903
-22.433 -151.285 64.736 1.848
-162.403 -113.272 70.371 2.033
49.081 -68.321 -26.893 2.068
205.237 163.415 -34.948 1.892
-51.904 -147.559 66.504 1.749
95.795 10.945 162.602 2.038
-210.726 30.961 -28.832 2.085
-13.408 117.978 -89.520 1.982
131.631 -48.780 34.935 1.909
175.874 -107.816 -120.203 2.082
105.510 -49.517 -7.059 2.146
168.926 -18.041 65.793 1.851
-53.453 -38.305 185.775 1.928
154.260 81.721 -48.676 2.105
153.653 -11.939 -51.164 1.870
-88.924 -83.677 158.559 1.902
130.002 -24.660 -147.740 1.922
-196.295 115.881 -52.806 2.089
-155.228 -4.472 124.188 2.113
174.766 -2.881 114.682 1.950
216.503 99.804 -1.963 1.917
102.813 184.603 33.999 2.096
-36.622 -84.767 127.517 2.094
-45.109 -5.208 -116.509 1.898
-152.962 110.073 -42.797 1.980
48.656 -93.087 161.802 2.078
220.706 -19.200 6.025 2.290
20.118 -42.690 -146.680 2.047
120.339 43.854 24.590 2.097
200.160 -85.210 -31.319 1.909
168.709 46.420 -91.913 1.986
-112.918 55.621 -3.001 2.171
198.506 10.793 -192.399 1.945
83.394 -17.644 -169.334 2.131
-97.532 -150.979 -86.045 2.227
-87.936 -52.893 -37.984 1.985
-125.768 -67.129 -100.031 2.009
168.269 151.704 -13.016 2.031
7.452 176.706 51.989 1.890
175.188 -96.146 -145.399 2.080
155.096 170.885 53.167 1.947
-53.356 -109.324 38.801 1.989
78.165 -11.880 -185.572 2.009
-12.218 50.436 -97.436 2.017
97.650 -25.121 -29.905 2.132
-14.524 64.002 -28.719 2.091
-150.635 107.654 -125.408 2.033
-85.545 -149.908 160.825 2.065
3.054 -18.560 -89.113 2.046
72.688 131.071 25.271 2.048
-115.847 70.415 18.788 1.898
-75.946 -49.977 -53.183 1.972
154.861 130.049 73.044 1.933
-189.203 166.011 34.422 2.112
-124.838 -150.926 41.321 1.982
118.921 10.975 -8.519 2.043
62.926 69.957 40.743 2.035
-168.075 -91.683 130.737 1.890
213.498 32.367 -50.937 2.093
168.713 15.729 -159.194 2.166
31.464 147.061 139.305 2.077
137.487 143.060 54.675 2.172
77.465 72.537 -44.068 2.034
-50.125 -4.245 -121.616 1.989
-36.448 180.679 -172.110 1.846
-88.054 -103.181 -142.637 2.016
37.990 -7.413 -35.525 1.938
88.683 174.406 -49.450 2.160
154.723 15.776 164.992 1.971
194.944 110.732 199.628 2.199
190.997 167.763 70.339 1.887
198.504 -176.733 -93.790 2.106
-163.882 -90.789 184.984 1.914
-77.742 125.258 14.486 1.734
135.994 175.767 90.408 1.894
-175.311 18.810 -169.384 1.997
-151.031 -58.429 132.576 1.988
-132.476 -114.475 119.934 1.951
-214.932 -8.442 80.066 2.058
-172.470 152.259 110.840 2.014
-94.613 18.216 -126.362 1.963
-100.031 108.511 -95.314 2.060
112.964 -23.407 -84.140 2.126
-187.932 -136.316 -133.798 2.118
140.637 -189.453 127.611 1.986
29.786 -98.177 52.384 2.044
-186.122 87.006 -134.102 2.052
-196.775 20.652 23.914 1.802
177.411 127.495 -128.715 2.004
-176.184 -63.147 -70.203 2.028
-133.926 -22.160 89.033 2.168
-17.792 105.575 -24.927 1.905
154.226 -6.427 -89.934 1.814
40.321 -103.090 187.291 1.955
-79.960 -56.443 -106.631 1.989
-209.430 -170.714 144.650 2.090
22.006 135.127 -109.308 2.127
210.953 -100.625 55.416 2.001
-160.712 -71.240 195.095 1.982
-6.218 136.310 55.173 2.170
214.493 -68.227 80.829 2.112
-164.705 168.500 -3.408 2.100
-147.543 -110.105 -83.265 2.074
-47.071 -137.604 -59.654 1.929
129.318 -37.101 -63.250 2.035
103.476 -78.936 109.825 2.014
188.855 57.085 196.428 1.998
136.666 138.393 91.058 1.988
-212.402 -177.781 -47.957 2.014
23.778 -133.628 -155.022 1.899
-158.058 -156.043 158.291 1.910
209.607 -22.714 -50.273 1.917
9.260 28.042 -32.239 1.904
214.927 7.946 10.361 2.007
-144.785 125.119 -64.510 2.017
41.769 -64.430 -68.523 2.217
-144.011 98.031 -120.317 2.008
15.606 -68.643 143.370 2.030
136.773 128.436 102.565 2.123
110.154 -124.932 67.901 1.988
72.600 -32.096 -135.511 2.017
-51.372 -158.116 106.960 2.051
-5.916 -90.810 -37.684 1.925
-202.461 11.013 44.130 1.970
132.471 -3.658 -123.907 2.107
125.253 134.423 183.267 2.204
71.138 2.565 -162.648 2.043
7.843 -144.848 -58.374 1.984
59.359 -49.458 101.418 2.150
-40.354 -81.304 137.172 1.939
8.277 45.391 -111.803 1.921
-70.089 -141.260 189.614 2.024
-213.926 -183.494 -15.363 2.145
25.528 -160.972 199.248 2.191
-20.598 155.913 -11.350 1.829
6.990 33.259 -119.445 2.128
-173.516 56.740 -65.420 2.008
155.782 24.859 -41.178 2.108
44.345 -57.604 -82.504 2.045
-106.097 143.211 149.770 2.059
73.872 -85.755 -150.115 1.841
191.208 100.048 -74.737 2.106
-29.399 -90.636 70.519 1.910
-73.030 -1.288 118.417 1.922
-112.623 147.914 -188.184 2.025
-165.691 68.790 -126.552 2.069
-72.003 79.506 -88.333 1.887
-86.501 128.296 -157.381 1.946
134.945 11.519 -62.299 2.090
-86.252 147.118 -118.435 1.930
-222.623 -162.256 173.000 2.182
157.380 81.415 -52.712 1.867
-103.198 171.422 154.765 1.968
-188.290 12.661 80.433 2.011
-92.075 -96.381 77.708 2.041
-141.907 30.544 -77.159 2.102
157.885 -88.826 -5.396 2.161
-172.448 -20.254 -168.463 1.829
-199.142 10.393 179.489 1.981
119.953 101.384 -140.631 1.963
-25.462 154.184 6.160 2.228
223.575 -36.164 -180.107 2.155
-140.165 142.690 84.029 1.959
-116.139 -147.614 -188.296 2.120
140.399 -173.782 -99.670 1.743
36.966 -68.394 -138.768 1.918
40.553 95.693 -130.496 2.061
-177.130 144.657 172.325 1.933
-108.710 92.353 -192.196 2.004
-152.133 -109.204 90.891 2.020
123.023 -106.949 88.472 2.019
20.115 -77.108 -160.661 1.969
208.546 81.802 135.758 1.960
84.409 26.493 5.554 2.183
-174.502 -75.948 -117.534 1.990
-22.048 -162.617 -91.883 2.051
-43.285 30.392 -33.523 2.100
-81.145 99.921 -88.317 2.023
-74.741 75.155 137.383 2.016
210.708 93.977 8.794 1.948
-124.373 -182.405 -114.720 1.920
214.630 185.535 -2.825 1.978
123.125 -51.309 168.869 2.086
89.534 170.638 65.760 1.866
172.155 145.320 -50.265 2.026
56.528 -27.825 37.452 1.947
-177.171 -128.123 144.738 1.999
-85.062 -119.445 -48.456 2.082
190.392 -101.133 157.415 2.018
157.797 -78.649 9.929 1.804
-203.865 -176.481 158.218 1.983
116.951 -147.724 -141.774 1.924
-196.122 169.149 -28.652 1.962
-49.013 121.507 165.439 1.982
-131.125 -64.701 -144.154 2.008
-90.711 -90.237 -14.749 2.088
-33.702 -2.719 -19.394 1.899
185.983 130.796 33.927 1.996
122.779 -8.382 93.939 2.009
-77.250 110.334 -72.604 2.038
192.319 -2.657 120.463 2.113
-202.176 12.989 -190.540 1.844
95.127 23.814 -176.590 2.062
155.110 -163.766 24.391 1.937
-50.285 67.202 -66.844 2.054
167.404 153.005 58.075 2.095
-163.927 54.940 163.013 1.958
80.156 -189.149 -142.830 2.245
-146.417 166.747 66.330 1.930
-169.285 55.465 94.114 1.927
-52.894 96.955 96.131 1.885
-71.029 -62.679 66.120 1.858
139.937 -58.576 10.221 2.046
-164.028 -146.872 -196.767 2.039
4.763 -42.519 -117.307 1.947
-218.583 116.982 36.812 1.918
-125.896 136.562 -82.868 2.008
-76.154 158.971 142.964 2.052
-144.508 81.296 175.573 1.886
-200.810 -95.552 -154.991 1.928
82.943 25.079 170.424 1.971
194.844 114.688 165.883 1.957
168.010 88.420 119.494 2.017
-73.683 38.269 -10.977 1.969
-46.088 9.991 81.438 1.880
-86.256 0.428 -198.084 2.214
98.278 13.989 -20.530 1.863
-27.898 75.580 -170.812 1.971
-17.229 -146.339 -177.615 2.160
-107.944 67.954 -153.845 2.063
57.027 -120.441 122.374 1.970
76.295 -56.705 125.900 1.929
163.602 153.765 153.941 2.065
31.292 65.525 -104.627 2.135
102.831 -35.501 173.435 2.095
117.297 -188.790 52.537 1.894
18.057 149.772 -152.069 2.156
3.487 -9.079 198.657 2.170
-93.753 -90.326 -158.668 1.871
210.281 20.037 -59.631 2.035
-46.929 -181.507 6.309 1.902
77.334 -165.103 -165.222 1.999
-61.296 -113.261 -70.077 1.842
-137.720 181.933 -181.492 1.847
-14.034 175.770 178.171 1.919
45.253 -79.293 -85.448 2.099
-107.925 -9.165 -160.314 2.158
8.077 30.067 95.475 2.045
-170.341 -183.918 197.717 2.039
149.439 -103.619 -57.788 1.930
160.523 -179.403 -103.965 2.218
28.006 138.277 73.819 2.109
173.916 -82.377 198.558 2.191
-184.438 117.978 164.299 2.016
-196.056 66.711 -101.906 1.941
10.808 178.187 -3.686 1.898
38.833 -28.725 154.639 2.048
-165.539 84.712 -189.093 1.972
177.746 -166.855 -3.542 1.913
27.191 82.104 -199.603 1.981
180.793 -60.096 82.163 2.095
87.157 -131.918 26.609 1.913
-109.188 -187.492 165.655 1.901
28.173 19.612 -67.082 1.883
-71.606 72.523 -169.839 1.984
158.199 11.384 -53.648 1.883
-9.277 24.985 -154.296 1.993
101.218 -40.714 105.488 1.948
203.335 -130.510 138.329 2.037
-194.740 50.519 75.722 1.955
-52.580 142.811 55.766 1.834
-108.889 -50.949 39.623 1.985
109.190 -147.433 49.925 1.887
-34.757 -67.697 30.245 1.883
222.930 162.696 -112.997 1.968
-192.020 62.023 -135.630 2.059
-94.821 -69.756 6.558 1.881
149.397 -176.401 -178.744 2.006
-53.914 17.277 37.597 2.150
61.394 35.678 153.458 1.937
-111.387 109.769 71.777 1.984
-124.517 -83.691 -168.579 2.168
-189.824 94.402 62.027 1.876
86.982 104.854 -187.540 2.140
126.045 -39.362 -23.771 2.226
-72.096 45.528 -26.835 2.048
163.128 -164.735 -175.885 2.071
-29.824 -51.836 18.158 1.925
113.301 0.476 151.115 1.870
23.262 91.110 134.083 2.018
34.743 70.111 -158.065 1.922
89.020 -11.549 -187.423 2.016
-219.098 -144.126 -109.922 2.035
19.883 -127.567 -63.208 2.232
-123.493 49.607 197.420 1.982
181.865 70.334 161.863 2.004
-8.382 -44.513 69.355 1.912
224.119 -5.597 58.223 2.022
-116.919 23.968 115.769 1.972
-203.322 -64.504 48.796 1.822
28.037 -177.716 -26.755 2.065
25.149 55.130 -162.463 2.008
215.522 -159.266 -111.518 1.924
12.196 -44.846 -1.371 1.855
-206.391 -17.992 -12.970 2.038
82.490 -128.609 40.836 2.019
218.442 -29.860 -93.904 1.818
-83.879 154.508 -59.439 1.864
-211.857 8.126 -109.012 1.899
171.103 2.804 -154.389 2.123
209.035 29.493 72.243 2.101
-96.033 78.381 -96.664 1.967
-58.778 -48.239 59.409 2.158
-15.299 103.754 64.007 2.040
-29.467 -86.447 130.210 1.925
-83.852 144.922 67.826 1.937
195.761 -28.401 -150.613 2.040
70.460 23.080 65.726 2.076
-59.682 -123.400 -130.160 2.013
-153.883 7.896 150.327 2.022
56.528 -185.365 -23.341 1.884
-158.504 77.747 140.226 2.036
33.627 95.251 -34.567 1.827
-119.100 58.678 -81.172 2.165
-200.788 -186.331 89.311 1.982
-161.266 -0.407 105.594 1.937
44.163 128.818 73.641 1.930
113.460 -21.364 9.192 1.956
-27.025 162.853 -171.217 1.971
196.937 186.294 -21.133 1.963
210.394 -149.163 -83.216 1.925
0.859 62.825 -146.185 1.958
136.000 79.307 -192.172 2.192
-90.183 88.515 -139.054 2.054
163.651 -66.655 -82.745 2.155
-66.005 -95.035 -38.593 1.934
-211.422 106.210 -77.446 1.779
125.659 12.597 -49.591 2.176
-101.152 128.445 81.494 2.052
204.943 -168.274 125.290 1.798
78.244 183.424 176.011 2.069
188.036 -189.183 -118.152 1.897
26.138 19.853 -61.240 1.878
6.944 -80.313 193.488 1.913
35.946 -32.209 119.585 2.018
-57.840 164.443 67.191 1.988
64.344 122.668 -37.644 1.896
-65.922 78.314 197.341 1.995
156.167 -131.738 -148.360 1.890
-180.358 152.370 -33.927 2.015
93.599 -153.345 95.574 2.098
-37.798 106.144 197.159 2.055
83.897 -157.894 96.160 1.995
-170.005 151.247 117.197 2.089
-179.453 -3.395 -194.385 1.962
-153.621 176.549 -145.539 1.927
68.999 -101.206 54.240 2.091
123.444 72.827 83.030 1.766
-32.993 142.349 -70.717 1.985
123.935 24.043 60.760 1.919
-33.559 -183.434 165.626 2.088
-181.955 185.907 64.080 2.115
89.597 33.303 -10.504 1.987
-144.683 -129.640 -136.158 1.968
-141.779 -66.199 26.673 1.986
-30.505 -38.203 -55.675 1.891
-102.137 93.009 -72.481 2.026
-29.391 98.699 104.144 1.914
136.099 165.909 -17.566 1.843
-181.128 -65.254 44.570 2.038
-39.464 -94.184 55.821 2.012
217.101 -72.535 -199.146 2.030
178.673 10.257 4.000 1.695
-199.833 128.926 32.692 2.226
-30.174 -182.193 90.709 2.157
-139.158 41.904 -149.551 1.971
2.803 -155.519 117.968 2.001
205.082 -106.314 88.564 1.973
-73.171 130.734 183.562 1.916
155.708 45.675 89.530 1.859
69.958 -36.943 34.943 2.080
201.159 172.800 -136.742 1.963
-58.967 -68.375 130.333 2.291
152.152 -102.848 176.659 2.212
-72.388 -65.716 -69.750 2.080
-120.871 -86.682 68.388 2.184
-107.716 -113.998 65.501 2.024
-33.862 86.512 -143.422 2.014
191.654 -59.895 -71.103 2.080
49.750 164.868 47.903 1.949
220.167 -188.300 -13.018 1.908
-159.279 131.131 197.044 1.889
-15.459 -38.237 166.104 2.124
-47.406 -30.848 -150.565 1.999
-103.531 172.223 -45.427 1.840
11.057 167.546 -126.629 2.024
162.521 130.212 124.426 1.850
-25.963 33.361 163.000 2.014
177.337 65.341 -63.829 2.057
-220.825 103.630 43.024 2.109
90.289 -103.684 167.087 2.086
68.461 -9.770 -83.129 1.900
-148.012 -148.930 -169.200 1.948
-126.525 -151.128 -108.883 2.030
-28.066 -25.149 -103.742 1.929
-177.100 61.878 -66.366 1.994
-8.720 -101.440 0.808 1.796
-27.797 168.272 157.765 2.070
140.993 137.707 199.543 2.137
-91.366 180.933 -170.000 1.988
-199.093 -70.215 -84.140 1.997
-176.114 -113.914 -47.862 1.871
0.396 162.624 -114.960 1.998
133.252 -189.466 -105.651 2.008
-93.559 -32.432 138.047 2.058
87.086 -43.490 14.945 2.013
-198.391 -45.116 35.504 2.032
78.586 147.741 -5.810 2.002
37.187 180.148 6.261 2.009
150.489 -171.353 149.891 1.930
17.826 98.390 38.617 1.735
-150.903 119.502 -40.138 2.032
46.410 -115.033 -110.347 1.878
-93.839 8.613 119.521 1.910
-162.106 93.330 -170.945 1.974
80.610 -70.378 -102.288 1.929
145.945 125.328 -177.497 1.973
1.278 7.442 -74.906 2.031
220.006 153.180 140.144 1.999
122.167 -138.489 26.338 2.038
88.047 53.266 69.228 1.944
-35.997 -1.375 67.308 2.065
132.620 86.115 163.311 2.031
93.011 -38.039 199.610 1.945
-12.436 25.468 -115.204 1.984
-91.067 -139.925 108.197 2.032
76.826 184.879 150.065 2.011
124.582 152.096 91.764 2.041
-19.599 151.011 -54.874 1.765
201.331 13.974 -3.224 1.967
12.532 57.887 -102.713 1.970
2.139 -129.980 190.433 2.026
-62.078 167.319 -159.776 1.875
189.952 23.395 -164.551 1.999
-58.699 -12.763 -28.665 2.050
-60.406 66.564 62.327 2.119
-184.135 -80.115 103.712 2.171
172.403 27.085 -100.843 1.930
85.972 123.763 -179.897 2.038
54.568 32.910 165.241 2.096
30.504 -7.312 -183.412 2.076
223.190 -93.806 38.297 1.865
-65.605 -128.658 -158.570 1.848
45.494 92.085 27.691 2.058
24.826 146.508 -116.649 2.134
-16.012 177.321 -47.060 1.863
-16.656 110.527 69.674 2.030
91.524 1.901 188.197 2.059
96.236 -183.498 -143.402 1.772
99.288 -27.196 124.057 2.215
-127.040 -84.917 -67.245 1.983
-60.090 122.536 -130.325 1.893
128.810 76.356 185.908 1.942
-160.611 113.010 -42.383 2.109
-0.605 -129.334 183.183 1.987
89.429 -157.485 -17.269 2.171
-207.394 83.315 186.146 1.984
-114.451 -161.184 -52.523 2.035
19.287 -63.183 118.233 1.994
154.521 -84.905 151.228 2.148
63.454 130.567 -27.639 1.969
6.529 186.126 188.816 2.133
-75.386 -51.184 -3.718 1.943
32.673 114.953 -143.538 2.321
23.020 22.884 23.818 2.105
-17.434 91.342 -146.064 2.081
-17.685 94.929 70.432 1.898
126.953 87.300 -132.638 2.208
-108.523 -180.110 -54.377 1.989
212.589 -185.742 2.173 1.928
23.929 -121.654 111.217 1.824
-221.328 -77.060 163.112 2.048
-84.272 168.671 176.133 1.877
165.030 -84.526 94.120 2.128
80.001 -52.055 178.498 1.950
200.106 166.494 191.095 1.985
101.200 73.352 68.986 2.096
-137.773 -82.150 26.170 1.880
-132.910 -124.052 109.011 2.076
109.637 -88.211 -1.337 2.225
118.967 -21.256 -101.466 1.875
-99.874 -93.512 135.088 1.912
38.139 176.486 130.221 1.894
-200.672 185.470 -116.253 1.923
78.664 123.113 -87.652 1.912
-164.859 -107.547 -71.036 2.031
-59.719 -132.983 -9.892 2.144
-147.283 122.897 -147.997 2.046
9.407 -24.663 -26.045 1.926
-105.123 -170.667 3.482 2.016
-120.282 57.659 35.852 1.888
199.847 -142.224 -181.637 1.807
-47.616 -171.355 -161.046 1.970
70.122 6.412 114.099 2.034
-112.696 -104.927 -191.864 2.043
-12.059 -140.875 101.853 2.051
-115.645 20.489 -188.731 1.845
196.997 173.610 -58.162 1.863
-180.014 12.214 167.454 2.006
-89.758 155.785 51.810 1.945
104.463 -73.394 83.567 1.837
190.185 -177.801 144.877 2.122
215.120 165.737 -114.775 1.987
-135.211 166.232 84.812 2.008
10.836 69.320 -117.586 2.015
-165.390 157.744 -29.585 1.985
213.901 -68.350 93.096 1.951
15.759 -179.922 125.751 1.920
110.028 106.096 -30.677 1.998
70.542 16.083 130.958 2.064
-91.134 18.523 152.682 1.918
134.645 187.273 -191.385 2.034
28.579 -153.788 24.090 1.985
116.165 18.772 -135.972 2.023
187.658 -153.076 45.447 1.897
176.853 -29.132 104.978 2.027
34.482 -11.239 10.676 2.049
91.553 119.331 128.395 1.894
156.135 16.847 -156.140 1.896
77.641 61.871 186.185 1.930
93.304 -142.036 -55.970 2.203
29.164 -104.368 -94.386 2.062
122.048 157.113 -74.499 1.962
-211.941 -166.360 13.107 1.944
-71.052 80.521 -147.346 1.957
55.914 82.155 68.304 1.932
194.941 -90.070 153.168 2.010
47.676 -112.797 -149.332 2.207
46.377 -83.732 -195.169 1.955
188.276 188.456 148.053 2.101
-64.349 -89.161 -86.520 1.856
191.181 181.190 174.134 2.052
-63.741 72.446 -62.187 2.004
-134.553 -137.649 137.508 1.801
-162.672 136.744 152.513 1.959
-89.710 153.013 137.133 2.029
-50.828 -142.310 -188.428 1.962
-61.742 -81.688 178.024 1.992
137.155 130.512 157.981 1.932
221.502 -88.259 -172.957 1.997
89.168 72.872 129.496 1.862
219.440 -43.328 155.695 2.091
-217.558 48.686 -76.037 1.947
-33.461 -23.676 187.671 2.209
191.346 -59.414 174.380 1.869
-175.087 130.319 -50.266 1.932
39.237 -106.540 -92.335 2.068
152.024 -119.099 75.584 1.960
48.466 -133.136 26.799 1.962
65.490 -14.111 -92.889 1.972
7.555 -106.796 -149.979 1.990
-97.982 -127.533 -60.858 1.921
39.350 -10.068 -56.195 1.906
