126.576 54.425 28.202 1.946
93.727 -138.667 184.166 2.003
36.003 -180.231 97.030 1.995
94.714 -188.990 -103.678 2.069
51.348 39.889 -120.502 1.943
-155.639 -56.870 -23.594 2.186
-154.148 188.796 133.780 2.024
24.713 5.450 48.985 2.026
-194.630 189.800 -45.641 2.054
-38.116 -155.881 -123.352 1.938
-155.758 17.183 171.846 1.940
-197.742 116.949 43.206 1.711
-88.041 -91.492 -120.030 1.985
-173.156 -55.891 193.198 1.915
71.371 167.366 -48.739 1.913
156.585 -182.977 108.067 1.914
-120.474 66.203 127.347 1.802
-153.403 -166.064 47.704 1.979
-207.859 173.108 128.919 2.146
100.080 55.133 156.192 2.000
-151.503 -22.816 78.962 1.905
-167.750 63.708 43.386 1.951
88.867 75.315 47.453 1.970
-136.822 -135.809 -153.304 2.055
-165.166 80.275 99.967 1.998
-112.694 28.172 82.949 1.844
210.842 -74.130 83.869 1.952
-223.985 -156.139 103.054 1.929
-17.475 86.180 52.752 1.910
146.406 81.309 -69.967 2.082
-166.251 -27.830 -127.544 1.954
167.595 -125.368 84.949 2.060
-163.489 40.976 -25.728 1.953
-198.621 -162.298 159.076 2.051
-179.398 -160.744 -53.261 1.912
94.082 -59.064 -154.822 1.969
-222.333 -118.397 59.961 2.180
50.349 143.416 -13.238 2.007
-136.242 148.760 53.621 2.225
-25.807 -7.420 -111.963 1.888
-195.704 -102.025 -132.805 1.756
10.649 -68.200 24.427 1.961
-204.454 -72.947 -157.580 2.230
-178.849 50.454 80.977 2.109
-198.131 -179.216 10.707 2.011
10.652 64.524 -144.889 2.042
177.149 162.503 169.904 2.040
-31.499 -186.444 65.044 2.058
-11.375 164.099 142.406 1.895
-182.377 8.013 -18.304 2.036
-31.910 -94.796 -4.129 1.919
96.182 68.504 92.368 1.907
154.689 -16.696 87.848 1.967
3.201 87.530 -32.948 1.931
-63.995 -114.817 181.102 1.960
-114.872 160.308 185.878 1.938
-91.459 177.138 -73.612 1.892
102.374 -77.761 -172.286 2.064
140.313 158.280 89.261 2.065
-67.520 -59.951 -52.522 2.003
-115.719 103.466 139.452 1.923
120.337 -110.554 93.651 1.870
86.807 47.117 -152.648 2.127
-42.929 -35.405 -40.569 2.294
-212.124 154.748 -155.089 1.965
48.905 -30.893 -98.336 2.036
219.102 49.232 155.249 2.005
-16.658 72.455 -5.230 1.887
-136.563 -100.687 196.894 1.947
-111.314 178.908 -11.479 1.966
-174.335 -119.241 23.011 2.086
70.590 40.181 -188.079 2.035
-126.046 -66.887 -180.631 2.010
-131.131 -141.667 64.123 2.093
88.178 -183.780 72.065 1.970
101.874 -26.632 -129.241 2.056
110.569 116.737 -175.278 1.978
151.836 -51.530 56.921 1.929
146.934 31.685 -116.599 1.968
147.816 141.940 -56.171 1.997
-195.238 174.062 199.193 1.952
193.379 -35.342 -122.906 2.045
-163.863 43.315 155.948 1.788
-74.769 0.338 187.988 2.007
-131.488 79.642 -44.860 1.870
-16.442 62.083 -78.441 2.024
-117.396 85.404 -194.291 2.071
207.511 -54.548 180.305 1.829
-159.408 -46.376 -194.760 2.139
168.508 102.031 87.337 1.972
92.338 -105.086 -17.491 2.138
-67.464 -106.068 -35.432 1.998
-160.649 -32.934 28.940 1.978
84.835 163.758 92.872 1.982
161.267 -17.600 198.220 2.009
28.068 -138.406 70.956 2.232
-27.875 -142.568 175.881 1.972
-39.928 59.175 81.002 2.073
-107.981 127.363 -182.832 1.824
-148.547 90.458 -166.630 1.984
165.119 -69.713 93.001 1.964
162.028 -131.892 -84.962 2.258
-52.592 120.631 198.699 2.000
130.629 99.097 125.611 1.954
63.805 175.733 -13.447 2.083
-42.226 21.040 -27.578 1.954
-202.788 -52.497 -170.523 1.864
109.156 68.005 -71.781 1.706
212.946 -60.636 40.145 2.103
-127.532 156.426 -33.722 2.072
41.162 -1.627 125.889 1.953
-28.527 1.597 -150.517 2.077
-112.655 -36.066 -91.671 2.229
210.185 180.428 148.724 2.088
-134.255 -187.524 156.733 2.039
31.164 -2.071 -5.299 1.994
-163.019 13.395 100.437 2.054
-72.517 -126.555 151.237 1.877
-86.282 43.727 -75.464 2.114
13.480 -34.194 -167.865 1.921
-92.953 -109.333 -121.902 2.061
-52.246 -56.640 -173.633 2.093
-75.638 -118.340 -174.136 1.895
-212.536 68.817 54.977 2.186
72.839 -173.294 97.481 1.956
92.575 149.185 -26.600 1.967
169.942 152.923 -199.952 2.016
-36.376 131.513 -27.658 1.971
-79.518 109.548 -13.079 2.023
0.049 -155.660 135.972 1.937
117.718 -5.338 121.891 1.876
-101.388 -118.946 -108.458 1.973
38.030 -56.450 159.922 1.940
169.049 126.254 145.350 1.970
141.429 -162.265 -58.642 1.972
184.284 15.618 -82.010 2.160
139.284 151.621 -168.952 2.021
-195.960 169.432 155.569 1.919
99.316 -32.982 -95.900 2.026
-37.022 132.345 1.175 2.078
6.989 -116.839 99.394 2.037
-214.997 -109.555 -145.092 2.076
52.140 -171.629 -112.428 2.045
-205.061 -165.959 -164.453 1.985
139.742 -23.429 25.913 2.050
-171.783 -140.760 -57.295 2.044
63.340 -29.106 -197.275 1.871
-210.491 153.011 -28.159 2.021
-192.451 -128.284 116.448 2.015
-96.652 108.780 141.436 1.949
105.476 -5.014 112.990 1.954
7.581 -119.956 -62.017 1.863
109.763 -1.389 -171.735 2.157
96.184 -75.177 83.457 1.951
32.528 -14.002 163.542 2.079
181.807 -85.601 -164.988 1.923
117.686 -14.694 151.162 1.964
-136.033 157.410 49.141 2.089
-21.934 98.073 -192.376 1.940
-122.326 -47.454 -167.523 1.837
-86.828 175.833 140.876 1.933
-69.163 19.006 -139.131 1.908
-133.938 -146.765 67.139 1.945
-160.724 -114.561 -94.763 2.096
-50.640 -51.762 197.911 2.023
-161.598 -48.440 148.942 1.872
165.504 -122.834 191.183 1.857
103.825 182.762 98.917 2.006
37.961 -126.444 -199.089 1.971
201.168 164.652 145.606 1.976
-84.281 34.039 87.867 1.972
166.700 -11.847 61.649 1.953
-118.488 184.237 -39.726 2.035
-137.780 -41.481 -168.153 1.963
-61.735 46.663 -154.994 2.037
154.101 0.596 175.831 2.049
-48.349 -166.199 178.208 2.174
-187.881 -74.019 180.507 1.926
-122.170 -129.877 28.913 1.879
-79.909 155.303 -137.497 1.835
191.018 17.003 88.478 2.024
151.249 -5.482 44.399 1.872
-69.303 162.868 -147.976 1.994
154.587 128.765 -182.913 2.074
50.697 -98.826 199.054 2.148
-100.833 7.620 20.708 2.137
-24.720 98.769 -55.169 1.949
-220.638 48.876 -181.309 2.040
175.035 -159.543 -111.845 2.028
97.065 87.956 123.454 2.053
144.528 115.413 46.538 2.174
114.508 -57.370 -181.533 2.076
146.964 -181.178 -58.318 2.207
17.180 133.596 -86.065 2.161
52.458 41.036 -119.364 2.128
215.197 7.462 155.156 2.060
-130.609 -45.727 93.660 2.101
-179.866 146.182 92.329 1.984
-220.433 -136.197 183.558 2.028
-20.466 -112.183 124.860 1.910
2.760 42.698 68.287 2.044
131.962 -176.458 169.612 1.951
155.943 18.482 10.248 1.766
-187.341 -152.976 119.030 2.043
-182.276 -158.759 -15.698 2.053
138.520 -89.132 76.914 1.997
50.793 186.736 -16.032 1.918
-152.404 47.896 -80.770 1.852
151.624 111.021 -59.285 1.986
-45.601 -177.183 -67.248 1.949
-162.179 168.727 68.302 2.125
-185.886 -38.575 189.299 2.018
38.781 161.054 171.777 1.940
-146.749 92.341 7.727 2.181
-15.873 141.805 2.404 1.874
138.095 -95.423 -79.569 2.048
147.696 88.503 -114.127 1.954
-108.301 48.116 -170.204 1.991
215.452 -146.782 -162.575 1.914
-32.281 16.871 -102.066 1.998
-54.185 172.864 180.765 1.809
-160.621 -144.380 83.411 1.866
51.687 -71.990 155.604 2.275
66.106 -110.805 118.583 2.073
86.675 -118.753 102.691 2.126
-120.234 161.817 -59.576 2.042
-191.982 77.083 -22.418 2.031
136.332 -181.154 16.503 1.995
-54.550 132.900 -175.210 2.123
73.618 -87.202 105.267 2.029
-112.148 -2.473 162.861 1.993
7.030 31.191 -13.092 2.039
-178.966 -41.026 104.600 1.957
-108.449 -103.169 -115.549 1.750
53.679 -153.393 109.690 2.048
65.215 -127.368 23.408 1.855
-102.754 31.450 -97.130 1.909
-144.469 -181.438 -79.929 2.000
-36.223 -117.500 -2.895 2.028
31.286 -176.361 -4.797 2.047
-40.327 153.481 -127.850 1.987
-147.727 45.063 -1.567 2.047
154.103 -117.784 150.005 1.936
54.671 188.812 -26.604 2.173
161.246 -176.391 -193.290 1.929
93.036 5.133 72.678 2.034
39.160 32.752 159.383 2.019
15.182 9.267 -142.092 2.086
-119.042 169.992 -91.293 1.980
-138.207 135.685 19.105 2.032
64.688 -106.416 75.019 1.983
-159.206 179.569 168.034 2.052
-169.774 -106.445 -149.119 2.051
78.368 48.489 -141.627 2.092
-178.159 133.136 184.440 1.849
-30.658 -0.104 -194.669 2.200
-15.179 142.819 -41.739 2.006
96.254 -153.946 -151.644 1.853
154.784 -175.580 -59.964 1.948
-218.690 128.232 6.719 1.980
212.481 -19.865 -60.170 1.973
160.787 -82.126 160.591 2.010
-154.701 69.733 70.249 1.938
138.371 -165.277 181.847 2.150
45.196 -80.620 119.970 2.016
-11.139 -13.728 -117.746 2.088
155.517 -151.133 66.981 2.129
-74.721 20.552 -94.790 2.045
-200.758 -133.047 -88.273 2.092
-84.855 137.321 -68.299 2.002
-112.703 -72.030 -163.756 2.161
168.909 -36.517 199.731 1.818
200.199 66.933 -24.509 1.996
136.510 -43.106 -47.866 1.975
-204.133 -52.314 54.634 2.027
128.150 186.613 -24.251 1.904
217.528 146.939 -44.246 1.996
-127.686 131.903 150.372 1.963
20.908 128.934 22.274 1.982
-80.971 167.206 -88.992 2.034
-219.333 56.070 -12.005 2.036
-193.359 107.331 -192.293 2.039
-157.732 15.365 -99.748 1.875
176.811 21.459 -33.196 1.999
67.174 6.207 53.426 2.029
-81.777 57.767 192.987 2.164
-125.235 83.515 -22.377 2.120
-122.085 -185.940 54.668 2.105
54.093 -152.076 158.981 1.967
199.447 151.887 -41.566 2.046
31.210 25.083 -186.401 2.408
213.773 150.556 78.566 2.142
81.380 -151.804 -163.157 2.129
-185.295 -57.699 -30.575 2.011
150.925 -92.685 164.499 2.033
-95.088 -180.603 136.086 2.044
-152.712 -124.268 72.627 1.806
-115.786 -106.549 78.917 2.042
-119.864 33.805 190.184 1.969
-221.589 -33.376 28.323 2.020
-97.386 38.365 -48.921 2.022
117.296 -99.253 197.426 1.975
-10.812 -148.773 7.464 1.852
-139.640 143.107 28.453 2.095
117.849 185.937 97.198 2.026
200.502 -56.354 29.200 2.022
-58.630 153.493 -29.165 1.874
218.937 129.395 -63.413 2.013
154.059 -157.255 -98.702 2.146
83.665 50.742 186.311 1.808
157.371 -145.072 173.447 1.926
175.535 33.857 -39.711 2.104
-3.817 -48.233 -49.925 1.926
49.930 -179.590 -156.291 1.880
170.554 -134.128 30.041 2.047
219.954 88.943 -125.391 1.933
202.286 -24.315 -69.913 2.099
-166.767 2.412 5.446 1.970
-25.103 -82.291 127.031 1.990
-54.400 -49.947 77.518 2.019
-127.800 30.160 -163.557 2.143
81.645 155.027 55.574 1.933
122.033 -101.553 -49.391 1.933
203.526 -68.291 -95.172 2.164
-156.711 -26.457 -133.825 2.136
-28.449 -91.553 -173.454 1.942
45.594 168.368 -54.590 2.117
112.349 187.976 171.782 2.002
-147.588 63.225 18.094 2.017
-211.322 166.179 -31.240 1.964
198.852 78.651 -177.628 1.866
-106.989 88.888 158.484 2.056
-92.040 100.210 74.242 2.053
122.509 -96.599 141.664 2.055
-173.476 26.916 -177.004 2.014
155.625 -27.043 -13.576 1.774
78.087 -166.586 -155.767 1.985
26.127 -26.410 106.604 2.125
97.670 -126.403 -174.200 2.097
80.973 3.492 -130.534 2.067
183.178 -129.303 196.711 1.848
-141.806 92.341 -120.608 1.971
181.205 91.907 -169.703 2.047
-197.195 180.298 -116.019 1.966
218.791 162.153 88.266 2.026
68.020 13.323 13.596 1.986
-1.479 -99.026 27.201 1.922
-60.146 -138.259 -136.152 2.014
-1.139 21.536 126.706 1.931
-103.064 142.899 -89.715 1.824
-198.993 -137.736 108.347 1.878
-31.529 132.322 181.561 2.089
224.043 20.993 -27.205 2.084
-165.651 -24.865 171.365 1.988
175.049 129.018 113.587 1.957
-126.962 38.196 -42.851 1.883
121.878 12.820 97.715 1.983
-37.271 -181.616 -181.869 2.033
-183.407 3.762 -29.945 2.017
12.567 114.311 12.485 2.132
-145.822 -148.258 -176.379 1.948
137.118 -20.516 118.391 1.940
16.903 183.788 46.462 2.051
206.551 -42.752 -12.652 2.053
72.487 189.848 -86.260 2.149
108.458 75.947 -128.763 2.126
-45.993 116.030 -141.837 1.967
-117.408 -104.982 89.759 2.002
46.710 150.598 -104.320 2.024
171.925 -126.413 -2.990 1.884
-145.264 -2.972 6.922 1.885
-132.780 144.447 -86.684 2.200
27.823 -75.611 125.236 2.077
-20.151 9.661 19.500 1.869
63.850 -180.363 32.015 1.723
-67.618 -46.406 -83.643 2.028
107.145 -54.800 -36.520 1.978
67.871 146.166 -22.075 2.012
-53.551 -167.768 77.267 1.884
165.560 154.297 -130.090 1.875
48.099 101.099 -128.303 1.928
147.804 -68.624 66.924 1.927
-152.317 -153.024 134.112 1.972
191.252 -132.734 -11.659 2.083
129.488 106.304 182.784 1.772
7.015 150.227 157.065 1.887
58.620 124.489 8.569 2.058
-94.114 162.805 -56.031 2.149
36.633 39.855 66.495 1.967
-174.622 -29.380 -180.935 1.898
168.984 146.762 35.447 2.021
-22.090 113.702 -87.695 1.928
-148.064 -161.013 120.657 2.046
186.755 -75.100 102.416 1.975
-113.858 75.190 27.514 2.019
107.779 -169.523 -93.078 1.937
123.840 -41.410 149.990 1.943
54.579 -186.314 -154.757 1.828
-129.321 156.201 -22.071 1.803
35.507 -2.297 -187.723 1.924
-186.914 135.017 81.767 1.951
70.413 86.280 95.861 1.990
55.373 -51.651 -137.560 1.978
141.163 96.641 133.372 2.000
223.465 -141.179 146.844 1.760
61.492 -182.690 185.827 1.982
-53.172 130.706 -108.330 1.865
-159.715 -25.184 133.232 2.031
116.043 119.202 9.507 2.145
-181.866 127.799 19.734 1.913
-198.661 93.563 46.077 1.940
-154.755 128.460 -175.073 2.008
-180.627 -106.366 -157.685 1.954
-50.755 -98.828 -184.344 2.122
-160.205 -74.132 -69.080 2.081
-137.971 -5.917 -145.628 1.998
65.333 -55.733 -72.913 2.053
83.121 19.682 -85.352 1.900
4.267 -160.253 161.494 2.073
73.372 -125.033 -197.146 1.886
136.099 -139.401 -144.972 2.108
-148.291 -135.291 197.374 1.991
102.687 12.082 151.175 2.000
194.259 122.926 -90.692 1.956
11.229 9.826 143.607 1.969
35.691 22.097 -108.257 2.021
-158.501 -179.153 93.825 1.814
198.510 -126.788 144.109 1.968
-110.832 -24.620 -148.824 1.899
-150.807 146.972 161.629 2.016
-224.598 -153.715 -192.364 2.201
18.212 60.709 49.544 2.047
99.894 145.971 -70.847 1.907
-133.328 127.217 11.581 1.865
-46.958 -89.873 48.817 1.925
186.961 167.767 -165.633 2.026
111.685 -0.064 -146.553 1.931
101.148 75.748 -95.069 2.061
-33.682 -64.332 -119.270 2.056
-1.690 9.192 -140.360 1.966
125.286 -126.084 161.228 1.912
177.635 187.735 -139.063 1.977
-148.361 7.455 -188.145 1.805
-124.349 -34.303 -45.605 1.982
48.165 5.920 -62.101 2.028
-167.498 -60.415 -153.919 2.096
24.800 7.751 65.474 1.854
-1.675 9.078 190.110 2.027
10.316 89.229 145.636 2.172
-127.626 161.864 2.431 2.186
37.710 -13.890 62.864 1.751
90.961 163.198 -180.754 1.994
-161.302 172.116 183.118 2.044
103.943 -22.911 -109.035 1.974
-62.389 10.099 98.039 2.003
-202.398 12.991 9.417 1.929
90.012 154.481 -101.181 1.981
156.849 176.326 -43.315 2.089
156.083 -31.882 112.054 1.999
-6.740 0.971 -39.984 1.787
-112.704 -169.056 -178.492 1.874
-199.418 176.903 -43.390 1.922
-70.073 -119.823 -95.592 1.917
-145.766 99.881 197.152 1.784
93.812 -141.501 -194.948 1.940
92.925 63.677 -174.844 2.007
-139.819 -88.255 -197.671 2.193
-65.874 14.532 76.693 2.128
-128.759 115.990 -154.487 2.011
-46.526 -41.933 -136.527 2.110
-26.510 20.172 -118.410 1.926
-142.051 -141.370 -135.918 2.142
-88.060 -129.950 -103.678 2.043
69.261 -8.905 14.978 1.872
-68.728 106.385 8.254 2.167
-114.818 78.268 145.283 2.097
28.058 24.865 -32.357 2.154
-176.595 -149.476 -37.602 1.926
-130.753 146.996 28.361 1.934
124.052 -139.687 155.260 2.032
-46.608 13.212 -49.054 2.020
-3.383 -139.753 -8.720 1.962
66.933 48.270 89.924 1.890
-212.449 44.966 -186.992 1.931
-11.327 163.738 -94.704 1.943
164.921 85.876 -194.337 2.134
65.012 32.027 44.796 1.899
-194.992 -161.024 -197.096 2.004
37.879 59.143 127.259 2.161
-115.997 52.045 112.329 2.019
209.532 -45.664 38.238 1.967
-88.570 119.966 -62.277 1.881
-204.557 -27.957 -39.299 2.032
23.618 143.101 -106.576 1.946
224.988 56.957 83.690 1.876
187.766 -127.121 -199.357 2.070
-58.003 158.525 -157.649 2.201
106.625 53.165 179.433 1.954
-6.802 52.416 23.126 2.139
-43.102 24.891 -30.077 1.979
209.176 -64.487 57.721 1.954
-28.065 118.000 -95.428 1.975
42.716 187.898 164.856 2.058
166.186 173.328 114.931 2.062
-200.699 111.633 -2.802 2.053
-54.751 43.967 88.157 1.861
-125.985 -171.988 -34.800 1.804
-33.755 44.220 -12.367 1.892
112.181 169.758 77.642 1.882
-127.983 131.519 -153.483 2.276
-222.081 91.049 11.083 2.228
99.082 145.426 -167.158 1.837
49.962 -114.381 -29.989 2.165
87.654 148.560 113.805 2.006
92.787 -102.390 129.670 2.023
77.786 -170.696 133.405 2.006
149.317 -166.617 -30.523 2.090
156.038 -8.527 -6.090 1.968
-158.848 -86.260 -161.375 1.993
82.271 -154.210 105.906 2.063
-14.270 -49.366 -175.564 1.888
-87.046 -159.053 139.923 2.103
-207.525 -114.484 5.864 2.039
-36.041 -88.955 59.710 2.002
-116.154 5.585 102.622 2.048
183.576 -151.068 -38.118 1.834
5.019 -17.103 11.936 2.163
196.841 185.925 22.938 2.154
22.544 -143.287 12.296 2.063
158.900 -170.553 139.410 1.877
65.375 69.809 71.296 2.150
-150.055 143.678 -118.781 2.028
181.025 -168.815 12.408 2.028
-92.811 177.527 -139.040 1.890
20.772 -97.979 -141.287 1.979
169.760 -168.146 -7.231 2.050
-55.650 55.403 110.908 1.979
-89.919 188.128 -35.153 2.032
143.949 -136.608 -76.228 1.929
106.666 -50.196 -125.899 2.199
84.682 -85.158 -138.253 2.031
185.731 -99.712 125.141 2.013
-147.581 -29.513 -91.650 1.912
-113.854 -115.810 195.280 1.786
-153.811 74.780 117.787 2.018
24.080 -58.989 23.817 2.063
-159.903 -165.819 72.879 1.928
97.187 148.265 -128.557 2.015
-18.150 -70.109 170.998 1.922
138.901 112.685 2.253 1.831
97.131 158.273 169.444 1.732
2.349 179.916 53.105 1.920
58.826 147.234 -7.966 2.036
215.214 -165.705 128.261 2.070
-12.484 141.230 -66.244 2.014
-12.924 -110.641 -95.745 1.978
-96.089 111.638 17.193 1.957
21.759 -188.729 -106.841 2.129
69.434 172.522 -173.823 2.189
-115.833 -182.777 94.612 1.907
-182.224 1.923 -143.427 1.968
-6.556 -189.388 -15.982 1.935
-154.768 96.245 -157.508 2.186
172.546 158.496 -150.178 2.068
129.353 -8.889 -102.018 1.971
61.962 64.984 -5.790 1.774
-142.226 187.939 -132.686 1.886
19.049 83.393 -133.415 2.045
136.398 -130.101 -19.384 2.167
-199.696 -59.680 100.273 2.018
96.243 74.713 21.542 1.970
107.305 111.380 90.557 1.939
67.681 -119.922 -33.347 1.962
215.865 -102.457 -158.693 2.049
-105.575 163.160 -175.836 2.012
-106.172 -158.610 -118.856 1.968
11.824 -136.229 -114.208 2.162
-110.349 100.196 -72.333 1.867
50.489 -122.139 161.704 2.103
163.883 126.727 181.451 2.005
119.596 -49.179 46.564 1.961
-61.317 24.496 39.048 2.034
-149.538 179.559 77.009 2.007
-83.873 187.220 -33.916 2.028
-95.499 -21.627 180.122 2.049
65.454 -111.229 -118.298 1.747
-43.051 144.683 170.879 2.062
-43.701 -164.044 -15.451 1.924
105.256 -32.141 -199.820 2.011
-217.782 -163.813 20.613 2.012
156.537 41.340 132.978 2.190
-57.449 175.034 162.173 2.063
-209.855 -157.349 36.466 2.071
61.105 -27.334 -45.227 2.015
-213.889 -49.439 37.842 1.990
-179.559 157.937 171.658 2.077
218.947 142.990 -22.885 1.968
224.887 165.699 -177.894 2.036
82.199 32.419 59.026 1.986
-88.346 -178.092 -180.387 2.158
-69.880 135.271 -66.155 2.000
211.843 78.913 -186.624 2.068
-35.417 138.053 -4.642 1.931
95.377 72.946 -103.909 2.012
201.288 -126.405 83.432 1.962
8.484 -16.137 5.779 2.043
73.178 66.536 -117.526 1.945
40.645 146.254 -181.246 2.068
30.214 181.834 124.287 2.085
35.866 -133.021 149.030 1.992
152.265 -130.005 -58.462 1.987
-117.502 70.678 172.348 2.000
-188.408 -146.390 -150.784 1.744
-38.730 66.978 -50.023 2.111
148.495 -187.991 -91.451 2.078
43.437 -160.769 42.818 1.885
-125.420 -4.256 -165.323 1.943
-194.749 -154.167 90.137 2.181
19.251 -70.612 57.070 1.998
-143.206 -145.588 -170.918 1.876
-98.472 -181.381 142.940 2.055
-166.632 -16.541 -30.246 1.978
19.713 162.634 -71.088 1.958
-28.270 -24.752 160.160 2.009
-123.809 -93.996 -155.043 1.974
-47.421 -169.471 -175.447 2.134
127.613 8.797 160.815 2.120
106.907 -10.413 -0.465 2.074
223.607 75.627 -191.493 2.156
-87.052 20.451 144.776 1.939
205.276 -0.511 71.576 2.013
10.888 178.537 186.114 1.909
-100.993 35.738 -184.732 1.952
-129.896 181.696 -106.875 1.862
5.958 -82.752 -118.336 1.993
-33.035 48.115 86.424 1.911
49.056 -137.015 144.838 2.025
-2.539 -178.306 -94.431 2.056
37.350 -135.765 -111.159 2.073
50.413 144.275 41.141 2.131
-52.759 92.796 -14.520 1.804
77.393 159.540 -32.265 2.033
194.965 182.924 147.659 1.819
-208.193 -151.715 -70.870 2.118
224.084 -168.338 -44.995 1.944
-26.369 178.037 -95.352 1.973
-3.494 156.227 -120.724 1.953
-129.574 -48.846 108.278 2.042
-194.596 -135.861 185.888 1.974
-212.596 -18.090 25.545 1.880
-160.901 -44.982 -1.921 1.986
-8.272 -145.848 8.859 1.915
179.353 -168.874 -199.191 1.924
-49.612 126.149 -179.781 2.025
-88.847 85.924 6.943 1.932
140.397 -130.812 -25.193 2.037
51.570 134.832 29.508 1.975
-95.935 184.957 199.338 2.115
71.035 -156.109 -24.785 2.070
-84.649 -136.313 -94.229 1.954
-131.970 -29.892 -140.637 2.215
-171.501 -177.223 87.263 1.788
95.520 136.770 120.657 2.117
-63.049 176.987 73.546 1.987
29.560 56.625 -192.888 1.996
205.736 -72.224 189.811 2.120
-45.551 -109.594 -60.527 2.225
101.475 -174.720 60.438 2.034
197.204 102.926 32.271 2.000
134.540 -176.178 -176.028 2.022
-133.706 9.031 86.329 1.889
-188.938 -163.988 161.444 1.846
134.516 -147.416 -39.074 2.100
31.799 156.986 80.742 1.934
188.285 22.406 30.343 2.051
-215.431 114.319 -173.301 2.187
-214.565 -102.615 -110.670 2.096
162.664 -148.718 -136.909 2.002
52.939 137.150 135.102 2.142
41.263 -116.881 -50.339 2.049
188.068 70.324 139.436 2.022
-223.968 -155.540 -89.679 2.144
-104.704 55.835 153.383 1.937
142.043 -128.401 165.200 2.022
-74.603 39.226 -46.708 1.821
155.522 95.892 179.614 2.007
-28.856 72.539 41.237 2.024
-64.295 -119.069 -116.610 1.893
-212.352 188.924 51.548 1.889
-36.342 75.777 112.154 2.030
180.530 24.466 -37.181 1.754
-5.349 150.227 -6.136 1.956
199.014 -18.498 7.107 1.907
-15.436 -182.216 60.903 2.081
60.435 149.143 -56.153 1.777
-87.440 47.330 35.654 2.180
6.747 -137.189 84.927 2.073
107.274 -131.510 -158.231 2.037
17.364 176.016 31.453 1.953
-196.654 -115.928 37.025 2.034
104.742 0.840 -160.306 2.001
-84.729 167.629 -22.507 2.008
175.122 -95.485 -130.150 1.930
-176.277 -43.254 -65.786 2.038
82.958 -27.704 148.304 1.919
142.254 42.986 -10.659 2.051
17.382 114.588 38.622 2.053
95.613 17.372 -77.432 2.119
193.445 95.046 176.493 1.965
-115.882 -126.521 69.172 2.042
-169.992 17.084 -62.461 1.973
137.251 -86.996 -106.269 2.157
191.749 1.674 -66.783 1.993
138.626 118.829 -132.508 1.926
-26.612 109.681 117.905 2.001
174.407 -125.435 27.666 1.955
46.937 -31.461 -121.945 1.880
141.226 -72.266 -27.460 2.015
12.596 124.757 -11.205 1.998
-27.811 46.432 -136.993 2.056
-6.477 86.180 81.868 2.063
165.837 109.851 148.215 1.994
-203.425 -84.501 -95.298 2.188
-42.855 165.903 -195.605 1.987
-68.009 -112.801 -156.611 1.919
-166.461 -164.870 -102.776 1.964
-81.319 68.035 133.358 1.781
-55.793 -37.920 170.637 2.253
-58.441 134.308 -175.170 2.056
-3.925 -148.835 150.725 2.045
24.992 -130.361 -134.516 1.973
141.429 -37.964 -0.657 1.934
-152.548 149.336 197.169 2.021
195.044 -126.421 -138.244 1.935
-164.715 160.033 -99.123 2.019
-197.490 -149.797 -54.266 2.025
-134.626 -92.840 -116.429 1.944
-197.038 -107.586 146.068 1.982
-197.106 149.817 34.162 2.104
-9.109 -135.297 98.293 2.130
178.984 -30.855 11.665 2.138
171.845 38.440 83.702 1.954
68.052 -114.406 -55.917 2.126
28.308 -114.602 172.296 2.061
-126.979 -175.069 110.995 1.846
-224.258 -188.548 127.209 2.025
210.956 49.316 79.468 2.089
-147.111 11.781 159.244 1.966
69.180 -177.808 -125.441 2.023
-143.672 117.065 -169.686 1.890
-158.717 -104.827 136.727 2.081
112.714 164.750 88.289 2.096
-131.249 91.810 -77.910 2.042
81.749 -71.818 91.755 1.922
91.848 -13.519 -197.758 1.979
74.702 -94.582 -72.053 2.160
174.046 -45.012 120.998 1.816
106.378 -15.987 -1.283 1.941
111.983 60.213 17.839 1.991
-178.841 175.431 -107.180 2.045
158.142 28.796 -191.494 1.830
118.360 -97.892 22.347 2.189
-110.285 -78.936 22.070 1.890
172.220 -101.000 144.528 1.983
-171.482 138.066 -12.872 1.858
93.633 122.805 -183.919 2.244
194.268 18.971 -118.360 2.033
14.264 -33.017 -42.911 1.913
-20.978 165.892 180.468 1.959
29.304 -79.728 104.232 2.252
-161.632 -160.483 51.510 2.130
-193.997 -51.496 48.864 1.933
-6.835 -22.501 82.289 1.831
143.479 115.288 38.111 1.909
-156.139 -54.497 67.718 1.880
-33.172 127.803 -168.870 2.090
119.180 -145.635 118.661 1.910
117.129 149.638 93.370 1.892
155.699 -106.326 -112.731 2.062
8.978 -100.460 -173.968 2.032
-129.348 -34.337 -154.816 1.976
62.949 9.458 -15.824 2.123
171.614 -82.097 -179.057 1.988
72.446 -93.589 -50.506 2.071
185.682 -119.816 50.768 2.052
-46.865 -180.561 48.255 1.970
-20.957 184.912 185.545 1.969
-67.868 47.773 -118.086 1.946
86.620 188.114 151.262 2.081
44.697 -5.041 -118.986 1.970
-149.098 -125.819 -158.877 1.981
216.795 20.036 151.377 2.006
-2.645 -18.536 119.544 2.030
-52.407 -64.903 -189.461 2.004
8.130 -151.445 91.628 2.041
-187.434 -114.361 -105.369 2.005
161.458 -188.979 109.789 1.983
35.894 -147.864 10.919 2.068
-207.985 65.139 2.073 2.057
-32.493 -152.529 -162.633 1.930
-192.968 160.417 -32.485 2.155
-81.920 -97.295 153.160 2.038
-91.957 -119.433 -56.583 1.934
-109.378 -59.426 -183.354 1.989
-117.758 126.902 178.289 2.080
75.718 -24.587 -61.418 1.935
-81.219 64.469 -122.607 2.001
2.007 145.432 -198.927 1.966
73.965 164.755 58.796 1.865
34.543 151.432 -194.045 1.981
-173.622 172.818 181.444 2.050
189.301 91.047 189.743 2.127
-47.004 -174.074 129.102 2.039
183.633 -71.136 166.582 2.116
-174.553 -152.310 176.306 1.946
-205.851 157.155 -97.678 2.045
81.597 -40.061 32.515 2.065
202.563 -112.382 15.411 2.002
197.917 -118.727 -23.140 1.881
-186.846 174.281 -6.085 2.055
110.482 37.371 79.089 2.176
-131.018 101.443 -73.276 1.912
-187.689 156.961 -89.962 2.115
-141.395 -178.045 25.602 1.904
16.770 -158.659 -99.910 2.188
-207.409 36.972 133.010 1.960
-84.298 -138.246 37.057 2.168
183.826 -140.092 -36.043 1.995
117.056 146.092 8.620 2.000
-213.483 171.298 9.434 1.990
110.831 116.007 118.888 2.101
-155.771 -2.802 -197.009 1.934
-75.053 -152.219 198.252 2.046
-220.382 -96.444 -13.927 1.929
53.198 12.820 -102.794 1.903
178.987 -165.784 93.325 2.034
-55.688 -2.174 -90.095 2.099
1.545 158.097 -116.582 1.951
-143.017 -182.022 -61.835 1.991
102.848 80.218 108.579 1.967
-202.238 -71.364 -9.425 2.107
53.365 87.256 7.167 1.848
-94.439 -147.274 88.421 2.028
120.894 -62.623 138.445 1.831
-44.524 -158.902 66.997 1.876
175.375 -10.109 -78.660 2.123
-88.558 136.527 144.771 1.924
-206.777 -136.266 -139.384 2.126
-121.524 58.082 -77.335 2.052
-144.417 -57.257 110.287 1.998
116.156 -168.749 192.568 1.860
-35.067 19.255 60.648 1.992
88.063 51.298 17.486 2.054
-19.912 89.483 143.792 1.916
126.977 17.906 49.622 2.033
137.919 170.373 -198.865 1.908
-23.007 29.537 24.738 1.893
68.804 121.471 107.721 1.925
186.738 -31.576 -111.232 2.095
200.172 166.650 13.552 1.990
-204.830 28.681 -24.142 2.042
-111.281 -49.776 64.311 2.051
-183.901 -132.802 191.502 1.931
-157.966 -109.627 -106.798 2.082
-37.201 63.452 -111.027 2.038
144.912 -47.349 -113.715 2.019
160.684 -157.819 -47.104 1.952
-134.322 31.722 39.507 2.088
-10.130 -160.634 -183.893 2.228
-117.029 -139.640 -141.535 1.981
187.500 60.746 -123.066 2.080
222.444 -25.167 -142.210 2.190
-27.201 -185.050 -173.052 1.900
-79.248 -74.340 152.972 1.962
-24.856 35.864 167.626 2.090
-186.904 -138.748 -34.268 2.063
141.673 -179.356 -7.240 1.878
81.362 42.874 130.761 1.974
-123.508 -15.827 48.764 1.930
-86.914 96.420 120.332 1.940
192.978 186.142 -65.382 2.019
5.773 -37.187 43.387 1.934
217.208 121.466 -135.505 2.167
197.498 35.213 100.050 1.928
-3.644 9.502 150.970 2.021
143.779 144.208 183.949 1.928
10.145 82.779 -148.012 1.992
44.096 -73.677 161.623 2.037
-133.052 -134.429 -91.573 1.938
93.978 141.596 -28.629 2.092
7.380 27.380 -10.795 1.872
119.058 -150.600 -30.104 1.924
-94.572 77.093 128.222 1.962
50.487 120.481 -113.320 1.942
195.162 104.304 117.247 2.084
51.220 137.848 -143.255 1.849
-193.675 86.275 89.109 2.003
-35.661 132.908 -187.471 1.970
-4.484 6.990 -118.487 1.793
144.853 171.747 -93.458 1.903
113.639 144.893 -189.350 1.986
25.380 -92.767 24.161 1.798
123.433 -38.772 183.564 2.181
116.981 110.815 -75.057 1.958
173.505 -161.117 165.868 1.901
99.352 179.262 113.571 1.985
217.720 123.947 -153.403 1.987
-31.371 -56.540 138.359 1.890
-166.185 -0.419 171.199 2.021
55.659 30.645 170.764 2.043
-129.669 -189.794 172.853 2.052
37.391 -102.973 -162.172 2.083
-219.822 -127.105 185.991 1.964
70.709 -49.329 83.004 1.850
-141.732 105.224 102.746 1.973
-52.232 183.720 -6.589 1.932
41.761 56.058 87.469 1.942
-68.265 132.151 15.101 2.025
123.345 8.445 -104.511 2.004
-26.956 -120.573 191.632 2.043
-17.284 -168.332 -120.291 1.944
-113.093 22.294 -41.129 2.137
16.719 34.953 23.651 2.039
-183.996 125.380 -90.336 1.852
-145.863 161.056 -37.100 1.998
129.976 58.234 143.102 1.892
223.466 -31.875 -151.332 1.932
54.425 86.049 -62.010 1.928
81.848 -5.258 134.670 2.071
54.162 -79.436 136.301 1.958
172.385 152.664 9.812 2.042
-187.778 165.508 -132.811 1.933
-122.059 -131.636 114.189 1.950
28.335 -89.932 158.344 2.058
51.029 -75.379 -126.755 1.939
-63.068 102.618 -140.920 2.051
105.657 123.708 -96.492 1.938
-168.492 98.239 166.275 2.034
-197.003 -49.645 -23.315 2.020
-70.291 -163.149 -144.496 1.976
-82.906 -167.996 23.952 2.023
96.260 -13.005 197.439 2.133
72.005 -108.350 -68.465 2.046
97.233 98.629 62.908 1.999
-56.731 53.188 -12.809 2.021
-111.789 185.587 -154.409 1.966
177.700 99.933 129.539 2.107
-119.863 -145.103 -146.732 1.904
92.896 -94.876 -168.085 1.967
27.983 -101.948 -105.126 1.918
212.597 -4.340 -24.123 1.957
34.061 35.368 53.435 2.247
170.377 -40.474 72.518 2.041
-35.911 188.154 -150.336 2.241
-4.707 -54.084 -109.375 2.135
-164.631 19.785 -191.519 1.983
117.696 24.620 67.620 2.010
-101.645 107.463 -103.315 1.972
-92.715 -151.960 149.055 1.801
28.251 -14.733 11.149 1.932
129.191 -54.516 -142.699 2.082
-204.549 132.018 186.743 1.997
-3.314 37.394 154.190 2.050
-67.595 159.551 135.776 1.997
190.622 73.051 -183.375 2.281
-217.753 -167.349 -142.639 1.887
-209.057 -49.765 -89.015 1.933
191.758 91.158 -51.843 2.081
-128.425 -2.187 -160.067 1.786
200.394 187.302 39.994 1.898
223.060 -115.128 -2.160 2.001
221.561 119.485 -151.765 2.204
-58.050 44.071 198.762 1.781
-12.201 -25.658 -72.872 2.033
-51.626 -133.878 22.687 1.986
79.526 -107.046 117.252 1.918
-90.414 68.884 79.447 1.985
91.662 -93.009 -80.952 2.138
173.214 23.166 -140.175 2.083
-204.898 -18.666 -162.797 2.060
-62.232 -126.071 24.515 1.924
93.467 -1.144 -187.458 2.078
115.853 4.663 99.012 2.089
-50.348 -170.189 163.847 2.146
-50.416 132.984 -65.451 2.017
-201.287 -110.648 188.958 1.768
66.799 -172.362 -41.785 1.955
-97.974 -108.362 39.728 2.006
75.725 40.234 190.535 1.877
2.366 -64.537 -54.983 1.880
-39.404 148.219 -84.955 2.030
-89.944 11.733 -100.135 2.130
-130.300 116.704 191.312 1.812
-29.485 163.965 143.444 1.965
-58.567 6.332 92.171 2.132
-170.917 -185.252 -8.161 1.817
105.359 150.843 143.377 1.871
223.474 -77.204 -27.733 2.076
78.335 100.032 120.187 2.002
-12.053 99.216 -11.703 2.082
