4.554 67.565 -181.775 1.971
172.518 -116.248 173.950 1.946
-69.420 -84.850 -78.791 2.021
44.315 70.117 166.103 1.869
134.292 -105.166 -154.219 2.010
179.348 101.249 111.520 2.093
67.273 95.304 -194.937 1.921
196.839 -95.834 -109.720 1.877
-127.289 -113.991 156.240 1.963
158.487 164.708 -181.051 2.152
-158.530 56.663 -141.397 2.092
-206.482 52.066 -54.009 1.949
169.035 149.339 -11.060 1.960
-193.542 49.090 56.713 2.041
147.961 19.641 115.067 1.893
-182.541 170.462 -159.396 1.953
140.645 -167.003 -24.601 1.968
158.471 -80.546 3.091 1.939
-12.656 65.238 -85.619 2.016
59.704 6.534 59.827 2.129
186.896 -177.527 57.233 1.872
-135.666 -93.797 32.838 1.971
-53.262 0.476 52.330 2.022
-179.332 130.767 67.563 2.060
88.711 61.183 -145.383 2.027
-149.143 48.988 111.721 2.188
68.497 -176.204 48.744 2.044
-34.039 31.637 -4.519 2.036
-208.316 -160.516 -38.638 2.068
213.143 -154.593 142.382 2.056
-95.622 4.961 -187.463 1.979
-206.089 -90.548 141.787 2.036
67.749 127.422 -27.627 2.000
-222.910 -132.916 70.810 1.859
123.589 -125.281 99.676 2.034
182.355 -145.757 2.940 1.995
191.075 -10.980 79.450 1.973
134.105 -188.330 55.470 2.203
-24.629 97.503 -30.758 2.011
-68.684 146.604 -36.649 1.999
-112.462 -146.846 12.802 1.928
-160.362 -85.974 -49.212 2.098
-197.392 6.014 3.945 2.059
165.577 81.084 -150.950 1.979
-134.570 -113.859 93.181 1.857
148.517 125.500 -61.641 2.035
-33.362 -23.360 10.241 2.033
208.955 165.102 156.013 1.890
37.093 43.430 -103.321 2.234
-216.537 -19.823 -32.182 1.983
-42.340 -2.635 -35.019 1.876
-61.957 -131.455 -140.786 1.929
18.300 21.447 158.085 2.150
207.372 -143.784 75.619 1.930
-159.036 166.108 107.986 1.952
19.892 -0.831 -104.468 2.054
16.879 -62.177 162.634 1.818
223.511 -60.163 -66.748 2.088
2.740 154.228 -166.642 2.102
48.852 -126.392 184.799 1.959
-185.772 31.265 33.709 2.053
-146.688 -89.265 -5.079 2.005
-41.382 159.483 79.339 1.967
223.875 89.409 86.377 1.992
-176.872 22.189 -36.680 2.101
-199.508 -160.561 194.802 1.726
11.884 75.472 -88.898 2.030
60.732 77.436 -109.228 2.043
-75.160 -124.959 112.463 1.838
-195.267 -107.173 26.433 2.124
44.014 -146.159 142.043 1.889
65.161 44.988 195.085 2.010
145.557 -21.894 -132.185 2.074
224.023 -84.301 -151.212 1.893
-48.612 -91.885 21.148 1.939
-11.776 -46.288 43.126 1.999
-37.866 166.212 189.033 2.021
67.978 19.075 151.681 1.973
-58.927 189.406 -52.997 1.854
-153.380 -8.158 158.598 2.026
-113.053 -83.972 84.450 1.881
-195.136 153.979 12.803 2.166
33.282 -53.542 -146.164 2.125
173.950 12.288 72.098 2.076
-200.306 -138.635 -138.143 1.979
224.703 156.735 125.965 1.881
-105.788 -183.425 27.704 2.029
48.643 4.924 40.354 2.078
195.920 146.733 154.107 1.923
-45.872 -171.827 -118.632 2.093
77.292 -6.794 -5.754 1.967
-12.318 -66.822 97.995 2.003
-168.091 -136.162 -150.313 2.056
-223.716 81.504 14.402 1.962
124.538 -98.202 175.455 1.867
179.790 -116.862 -190.605 1.895
-224.577 -101.447 42.759 2.011
-217.537 31.819 -97.426 2.067
107.018 -114.178 156.579 1.855
206.849 -82.253 108.819 1.857
-193.433 189.269 197.778 1.964
173.947 106.788 -28.957 1.963
-72.204 -65.963 -15.663 2.164
-152.813 -166.763 -82.070 1.828
91.216 44.385 -4.364 2.049
208.490 17.080 166.744 1.932
-4.761 79.428 -174.920 1.917
-60.741 95.936 91.111 2.112
-19.655 -186.617 -65.056 1.855
79.424 35.710 138.830 1.926
176.413 -15.902 164.742 1.852
116.522 -108.016 66.179 2.089
-26.366 82.165 27.262 1.933
45.294 114.510 -42.989 1.927
0.891 126.012 -25.993 2.014
30.146 -130.400 -27.083 1.979
139.173 150.277 95.385 1.938
58.588 29.833 141.312 2.086
50.305 105.776 -118.075 1.940
82.090 66.762 153.768 2.052
162.799 44.268 -163.241 1.935
218.454 82.777 150.513 2.082
191.122 -96.665 143.419 2.079
55.501 -182.227 -57.203 1.982
-20.942 -160.763 88.973 1.860
-160.353 -4.306 128.923 2.033
-40.711 -111.925 45.384 1.752
-99.352 -2.674 72.845 2.097
51.116 -112.316 106.089 1.855
-66.066 108.170 -56.025 2.069
-23.984 99.838 99.358 1.825
-51.597 -153.391 -177.163 1.927
146.944 -14.404 178.700 1.962
-112.131 -63.110 151.460 2.122
220.304 -63.272 -121.629 2.022
132.878 116.889 134.756 2.053
168.409 118.289 -143.289 1.891
117.004 -34.576 -50.732 1.931
99.296 -189.481 188.615 2.234
119.478 -178.960 -174.344 1.955
190.303 -10.609 136.758 1.973
39.881 169.932 -181.459 1.917
-177.513 156.681 58.745 1.919
4.655 -44.627 65.340 2.104
-95.934 -48.103 -149.032 2.129
-37.842 66.933 -59.351 2.182
-190.808 -28.381 179.105 1.870
189.286 -103.379 -89.808 1.981
-96.474 -178.072 133.146 1.953
148.043 -155.694 179.362 2.087
197.816 104.594 -156.003 2.304
37.360 -152.115 34.098 2.100
-104.511 -186.659 -20.019 2.142
-100.850 -156.275 156.483 1.991
-87.142 -49.837 -91.981 2.039
196.972 88.381 -195.379 1.988
-152.036 133.222 119.583 2.094
54.201 -36.152 9.875 1.778
170.475 137.130 134.198 2.023
-113.343 107.666 142.361 2.005
-18.494 -71.489 -45.909 1.952
-121.141 -31.046 97.817 2.038
189.055 -112.151 64.166 1.785
-170.694 -35.850 -68.696 2.108
-200.085 84.054 -44.832 1.957
154.325 167.733 -184.049 1.860
-101.616 148.393 -28.524 1.868
217.345 117.246 77.203 2.064
-204.122 11.504 -196.340 1.974
-180.884 -54.319 -133.371 2.100
6.861 -87.423 91.034 1.814
-197.945 81.558 -23.702 1.921
-202.646 164.865 21.393 2.028
-117.951 16.891 -151.725 2.197
79.413 -68.537 19.210 2.087
-77.234 15.384 65.861 2.084
95.865 123.599 101.158 1.938
6.669 9.579 110.986 2.091
-99.036 151.443 -53.888 2.143
201.552 -52.191 48.132 2.042
-123.752 -91.465 70.484 2.065
50.127 -31.192 76.945 2.137
122.862 -6.466 23.426 2.156
182.795 -19.026 -129.166 2.074
80.809 -119.199 151.215 2.023
-46.347 -168.912 196.571 1.938
-140.424 74.169 160.695 1.979
106.946 -53.335 197.096 2.087
165.530 -126.120 -135.489 2.042
-85.109 -118.525 96.060 1.933
78.264 -178.547 73.339 1.882
-51.894 -131.806 -65.270 1.759
-199.352 149.878 177.928 1.904
109.349 -11.015 71.117 1.968
-113.703 -58.298 -56.044 1.957
13.681 34.287 85.464 2.091
54.613 99.277 78.657 1.844
90.672 -83.607 -88.872 2.142
111.374 -31.881 164.967 1.905
82.781 80.696 -88.611 1.876
0.408 -90.370 194.675 2.046
-27.280 -172.402 75.965 1.882
133.636 163.883 -1.946 2.052
-186.445 -174.095 -55.522 2.204
-219.909 189.804 -46.200 2.104
-143.594 60.630 -151.257 1.890
64.466 82.434 -37.891 1.931
94.661 74.599 48.146 2.026
-44.461 140.735 153.414 1.959
-10.857 -92.096 -61.304 2.012
-147.302 -16.454 146.202 2.116
9.677 93.623 -144.849 2.003
-130.942 5.806 139.450 2.031
27.872 11.667 -170.439 1.942
-201.623 -51.852 -133.874 1.895
-162.498 -156.387 -43.725 2.091
-223.461 -74.085 57.530 2.017
-70.982 12.347 -195.767 1.947
-30.203 28.274 71.707 2.008
84.874 172.390 0.306 1.802
222.090 -87.433 7.618 2.063
-217.784 -98.047 -91.574 1.819
138.733 -151.586 -176.058 2.051
-158.965 181.363 -53.720 2.064
215.099 -114.314 -126.369 1.931
158.054 -3.770 -64.679 1.945
211.831 59.157 -60.101 2.020
204.837 -22.031 -84.015 2.321
-209.342 -50.441 -103.402 2.019
-115.708 11.860 116.728 2.067
-193.611 170.287 -64.262 1.998
-25.266 97.706 114.434 1.842
-59.605 -92.572 -113.379 2.160
173.868 30.220 -110.343 1.912
75.235 -7.237 -64.438 2.085
76.680 122.601 -49.751 1.985
156.554 -19.010 -86.961 1.850
185.944 -1.206 32.816 1.918
223.582 -136.338 -56.272 2.014
-130.132 42.349 9.821 1.990
-163.617 -186.294 163.772 2.014
190.644 168.927 15.573 1.954
-119.815 137.790 176.054 2.094
131.169 133.546 122.272 1.838
-4.482 -45.533 -155.447 2.048
-189.073 42.446 -136.751 2.114
173.203 114.068 119.298 2.143
-66.398 -156.998 18.079 1.919
221.013 -37.325 21.801 1.798
148.993 -182.740 178.055 2.050
-169.209 -171.654 189.575 2.148
-115.679 -182.146 105.636 1.921
-41.949 61.606 83.920 1.975
-58.543 -4.254 168.956 2.012
195.829 110.552 -48.455 1.989
-56.305 4.967 -158.985 1.946
-135.287 -122.325 -176.331 1.913
76.755 170.116 -99.279 1.886
26.686 101.505 -168.425 2.106
139.889 -130.291 193.882 1.908
-168.841 38.709 -136.016 2.063
171.420 -157.027 -77.460 2.115
77.756 -168.927 141.204 1.879
-105.144 133.333 108.075 2.023
191.291 -178.937 136.810 2.124
-2.162 74.555 -11.544 2.014
-157.567 30.622 -42.085 1.939
-102.577 -115.201 86.544 1.996
-4.795 -24.501 122.430 1.955
129.245 -63.087 -18.581 1.972
209.966 -132.520 42.862 1.898
-47.274 -61.123 -50.423 2.054
72.567 42.138 -199.307 1.783
-7.303 -113.957 -91.586 1.958
-183.471 185.156 -174.610 1.881
204.119 -92.308 -62.755 2.125
94.428 162.884 131.271 2.096
182.010 -154.738 168.488 2.077
10.330 -143.839 -87.168 1.818
3.278 65.969 139.579 2.034
-220.700 -49.546 97.547 1.900
9.462 -26.976 -62.354 2.025
-118.188 -16.901 -177.968 1.983
222.461 -43.256 71.130 2.073
-23.997 -6.274 55.611 1.721
-222.980 -97.010 144.847 2.214
24.440 -146.089 24.406 2.151
-181.908 -81.074 -24.485 2.076
-107.092 -62.967 -92.617 2.031
193.016 -162.047 29.872 2.020
80.417 41.455 134.851 1.986
-132.578 98.868 -50.879 2.119
-118.458 -9.596 -157.504 2.069
-8.602 -116.127 83.452 2.018
48.419 -29.529 84.833 2.140
-153.961 -182.146 -134.123 1.890
-60.610 -94.597 31.038 1.967
-195.962 -61.539 -11.815 2.038
184.425 -62.550 -54.078 1.890
-70.674 120.326 -100.905 1.979
12.418 108.347 89.500 2.029
-69.242 82.436 -67.512 1.985
186.069 -142.769 -156.454 1.965
-0.248 -155.563 173.152 1.895
31.575 11.332 -69.929 1.932
12.386 -163.516 -152.364 2.062
-16.670 181.577 56.212 1.868
-198.625 83.270 -122.291 2.040
-29.182 -131.424 103.516 2.132
149.115 32.548 156.070 2.018
-103.569 -2.704 8.580 2.067
64.338 56.141 -102.650 2.073
160.665 -163.189 -79.075 2.027
105.931 95.413 50.867 2.047
15.750 -6.992 -115.192 2.062
-154.754 151.949 -33.139 1.936
-209.895 111.632 79.001 2.012
139.673 156.278 -52.900 1.905
114.199 -189.591 126.054 2.052
94.395 88.080 192.224 1.927
-189.361 -141.198 74.132 1.834
-172.324 -102.930 -40.674 1.990
-14.220 -33.135 7.462 2.188
-121.355 167.208 -95.770 1.974
204.962 36.866 -128.802 2.101
73.644 47.180 82.194 2.129
-41.399 3.830 -101.396 1.973
213.128 113.281 -182.990 2.043
123.752 35.750 -37.651 1.942
214.278 150.928 -156.526 1.921
103.044 -98.983 -90.603 2.083
15.672 74.154 131.162 2.055
-173.113 -97.795 -193.084 2.028
-132.027 128.210 -63.800 2.042
-31.231 -80.145 -37.713 2.110
184.630 72.870 174.673 2.037
169.698 -101.276 -32.830 1.577
-23.512 -23.615 119.419 2.153
63.193 116.153 103.978 2.036
118.383 156.356 141.657 1.928
-129.900 -189.123 84.980 1.964
-9.670 150.609 89.613 2.053
-215.971 39.710 46.699 1.945
-14.402 -20.306 -75.726 1.972
-165.353 168.313 -119.529 2.075
100.308 -151.233 94.327 1.952
-176.078 20.383 -140.322 2.099
55.160 -171.162 -105.088 1.947
4.185 127.204 -117.683 1.908
-19.128 68.426 144.014 1.938
-82.758 66.896 0.441 2.072
148.665 163.123 -86.316 2.071
-165.069 111.546 -150.561 1.959
195.649 4.817 -16.082 2.128
-155.977 -39.953 -194.072 2.007
63.663 46.731 -117.443 1.750
87.910 -177.996 54.435 1.944
10.004 39.692 13.351 2.037
165.241 11.827 -11.348 1.995
-43.442 -11.908 -35.353 2.120
-146.678 162.062 -12.405 2.114
194.748 90.361 138.838 1.920
-71.926 -96.708 -105.942 1.950
-100.299 -131.427 -43.385 2.070
220.031 10.407 125.843 1.862
95.024 -101.817 175.670 1.995
136.881 28.090 47.272 1.840
-132.339 102.985 57.595 2.128
-122.798 -24.804 87.409 1.929
154.489 17.889 -114.031 1.864
-27.286 11.523 70.628 1.857
-164.276 171.101 6.710 1.892
193.431 -125.021 -196.163 1.911
82.116 168.856 146.396 1.880
-29.005 -45.405 131.676 2.001
-85.325 135.869 -104.179 1.984
-93.574 -155.176 -114.966 1.955
89.968 -12.444 -185.773 2.050
-15.174 155.331 55.267 1.993
-199.595 -91.073 -27.174 2.088
47.221 -94.030 87.611 1.904
-172.758 127.369 -93.679 1.929
-197.615 -125.074 93.805 1.845
139.317 148.505 57.151 2.095
-102.953 140.754 -113.253 2.086
74.982 -19.189 168.395 2.021
112.049 27.625 -146.853 2.020
-7.850 -7.205 78.986 1.928
58.258 -135.985 -134.942 1.951
-193.580 -39.013 133.821 1.983
-69.127 98.885 173.865 2.093
60.882 17.208 38.328 1.858
-189.105 48.188 -168.140 2.263
132.879 -144.480 -112.028 1.934
186.776 49.860 -17.319 2.129
215.228 47.630 -67.948 2.050
105.778 5.252 -179.767 2.116
126.917 145.490 16.450 1.974
192.605 173.979 -182.810 2.129
-130.432 -102.649 149.217 1.880
-208.455 95.259 21.012 2.166
203.699 -83.109 145.818 2.042
56.193 147.986 140.538 2.030
-155.469 -19.998 72.981 2.191
-150.705 127.771 132.474 1.991
19.400 13.460 -148.618 2.039
102.998 87.561 94.625 1.996
51.474 62.791 87.178 1.913
107.408 52.013 199.442 1.836
89.683 30.667 155.998 1.923
105.341 60.456 -24.735 1.985
-220.870 -51.940 -160.035 1.914
30.400 82.673 -81.517 2.008
-145.442 180.131 -125.787 2.292
-36.716 188.184 31.457 1.996
-73.999 97.324 -1.490 2.130
117.155 37.017 -127.713 1.932
-20.678 -142.757 -191.926 2.095
145.196 67.819 -101.880 2.080
-149.264 -169.836 113.131 2.116
-20.778 -98.166 116.552 1.985
197.767 -118.675 145.670 1.970
-124.192 148.564 161.402 2.088
175.399 161.811 183.404 2.202
-152.980 -12.321 -113.416 2.126
-46.166 -1.741 -134.627 2.190
187.448 -110.488 51.545 2.145
-123.973 -74.789 -141.192 2.195
-199.157 -62.086 50.054 2.070
-140.450 89.992 170.630 1.889
125.652 46.899 -123.658 2.056
-42.561 13.484 -114.592 1.945
77.489 -157.843 91.787 2.070
6.766 44.180 -21.284 2.092
-16.451 -139.960 89.814 2.018
94.319 -127.335 172.670 1.858
-55.751 4.662 -153.818 2.046
-149.780 27.110 -125.602 2.085
88.585 -134.143 40.270 2.139
-151.192 -158.666 -92.544 2.084
-152.234 110.098 116.009 1.726
-33.358 -50.433 -49.213 2.014
-32.887 -119.762 170.673 1.959
-222.275 47.348 -39.681 2.016
-135.893 36.107 -133.411 1.983
-215.277 -85.544 26.841 1.978
76.661 -146.685 135.887 2.083
-221.492 -52.807 159.286 2.113
-184.297 -2.482 -127.134 1.685
-42.507 -59.717 4.799 1.937
-56.545 -103.350 -144.871 1.963
184.029 -169.793 127.775 1.981
-108.190 -106.831 72.448 2.100
-222.823 142.019 188.499 1.994
-95.376 160.044 63.700 2.080
109.393 148.932 -119.950 1.985
-185.998 180.356 -64.405 2.196
149.712 -88.863 -197.376 2.077
192.174 189.112 -124.483 1.976
-202.534 105.290 -52.245 1.956
180.650 -72.683 -175.291 2.083
198.665 151.692 -191.141 1.838
111.098 -104.707 114.816 2.125
-44.380 151.668 -138.113 1.983
-123.136 -82.090 103.137 1.997
-157.935 -20.744 122.434 2.018
-215.580 -71.258 -131.959 2.162
10.624 88.856 -38.779 2.164
-157.626 -139.262 -20.737 2.133
-197.573 68.972 -91.013 1.999
52.471 55.223 46.478 2.111
137.080 63.571 -52.603 2.149
-12.413 130.833 168.732 2.086
60.052 64.052 78.045 2.055
93.545 -84.461 -57.250 2.156
3.602 -187.584 123.601 1.880
-68.242 46.253 154.956 2.088
-47.608 -78.304 -85.338 1.992
-114.206 -135.600 -89.147 2.204
-83.266 178.437 -90.741 1.931
-80.483 13.790 -132.240 1.857
-140.253 -30.988 37.548 1.852
-157.544 47.840 -189.768 1.948
-164.984 -122.977 42.961 1.895
-104.344 -0.372 4.946 2.064
-97.746 -126.548 -133.558 1.952
-68.601 79.336 74.349 1.771
73.588 -9.025 -51.120 1.919
-162.256 -45.913 5.329 1.870
64.343 73.972 9.209 1.960
165.251 119.319 -80.543 2.280
-102.210 -43.763 -188.008 1.815
-2.345 92.361 187.331 2.031
-180.955 -177.406 82.488 2.174
-168.406 145.831 -154.504 1.997
85.685 89.497 39.177 1.955
119.310 -170.138 -94.807 1.960
-48.614 157.180 -170.174 2.002
67.689 173.762 -26.374 1.898
174.547 -67.257 165.253 2.015
125.735 54.525 -141.686 2.047
-197.895 61.933 53.871 1.999
135.079 -188.085 -52.596 1.913
-82.837 18.002 36.348 2.059
145.931 -182.786 -198.671 1.889
-206.393 -189.929 36.997 2.035
32.172 -67.154 111.918 2.058
14.531 -164.933 -75.878 1.951
-210.488 128.280 -65.533 1.974
70.406 85.697 15.306 1.909
-117.928 140.979 157.102 2.008
3.600 -83.336 -117.665 1.939
123.101 -113.029 -108.336 2.055
40.184 136.648 -109.102 2.083
110.784 24.816 198.161 1.943
20.783 -77.213 178.335 2.074
-167.716 115.921 -94.654 2.050
63.842 80.563 -188.142 1.782
143.173 -113.406 -151.456 2.178
18.317 -26.063 -5.360 2.008
187.557 -165.181 -102.722 1.952
-130.954 91.891 124.636 2.044
-146.174 37.232 -53.647 1.862
218.996 153.170 117.583 2.037
-144.828 111.148 -60.111 1.937
75.040 -12.290 -190.708 2.147
-80.301 93.546 -102.976 1.986
53.233 61.804 -46.129 2.074
-63.880 176.431 -10.759 2.032
-67.684 24.557 24.973 2.165
68.073 9.519 60.525 1.893
-75.285 182.601 -13.247 2.087
135.183 -42.110 9.760 1.928
49.661 -99.246 99.208 1.931
-77.363 51.175 -197.435 2.091
-176.240 28.863 -11.980 1.888
-56.800 -52.199 -14.324 1.887
-50.706 -60.977 -122.594 2.050
12.866 155.149 -118.812 1.936
-139.434 -107.134 -165.000 1.761
153.810 -97.053 74.386 1.944
109.036 -86.737 86.092 1.987
-22.444 130.104 -190.445 2.111
112.428 -155.439 -74.136 2.120
75.492 58.068 -69.744 2.032
109.790 -59.834 -192.988 2.162
27.027 -166.813 -29.515 2.165
33.112 -176.077 -57.465 1.963
-92.911 49.409 23.183 2.138
-156.603 -88.755 181.029 2.016
185.053 67.185 -149.203 1.892
85.256 -140.493 106.384 1.875
-22.162 61.593 4.264 1.891
82.519 40.075 -2.306 1.927
-41.299 115.217 -92.118 2.149
27.230 -143.937 -69.966 2.111
212.690 -62.934 -13.215 1.937
-67.566 41.626 50.323 2.177
-46.781 -3.305 145.913 2.079
-132.736 144.098 -151.687 2.023
-210.047 -4.850 109.591 2.068
-151.560 150.915 -35.383 1.944
-197.820 145.019 -153.569 2.160
199.092 -92.577 -174.332 2.074
-195.618 176.077 -182.637 1.965
-122.365 120.684 -0.002 2.167
4.327 0.106 -122.882 1.956
173.728 -3.007 182.692 2.050
-151.637 -158.137 185.332 2.122
-126.566 62.320 -96.562 1.954
171.436 -50.081 156.101 2.028
-117.790 -12.108 -39.306 2.027
-160.904 16.163 -63.574 2.092
-166.904 -85.848 -131.188 1.978
-118.832 -26.495 181.439 2.062
-122.586 -44.018 6.933 2.050
-200.837 164.147 191.893 1.957
8.447 -31.414 -135.397 1.872
106.271 148.170 98.141 2.045
182.065 169.075 -146.621 1.940
14.345 -132.831 178.565 2.003
219.722 -10.175 -193.196 1.946
-19.110 -51.763 25.265 2.241
182.018 -76.207 -92.569 2.001
14.397 -9.403 -154.132 2.115
-25.854 188.805 145.418 2.002
-42.366 23.491 123.533 2.145
-113.229 -1.206 -41.092 1.914
57.293 165.508 -11.820 2.193
-98.287 -92.778 31.840 2.016
-76.175 -30.107 100.671 1.903
121.013 -73.293 195.518 1.981
218.657 -87.059 19.264 2.019
-70.924 13.853 -60.833 1.909
-168.169 -162.668 -74.966 2.216
184.326 -116.539 24.661 1.981
-23.179 -137.042 65.718 2.154
163.835 -184.593 -199.266 2.041
-43.993 -119.130 67.223 1.921
130.804 -117.926 102.650 2.198
-143.486 102.832 -135.060 2.260
-36.578 -48.430 -97.336 2.009
-178.867 -61.647 111.661 1.904
87.186 -149.949 -182.322 1.924
-137.329 171.472 180.483 1.937
206.127 15.762 -182.725 1.963
-62.264 -163.956 -44.586 1.914
-8.131 -59.266 80.940 2.239
-64.175 171.318 75.037 2.172
-126.829 -124.903 -121.683 2.014
-187.729 118.280 175.331 1.972
-208.015 174.249 173.402 2.070
33.396 93.044 -17.491 2.028
215.772 -14.628 -43.276 2.108
45.300 -93.342 162.837 1.815
-41.365 160.365 24.538 2.002
118.029 64.624 107.110 2.074
33.827 -66.536 -59.555 2.136
10.325 -30.384 -134.091 1.951
-157.084 141.329 -77.229 1.941
9.143 168.528 -24.878 1.906
-113.361 -58.539 -128.777 2.039
38.620 124.231 -197.227 2.184
15.193 -75.622 0.658 2.071
134.915 -180.181 62.635 1.950
217.223 -60.147 139.654 1.944
99.074 12.452 164.745 2.037
125.813 -157.034 -44.453 1.925
-66.085 -85.174 -94.864 2.034
200.064 -103.320 -157.681 2.077
-61.925 -3.662 3.242 2.012
191.813 -28.958 198.638 2.135
23.398 -76.737 -98.750 2.114
223.503 -4.057 37.625 1.826
-188.749 109.818 174.173 2.004
-156.540 146.683 47.385 2.011
-8.583 -77.548 -53.923 1.966
197.075 97.100 167.880 2.039
79.785 36.324 11.033 1.872
85.528 0.497 166.459 2.022
149.405 -8.538 126.053 2.008
57.493 97.436 -14.378 2.102
-12.300 -87.979 -55.513 2.131
-104.886 28.955 -152.818 1.971
-93.868 20.758 -16.763 2.081
-162.269 7.801 -103.170 1.748
-125.465 149.439 -97.835 1.883
-123.209 134.028 139.492 2.066
-54.947 87.991 -145.087 1.909
-47.737 -61.431 174.980 2.063
176.588 -66.630 -4.209 1.966
29.924 9.822 -5.055 2.143
134.912 -139.344 24.951 1.961
-77.652 -42.490 157.580 2.044
166.052 -144.998 18.739 1.906
206.695 -80.006 -8.963 2.166
56.048 106.026 -179.049 1.892
-12.479 -2.732 -71.220 2.045
-20.461 159.667 199.321 1.813
88.920 70.204 -97.526 1.964
32.207 76.413 171.509 1.864
3.067 56.570 181.770 2.145
-150.562 -9.004 -158.829 1.826
53.579 -63.979 135.286 2.091
-148.383 33.859 28.826 1.910
-69.002 161.564 98.667 1.922
67.528 -124.572 -166.160 2.132
181.800 16.809 67.603 1.858
-119.695 36.389 -138.464 2.135
54.244 55.202 -167.963 1.964
-146.051 65.621 89.568 2.062
1.068 -87.572 183.364 1.817
-73.366 125.148 -36.107 2.016
118.136 89.786 -48.357 2.060
-163.995 -125.836 -143.274 2.009
26.098 57.381 -148.350 2.138
-174.778 -171.895 -0.013 2.067
105.521 -135.718 -110.008 1.961
-48.511 164.610 142.817 1.999
-124.263 21.540 -25.724 2.003
83.184 -87.635 73.286 1.960
-89.011 25.399 -152.322 1.957
65.301 95.249 -93.120 2.129
99.333 -38.868 170.271 1.897
115.970 -28.204 -0.338 2.047
-57.336 -143.455 -29.577 1.933
221.045 -134.715 115.695 2.155
45.182 122.559 99.101 2.021
135.941 99.013 -127.455 1.834
27.403 137.143 -14.585 1.919
15.250 64.646 84.785 1.987
-108.052 -65.137 -196.834 2.195
-181.281 49.477 -113.411 1.954
154.777 -20.353 -35.103 2.165
46.658 55.154 -98.899 2.039
-139.602 139.588 103.159 2.177
168.599 -168.504 -110.612 1.838
-76.983 120.784 51.043 1.779
-17.366 158.327 -181.641 1.923
-132.165 -66.549 -170.356 1.997
74.738 -24.974 80.948 2.101
54.124 16.825 15.404 1.931
-183.569 -155.755 56.565 2.061
185.432 -48.779 30.435 2.073
203.961 54.892 -103.854 2.078
212.994 -183.080 169.502 1.911
-106.423 94.436 -94.929 2.110
181.645 -50.493 168.377 2.150
29.112 144.449 -159.353 2.074
-119.823 -166.938 -116.770 2.196
91.951 -159.610 13.386 1.991
-50.558 -49.726 -35.472 2.091
-135.060 39.471 -6.931 1.913
14.036 -58.294 -100.100 2.044
-20.724 110.095 178.381 1.941
-184.110 13.716 108.835 2.060
-18.465 -51.612 71.823 1.898
113.540 -44.983 -119.780 2.035
197.410 27.459 193.265 1.894
-219.591 -177.892 -15.391 2.115
-221.325 -153.518 -159.020 1.828
-128.888 99.105 -86.241 1.993
46.930 141.798 -46.663 2.112
15.402 71.516 -62.873 1.964
164.502 -77.862 125.453 1.901
204.190 -112.218 -128.244 1.970
-153.493 113.442 -28.116 1.832
91.529 -119.661 174.130 2.017
-200.616 65.094 -7.474 1.881
214.097 187.427 -157.500 2.019
-89.717 129.081 -163.510 1.947
60.403 38.064 -91.434 1.991
69.990 172.578 -15.173 1.934
-90.060 -149.342 -8.745 1.984
42.267 -1.057 120.988 1.710
148.340 -160.011 -5.287 2.045
-1.959 142.776 -45.448 1.893
21.626 -3.193 -103.813 1.933
180.899 125.997 105.517 1.770
10.353 174.043 190.204 2.005
81.889 94.688 -145.773 1.976
141.457 -41.019 21.729 2.018
-95.058 30.782 -49.241 1.840
79.839 -122.883 57.658 1.969
-216.857 150.024 -165.740 1.967
126.388 55.375 -20.042 1.978
8.048 -19.603 -1.759 1.943
3.628 -72.527 -41.406 1.929
-199.031 -126.962 165.886 1.940
-120.372 113.418 176.296 1.862
103.429 41.363 134.806 1.861
-220.537 20.935 141.481 2.098
56.247 65.022 -175.778 2.048
129.969 -77.141 81.970 2.015
-57.143 47.802 -183.539 2.182
-208.875 -163.821 82.407 1.854
-211.975 -113.919 -115.245 2.206
-140.852 -168.173 -189.179 2.251
200.671 -149.732 -27.813 1.935
-47.902 -57.384 -22.031 1.826
-209.094 25.512 49.209 1.996
137.888 65.141 -87.589 2.034
-87.303 154.816 -44.916 1.974
-106.493 120.159 11.866 1.995
180.056 -9.805 -115.924 2.137
-218.045 174.642 -178.585 2.019
-112.036 129.142 169.541 2.060
-74.185 91.762 -112.091 2.140
106.709 -109.444 24.438 2.068
160.890 -87.626 0.093 1.879
-90.667 61.655 26.430 2.105
77.314 122.203 28.422 1.781
92.800 -34.466 195.239 2.027
-150.081 -42.093 -48.594 1.974
-5.423 10.699 76.039 1.869
-111.054 -72.203 -21.920 2.134
-209.196 -154.135 -178.221 2.007
170.044 153.982 -84.041 1.966
25.063 61.165 -28.679 2.113
197.880 -129.175 127.907 1.947
44.938 -95.095 -19.155 1.947
129.546 13.334 47.593 1.984
52.982 -138.057 -11.291 2.041
-178.805 -62.017 -21.308 1.970
-161.882 -70.101 -41.784 1.737
-91.783 25.266 3.935 2.121
201.414 -124.729 -188.175 2.082
1.896 95.173 54.209 2.006
-0.369 -149.874 -97.260 1.971
210.321 -125.837 80.991 2.100
76.497 62.130 69.557 2.116
182.484 91.709 148.376 1.953
-97.049 -93.127 138.907 2.159
-211.881 87.975 181.494 1.870
192.808 150.040 -100.370 1.948
-162.529 -56.482 141.228 1.991
-37.377 129.233 -25.889 1.775
-88.106 54.871 4.785 1.847
-87.542 156.050 103.335 1.909
130.494 -133.458 129.871 2.078
203.281 -115.029 -9.558 2.053
-156.064 -132.796 -131.952 1.898
189.535 -157.543 178.212 1.843
29.652 50.913 150.197 2.099
-158.596 -175.104 173.522 2.044
-111.082 -133.713 -78.292 1.832
-169.496 -127.385 -68.801 1.984
-83.239 -20.087 -26.891 2.026
-176.130 -83.765 -103.127 2.204
127.547 30.322 33.909 2.048
-54.736 -111.371 -136.702 1.935
-151.680 127.481 159.516 2.089
78.191 189.846 131.388 2.073
-143.655 -182.162 -124.707 1.970
51.269 106.050 -151.860 2.048
151.305 -122.170 -89.405 2.167
102.235 -145.350 26.156 1.902
37.486 134.083 118.116 1.886
204.524 8.563 35.368 2.104
151.342 102.747 -117.851 2.078
72.610 131.485 -74.354 1.806
112.587 68.659 199.237 2.153
-112.895 -17.979 154.453 2.079
-23.325 109.262 159.408 2.079
-56.819 -136.353 59.580 2.005
-214.076 -130.169 -66.146 1.961
70.540 -41.301 -187.792 1.911
-37.671 5.936 66.584 1.950
-52.347 -155.357 6.597 1.974
-140.191 -96.199 194.241 2.053
-196.915 -159.085 91.784 2.070
-112.375 62.892 1.731 2.154
8.338 79.476 150.750 1.936
12.223 45.321 74.851 1.935
-166.323 -11.073 -69.427 1.907
154.737 -28.060 34.968 2.071
115.034 -177.440 -107.914 2.106
153.274 -97.161 152.238 1.979
-127.362 115.963 9.160 1.896
-156.549 103.076 9.877 1.861
217.375 -27.300 -6.137 2.045
-224.337 122.064 -23.058 2.018
-176.191 -72.043 -143.317 2.109
216.751 165.373 168.468 2.209
-128.186 137.733 3.812 1.945
119.709 -115.061 77.065 2.070
161.288 40.466 -9.859 1.967
203.261 80.484 -161.136 1.966
-7.414 74.144 -180.299 1.919
209.883 -83.242 176.591 1.883
87.733 -25.461 127.990 1.814
9.659 0.142 -100.742 2.155
-39.973 8.343 29.021 1.808
-54.416 189.404 43.369 1.961
-192.669 174.968 139.359 2.011
-67.153 134.165 136.522 2.073
-118.762 74.755 -33.116 1.999
-179.972 74.974 -1.506 1.874
-78.309 -82.451 79.574 1.950
132.761 -148.809 150.025 2.109
75.980 -3.051 -181.065 1.957
-133.140 -9.589 75.805 1.923
55.741 -155.520 -165.367 2.119
-13.384 -185.422 85.918 2.012
-143.488 80.626 166.313 2.098
-222.488 -139.842 -142.451 2.126
91.937 -189.512 -153.234 1.956
120.928 11.241 -4.565 2.045
99.165 13.287 143.385 1.971
72.489 104.783 118.678 1.965
-91.808 -18.892 26.459 1.928
184.222 -175.624 -1.003 1.981
-119.626 -182.896 131.161 1.808
149.671 125.994 -147.727 1.974
-211.928 16.212 162.492 1.900
217.729 -163.231 -182.195 2.043
-181.844 -164.008 -101.471 2.032
44.116 181.840 -150.999 1.940
-74.609 -74.022 120.781 2.009
-158.494 172.553 58.210 1.943
-143.956 -168.154 186.300 2.035
62.715 146.768 -29.929 1.897
31.807 -146.760 107.077 2.004
50.353 -86.057 -146.207 1.953
-221.483 -116.789 -178.792 1.955
-99.933 39.118 -119.466 1.757
-163.771 -24.038 31.237 2.166
207.464 -19.200 -143.403 2.110
135.534 4.304 -54.935 1.941
-197.673 -3.440 -192.263 1.979
107.998 -3.675 90.422 1.930
50.410 -96.296 18.963 2.176
-8.152 -46.335 -185.364 1.855
108.850 153.017 165.361 2.167
214.255 -19.218 158.523 1.902
-56.562 55.200 -46.198 2.034
-28.253 37.769 104.379 1.908
-129.264 -38.793 -108.015 1.970
-8.827 -40.367 -122.482 1.933
-194.979 -92.649 101.952 1.980
-24.151 133.588 143.228 2.077
200.788 -18.905 105.735 2.095
11.067 -64.473 178.365 1.948
180.445 164.744 -14.282 2.063
-2.998 -186.426 111.217 1.954
-149.408 -82.761 -138.752 1.876
-183.159 -144.989 26.217 1.989
-130.401 165.302 -9.628 2.023
-4.245 182.192 44.396 1.603
207.044 167.192 126.020 2.030
64.719 62.545 150.530 2.122
107.299 -130.930 -5.211 2.044
34.533 -81.157 1.976 2.289
123.401 184.628 -21.908 2.319
105.953 -110.672 164.147 2.058
113.300 -91.079 -66.087 2.271
-127.760 93.816 162.251 2.035
-64.955 -63.759 174.443 1.886
154.671 -113.016 -74.455 2.134
99.949 16.338 39.780 2.110
145.184 25.452 -199.406 2.120
5.742 98.714 -192.663 2.015
181.461 -108.436 123.501 2.064
36.013 165.803 1.094 1.929
65.618 -93.431 -192.104 1.904
-161.714 92.412 161.227 1.972
46.120 -23.951 -113.855 1.929
-162.885 -114.184 -58.817 2.027
65.884 176.641 105.742 2.067
72.665 46.528 13.777 2.030
185.425 -10.984 -164.583 2.010
33.328 172.008 28.236 1.990
205.788 148.453 -89.115 1.996
80.467 -93.752 155.802 1.823
87.771 -124.455 -0.036 1.914
33.503 97.142 112.908 1.954
-32.295 -110.303 151.104 2.030
-118.455 -150.712 -59.736 2.029
-153.670 175.405 47.266 2.008
32.818 -7.990 191.633 2.000
202.964 18.023 -191.695 2.053
-71.865 151.374 167.927 2.100
88.725 -73.058 56.601 1.975
216.652 109.916 -109.554 2.227
64.364 14.276 43.297 2.107
37.692 59.042 -115.008 2.089
203.265 -61.717 -0.654 2.108
-224.949 -139.456 -78.261 1.933
102.881 87.684 -5.519 1.995
223.294 147.618 85.280 1.948
137.075 29.743 170.418 1.960
181.288 166.084 -137.444 2.030
141.261 131.400 -197.727 1.762
-96.319 -148.498 24.813 2.019
37.742 -84.342 41.008 2.033
157.036 -145.634 138.583 2.058
-113.482 -123.502 96.624 2.263
-46.620 -41.606 18.069 1.980
-70.888 86.438 108.254 2.135
-42.336 -25.357 -170.206 1.840
-26.725 -125.146 176.866 1.871
94.280 89.853 -151.878 1.937
-137.762 -81.511 117.953 1.860
-114.954 -38.186 -1.475 2.080
-48.340 -77.108 -4.513 2.211
207.238 48.622 117.352 1.808
57.492 114.928 -84.442 1.893
81.577 -36.700 -83.615 2.133
-224.083 -108.981 136.720 1.955
-190.132 13.203 152.201 2.011
134.311 -129.522 173.679 1.872
-171.912 -128.929 -175.580 1.926
18.312 -166.413 69.911 2.145
85.844 -101.468 29.307 2.109
-83.301 -26.253 149.198 2.090
-174.104 162.344 -71.301 2.002
-29.304 -162.777 -40.744 2.210
-69.165 -98.638 119.680 1.878
26.665 169.406 -141.985 1.865
123.628 -98.304 -63.243 2.142
-114.145 -74.769 73.852 2.127
99.737 -172.292 43.115 2.053
89.477 -163.360 -164.219 1.934
-70.323 -117.090 80.146 2.031
-76.951 -68.701 125.478 2.064
24.285 -91.951 63.553 2.022
-81.351 -85.177 42.005 2.064
210.571 -57.383 -151.019 2.033
-172.861 -73.569 -98.344 2.001
-181.284 170.804 -114.450 2.131
-28.998 17.129 39.210 1.971
-186.594 31.627 -27.705 1.994
90.432 171.141 40.830 1.804
34.697 32.325 122.585 1.875
-144.912 -181.537 104.421 2.166
199.855 -180.002 -162.226 2.069
-135.492 9.877 85.200 2.063
172.365 -146.804 27.821 2.054
-154.254 -50.420 -119.124 2.093
-172.371 137.503 -44.011 1.984
