-205.464 -136.365 -147.931 2.037
-7.674 -180.058 173.486 2.062
-50.771 -76.550 -161.855 2.002
-54.821 118.642 199.608 1.904
110.307 -105.537 164.427 1.905
-132.020 123.625 -38.144 1.833
-196.741 17.473 48.158 1.911
152.411 73.904 -156.111 1.967
-33.151 118.710 -146.174 1.975
-61.365 -137.615 56.673 2.014
208.762 -131.529 -180.324 2.128
35.974 182.456 -191.649 1.987
-200.632 129.262 -70.892 2.038
-86.531 -133.555 -176.561 1.940
118.558 54.674 -59.521 1.859
-162.842 -117.775 -101.804 2.039
-58.484 182.162 -91.484 1.755
101.238 179.227 111.022 1.995
-201.660 35.204 -188.444 2.104
22.871 -59.358 187.639 1.890
-98.165 152.712 -38.213 2.066
76.828 -121.088 9.550 1.874
-5.672 73.831 102.912 1.835
77.547 -49.933 8.420 2.169
147.978 -47.660 -31.778 2.093
-195.821 17.840 158.581 2.089
-47.218 44.447 131.784 1.927
-73.075 52.360 -190.210 1.917
146.207 -94.473 30.511 2.100
135.032 55.471 162.886 2.152
15.105 46.802 38.252 1.800
87.804 101.328 -58.024 1.932
126.203 -151.871 133.170 2.150
-206.268 30.406 98.652 1.881
24.540 -10.477 -187.300 1.938
-72.176 -24.389 -6.100 2.132
127.674 -9.371 -166.037 2.009
179.607 -67.570 -76.356 1.938
-147.082 -55.102 173.927 1.978
122.537 -68.046 25.468 2.090
-13.488 -109.486 134.833 2.023
-61.907 82.942 -33.742 1.851
-203.736 -53.225 -195.495 2.087
-2.397 -189.409 -122.672 2.036
207.953 180.881 182.891 1.890
105.962 -65.847 125.357 2.074
-67.709 -5.623 -159.674 1.985
-143.863 65.074 184.609 1.897
-122.225 100.373 -25.245 2.112
-215.698 89.716 -188.824 1.990
153.917 102.173 170.207 1.932
139.078 -9.370 -109.190 1.734
-189.554 94.446 178.709 2.009
-171.202 187.733 -105.712 1.948
101.602 16.260 -76.819 2.153
-164.553 111.077 78.359 2.098
32.794 -148.985 -65.985 2.230
102.631 10.636 -177.810 2.032
50.507 -151.103 105.169 1.991
-36.806 -88.544 -88.853 1.904
103.557 107.484 142.433 2.079
133.894 -90.789 -36.054 1.836
-147.783 -136.188 -107.357 1.852
114.262 -132.213 -21.762 2.119
150.669 76.625 37.885 1.981
-58.831 -144.146 94.588 2.094
-176.800 29.483 9.013 2.018
32.105 181.407 -95.133 1.922
-7.216 54.446 24.526 2.137
104.323 -102.779 -94.979 1.986
48.276 77.396 -120.835 1.878
-151.860 46.101 -105.646 1.944
-24.934 132.980 -115.028 2.043
142.226 24.885 197.472 1.966
-76.758 -3.350 77.072 2.011
-112.239 8.121 -74.327 1.878
-150.829 -175.700 62.462 2.060
-106.790 -174.611 -199.773 1.917
-215.568 -17.042 -100.429 1.866
-68.432 -27.715 165.653 1.814
201.397 -98.335 -85.619 2.117
-87.716 2.216 172.463 1.953
116.609 17.100 119.461 2.032
-69.831 -148.573 -106.314 2.046
12.844 97.200 -131.594 2.010
-87.419 -4.164 192.235 2.029
-120.404 180.634 183.368 1.971
61.728 164.468 -18.437 1.866
42.497 -127.266 189.809 1.734
-27.774 95.828 -2.689 2.020
87.259 -143.578 -105.817 2.073
-188.249 -137.090 -185.980 1.880
-178.892 82.383 78.461 2.117
-88.645 -120.505 91.500 1.892
-152.545 145.162 70.407 1.914
-190.390 -45.936 103.963 2.104
91.393 114.608 -126.287 2.124
-30.443 54.058 -21.810 1.899
-137.680 149.758 -187.440 2.079
-54.753 -3.888 -86.636 1.828
222.786 -103.669 163.317 1.971
-221.271 96.789 27.789 1.964
161.597 -76.789 29.133 1.998
149.087 97.950 51.301 2.183
-52.709 79.076 88.033 2.101
-210.683 19.085 -138.181 1.973
-202.020 187.619 -168.529 2.000
38.306 87.003 -58.849 1.864
-40.202 -141.184 103.726 1.953
91.978 -43.075 115.612 1.945
162.353 67.452 -12.713 1.951
11.124 -34.489 125.301 2.040
92.419 -79.904 25.608 2.145
4.772 90.532 150.557 1.910
-196.899 -52.144 -4.871 2.105
48.639 -25.686 99.810 2.168
120.056 152.616 198.678 1.915
-50.136 -56.376 108.023 1.904
-168.710 -95.154 -98.054 2.022
222.886 -59.831 -115.552 2.013
224.126 -89.506 131.901 1.740
155.466 92.943 -118.347 1.899
-100.138 -30.419 179.342 1.926
105.785 -20.858 -112.380 1.923
164.777 -96.137 113.084 1.832
154.755 9.482 32.161 2.064
92.496 -76.541 130.186 2.033
97.148 -186.936 -186.291 1.840
205.355 154.589 158.869 2.130
22.620 -187.786 177.979 2.140
151.486 -153.097 -64.988 1.764
40.128 135.129 -18.319 2.097
18.997 -137.884 -104.947 2.112
-223.455 -1.444 115.774 2.037
112.114 180.739 77.943 2.163
34.992 43.298 191.013 2.023
168.945 52.827 18.222 2.199
89.410 -22.287 -78.526 1.961
44.388 25.674 15.688 1.909
-68.265 -36.518 45.427 2.142
87.892 -63.668 -70.010 1.944
17.669 -171.189 -193.077 2.073
151.006 43.387 26.762 1.904
-195.363 -166.959 -24.399 2.114
79.281 -120.074 52.465 1.958
136.952 142.467 117.121 2.150
-15.290 172.770 89.402 1.992
-98.370 143.326 79.838 1.991
89.965 -136.455 91.681 1.841
162.051 130.146 2.777 2.017
-3.781 53.349 82.564 1.829
-21.325 95.503 -22.723 2.095
-178.440 92.970 -184.535 1.968
20.178 -80.097 63.194 2.105
-84.542 98.857 84.242 2.052
203.868 154.254 173.046 1.958
-53.178 143.982 113.173 1.977
141.980 -3.176 130.074 2.027
-198.086 156.573 -0.408 2.191
-39.649 129.850 172.416 1.986
164.803 87.317 -191.975 2.171
-50.969 -58.918 -160.706 1.878
98.658 44.543 -170.582 1.736
154.875 -31.884 174.131 2.039
-208.950 180.582 146.556 2.149
-109.426 -189.450 195.912 1.949
17.976 149.140 -54.275 2.006
-174.329 159.338 146.857 1.975
-206.139 -68.509 87.849 1.986
-219.972 189.829 -87.715 1.893
-214.463 83.294 -35.628 2.050
2.921 -80.951 130.103 2.117
-212.870 119.192 68.851 2.047
-168.147 83.309 143.341 1.919
65.570 -59.698 4.500 1.977
-144.610 -155.437 -154.015 1.923
-203.970 -184.818 29.105 1.878
-26.747 -50.686 -195.286 2.014
-58.975 79.929 102.585 2.018
125.279 24.947 137.005 2.025
169.600 130.006 -92.921 2.027
9.076 -140.819 -50.988 1.984
-161.901 -38.718 106.462 1.880
76.534 93.536 -49.627 1.879
-41.181 -183.127 185.939 1.912
85.839 149.138 -64.120 1.941
-124.822 0.378 -66.156 1.948
106.712 104.620 -175.377 1.953
39.779 159.596 32.170 2.082
-212.528 85.114 -7.033 1.992
-154.277 -54.688 -21.701 2.150
156.181 -106.369 89.463 1.855
197.066 184.113 -146.475 2.045
41.801 41.618 -147.836 1.980
-65.959 48.475 -145.481 1.933
-68.298 178.401 74.970 2.071
-12.792 -188.160 51.737 2.017
-210.335 -133.446 -2.265 1.889
-136.426 -18.982 130.654 2.097
172.083 147.778 147.265 1.804
182.969 -132.729 15.573 1.976
-170.233 -85.458 198.013 2.158
173.753 -131.794 -191.775 1.954
-205.673 153.380 179.247 2.069
106.014 82.679 -161.443 1.947
118.202 -95.961 -45.671 1.954
-201.705 155.113 190.709 1.910
39.153 -39.606 101.341 2.014
167.227 13.966 45.039 1.924
172.447 -151.244 -136.242 2.126
-118.741 -86.603 -38.166 2.050
-53.328 132.270 137.083 2.103
221.842 44.947 -49.330 2.081
-60.586 -115.677 152.813 2.028
-221.434 -148.543 -188.166 2.228
-9.469 -42.100 63.353 1.976
53.586 23.182 -44.376 1.912
32.849 -139.245 49.713 2.051
-34.598 96.462 37.583 2.036
-70.062 170.544 -46.054 1.936
215.388 104.971 94.069 2.033
-61.354 -63.447 99.052 2.019
163.842 -61.689 -42.450 2.022
-41.918 40.463 -169.560 1.850
218.685 -56.636 101.200 1.895
69.161 -9.578 163.203 2.085
154.950 -45.086 -39.224 2.000
6.601 32.534 -78.919 2.071
3.846 53.566 -114.182 2.138
197.278 -156.807 189.820 2.127
-188.032 -88.342 -94.452 2.065
-206.259 135.875 11.729 1.950
-105.279 141.193 -193.149 1.901
14.797 -66.727 52.424 2.020
-60.075 -119.750 91.831 2.092
-52.552 167.098 -99.816 2.149
111.394 -109.964 -57.494 1.953
16.490 109.844 39.356 1.941
65.799 18.231 191.045 1.953
-171.205 -117.561 -135.755 1.900
-224.457 156.418 182.116 2.052
-110.469 179.269 -62.169 2.168
-32.193 116.794 136.627 2.157
-64.970 185.844 43.730 1.989
-91.069 -39.518 166.832 2.054
-67.341 75.805 22.563 1.966
-83.117 -25.515 19.415 2.075
138.881 -171.734 139.911 2.154
-62.435 -73.229 35.857 1.982
-7.452 -115.329 -25.603 1.884
205.048 13.778 -117.236 1.815
207.966 -52.946 114.421 2.015
-153.662 -5.972 -138.965 2.163
2.117 -13.640 -2.135 1.784
-72.816 185.142 94.730 1.911
-68.921 -5.211 68.314 2.068
-81.705 -82.919 142.798 1.971
213.543 -143.288 47.335 1.897
-44.804 146.070 47.817 2.156
-52.396 160.121 191.183 2.212
157.656 -9.582 44.154 2.075
-163.468 -122.190 147.572 1.979
18.014 -19.106 -100.687 1.908
-192.887 -145.991 135.259 2.168
-97.713 22.474 63.042 2.065
39.044 149.696 173.804 1.837
0.190 78.990 -0.494 1.880
90.104 -36.113 -30.217 2.067
28.593 -4.861 144.842 2.151
141.337 152.588 158.545 1.950
78.384 -40.775 -101.141 1.979
-12.587 176.475 125.166 1.940
11.698 -142.153 137.955 1.970
143.543 -25.879 -132.001 1.762
143.337 133.454 -123.338 1.922
167.382 32.198 -190.287 2.137
-17.043 -51.964 82.719 2.121
-46.895 -187.023 -164.473 2.054
-80.753 164.910 41.781 1.930
110.812 -8.650 -172.534 2.030
-163.826 4.660 29.266 2.020
-17.638 -34.104 -75.424 1.969
155.096 -180.831 -89.742 2.047
-220.137 -7.093 -150.226 2.127
-67.754 58.675 -11.185 1.995
173.014 68.610 143.580 2.073
-186.116 75.965 -42.598 2.159
-49.148 126.666 54.579 1.977
-170.393 -175.007 164.840 1.918
-84.976 -38.328 -192.081 2.105
-54.441 27.541 192.483 1.969
113.514 -65.717 -145.494 2.212
-77.095 -143.721 -197.854 2.168
99.945 -145.032 -11.505 2.050
214.604 -141.502 17.049 2.103
10.361 -130.829 -133.632 1.941
-213.230 -186.576 -173.865 2.009
-21.277 -175.852 73.641 1.979
-16.268 184.220 25.246 1.986
10.973 -20.850 -111.904 1.979
198.841 123.195 80.461 1.839
63.177 -77.965 115.935 2.078
-45.443 105.198 15.449 2.076
-53.385 -111.225 -5.794 1.965
-128.060 -85.438 -5.612 1.984
-91.099 -116.759 -78.415 1.983
176.634 -72.147 10.257 2.007
82.408 130.864 172.648 2.010
-188.782 83.636 -93.961 1.997
0.365 10.498 -185.005 1.972
-37.020 41.137 -21.093 2.012
47.725 -22.011 -92.256 1.884
-124.197 -144.870 -120.847 1.880
179.415 -88.912 -121.823 2.026
-106.539 116.695 -116.659 2.023
166.595 -57.228 -49.373 1.926
200.103 133.659 -184.704 2.107
136.005 -102.903 159.003 1.918
136.180 -108.842 87.296 2.245
-3.013 -119.987 -12.238 2.026
12.829 -109.596 73.976 2.184
-56.342 7.783 154.220 1.838
202.406 130.147 -104.373 2.023
220.576 157.172 140.364 1.887
160.876 -79.792 -64.920 2.024
125.907 -19.449 -15.016 2.099
38.332 73.084 -167.666 2.193
56.900 113.433 -115.430 2.007
-211.723 -41.803 170.171 1.945
-42.908 57.874 -171.590 1.895
-80.803 97.060 -45.479 1.928
81.956 78.513 -172.689 2.069
12.539 -14.499 49.310 1.941
42.567 58.405 53.914 2.044
-72.714 -188.309 17.612 1.863
139.434 111.059 -50.836 1.963
76.329 145.995 -65.727 2.036
10.814 -22.515 62.338 1.936
97.680 1.934 -30.876 1.917
197.905 -94.121 -184.770 1.876
-183.779 22.956 -110.381 2.073
118.791 -157.912 100.690 1.870
-57.499 67.298 -43.021 2.119
-107.667 6.705 55.163 1.873
18.638 -150.080 -35.604 2.117
77.451 -46.822 -67.458 2.235
82.528 -136.148 164.878 1.863
109.010 -93.163 -147.685 1.959
-19.314 -169.575 156.329 2.090
-86.390 7.232 133.455 2.165
193.221 4.057 178.871 2.038
-200.254 132.051 -7.764 2.016
128.656 140.407 58.231 1.936
-98.471 64.739 87.529 1.976
-129.101 -173.357 193.221 2.000
52.998 -25.264 149.642 1.972
30.137 -85.837 -46.469 2.149
-85.553 -183.027 -92.447 2.083
113.222 -176.447 -151.050 1.998
157.221 -181.289 -48.591 2.084
184.253 120.108 105.371 1.951
123.722 63.660 -3.118 1.995
180.696 -82.961 195.770 2.040
107.285 -103.742 151.364 1.794
-216.871 -136.290 -21.975 2.102
-26.767 -132.818 28.269 2.085
220.704 175.268 130.619 1.959
132.116 120.376 172.446 2.017
20.824 133.467 139.353 2.275
42.897 47.508 -122.951 2.041
168.443 115.226 160.733 1.833
34.604 75.884 13.311 1.892
184.377 -169.314 139.803 1.995
191.724 53.886 -87.531 2.019
1.658 -81.583 139.252 2.003
66.150 -47.958 -48.715 2.087
85.452 -36.165 -146.865 1.877
-137.431 -84.539 55.900 2.287
210.457 -11.264 30.742 1.960
-72.435 39.016 185.407 1.971
-62.983 180.621 172.763 1.834
-32.570 5.990 0.450 2.001
180.953 146.039 132.495 1.934
205.196 1.509 -112.167 1.877
-97.470 -52.012 -122.902 1.886
-117.547 -37.489 80.088 2.022
-67.432 -61.712 31.480 2.044
-41.928 105.202 -48.942 1.918
-104.285 138.668 122.214 2.283
192.496 -153.605 -189.493 2.102
-24.616 58.025 -80.677 2.000
87.415 41.594 117.839 1.905
-88.537 164.638 -50.777 2.058
110.263 95.660 176.170 2.069
-198.298 -100.365 -85.933 2.118
54.676 -156.394 107.975 2.029
85.568 -178.581 52.545 1.969
36.594 129.014 70.858 1.823
-57.578 -113.636 22.874 1.949
-207.476 122.587 4.060 2.091
-8.855 99.893 -126.785 1.920
-152.789 -56.799 -3.886 1.825
97.021 -106.319 116.050 2.044
-19.978 -52.726 -92.976 2.110
15.841 -81.947 182.351 2.098
-26.500 155.682 97.966 2.011
-130.403 -153.761 -137.748 2.101
202.268 -18.142 6.595 1.932
224.612 90.113 54.349 1.856
-172.796 180.072 -4.375 2.036
-104.333 48.830 -142.338 2.088
-212.890 -92.856 13.721 1.928
-190.670 -24.171 -54.117 1.991
203.368 23.548 -110.231 1.972
67.454 42.853 184.358 1.978
-0.342 79.147 -61.408 1.845
195.283 -165.120 155.006 2.010
-16.240 82.389 18.616 2.061
-53.600 -70.271 87.702 2.012
-38.930 183.086 -89.837 2.032
-6.380 -132.888 -51.383 1.906
-73.213 100.035 -163.424 1.895
-108.856 122.171 144.424 1.896
40.064 -6.051 60.483 2.117
146.670 188.641 70.488 1.974
6.357 164.474 -20.691 2.198
98.545 84.926 88.878 1.866
-164.552 -162.453 54.945 2.173
198.918 182.172 -185.760 1.875
-187.945 -127.544 191.730 2.054
156.227 174.186 -178.749 2.104
94.164 184.675 -191.687 1.898
31.604 -65.739 -36.302 2.055
-86.940 -23.927 -9.368 1.964
55.739 -58.975 -173.882 1.989
-184.152 186.459 18.958 2.248
87.222 -97.020 -23.567 2.036
-108.831 -48.288 76.357 1.913
-183.696 95.397 180.141 2.012
0.783 25.807 150.621 1.875
128.117 -46.910 -190.717 1.943
53.079 -39.010 -3.500 1.902
92.288 -85.244 -27.496 2.077
121.159 84.667 82.203 1.979
-204.037 -7.213 143.693 2.192
54.546 -70.756 174.722 2.116
57.965 -2.125 -128.021 1.727
-12.310 -92.013 -173.486 2.016
-68.737 184.620 -150.128 1.770
57.175 -57.567 -129.109 1.897
-149.927 74.121 134.954 1.945
12.504 46.319 2.039 2.009
217.457 48.379 -101.353 2.006
-173.611 -72.817 9.124 1.827
12.979 46.837 -157.713 1.903
52.436 -115.207 -16.373 1.828
129.948 -165.625 61.040 2.163
-176.456 -115.106 172.924 1.984
40.345 138.682 15.481 2.092
-170.616 -149.864 38.243 2.010
127.098 -169.742 181.735 1.970
84.531 -132.383 -159.175 1.873
-161.533 -118.766 -72.196 2.135
110.111 8.778 -184.098 1.767
-160.055 171.619 164.555 1.911
92.665 153.659 99.922 2.005
71.382 -156.392 -4.425 2.003
224.353 -145.059 -180.434 2.158
-82.865 -82.755 -66.438 1.983
135.828 -28.705 193.159 2.243
47.933 82.760 34.809 2.002
150.686 -29.644 -93.978 2.032
-25.417 160.510 -172.868 1.910
182.350 49.044 -79.604 1.991
-60.934 181.690 23.500 1.943
-130.042 -173.227 -164.334 2.097
90.745 89.343 -54.141 1.877
-35.183 -111.623 -19.677 1.837
20.898 182.947 92.341 1.981
56.575 53.590 -95.764 2.192
200.267 35.993 -100.344 1.963
-192.835 84.736 165.801 2.106
-157.741 113.590 28.454 1.869
49.515 46.770 -128.989 1.922
-74.788 -151.116 -13.018 1.969
50.716 -42.518 -116.001 2.021
-169.432 -115.955 -161.210 2.208
-121.684 0.231 79.208 2.188
-51.681 97.371 179.624 2.022
-86.837 -33.952 4.370 1.904
111.704 -111.817 -78.317 2.106
-84.674 -93.576 183.099 2.186
63.250 161.412 -31.788 2.002
135.321 35.094 -94.565 1.900
29.877 66.657 160.627 2.121
-67.077 65.636 -92.288 2.008
115.451 -137.848 122.844 1.965
-76.325 -116.561 -7.366 1.988
109.106 -170.055 -75.355 1.934
-83.255 -171.856 75.187 1.809
81.418 65.398 104.765 2.134
-46.713 138.862 -69.269 1.764
112.591 -58.645 -154.847 1.901
-35.845 76.407 188.138 1.923
-46.812 69.237 138.475 2.010
82.743 -74.520 -139.402 1.928
-164.476 180.330 -139.790 1.934
99.529 58.024 -132.054 2.027
83.169 -43.287 -149.353 1.818
-2.838 29.821 -125.443 2.002
-160.073 -59.100 -69.500 1.903
-204.550 85.219 107.837 2.015
134.406 5.541 -106.683 1.940
-91.697 43.673 -40.361 1.952
20.158 126.391 -184.433 1.793
152.814 -81.380 92.347 2.116
114.264 -112.398 -192.043 1.832
127.719 -120.296 86.256 2.122
125.488 -142.636 -183.038 1.924
-10.529 86.513 -194.172 2.139
-128.452 -77.484 3.005 2.041
157.530 60.383 -140.573 2.237
-89.578 49.701 181.199 2.145
45.028 90.668 -3.083 1.850
92.054 -147.440 22.203 1.763
129.945 -34.736 179.438 2.089
137.711 166.495 154.891 1.970
187.195 33.233 152.181 1.924
-140.085 35.877 -126.749 1.973
182.793 -69.848 118.439 2.045
-132.211 46.560 175.141 1.864
-34.817 -156.393 -29.582 2.138
-81.504 87.042 -196.284 1.994
139.520 57.119 59.128 2.014
80.842 41.091 -155.503 1.953
10.301 185.322 -140.153 2.002
-58.820 137.306 -171.941 1.928
70.737 167.060 62.632 2.016
-158.100 120.406 -25.327 2.110
-174.279 -66.324 -177.261 1.957
-21.635 115.853 99.106 1.859
-162.836 169.447 98.502 2.031
140.816 -84.102 72.810 2.066
206.633 -80.789 -51.444 2.016
105.364 77.987 -103.571 2.187
137.040 -49.253 -99.166 2.090
187.811 -148.884 -159.014 2.152
112.905 151.977 -178.534 2.070
-103.536 -32.496 -53.124 1.829
203.852 44.032 19.003 1.815
72.032 -18.704 23.922 1.892
-33.288 -111.912 186.898 1.808
-221.577 30.162 99.411 1.990
-188.261 130.701 -39.692 2.091
144.130 -123.169 7.190 1.937
-80.967 119.923 28.482 2.045
68.477 25.399 -104.702 1.997
78.839 25.544 31.694 2.096
-182.547 -102.833 132.647 1.930
132.372 4.211 150.130 1.983
-29.952 157.151 182.160 2.083
40.484 -158.092 143.103 1.934
182.536 50.187 139.787 2.136
-60.710 -7.116 38.692 1.718
203.591 70.499 148.914 1.877
136.203 149.691 -124.120 2.011
-112.242 69.824 -3.532 2.087
18.127 159.512 187.330 2.201
-211.424 113.212 -122.242 1.924
39.997 -134.975 45.605 2.018
-168.182 -183.321 107.599 2.125
-139.164 182.555 17.681 2.064
-27.073 38.060 97.954 2.011
-140.491 -19.596 -183.925 1.815
-20.554 -132.412 -171.691 2.061
-158.188 141.880 162.294 2.138
11.185 -65.719 133.549 2.156
33.983 107.939 -110.639 2.128
-208.977 -144.128 -96.135 1.875
173.211 47.598 -109.132 1.979
-121.642 -134.040 104.697 2.030
201.391 -124.775 -151.899 1.979
53.938 -116.239 -190.927 2.129
-137.869 -38.995 -171.702 2.044
72.676 -24.022 31.245 1.919
-40.600 129.086 53.289 1.921
-178.377 54.281 -42.783 2.140
132.997 -43.902 -199.263 1.831
66.337 80.962 -174.908 1.918
-222.014 -147.325 162.962 1.932
-162.587 -127.036 -12.765 1.895
31.271 41.855 140.531 1.958
188.133 -142.489 -110.663 2.016
41.337 167.269 27.715 1.891
61.992 -106.542 106.124 1.912
109.536 -14.999 21.688 2.015
15.030 125.095 -42.714 1.896
197.783 63.671 41.628 1.934
51.984 -150.442 31.705 2.017
-163.615 90.111 -68.774 2.063
47.840 44.901 151.264 1.862
-173.218 -17.286 -130.755 2.117
177.076 63.253 -133.089 1.915
-21.456 47.788 187.520 2.054
-224.523 54.149 -165.177 1.857
-74.315 -25.032 -187.077 1.962
156.804 -32.590 -57.994 1.935
142.449 -147.809 21.794 1.978
-174.153 95.892 44.373 2.036
-74.660 -39.752 51.783 1.885
223.563 43.609 62.087 2.016
-64.142 161.208 -187.769 1.943
69.425 -78.783 -152.944 1.999
44.951 44.414 21.212 1.950
169.611 -179.341 160.519 1.978
40.011 32.585 -10.948 2.084
-22.602 -159.355 194.901 2.076
-9.220 169.846 -162.918 1.946
142.745 165.478 111.461 1.942
-17.575 -40.795 -38.277 1.982
-192.080 -116.545 76.396 1.982
115.350 -24.912 45.859 2.030
-213.184 126.750 116.911 2.056
130.938 146.397 32.946 1.940
-131.318 -10.229 -83.355 2.031
3.857 1.066 179.054 2.136
-45.952 -130.843 159.393 2.092
99.563 -45.857 -16.271 2.129
-148.670 -41.901 -55.163 1.949
-49.967 -151.868 -134.727 1.952
4.283 -56.190 49.684 2.113
-111.975 172.889 -85.948 1.848
220.144 -159.710 148.712 1.896
52.023 -28.254 47.740 1.918
80.482 63.549 141.841 1.856
146.767 -155.587 -43.671 1.931
-156.582 -140.027 -158.467 2.008
-108.080 -160.571 180.933 2.136
-4.953 168.506 137.395 2.007
11.000 76.218 156.345 2.140
-73.772 10.143 110.613 1.897
33.129 -126.811 -92.864 1.936
131.847 131.207 -113.151 1.890
108.272 -136.035 -131.918 1.907
223.548 -117.330 67.602 1.935
10.972 82.939 107.216 2.025
-130.534 78.303 111.746 2.005
150.079 -59.134 -171.340 1.993
162.486 -96.118 92.792 1.866
-8.172 29.028 -9.358 1.910
-79.255 19.776 -193.364 2.045
222.674 76.351 -124.554 2.048
-173.265 65.825 -105.237 1.929
-220.626 61.579 -53.660 2.047
59.274 42.624 -101.383 2.063
-148.394 -64.165 53.518 1.968
131.209 -167.439 -102.897 1.950
-56.905 -101.311 -35.638 2.136
-36.648 -68.787 110.000 2.019
42.096 -99.269 98.131 1.993
67.733 36.026 -73.460 1.992
-173.338 -180.932 152.234 2.090
-181.856 168.163 116.632 2.076
85.567 89.954 -22.422 1.895
-221.956 65.504 -2.022 1.898
224.423 162.872 -146.841 1.919
-174.697 -172.750 22.088 1.766
135.259 -45.171 -112.160 2.072
43.581 -172.673 39.288 1.820
13.883 -94.394 157.776 1.971
29.417 -140.369 -91.579 2.068
-207.676 -182.608 -111.825 2.025
72.566 -173.870 -67.159 1.855
-115.474 95.221 -170.197 1.848
-20.396 156.493 51.780 1.824
-149.394 92.579 155.327 2.019
-1.617 74.728 -35.523 1.978
74.360 23.819 -122.536 1.905
-182.963 82.091 -67.084 2.027
-68.805 52.826 -128.432 1.989
1.308 105.956 -135.143 1.811
222.043 169.218 -29.522 1.796
-151.993 118.354 -172.842 1.953
200.047 -143.510 -17.813 2.050
-73.090 -165.762 -54.919 2.045
106.532 0.592 146.614 2.175
-103.472 46.123 -115.331 2.071
-150.512 -88.656 -70.294 2.146
-15.015 -177.501 87.811 1.998
-6.096 -36.843 38.059 1.936
-159.552 -130.671 86.293 2.288
80.102 -150.940 -158.066 1.969
-126.682 0.175 -66.535 2.036
-33.441 -84.803 -81.105 2.172
156.200 91.169 162.692 1.886
35.459 181.774 -83.812 2.041
77.807 122.249 -29.025 2.007
-197.259 -108.926 85.084 1.943
89.643 -156.430 -2.729 1.931
26.024 96.213 39.569 2.103
76.253 -35.068 17.839 2.080
-85.480 93.837 -147.000 1.924
-186.658 -41.175 146.673 1.884
-105.203 -57.808 -104.305 1.907
28.887 -167.600 150.937 2.032
-78.930 -135.236 107.479 1.942
50.952 134.381 104.917 1.984
219.899 89.578 -152.632 1.978
18.666 -130.601 23.661 2.023
-20.028 -182.762 4.113 2.160
-180.245 7.452 -56.946 2.009
-189.498 -8.131 127.456 1.960
-210.716 -85.069 -113.354 2.046
-82.676 -71.632 -179.785 1.949
82.877 61.620 14.853 2.159
-138.234 -20.207 -131.077 1.876
-85.764 -58.495 -113.115 2.106
6.460 -30.223 -68.701 1.977
-137.022 -178.980 8.611 1.727
51.592 47.426 174.152 2.023
-20.078 171.437 -147.189 2.058
-205.993 105.068 -22.426 2.053
-200.117 41.823 -194.916 1.900
94.460 -36.769 138.365 1.924
-93.289 176.038 13.559 1.895
170.306 -180.563 -179.026 2.061
-81.445 -83.223 -110.827 1.936
-208.673 -119.548 -106.176 2.000
-217.868 -136.623 -109.353 2.249
-76.433 -98.871 -152.525 2.011
-147.961 -87.712 79.450 2.146
200.434 -94.614 -38.667 2.169
-144.257 92.734 -88.453 2.100
-128.275 15.471 62.079 2.116
-38.538 -42.398 -38.202 1.918
27.965 136.226 89.791 1.982
-169.598 123.019 -104.685 1.925
199.585 185.042 156.013 1.972
-187.930 -138.917 -194.927 2.184
212.255 -122.552 -128.829 2.019
-125.158 -83.120 -68.527 2.037
-155.393 -66.085 156.330 1.880
-67.438 33.499 -157.417 2.052
-10.478 -33.975 -11.858 2.057
-70.065 -129.235 69.272 2.065
-61.110 54.563 -67.396 2.019
153.471 103.399 -186.133 2.071
144.250 186.223 -182.874 1.992
216.621 20.067 -127.993 2.077
-11.466 -79.186 -36.059 2.028
133.231 -14.052 117.035 2.026
-113.009 -112.005 90.262 1.902
94.256 -71.663 9.401 2.059
13.675 18.351 147.226 2.037
110.742 -129.914 52.334 1.940
51.527 189.927 -15.174 2.050
137.804 -11.996 -59.725 1.916
-58.381 -62.192 164.191 2.115
80.376 138.401 155.225 2.040
37.789 1.154 -40.373 1.948
-53.258 -129.527 -78.049 1.967
-194.198 131.597 -85.833 1.965
-150.440 -176.368 -143.708 1.952
188.476 -181.350 -14.875 2.038
182.677 2.437 -112.010 1.924
-60.749 179.681 89.527 1.852
8.878 7.903 187.813 1.875
163.441 -71.704 146.209 1.976
124.068 103.225 154.609 2.137
140.550 -47.918 137.460 2.092
33.440 -75.830 -121.382 2.020
109.299 -31.293 -196.176 2.020
-153.225 150.678 180.860 1.980
21.854 -35.844 -17.633 1.992
10.840 -64.743 -85.845 1.870
-133.195 -27.043 134.762 1.953
208.917 -100.295 -41.787 2.164
-175.391 10.023 158.018 2.142
19.422 68.602 -150.875 2.068
160.966 -79.047 138.641 1.997
189.760 -133.130 -176.301 1.911
-26.915 -38.763 2.609 1.973
135.772 -51.625 -102.169 2.049
-33.983 -106.180 85.003 2.066
187.270 172.896 -111.368 1.878
-198.238 99.539 -173.010 2.132
-134.289 -169.298 109.770 1.845
105.584 -8.884 159.141 2.064
63.297 60.917 125.899 2.058
85.001 160.005 116.988 1.957
-219.451 100.856 -147.712 2.053
93.800 -60.474 -116.584 2.000
-102.774 -114.479 65.324 1.956
-83.386 -16.699 -125.155 2.030
76.982 -168.350 105.943 2.032
16.528 -173.408 103.508 2.021
75.838 -170.385 -11.274 2.021
-217.064 -52.057 -168.812 1.975
-213.560 -146.485 -188.605 1.915
-132.756 169.572 -3.211 1.878
55.963 105.642 157.761 1.932
106.100 -111.702 -148.119 1.992
52.939 -1.701 -131.209 1.926
24.991 -134.922 121.763 2.069
-150.694 13.956 31.865 1.958
-188.764 37.433 199.487 1.873
189.074 -72.623 -170.455 2.065
-171.273 187.095 199.619 2.136
-64.216 138.879 62.555 2.128
-131.749 157.378 62.153 1.865
69.279 -58.251 -60.321 1.946
166.668 133.477 104.673 1.793
199.703 162.299 107.122 2.187
188.742 -19.569 163.614 2.036
-63.703 41.765 -23.167 1.999
-206.830 159.413 93.811 2.028
92.880 105.252 -39.425 2.058
63.550 60.656 155.514 1.877
-64.483 -148.586 -125.940 2.090
185.828 -146.584 -44.909 1.964
-141.725 -173.776 -159.188 1.871
-87.817 -144.314 59.963 2.030
9.166 -26.470 135.925 2.041
-95.638 -172.099 -19.490 1.838
-28.634 181.343 195.217 1.917
187.500 2.265 44.252 2.029
103.006 -44.797 152.950 2.236
-153.048 116.575 -66.198 2.125
-178.245 118.715 144.429 2.103
-185.909 -11.925 -185.870 1.870
31.005 -117.993 -52.651 2.129
74.408 117.104 -56.850 2.015
217.028 106.661 -158.677 2.042
-30.755 -136.235 -19.473 2.033
127.497 152.511 -27.544 2.044
-189.387 -19.861 -14.609 2.049
-125.272 -78.162 28.458 2.043
175.906 18.425 90.682 2.045
-4.452 36.080 -198.017 1.966
-141.440 151.877 -196.183 2.173
-184.323 -139.472 -182.702 2.011
1.837 13.145 -57.152 1.935
81.034 76.825 -64.501 2.129
24.021 179.224 -117.035 2.018
-95.331 -141.351 -152.391 2.070
-152.487 -2.853 73.928 2.063
-211.398 61.926 -174.161 2.130
24.998 30.155 179.162 1.949
183.218 -187.061 143.384 1.945
40.346 58.389 148.113 1.978
-144.454 21.691 -90.079 1.801
151.916 39.958 63.807 1.932
-184.327 -157.613 55.668 2.071
-204.071 -82.905 -87.356 1.931
-121.188 156.116 -181.216 1.778
31.130 -49.588 -147.755 1.875
176.342 -157.157 7.253 2.032
-100.176 110.742 65.603 2.100
-104.184 -22.197 118.271 1.916
-125.897 -39.013 -18.844 2.003
14.692 -128.773 20.205 1.874
3.374 92.301 -77.013 1.932
-132.947 -142.643 37.053 2.148
-181.540 15.999 -164.891 2.030
61.820 130.756 -14.598 2.039
148.760 -33.117 51.823 1.901
-163.395 -137.609 23.385 1.916
-139.031 -159.858 -37.261 2.111
-170.235 125.422 -162.056 1.876
182.785 -21.499 -123.259 1.859
-163.627 -150.956 189.967 2.147
-50.330 -113.455 150.185 1.949
14.712 112.414 95.056 2.009
117.121 -47.270 -98.515 1.935
-7.645 -187.221 126.717 2.046
-114.755 21.936 -24.388 2.012
87.712 -68.523 184.825 2.068
202.629 -25.220 9.376 2.062
-58.628 -131.416 170.138 1.959
-120.160 41.150 103.838 2.122
-42.406 101.336 -111.433 2.059
-0.061 -124.438 164.994 2.109
218.684 104.082 169.152 1.845
-141.024 82.164 -73.708 2.191
179.388 -95.119 -22.232 2.076
145.824 137.370 194.752 1.898
-161.365 -15.213 38.964 1.929
223.868 32.612 -41.740 1.837
198.981 34.005 16.636 1.930
209.319 188.228 -78.335 2.009
78.484 189.534 -146.732 2.012
63.228 125.884 174.933 1.964
187.944 -148.908 155.784 1.984
-74.559 -94.335 -76.072 2.005
-205.191 77.793 -97.454 1.857
44.409 -67.320 30.428 2.050
12.786 -62.950 -55.494 1.938
134.055 181.423 -9.873 1.925
188.931 143.378 -133.944 1.983
142.450 87.327 -67.390 1.967
-174.991 -53.147 110.544 1.933
13.492 50.358 -58.662 1.984
-59.595 -38.814 176.387 2.055
-146.904 86.928 43.560 1.933
-155.270 -21.218 -53.292 2.078
-145.269 49.209 -41.493 2.026
-207.500 -145.742 188.299 1.939
188.386 127.059 -2.986 2.052
75.659 -106.745 -175.048 2.062
-173.494 -87.476 -180.817 1.964
39.540 106.009 -79.369 1.824
113.900 114.343 128.515 2.159
32.325 174.783 -65.812 2.037
-214.683 80.185 -11.582 1.878
-175.693 -67.905 -157.615 1.867
184.668 32.395 198.990 1.971
-64.385 151.241 -173.484 2.192
-100.375 73.915 18.241 1.862
-81.292 109.705 -190.714 2.068
96.706 95.734 -17.739 2.108
-14.388 64.619 184.706 1.988
-116.012 -144.995 -189.374 1.968
-176.502 159.031 -165.869 2.074
-5.287 -116.006 -155.326 1.818
-82.803 -187.989 -127.918 1.936
-20.115 118.097 -108.318 2.121
-4.033 81.464 149.879 2.072
103.879 63.927 138.066 1.943
-2.478 -74.520 45.501 2.123
96.602 111.804 -19.518 1.871
149.766 125.154 -77.123 2.240
-109.811 131.407 188.371 1.977
198.096 -189.732 80.546 2.200
20.256 126.643 -149.077 1.738
216.988 -70.359 0.802 2.144
45.709 -108.201 -168.743 1.903
-67.063 25.104 190.875 2.134
178.676 159.543 -99.762 1.971
-23.343 66.250 -81.467 1.850
-206.629 -77.160 161.696 2.029
169.087 144.532 -125.646 2.209
206.877 160.417 -4.493 2.098
-162.073 -29.976 185.531 1.919
-178.419 100.183 108.471 2.003
41.766 1.239 -97.505 1.950
-98.363 88.124 -76.356 2.041
-151.095 -156.084 195.827 1.905
-11.399 90.597 133.861 2.137
207.471 34.868 126.163 2.081
-75.027 75.193 -104.732 1.882
136.430 141.075 -98.410 2.003
87.446 -189.188 192.338 2.085
-36.655 -23.318 -185.682 1.883
-173.403 189.988 172.266 1.893
178.891 -132.155 -179.016 2.081
214.622 -49.928 71.512 1.944
76.859 54.242 33.626 1.966
205.330 -115.947 70.370 1.925
-69.083 -188.819 -173.376 1.976
104.930 -43.665 121.647 1.975
-147.306 66.923 -53.718 2.010
92.028 -69.326 18.246 2.170
-194.575 78.786 12.885 1.782
-59.506 77.561 -188.599 1.885
-217.233 -56.911 83.922 2.068
62.099 -47.330 -163.458 2.032
-67.121 -149.220 -151.072 2.222
179.441 104.982 -17.085 2.079
-192.642 36.330 -189.399 2.051
-222.357 -55.171 -156.118 1.883
183.380 14.786 -51.788 1.873
204.206 27.410 21.884 1.967
-29.902 -90.650 40.098 2.037
-58.180 130.082 155.442 1.989
-184.039 -81.104 -63.749 1.969
124.612 -43.832 -128.058 1.947
-143.566 93.612 -50.460 2.031
27.172 -22.364 0.459 2.023
-74.695 -175.081 -29.671 1.801
-95.255 -95.407 103.101 2.060
178.672 77.964 -125.392 1.909
-8.152 -48.064 -121.313 2.057
114.792 -45.261 -187.968 1.967
43.240 70.497 134.563 2.063
-221.154 132.228 103.233 2.069
173.742 -95.276 122.609 2.026
-38.299 -66.103 130.583 1.975
101.322 -104.225 182.040 1.934
-65.017 -170.560 -0.031 1.921
51.563 -158.622 79.939 2.066
195.944 137.492 -44.044 1.997
89.871 170.766 113.009 2.141
146.625 0.958 63.016 1.982
172.052 -96.437 -115.281 1.885
196.205 49.287 186.944 1.956
179.121 -66.982 -70.920 2.063
208.038 -129.115 109.153 1.897
-56.712 175.658 69.384 1.926
-55.582 66.058 21.440 2.066
-183.298 -15.625 80.251 2.139
