-177.437 130.685 -27.081 2.143
114.008 -168.147 96.909 2.073
-25.669 -115.269 -164.575 2.123
-189.986 -39.934 -105.411 1.791
-59.158 165.138 -73.054 1.904
-142.689 -105.776 132.992 2.004
178.711 44.287 150.253 1.944
-224.921 -103.927 -3.552 1.918
169.703 125.077 96.083 2.026
190.896 29.868 -22.745 2.165
-39.119 -0.894 -196.769 1.994
-121.479 160.671 145.730 2.003
35.267 -139.788 -80.797 1.980
194.480 73.425 -161.324 1.940
-135.801 -55.985 69.659 2.039
217.529 175.792 175.816 1.936
-3.352 65.315 173.668 1.930
16.712 65.839 64.341 1.847
122.631 113.512 70.119 1.955
171.164 34.913 -40.146 2.048
9.485 77.348 139.099 2.203
-139.060 -164.401 142.326 1.978
-44.753 -165.612 39.355 2.074
-69.151 100.241 -198.433 2.244
-8.301 -82.749 -26.852 1.944
125.709 35.073 86.472 1.881
37.299 164.924 90.731 2.046
173.467 25.825 -93.393 1.957
196.197 106.844 113.954 2.033
-90.881 -56.652 35.405 1.970
-140.852 41.969 -38.842 2.022
-174.349 46.265 183.382 1.866
-71.961 100.389 -28.858 1.998
-48.432 -146.798 -77.811 1.978
-34.445 -117.274 -74.322 2.187
-176.461 -111.554 115.045 1.801
136.398 -63.313 177.768 2.091
23.451 9.338 -2.710 1.932
140.925 5.686 123.039 1.934
116.551 -139.508 169.548 1.900
159.242 -21.144 169.910 2.048
131.023 134.893 -47.314 2.209
26.231 166.514 -160.276 1.942
82.709 -124.952 175.860 1.978
-165.620 117.481 -126.682 2.044
200.234 32.345 -5.081 2.094
-73.763 -119.397 149.073 2.047
-127.304 181.038 184.461 2.074
111.821 -185.834 -67.371 1.982
-39.986 -26.856 89.313 1.890
-138.588 -33.456 158.656 1.988
148.729 -72.426 -28.167 1.873
145.700 85.018 42.121 2.013
65.647 -143.611 -58.207 2.072
-170.023 -63.475 -169.420 2.050
-190.025 115.925 -176.291 1.954
-115.420 139.147 -126.418 2.140
-177.655 53.256 127.047 2.019
-14.465 31.505 109.750 2.131
102.259 -102.870 -119.320 2.127
-163.455 -28.469 -59.405 1.874
175.241 161.470 -155.686 1.898
33.851 -185.675 36.887 2.018
198.864 78.850 162.694 1.932
-179.408 -170.038 -62.983 1.903
140.249 -9.861 59.726 2.043
-147.447 -145.319 -105.332 1.977
-124.525 86.151 147.591 1.932
72.124 -120.303 113.247 1.931
162.763 -47.102 -193.121 2.002
9.890 -55.263 -155.949 1.953
156.417 28.565 -142.851 2.166
30.737 -97.857 114.303 2.094
-30.837 73.861 13.106 2.026
195.446 178.786 -136.955 1.825
1.769 -45.530 -100.798 2.207
-222.220 91.652 -79.042 2.248
-175.784 -47.554 98.309 1.990
-105.894 104.414 -158.760 1.928
-223.440 -189.097 82.860 2.085
-88.285 -103.860 -94.444 1.971
-94.114 168.960 73.597 1.986
143.808 83.095 -83.313 1.939
39.918 161.368 166.520 2.034
9.767 -129.388 28.327 1.802
-117.277 147.704 -61.086 2.093
-212.936 137.115 -195.013 1.931
-89.027 171.223 147.936 2.038
74.337 18.310 174.553 1.881
121.063 -124.996 -9.651 2.008
-218.058 129.636 169.756 1.948
-22.882 23.737 6.513 1.993
-55.762 -85.535 160.823 1.955
54.265 84.412 -33.499 1.910
-114.989 164.550 -75.778 2.071
-71.229 -187.598 120.642 1.842
-209.483 124.992 184.422 2.081
159.774 -166.233 76.103 1.995
-14.972 40.879 12.250 2.009
-70.549 -132.707 104.713 2.226
176.710 -141.876 65.600 2.136
-63.634 168.063 197.783 2.014
217.381 94.182 195.308 1.867
-98.114 44.573 47.707 2.237
-216.916 52.202 152.042 1.970
39.969 -31.013 99.002 1.957
79.112 -170.534 37.131 1.967
182.695 41.895 173.451 2.020
117.628 95.620 42.267 1.957
-175.180 -77.929 -88.384 2.080
-175.256 -100.280 -79.262 2.056
70.291 -136.479 -74.912 1.943
179.214 -73.116 4.347 2.250
-171.533 -33.198 -104.820 2.035
-122.839 -33.340 89.033 2.026
-35.678 -98.143 -152.176 2.063
112.366 -113.863 -182.288 1.779
-45.453 -106.351 148.071 2.098
-159.608 -110.283 -35.230 1.875
-84.302 -28.444 -161.772 1.845
-151.892 51.867 -176.223 2.008
-176.709 -152.852 -57.804 2.039
-146.826 102.849 173.765 2.152
208.602 141.008 -162.506 2.121
126.887 158.859 192.078 1.873
203.483 -17.134 -133.729 1.856
-51.172 -182.977 171.196 1.871
176.837 9.997 102.060 1.990
-206.078 -172.162 46.149 1.968
-187.060 0.530 42.095 1.965
-168.753 -146.219 -184.020 1.838
125.601 -148.771 0.210 2.012
2.373 10.890 -49.111 2.027
102.031 -89.547 -31.530 1.937
-211.771 59.010 109.353 2.022
-15.164 -72.284 -152.154 1.990
-41.295 87.964 119.199 2.041
203.256 -17.858 -15.628 2.072
155.176 -82.766 157.210 2.152
170.433 88.122 16.454 1.962
91.897 -79.023 29.488 1.957
104.217 -150.263 -14.342 2.139
-165.041 -112.087 71.058 1.906
-145.010 -75.647 196.916 2.063
125.138 9.317 -185.042 1.715
54.171 97.405 -27.793 2.237
181.880 -49.022 25.423 1.817
-50.094 -164.459 26.729 2.016
-64.291 -35.133 102.008 1.877
163.572 34.754 80.329 2.040
-79.647 -118.131 173.470 2.052
-20.505 150.279 189.268 2.071
96.822 -187.520 -40.654 2.161
211.081 -93.923 177.660 1.933
-163.548 -43.072 158.656 2.080
-195.598 -131.337 180.327 1.989
-70.020 90.536 -71.839 2.211
199.438 -154.014 91.093 2.018
-166.436 -105.415 -43.713 2.039
-124.673 -132.122 92.998 2.085
-215.194 111.882 -66.721 2.257
-62.919 -16.681 -139.901 2.174
121.337 114.607 168.934 2.012
-199.362 127.854 149.629 2.034
-188.345 30.727 -116.192 2.049
-5.468 -174.783 100.248 1.961
59.098 181.092 -107.514 1.948
115.275 12.941 -195.948 2.085
211.050 -142.546 -136.488 1.928
-163.285 -68.974 -157.846 2.129
195.384 -145.428 -59.253 1.968
-45.727 -18.531 -89.875 2.113
-112.632 -157.425 -197.587 1.923
200.567 147.012 50.412 2.044
-13.314 105.941 77.650 1.870
120.015 -144.998 -39.084 2.110
77.959 -60.138 130.323 1.964
-73.245 -47.984 71.231 2.033
218.692 -46.021 -190.346 1.897
-120.636 -121.383 44.582 2.018
68.826 153.151 -29.678 1.739
-92.578 -72.539 4.239 1.817
-123.710 166.752 -191.047 2.051
91.277 -103.736 -129.215 2.076
-90.968 133.058 -46.616 1.930
-49.737 66.321 -147.925 1.887
197.930 -187.651 40.652 1.900
-154.033 -148.105 -25.067 2.150
-151.641 39.057 95.804 1.913
-129.353 83.529 -48.697 1.957
109.638 -51.888 -30.975 1.983
-50.640 -135.346 127.427 1.924
95.280 -62.704 149.466 2.026
46.841 90.151 4.117 1.863
202.823 138.035 -154.766 1.966
-70.491 100.600 116.142 1.916
189.944 -145.911 -167.772 2.093
-40.324 -73.400 -108.251 2.096
-140.933 -188.262 46.279 1.873
-99.058 155.297 -184.328 2.014
77.400 -19.239 -157.073 2.082
178.022 128.457 -90.906 2.063
-63.793 41.134 9.610 2.125
119.237 -98.911 -35.655 2.089
-79.959 -49.804 26.455 2.000
-137.632 -89.291 58.863 1.980
117.568 4.978 -57.202 2.020
136.018 15.842 -118.397 2.041
77.547 163.955 125.135 2.009
-92.242 -17.058 -35.980 2.054
-54.409 -121.455 -38.576 2.011
7.122 -11.694 6.945 1.827
-186.913 110.817 62.853 2.067
76.365 84.893 -75.848 2.027
177.085 -35.401 156.963 1.983
150.132 101.877 -81.102 2.091
49.778 -99.912 5.285 1.872
223.620 165.418 33.683 1.867
-212.574 -181.103 1.305 2.095
-164.252 -165.157 135.012 1.994
-4.527 -76.250 -68.439 1.898
218.817 60.496 42.802 1.917
50.736 84.406 23.759 1.960
-23.776 178.413 47.873 2.001
-214.712 73.747 -180.993 1.966
3.520 189.684 -135.925 1.987
43.127 128.058 -113.221 1.899
-201.044 165.722 -116.043 1.816
-104.295 -180.098 -93.506 2.045
-36.429 35.024 185.867 1.898
16.938 -172.793 83.815 2.178
-72.573 -148.727 -145.611 1.861
-202.397 183.360 107.432 1.974
200.960 83.000 178.050 2.127
-97.804 113.125 -129.136 1.871
219.476 -147.317 -141.170 2.034
223.495 120.935 -76.081 1.987
-170.500 -167.575 -85.605 2.023
164.801 -50.788 -75.927 2.065
-72.691 54.084 -165.287 2.052
93.249 186.499 60.269 2.235
172.147 -130.235 -111.479 1.939
215.312 -134.245 -179.636 1.990
-129.910 6.830 -199.852 2.144
-99.704 -113.204 -193.985 1.947
154.498 -104.992 -126.160 2.017
-162.641 -183.115 -115.329 1.842
44.765 71.030 132.136 2.144
-186.965 45.205 52.761 2.103
24.966 -61.418 -83.769 2.048
-189.955 145.510 -137.699 2.211
125.233 5.280 75.907 2.057
-3.017 -85.894 -184.899 1.942
82.638 101.532 126.360 2.138
-66.794 35.615 -191.903 2.007
55.303 51.475 185.714 2.081
-183.358 40.349 -88.480 2.004
-74.428 61.600 81.824 2.044
100.654 187.421 176.764 1.833
48.547 169.705 56.129 1.890
-213.658 -20.613 157.484 1.985
-99.334 153.407 -164.090 2.045
40.016 -167.199 -175.957 1.982
73.837 -16.224 -42.576 2.052
-21.281 53.482 -1.129 2.074
-55.109 52.447 83.902 2.238
-178.049 -35.986 128.449 2.133
211.153 -102.399 130.097 2.070
155.924 11.122 -154.642 1.823
204.801 -90.868 22.930 1.899
23.859 -98.276 160.516 2.068
-36.530 -145.329 -128.296 1.973
-87.890 -119.604 92.293 2.123
93.685 3.779 -167.292 1.927
97.715 63.164 -62.289 1.934
198.263 60.801 26.708 2.241
-151.027 37.192 100.836 2.057
103.628 9.354 -34.861 2.073
-132.041 78.122 199.512 2.039
-119.932 -47.557 -91.958 1.969
-138.707 102.357 -70.373 2.061
-195.782 -46.128 175.231 1.967
-126.360 -55.612 -73.927 2.016
193.333 123.861 176.494 1.918
-160.940 -39.865 -71.524 2.135
-198.407 -30.493 56.940 1.917
-212.564 -80.679 -148.941 2.011
-139.588 -137.646 -196.235 1.880
138.948 -28.013 17.640 2.102
-208.189 -163.060 151.212 1.991
-42.953 184.650 -32.011 2.056
222.685 35.635 -25.234 2.024
-203.381 -26.054 73.617 2.146
128.834 137.815 74.855 1.959
67.044 -170.295 36.343 2.077
-61.459 -18.493 -114.108 2.169
-0.811 -96.838 14.287 1.930
169.252 -6.624 -51.595 2.025
125.995 80.156 -173.169 1.885
-85.807 -99.476 36.360 1.792
65.339 -74.894 120.116 2.018
-102.877 -79.122 21.629 2.110
-162.786 150.279 -183.290 1.993
104.658 100.195 -149.078 1.734
71.850 142.332 -183.207 2.075
-0.772 -151.824 5.503 2.062
-125.148 -126.401 -54.293 1.902
121.846 155.358 114.939 2.052
-177.679 -18.970 124.623 2.011
155.061 97.611 173.422 1.878
117.707 108.014 -53.864 1.902
-95.635 112.548 138.086 1.940
194.262 -83.730 -14.212 1.950
59.499 183.001 -135.418 2.013
-169.599 92.144 170.364 2.126
-119.077 -30.761 -190.757 1.872
-87.907 43.731 -155.133 1.929
-91.643 71.936 19.988 2.167
-177.756 -28.630 45.482 1.984
-124.912 88.351 114.397 2.218
-27.356 159.775 -148.280 1.938
-44.752 -15.956 10.943 1.986
73.437 -121.392 -172.064 2.237
145.959 105.834 -132.599 1.936
-26.289 176.534 34.648 1.966
-4.448 93.870 -175.229 2.025
155.777 -29.493 -1.652 2.030
-209.071 -100.615 130.748 2.226
-98.773 -179.574 -130.003 2.172
-152.876 -2.087 -57.016 2.090
113.068 -46.164 -182.820 2.205
-142.256 -35.532 -1.845 2.010
-134.480 -160.949 165.117 2.220
-140.080 35.507 100.975 1.968
-112.357 -36.232 -114.649 2.067
-59.564 -108.753 50.088 1.985
101.726 6.764 89.157 2.021
-59.929 79.452 -16.439 2.062
-59.837 100.560 -90.365 2.144
143.246 111.851 -142.560 1.969
-28.833 -119.163 199.020 1.963
-177.728 153.493 68.481 1.958
-41.727 -115.267 -30.248 2.026
191.081 -73.045 -55.865 1.912
202.590 -125.731 17.915 1.929
27.928 48.799 197.964 1.949
-73.378 22.106 -144.656 2.087
-212.074 134.002 -2.665 1.980
218.278 186.990 194.214 1.818
-182.253 -68.059 77.423 2.216
161.964 -157.184 -18.334 1.960
97.437 52.406 160.457 1.940
-214.079 -63.746 -153.951 2.091
11.696 116.571 124.945 1.960
-126.029 136.694 12.815 2.065
37.047 -107.182 -44.845 1.919
167.796 -120.390 -155.484 1.905
95.677 53.625 93.149 1.914
-51.843 164.201 -17.752 1.917
69.660 188.058 -61.690 2.030
207.539 -187.881 63.865 1.861
-138.816 -67.334 -31.606 2.113
-61.091 -20.792 -130.599 1.945
-194.509 158.861 -44.899 1.782
45.920 188.961 -134.038 1.941
-118.032 107.995 -174.525 2.027
210.539 177.401 145.167 1.958
-135.845 -166.787 27.870 1.936
-122.010 -35.724 -10.943 2.186
-218.367 169.255 40.205 1.881
19.459 -51.978 113.427 1.990
-16.042 -36.991 -186.692 2.115
-134.381 108.655 62.170 2.000
224.674 16.592 40.679 2.065
-56.339 58.241 -56.814 1.966
-24.407 131.720 57.185 2.097
-179.226 -88.421 -156.262 2.112
82.185 -142.312 -47.165 1.991
26.907 -164.667 164.374 2.081
-171.120 -74.284 166.289 1.971
68.756 117.545 197.730 2.021
-55.386 126.055 -22.867 1.931
-58.409 -39.653 171.113 1.935
-20.772 -82.661 -55.997 1.805
-38.480 -183.504 -96.085 2.128
-68.629 177.424 -117.015 2.100
-79.480 25.962 -135.546 1.868
-38.246 -183.225 -47.142 2.072
112.191 65.485 96.233 1.982
-219.126 71.219 -95.180 2.055
-154.293 -145.420 28.986 1.859
169.186 165.773 -152.879 2.052
-199.638 145.171 -21.219 2.075
47.368 72.516 -118.786 2.180
127.939 -82.400 -32.045 2.027
-5.756 96.772 -94.180 1.892
-222.363 92.038 113.176 1.851
25.942 -123.690 -197.329 2.016
126.341 154.061 28.547 1.983
141.649 -36.232 -194.869 1.918
-23.902 -51.386 -153.063 1.895
44.535 172.582 -155.628 1.805
-121.306 -88.107 -83.388 1.977
82.268 -72.009 -67.673 1.919
-217.370 -187.994 163.430 1.997
9.745 -54.513 -12.879 2.232
180.306 -170.368 -98.396 1.961
98.153 75.108 -137.709 2.171
6.807 -3.464 74.442 1.832
27.217 167.724 -13.181 1.945
-81.051 100.862 143.276 1.848
-114.259 35.055 -55.914 1.858
102.076 170.114 -107.987 2.126
-169.960 -144.955 49.449 1.964
-26.711 -35.402 74.174 2.148
-89.123 150.660 -6.948 2.073
155.949 -45.815 154.782 2.016
-97.333 0.075 -49.181 2.077
-125.931 -184.932 138.371 1.924
2.806 -81.661 -194.381 2.004
64.850 180.275 -120.469 1.983
-80.155 105.755 173.895 1.758
-205.744 77.254 -126.418 2.215
-12.051 -25.470 104.434 2.125
-172.041 158.585 -78.746 2.087
-61.847 -69.352 77.692 1.889
18.201 110.573 -110.662 1.840
23.318 -147.526 -82.160 2.152
-204.326 147.481 16.713 2.136
-129.886 -182.567 -196.763 1.971
44.508 88.681 -6.288 2.088
-12.420 -49.646 -171.164 2.029
-188.407 167.834 118.059 1.934
130.357 7.613 74.624 1.930
-49.129 103.538 -69.648 1.921
211.916 -93.974 -145.819 2.051
-218.539 112.816 -83.913 1.856
-221.989 -72.141 -34.591 2.002
85.770 185.901 79.072 2.194
-193.615 172.670 -164.274 2.077
-132.635 -66.475 77.372 1.926
-201.501 149.819 118.382 1.860
96.095 8.816 85.418 2.025
111.210 -69.557 -18.222 1.824
183.477 146.217 -133.072 1.991
31.834 -37.089 179.010 2.045
161.398 -13.617 141.435 1.964
-55.726 -165.125 -40.593 2.239
218.508 -148.675 -73.805 1.957
-72.852 108.145 -187.534 2.222
-26.946 0.443 -39.595 1.901
223.002 87.726 -26.822 1.918
87.753 71.648 151.794 1.920
220.115 -112.458 107.800 1.957
-79.184 -43.130 179.795 1.858
118.166 8.225 -144.717 2.048
-209.018 159.338 -193.063 2.134
113.864 96.409 -14.827 1.787
212.880 104.574 -92.295 2.103
-196.000 -12.848 180.054 2.053
-191.142 -100.006 -14.414 2.003
-157.395 85.379 93.738 1.800
199.862 109.585 117.977 1.956
-180.451 133.150 -97.489 2.127
81.493 -163.524 34.702 2.137
-204.543 17.574 -173.893 2.005
36.094 -106.059 -171.567 2.016
-138.429 136.734 -171.300 2.211
-81.746 128.728 65.917 2.138
136.936 -9.356 -78.611 2.085
-201.375 -119.906 198.000 1.907
-38.435 -27.394 -10.629 1.918
-151.730 -87.766 -152.752 2.065
149.180 -107.644 104.143 2.188
-73.896 -140.708 -32.085 1.926
219.099 84.757 60.372 2.028
10.441 -91.805 -162.767 2.168
88.529 -35.502 95.023 2.031
119.284 -69.291 137.601 2.084
-151.810 -117.789 -113.446 2.006
19.730 -143.716 -37.175 1.950
0.324 17.314 -30.702 2.070
33.450 -120.818 165.231 1.969
149.167 -79.138 -171.060 2.120
79.221 45.992 -122.253 2.195
-203.585 -80.689 -0.791 2.045
6.789 -177.841 -33.059 2.079
-107.470 -142.577 -129.954 2.012
109.872 -169.548 44.062 1.831
-147.603 5.295 95.054 1.945
-24.262 -0.609 -75.102 2.138
182.928 -122.456 -103.774 1.936
-110.409 152.591 -181.490 2.052
-4.346 -102.563 16.422 2.195
58.177 -150.339 -29.718 1.953
-88.726 61.529 13.855 1.975
88.231 -7.348 -57.749 1.992
-46.548 -121.239 110.183 2.069
-13.909 -164.321 89.815 1.850
68.818 -3.475 -194.199 1.906
90.467 -131.056 57.390 2.122
54.911 -39.842 70.331 2.041
121.829 132.800 -96.943 2.054
-93.518 -100.376 192.742 2.070
106.971 -123.484 151.641 2.028
131.765 -50.045 113.789 2.066
90.842 169.586 -84.752 2.011
1.835 135.301 52.028 1.963
216.903 86.335 -112.073 2.076
18.251 48.914 143.609 1.986
-107.800 132.203 21.911 1.899
-46.722 -85.790 -103.679 2.106
-5.056 23.731 6.387 2.079
-31.264 33.797 131.244 1.846
-26.880 -22.280 113.606 1.931
-35.146 -65.415 159.321 2.090
54.740 -69.261 -2.570 2.015
137.476 118.135 -100.782 1.946
-69.528 24.084 -107.589 1.999
-88.124 72.321 -115.642 2.037
194.279 148.748 -64.136 1.937
-201.096 -110.744 168.614 2.051
-65.434 83.567 -7.219 1.845
-181.977 1.075 42.268 2.072
-99.755 -98.476 176.595 2.191
-46.365 68.289 -40.350 2.004
-30.475 -126.180 117.007 1.978
64.286 134.127 -61.682 2.155
-72.304 -78.955 -120.527 2.056
-83.013 -55.132 -150.195 1.988
222.305 -21.838 -1.508 2.065
66.738 -40.530 10.737 2.137
-85.324 -20.299 -106.223 2.037
12.758 62.603 11.049 2.062
84.460 -108.170 -16.114 2.048
90.401 -66.987 -77.437 1.843
-189.666 -2.925 97.151 1.903
-18.193 -112.341 183.826 1.931
-96.950 50.178 179.676 2.044
-214.490 1.772 -11.315 2.078
212.401 -169.425 -6.917 1.983
32.131 -127.330 112.249 2.055
-56.246 -95.467 15.195 2.079
111.344 20.724 23.460 1.974
171.414 15.642 5.942 2.068
163.559 124.805 -147.143 1.953
-20.593 27.980 -105.052 2.053
-25.507 65.408 -111.977 1.966
186.276 49.445 -50.330 2.036
151.096 98.315 92.715 1.861
65.459 2.500 109.719 1.958
62.730 -136.468 -69.019 1.981
101.571 104.396 -110.467 2.019
-171.041 -172.263 186.137 1.877
-116.802 -8.202 -37.234 1.833
-131.803 -20.374 -71.080 1.857
-111.542 151.898 -96.706 1.886
-101.838 -138.607 -40.619 1.981
-8.270 16.637 -186.769 2.159
-90.588 24.091 0.917 2.022
-63.564 58.606 -198.605 2.018
186.551 104.414 -108.142 1.958
182.622 93.526 -90.678 1.836
134.226 39.349 133.736 2.065
-103.233 -23.412 30.155 1.981
-67.364 131.226 -141.989 2.066
-3.523 29.540 177.181 1.878
-0.262 105.994 62.714 1.857
-67.202 116.523 193.155 1.957
151.187 -54.299 44.540 2.075
-112.237 -101.228 -23.786 2.080
30.255 -89.889 -166.432 2.104
-56.269 87.908 -161.378 1.975
-8.196 158.676 -117.666 2.092
221.225 97.263 80.587 2.200
-132.840 86.522 32.555 2.102
208.851 -145.362 164.567 2.011
-149.149 59.845 -171.925 2.097
137.201 22.313 -37.551 1.974
-164.599 152.653 98.478 2.220
155.109 5.279 -146.062 2.050
-219.948 -35.642 18.938 1.949
-16.160 29.202 21.035 1.963
-103.844 -8.199 47.868 1.884
63.828 33.187 5.426 2.036
153.112 38.987 -120.557 2.013
-209.557 133.191 43.603 2.001
-39.985 -86.030 18.053 2.105
-49.240 96.426 46.144 1.899
-152.228 5.643 -133.804 2.053
-116.114 176.819 -174.613 2.141
160.525 -83.198 -40.222 2.090
215.729 96.553 -123.584 1.963
20.275 -100.324 59.629 1.982
-36.008 170.560 52.358 1.922
-27.100 -0.959 -193.470 2.157
-70.066 107.496 74.567 2.007
-162.477 -145.799 -89.068 1.930
54.659 137.836 165.750 2.000
-118.178 110.572 180.811 1.966
13.491 -90.824 63.200 1.895
70.051 -166.310 -19.563 1.985
-203.494 145.719 19.733 2.039
-154.373 -137.458 -37.575 1.951
6.332 127.699 -113.575 2.095
147.708 176.208 123.032 1.941
-82.935 -16.930 -69.200 1.965
208.540 87.522 -92.522 1.833
29.109 177.766 -56.891 2.020
-40.161 -22.142 17.152 1.987
31.398 180.027 0.372 2.036
-200.536 34.075 37.521 1.991
-46.197 -169.881 -76.126 2.094
-170.054 116.704 100.187 1.964
-52.065 -6.277 -152.506 1.910
211.442 -189.678 -71.000 1.871
-132.100 12.755 -21.994 2.090
141.059 97.079 31.426 2.052
-68.609 76.657 -155.577 2.106
21.972 78.898 -102.390 1.929
-84.190 -73.553 49.239 1.934
61.091 -183.980 -133.093 2.026
-152.405 -70.629 4.052 2.035
-106.688 59.376 171.239 1.925
73.424 6.252 153.009 2.014
93.664 27.593 99.213 2.082
-115.516 -77.649 -45.753 2.184
121.533 -6.900 145.779 2.116
214.080 61.455 -77.087 2.074
-213.827 -86.437 94.898 1.929
-179.850 81.582 74.202 2.143
-17.128 88.918 22.926 2.126
-138.272 -145.068 14.292 2.006
-137.026 62.054 30.116 1.941
110.932 66.200 -29.658 2.107
-189.723 93.282 -102.535 1.919
-52.777 -139.628 62.458 1.887
170.695 -157.373 -50.106 1.967
-92.682 -9.678 176.866 2.060
-158.040 -58.302 160.568 1.825
25.336 43.137 -39.833 2.122
30.418 -156.667 83.780 1.957
-222.544 -38.491 22.431 2.109
49.171 -175.694 -25.077 2.124
76.139 -89.773 138.464 1.893
-215.221 115.907 -91.454 2.148
120.742 40.759 70.724 2.111
-16.776 144.409 127.725 2.049
-42.008 31.334 161.742 2.201
81.228 46.607 179.407 1.885
13.262 -97.132 188.143 1.914
-10.995 -106.022 40.988 2.023
-169.298 174.297 57.790 1.973
-100.208 -22.803 -12.880 2.097
27.518 22.204 -119.904 1.894
42.504 -32.446 103.623 2.115
-4.856 -81.540 -76.691 1.896
47.975 157.552 35.200 2.027
-139.980 -4.707 32.401 2.171
-29.366 61.270 -135.363 2.035
179.929 -100.621 -128.373 1.858
-203.096 -11.970 -85.184 2.019
-162.036 -71.649 -164.697 1.998
63.080 -181.187 -121.051 1.807
-188.162 -173.232 -157.969 1.873
129.767 167.130 -199.481 2.078
123.971 -141.381 -45.020 2.138
-180.799 183.693 -132.558 1.955
170.184 -13.130 -173.547 1.896
-186.233 160.495 144.654 1.945
143.749 -112.852 -161.417 1.937
-176.881 -151.617 -58.075 1.796
120.198 79.590 -133.625 1.976
106.633 -118.159 -1.379 1.949
-69.725 -170.351 82.369 1.980
-79.632 182.805 -147.836 1.978
27.999 -7.796 -117.391 1.803
99.699 -4.141 72.202 2.093
-61.823 -155.783 -184.582 2.126
141.925 -73.314 81.588 2.016
113.670 40.171 165.433 1.736
-54.182 -131.421 127.084 1.995
78.616 -126.507 -194.380 2.039
-24.214 -103.669 -164.711 1.925
125.901 -112.565 53.743 2.157
-223.435 154.769 -188.416 2.043
-142.479 -22.177 131.470 1.862
-48.456 92.123 -110.196 2.000
1.253 160.623 170.016 1.869
206.763 177.067 99.156 2.026
195.371 -125.018 0.344 1.935
-159.145 -151.079 101.717 1.962
-168.325 0.732 49.862 1.822
187.779 35.370 -96.541 2.139
8.904 8.249 102.403 2.015
-75.642 109.083 -88.898 1.938
-46.695 27.608 -12.886 2.020
200.759 30.779 14.474 2.028
-71.486 -96.315 82.531 1.999
197.515 103.377 46.476 2.050
214.904 175.142 131.207 1.988
34.400 149.905 149.717 2.026
198.830 160.097 121.168 2.058
24.036 -163.145 170.789 2.030
-223.245 -188.165 -192.054 2.118
174.453 147.973 -19.720 1.992
126.014 -35.621 152.074 2.009
-150.333 -97.606 186.604 1.986
27.089 110.746 -75.270 2.049
-114.949 70.677 -122.404 2.036
-104.668 154.896 -0.603 2.080
-24.396 -53.519 188.147 1.846
-47.040 158.982 -66.454 2.036
-151.301 -37.961 3.061 2.131
-223.389 22.186 136.758 2.023
-136.569 -187.486 -142.464 2.077
32.719 -148.260 32.015 2.076
-2.266 56.744 182.742 1.841
-38.959 -188.384 -22.374 1.935
-66.482 67.643 199.029 2.116
-129.081 -183.767 156.274 1.872
-33.186 71.506 55.922 1.957
-14.025 36.588 191.352 2.063
-141.169 41.667 43.302 1.961
42.585 65.217 -50.117 2.025
-160.231 -58.547 149.065 2.051
-77.733 -81.425 185.902 2.040
-121.268 -21.105 -69.048 1.828
101.227 -66.860 -49.012 2.029
-29.434 -30.685 -63.533 1.996
9.942 -60.904 114.915 2.115
81.201 69.780 198.763 1.931
-147.260 57.314 108.244 1.989
154.111 -77.955 -94.562 2.061
-202.126 -92.956 -189.781 2.000
205.073 11.416 44.012 1.879
96.231 18.655 115.747 2.144
-91.995 -167.089 106.540 1.932
-189.075 41.723 114.149 2.111
-92.841 -133.264 -96.511 2.144
118.849 93.340 -61.830 1.913
55.789 -127.658 101.521 2.149
182.484 -45.847 -47.898 1.925
21.445 -51.291 -4.306 1.945
12.972 22.630 -6.663 2.155
102.187 -135.534 -188.397 2.115
59.006 44.935 31.959 1.967
-12.744 -18.138 162.142 1.856
107.745 75.241 11.373 1.876
181.942 123.919 94.528 1.984
-12.960 170.132 -85.098 1.943
-224.094 108.927 -35.177 2.056
-86.277 79.957 3.377 2.010
159.761 29.770 -138.130 2.092
121.422 -148.509 173.911 1.955
43.791 156.661 6.918 1.894
-189.679 -53.076 -195.454 1.945
-154.550 141.781 149.093 2.166
75.732 160.162 -97.532 1.783
-194.482 -140.928 -184.891 1.962
-71.028 89.572 -157.297 2.030
19.723 -5.599 -89.651 2.024
21.757 163.261 -52.015 2.072
-86.583 27.443 61.265 2.002
216.022 -25.005 -8.366 1.940
31.607 61.314 -157.100 2.009
32.592 -32.991 102.345 2.114
-44.346 56.096 11.146 2.025
-192.195 -128.852 198.222 2.022
73.216 -169.576 -169.320 2.106
-163.709 -100.836 -196.570 2.202
155.980 152.912 -181.648 2.030
-47.028 119.303 -111.000 2.006
-161.052 -109.037 101.423 2.115
-59.644 174.203 -177.845 1.993
23.811 144.965 74.318 2.127
-86.680 4.032 -95.561 2.003
62.029 156.079 147.415 2.021
-127.118 -183.073 117.107 2.052
-217.325 17.912 -16.811 2.032
-112.934 168.899 -46.346 2.110
-97.222 -146.129 98.387 1.810
-68.049 -70.697 21.110 1.906
-176.057 62.903 -96.114 2.073
-9.602 42.420 -71.095 1.947
148.506 45.067 -168.060 1.951
33.842 -66.504 71.127 1.979
-157.002 188.570 -190.875 2.016
115.192 138.841 -124.439 2.042
-81.966 118.504 95.097 2.269
171.053 134.949 153.880 1.774
75.395 22.647 91.080 2.035
39.148 88.345 160.595 1.929
-45.327 71.852 42.132 2.045
186.815 85.939 -11.428 1.833
99.498 -141.367 -168.099 2.102
25.521 113.136 -167.955 2.099
-104.441 99.220 120.546 1.999
-5.864 -111.581 -123.552 2.061
-68.734 112.722 38.238 1.944
157.897 -17.814 -80.931 1.971
-13.800 -55.805 175.378 2.089
38.607 61.907 -193.813 1.889
51.414 130.051 142.671 1.948
-174.650 146.956 168.588 1.950
170.967 -18.481 -21.309 1.957
-75.739 92.885 95.484 1.984
-68.802 85.288 -189.457 1.934
-14.679 -5.777 95.729 2.081
-101.362 74.618 -166.404 1.765
98.543 26.364 -146.194 2.139
-159.306 50.041 -163.653 1.982
203.758 147.348 173.176 1.973
195.459 84.191 -145.222 1.892
51.544 -165.412 104.423 1.900
38.063 119.279 -78.097 2.061
42.884 176.222 97.844 1.901
190.558 18.239 -27.925 2.172
204.421 -55.662 -93.703 2.053
-10.972 100.990 155.498 1.960
-80.621 -37.941 83.169 1.851
43.857 -91.757 39.785 2.003
-115.793 136.625 -185.038 2.037
-69.248 -43.353 5.559 1.876
186.235 175.153 -95.016 2.053
-10.177 189.169 175.020 1.865
-219.363 -18.387 130.150 2.056
-61.620 53.174 184.014 2.029
-185.159 67.845 97.221 2.092
-113.694 -137.281 -121.540 1.913
-131.688 87.486 -38.196 1.863
126.216 -179.819 19.667 2.038
166.886 -56.126 139.664 2.012
-131.134 -69.488 -188.233 2.056
-43.920 138.859 72.179 1.865
-93.467 -175.223 -106.790 1.904
144.218 -21.484 -72.455 1.995
-117.659 72.582 19.092 2.129
-166.131 -163.165 127.879 2.054
202.526 71.288 179.854 2.027
-162.293 -58.415 -174.496 2.054
-124.913 173.619 -192.480 2.049
-131.367 46.849 15.778 2.022
-117.845 -146.656 87.198 2.103
87.083 -165.897 -139.894 1.858
31.444 40.522 119.145 2.024
24.887 173.779 87.207 1.897
218.075 -100.693 -43.826 2.037
125.938 72.894 -171.682 1.966
47.999 -41.522 14.403 1.947
102.785 -35.984 -102.725 1.994
-2.594 168.992 -8.297 1.825
20.890 8.316 78.874 2.133
-25.583 -152.949 -54.324 2.127
-75.544 -26.582 -172.833 1.828
196.069 -121.004 125.779 1.990
19.025 -139.565 143.211 2.059
-162.440 -45.493 197.664 1.981
-202.558 -153.787 42.890 2.156
161.894 55.844 -180.798 2.083
-206.646 -14.873 199.532 2.142
26.544 151.651 -150.161 1.995
-60.150 122.222 -92.263 1.977
210.578 45.911 93.116 2.008
-136.426 98.794 14.636 2.071
-61.358 87.835 47.116 1.854
-38.771 93.484 154.133 2.014
195.383 82.623 169.455 1.991
-26.802 -12.920 90.574 2.221
-14.821 -36.424 197.157 1.910
106.750 120.993 32.687 2.032
-23.185 0.804 -106.157 2.026
-125.879 55.519 103.293 1.808
-116.001 110.281 -60.186 2.030
103.809 -41.875 177.579 1.961
-94.640 -2.956 10.960 2.143
31.577 -110.116 34.892 2.042
-12.320 -137.258 149.043 2.129
-113.438 7.172 131.817 1.829
-179.522 123.824 -176.709 1.989
167.915 40.499 -80.623 2.029
180.498 118.875 -195.398 2.045
213.144 167.754 26.644 2.025
-43.698 -101.429 -130.915 1.899
49.472 72.775 -19.465 2.182
-120.097 59.849 -137.895 2.125
-90.380 84.009 -81.380 1.872
190.044 -50.624 -50.718 2.013
-165.735 11.826 102.690 1.920
141.879 -89.810 78.064 1.872
-52.842 -101.853 88.599 1.975
-130.985 21.037 47.309 1.972
-143.653 -58.588 198.686 1.997
209.665 117.117 -109.532 1.894
200.206 62.168 -69.138 1.974
-173.323 181.168 -155.836 2.037
-12.273 -47.417 83.294 1.847
216.742 -89.187 35.242 1.992
-34.419 -3.996 102.392 2.111
109.471 12.476 112.143 1.934
-75.493 -64.113 -68.171 1.940
-98.208 140.717 -154.309 2.135
-100.162 33.306 115.576 1.719
156.398 -108.904 157.538 1.757
-167.814 169.925 -171.165 1.948
169.570 -42.035 -19.916 1.974
87.969 -29.329 -137.867 2.116
148.222 0.181 133.341 2.039
155.326 164.867 -177.180 2.044
191.741 -125.235 -188.596 1.950
98.781 -87.550 -116.069 2.101
197.512 161.853 -195.678 2.165
55.931 -124.432 163.758 2.175
-115.736 171.984 -110.843 2.094
151.341 -13.746 -115.484 2.172
129.080 39.182 62.146 2.065
-56.699 -129.892 93.457 2.009
191.375 -183.549 192.231 1.763
122.533 32.783 23.974 1.997
0.710 108.458 -188.567 1.842
-204.239 51.481 -133.935 2.026
11.126 89.809 -181.529 1.937
174.228 155.919 39.855 1.946
-191.463 -125.797 -150.467 2.026
-20.217 -10.566 122.339 1.964
-178.647 53.939 -98.258 2.135
181.137 28.290 118.838 1.910
-221.256 21.384 174.644 1.958
220.105 55.593 108.089 1.912
217.267 174.329 -39.514 1.963
-145.187 119.721 -71.525 1.881
-207.132 -39.252 -103.695 1.978
-223.790 53.448 -88.498 1.860
-123.377 -172.682 -127.852 2.054
212.014 135.245 51.246 1.982
-106.494 126.393 198.677 2.084
157.808 99.007 117.410 2.049
92.243 -100.106 35.136 2.151
54.002 25.592 146.560 1.961
-66.255 173.717 97.467 2.010
-141.859 -87.429 110.937 1.896
-45.892 -130.381 120.310 1.968
-74.802 112.183 193.778 1.982
153.659 -180.952 168.075 1.983
-172.597 -139.503 -162.957 1.954
-63.904 -65.111 -15.801 2.053
127.043 124.903 124.008 1.976
-109.417 -175.063 104.559 2.049
127.751 -7.363 90.999 1.802
50.564 -56.272 184.124 2.022
12.835 91.547 39.446 1.919
91.940 -79.708 177.044 1.993
-21.748 11.972 123.071 1.967
-62.014 -63.991 -93.006 1.931
-48.915 86.124 -66.026 2.082
-9.559 37.671 -147.537 2.063
66.369 -124.002 -178.868 1.911
-27.904 20.769 180.542 1.972
-15.373 -75.747 48.868 1.937
121.012 -59.801 31.552 2.121
-9.016 -9.437 -28.943 1.846
-31.133 -124.903 31.139 2.013
100.391 57.318 -88.219 2.019
38.696 -89.098 77.096 2.124
-97.557 163.760 -195.781 2.030
182.173 -79.535 71.416 1.950
188.930 91.145 9.330 1.852
-89.723 -0.003 49.888 1.945
-215.241 -75.703 33.597 1.946
107.692 130.584 -7.630 2.098
83.026 153.719 180.393 1.811
190.532 187.460 26.101 2.001
23.307 -51.929 -177.248 1.987
-116.668 -178.047 91.984 1.964
174.255 -97.578 0.162 1.917
193.397 -21.376 63.585 2.239
150.831 -129.049 126.200 2.090
50.471 -104.389 12.479 1.937
-143.053 -71.660 -108.760 2.042
129.869 134.649 72.016 1.835
-212.638 -23.394 -58.687 2.022
-215.499 -103.491 -166.938 2.039
-221.627 25.807 -10.956 2.061
-20.619 134.886 -38.534 2.037
-210.274 -107.832 -160.958 2.077
8.363 -120.631 -13.199 2.123
205.593 144.541 -189.596 1.988
-35.797 125.201 198.505 2.145
-32.218 76.346 198.867 2.113
75.488 -143.606 40.815 1.987
-18.473 141.665 17.066 1.981
-177.550 -176.328 63.647 1.785
105.311 15.516 -38.037 2.168
-214.198 -26.664 65.948 2.079
-121.486 163.120 37.141 2.216
-19.174 -88.271 -4.478 2.191
51.162 -55.218 12.638 2.202
192.325 -90.600 55.639 1.995
-202.746 109.096 -26.710 2.197
-45.971 -51.575 -82.450 2.011
