26.642 183.862 134.713 2.155
-122.472 15.593 -19.953 2.117
-22.677 44.331 100.305 1.999
144.522 123.755 182.886 1.938
130.290 -73.873 -118.329 2.071
-168.453 163.175 -91.666 2.206
-64.265 157.066 60.613 1.962
-199.538 152.270 3.211 1.870
6.735 -79.947 31.819 1.956
43.658 78.716 35.222 1.950
-175.366 -11.968 -29.256 2.024
-113.099 163.030 -99.996 1.946
-39.181 -92.832 -41.003 1.924
-219.865 34.459 -178.299 2.129
-196.636 -29.675 179.532 2.017
66.319 147.708 87.699 1.939
26.935 111.538 46.303 1.835
175.458 5.258 61.734 1.934
-25.671 -3.327 191.371 1.887
-89.295 -114.924 -67.412 2.014
-41.477 -26.526 -6.169 1.868
34.975 -5.669 110.001 1.909
-13.230 104.275 -124.193 2.009
-216.974 71.112 54.407 1.969
-48.126 -72.349 54.098 1.834
221.070 -127.447 6.018 2.084
-51.812 -135.862 171.479 2.302
110.128 173.893 -10.973 1.925
-171.170 -70.908 -191.943 1.952
-188.393 132.658 -81.821 2.030
-177.055 148.399 -40.932 2.094
-158.442 -99.098 -0.300 2.043
-138.931 -35.708 26.880 2.172
100.164 3.335 44.694 1.949
108.523 104.998 -6.893 2.054
-86.840 138.639 -195.028 1.983
-199.929 -145.884 110.303 2.040
119.829 -171.412 125.172 2.140
86.542 93.130 165.629 2.062
-70.662 92.954 91.438 1.949
178.829 186.935 33.919 2.255
93.007 64.316 -44.739 2.058
167.392 149.512 13.503 2.016
170.842 139.247 -174.045 2.015
-125.597 -118.135 171.651 2.097
-150.928 183.598 188.920 1.896
-177.902 109.168 -77.524 2.066
49.897 61.362 113.143 2.092
-87.815 116.139 -14.900 1.998
-129.870 23.162 189.184 1.933
-145.985 173.456 105.272 1.987
-152.890 -122.198 -71.595 2.002
-132.023 -60.631 -140.490 2.147
153.632 79.195 85.116 2.048
178.119 -37.028 47.115 1.824
81.897 126.719 -18.447 2.104
-88.095 55.895 -89.583 2.190
92.990 -38.911 -137.160 2.188
-72.552 -121.211 36.944 2.017
163.203 -1.649 -156.009 1.944
25.180 -154.204 13.897 2.011
58.067 22.054 -185.954 2.022
22.991 -7.815 106.166 2.026
-87.541 -174.153 171.416 1.880
90.590 186.338 -91.565 1.902
121.059 112.222 -146.087 1.856
13.266 104.685 -61.721 2.043
-183.710 -112.358 110.442 2.106
98.886 28.176 34.621 2.061
-130.808 -55.030 -62.325 1.863
164.567 -182.494 38.799 1.907
82.207 119.584 -43.373 2.039
-106.472 -57.324 51.552 2.049
92.856 -102.668 -22.489 2.035
124.823 -152.678 133.547 2.023
-35.578 -157.680 11.492 1.918
-173.497 -10.876 -164.516 2.092
180.312 -92.130 142.031 2.035
202.685 98.789 -0.084 2.216
65.322 -77.519 58.741 1.892
130.393 -145.193 -14.481 1.942
-82.212 -50.675 180.701 2.164
-59.470 68.418 -179.033 2.113
-212.947 -152.624 -125.001 1.990
-167.420 -42.248 -129.243 2.019
201.500 139.505 76.261 2.082
-55.858 -27.192 -48.067 2.191
89.031 11.367 -70.583 1.971
-94.846 184.471 -103.598 2.073
67.199 86.414 141.660 2.073
-200.488 170.572 132.594 1.732
78.908 -70.300 -6.777 1.970
-212.923 -162.714 135.958 1.950
-101.035 99.418 90.044 1.853
-37.613 -112.970 90.178 2.111
168.903 -47.023 -128.086 2.038
-222.220 -138.123 183.764 2.151
-26.505 15.504 114.078 2.038
16.823 -22.932 4.653 2.164
-6.197 -57.450 -108.752 1.874
188.361 148.069 -141.738 2.020
168.293 -176.121 -17.542 1.772
16.315 -83.117 142.053 2.121
179.541 159.497 -2.798 1.987
-125.438 72.118 -195.621 2.050
-138.730 -175.965 137.949 1.975
-165.111 -31.648 64.528 1.950
-78.505 68.678 -135.392 1.846
-90.311 -96.623 112.919 2.013
72.023 -29.792 -62.848 1.981
-179.497 56.294 -180.515 2.012
-38.582 -145.129 143.914 1.958
85.073 -3.831 -160.380 1.910
2.731 -149.392 88.831 1.872
13.627 120.429 149.521 2.141
210.038 -143.453 -103.502 2.137
-69.261 -20.725 15.326 2.198
-153.200 -53.397 -92.702 1.765
46.883 41.301 -8.500 1.928
-221.805 -96.044 -130.759 1.954
111.950 -53.475 67.581 1.957
107.722 185.684 187.794 1.853
-214.469 49.024 78.656 1.986
35.572 -124.368 19.302 2.007
11.847 112.996 190.555 1.969
34.864 -28.954 -70.905 1.864
-187.802 -16.178 125.320 2.041
-153.036 -116.337 -46.950 1.994
-55.000 -2.323 39.766 1.972
123.102 -61.238 35.580 2.063
-197.580 -79.804 82.758 2.012
-27.449 37.644 114.331 1.859
11.654 -44.555 110.308 2.064
65.149 -180.305 27.097 2.136
204.268 -31.434 55.096 2.064
-181.514 -73.253 76.515 2.021
78.527 -95.654 -154.420 2.020
-47.084 47.121 -31.495 2.066
-184.628 139.410 -54.516 2.129
-36.523 -90.909 -174.064 1.861
-204.540 -163.731 169.258 1.960
209.839 -95.162 90.009 1.937
-18.034 -123.299 -146.254 2.006
146.568 58.243 105.505 2.014
138.129 103.829 29.562 1.870
-133.426 176.614 -157.788 2.053
-154.857 140.999 -155.260 2.039
218.153 -76.754 186.645 2.131
-111.974 96.335 -138.986 2.219
-105.182 -38.139 194.861 2.083
-78.789 187.386 135.495 1.837
57.567 -188.371 9.072 2.159
77.248 -70.783 112.229 2.120
-207.841 -34.867 -11.434 1.958
-97.331 -100.550 20.254 2.087
195.722 -111.748 -182.958 1.782
101.708 43.349 193.558 1.841
36.585 123.924 175.364 1.995
160.058 184.254 -184.259 1.923
222.115 -143.337 2.359 1.985
48.169 -69.095 168.783 1.895
-155.361 -151.081 4.604 2.070
31.247 -0.900 -71.166 1.824
3.327 101.730 111.711 2.068
135.501 -129.049 149.333 1.934
3.370 -128.446 -100.858 2.056
-221.470 -86.039 -147.728 1.968
159.824 -54.306 133.508 1.896
-166.268 -20.573 -143.814 2.178
44.817 46.730 160.877 1.892
-218.003 -53.194 -39.641 1.892
-58.780 87.356 -128.049 1.799
110.527 137.863 -109.121 2.053
-189.530 -132.432 99.939 1.891
156.325 171.837 -85.113 2.011
81.903 127.491 143.459 2.101
-167.146 -33.199 -98.914 2.002
-47.224 -22.283 149.635 1.932
46.692 20.086 120.779 1.859
216.814 -27.291 94.706 1.947
94.915 -74.960 82.758 1.847
119.691 61.082 69.935 2.033
15.100 41.334 91.116 2.131
-162.087 25.659 80.676 2.095
-142.645 82.040 33.498 1.908
-209.986 19.527 -156.191 1.953
-1.892 -163.023 56.701 1.888
188.101 -139.958 -55.596 1.996
-86.999 65.681 179.260 1.933
-98.865 -14.201 -169.279 1.968
-149.105 0.514 -106.431 1.990
-222.240 65.315 151.863 1.861
-61.238 -110.346 87.869 2.102
104.856 -20.378 125.002 2.206
62.865 167.125 86.516 1.969
-221.337 7.790 136.490 1.950
-140.954 -58.909 18.150 2.014
-152.401 -118.417 56.632 2.048
-39.637 -173.069 36.302 1.943
55.652 129.800 -148.270 1.861
-191.482 74.340 -68.871 2.105
45.725 108.350 -123.995 1.987
48.262 -74.115 -67.342 2.058
148.427 -127.206 -130.724 2.036
-18.709 -91.734 -104.621 1.971
123.875 -56.581 -188.209 1.985
221.163 -94.247 17.733 2.030
-71.839 -36.714 -152.096 2.005
159.400 -41.805 97.738 1.835
-202.396 91.911 -32.395 2.155
78.797 21.624 159.314 1.988
190.012 92.218 -134.332 2.016
-121.681 170.819 19.531 2.141
-9.649 6.262 114.709 2.082
124.026 -30.920 132.897 1.921
100.369 23.130 -36.638 2.143
83.677 29.432 -23.864 2.030
-45.671 125.154 -81.865 2.114
1.573 57.812 163.819 1.970
19.962 -74.668 5.687 2.097
25.203 105.704 70.313 1.884
-72.971 -15.252 -18.856 2.138
16.329 173.949 184.150 2.227
-48.446 67.394 39.503 1.986
-2.633 57.117 105.970 1.994
-152.483 96.263 171.174 1.973
-40.939 -112.795 191.029 1.846
-142.606 102.631 -191.784 1.986
-212.083 28.904 194.264 2.012
-120.383 -132.938 -180.628 1.816
167.569 23.778 188.066 2.012
-56.830 -75.974 -55.375 1.932
-111.465 173.646 -42.612 2.076
16.919 -96.816 -153.278 2.030
35.461 -13.065 78.754 2.005
58.168 -171.246 76.290 1.841
-144.251 -36.233 -28.163 1.948
82.196 -27.842 -167.306 2.059
58.020 18.065 -188.783 1.985
63.219 126.588 80.664 2.009
39.672 32.163 -115.652 2.203
-152.270 145.644 2.690 2.118
-218.556 -29.236 -173.093 1.969
137.793 -88.266 42.239 1.996
-178.257 -188.757 -29.308 1.940
76.371 174.471 88.125 1.823
-139.832 19.662 61.981 1.926
-96.549 156.301 -148.283 1.865
-203.484 111.053 165.152 2.080
-194.632 -3.836 132.094 1.950
109.868 33.014 -192.269 2.021
91.856 153.009 123.941 1.971
101.798 49.026 -75.216 1.832
-49.337 -6.261 -142.155 2.149
-131.495 -155.577 192.265 2.024
145.404 41.699 -15.406 2.132
57.345 77.439 9.146 1.982
-110.633 -92.599 38.910 2.085
183.226 163.849 133.390 2.018
-168.004 57.001 23.045 1.989
16.968 158.642 96.825 2.040
-154.385 -35.513 -193.775 1.926
-9.964 123.297 -198.553 2.035
2.300 17.127 44.691 2.042
155.226 -27.552 82.557 2.045
93.199 -94.329 -123.410 1.903
62.716 -37.637 54.035 2.007
-108.731 -54.575 -53.499 2.045
-175.163 -98.603 -6.139 2.037
-114.828 32.868 173.432 2.030
214.912 -165.384 -119.576 1.994
87.644 144.333 40.466 2.014
212.665 9.372 -50.577 2.019
122.503 -102.265 -135.522 1.953
-134.268 -160.838 -33.687 1.848
-156.223 188.377 -21.215 2.028
113.381 -142.165 -143.940 2.188
14.151 110.371 -24.430 2.126
167.637 187.558 -197.411 2.051
-100.050 88.339 -166.462 1.944
44.086 29.037 -133.479 2.173
-32.531 150.019 67.432 1.823
-178.310 -137.174 93.452 2.147
206.400 -1.103 -98.356 1.966
91.133 -87.263 132.545 2.109
-107.151 -87.474 -171.678 2.004
-205.612 -96.328 33.649 2.084
-218.899 -34.980 35.042 1.920
-48.882 -86.953 122.043 1.870
-16.709 45.600 41.451 1.953
95.117 65.559 79.692 2.007
-164.237 87.332 71.203 2.167
217.058 5.476 -41.694 1.936
124.267 -36.712 122.267 1.972
103.979 152.092 -11.137 2.051
-173.168 98.152 -195.360 2.067
-11.435 -124.520 21.492 2.109
-39.443 166.224 36.101 2.011
88.325 -52.404 113.512 2.079
178.914 -36.428 85.115 2.167
-86.214 -154.205 168.124 1.972
179.355 12.589 59.990 2.084
-224.500 52.257 145.553 2.012
-5.043 63.720 -107.973 2.169
67.074 -5.886 98.225 1.989
-55.271 61.014 -16.534 1.863
29.417 -105.769 -88.590 2.156
210.090 130.866 -47.354 2.039
-159.315 -54.189 -144.153 2.060
-0.248 1.827 27.089 2.024
-134.223 -120.712 68.756 1.781
-206.212 -171.853 197.161 1.933
87.799 80.385 -153.816 2.061
-107.514 -13.763 136.920 1.906
-198.426 -133.760 -16.642 1.734
-66.938 -157.450 101.806 2.164
-4.327 -167.410 161.615 2.013
113.290 139.785 85.458 2.179
-59.026 46.777 102.003 2.107
24.592 179.733 51.948 2.055
-166.383 142.598 116.945 2.065
164.876 2.490 169.962 1.904
-39.024 88.767 32.306 2.120
-24.330 80.952 102.241 2.044
130.816 68.905 59.311 1.922
189.307 65.682 156.656 1.926
111.555 -151.792 -66.848 1.939
33.735 70.719 14.452 2.146
-116.554 -103.793 196.344 1.892
-17.655 140.447 -164.760 2.192
136.876 -82.803 -108.350 2.006
-135.131 175.179 -162.875 2.051
11.822 79.945 7.549 2.024
107.550 -42.926 184.463 2.222
134.799 165.915 -94.371 2.041
-176.776 -130.103 -40.111 1.887
-82.264 -185.690 -52.088 1.959
-33.862 73.670 -191.201 1.868
66.163 147.593 -157.316 1.947
82.049 128.837 -32.738 1.984
187.224 157.742 -142.507 1.981
-108.678 94.186 93.734 2.057
-148.970 -4.461 63.178 2.137
139.406 133.223 -126.575 1.875
-104.515 -70.167 -74.584 1.834
9.797 96.853 -129.222 2.074
-203.965 -153.600 -27.572 1.974
-128.544 -30.870 167.456 2.113
-223.821 75.045 -23.190 2.058
-205.587 -121.663 -74.285 2.070
106.385 -2.125 38.722 1.915
207.081 37.173 -153.830 1.828
186.797 -127.810 -151.904 2.005
-151.463 -13.531 -189.707 1.898
77.229 -46.200 -144.592 2.068
-46.766 -116.750 -193.741 1.842
161.353 86.381 -25.524 2.081
-143.824 -67.995 -57.893 1.981
6.204 -157.390 0.866 2.128
144.445 20.532 1.542 2.064
94.114 -86.274 -46.928 2.037
-88.178 35.979 -1.175 2.007
-150.188 99.904 -24.536 1.941
21.007 -21.046 49.699 2.004
-79.160 47.068 -8.307 2.088
-3.020 -187.941 44.700 2.047
126.591 -52.498 -13.687 2.044
-178.331 -95.886 -158.327 1.904
-35.169 178.768 151.553 1.856
-17.988 -183.153 -199.004 1.959
-63.784 -43.537 11.997 1.954
150.354 14.742 28.226 1.994
160.307 152.125 -197.853 1.991
-108.168 159.738 -113.423 1.988
32.653 -122.945 28.967 2.009
-91.731 -30.460 85.570 1.868
-209.057 36.276 -59.884 1.904
20.686 -78.674 -174.743 1.948
-32.694 161.699 -181.218 1.881
-169.798 -175.716 -144.214 1.948
-107.280 -133.818 -169.910 1.920
27.015 -163.223 182.323 2.081
-214.604 61.885 -179.175 1.932
-165.504 162.314 -50.048 1.982
-129.549 -12.688 -136.418 2.037
193.291 86.270 -25.921 2.218
-184.492 138.913 160.595 2.028
-150.584 82.795 -10.499 2.025
-151.066 153.246 -84.740 1.968
60.349 159.037 -89.451 2.146
83.742 -19.021 -169.953 1.902
-176.803 -39.076 101.198 1.847
-66.406 128.498 -36.332 2.058
-104.520 109.340 -35.116 2.140
77.279 94.129 -134.118 2.003
39.877 -97.233 24.326 2.179
24.636 -184.635 -193.488 2.170
146.409 33.524 135.186 1.860
-104.850 77.886 -99.802 2.102
-28.500 65.855 28.606 1.922
171.285 102.375 -44.766 1.808
-94.290 -19.345 -176.644 2.123
86.556 92.308 -137.876 1.953
176.749 -154.439 -170.035 1.913
8.963 -155.401 191.656 1.999
218.750 64.515 29.508 1.875
72.043 -7.755 99.207 1.921
211.197 -98.621 -186.368 2.007
63.689 13.862 -68.062 2.099
-78.932 49.035 -194.516 2.206
130.609 -177.933 97.994 2.034
-20.576 -7.226 -84.130 1.939
41.210 -73.502 50.100 1.878
-224.143 -145.851 157.683 1.968
-32.438 107.108 103.182 2.061
-197.788 -118.745 -62.267 1.860
-75.586 -38.480 185.079 1.911
-215.069 91.891 -53.255 2.278
-61.229 2.133 -25.625 1.900
165.615 -163.817 194.608 1.998
81.904 -113.395 128.071 1.870
28.445 -39.148 38.038 2.031
42.929 -36.644 169.350 2.058
2.978 -170.801 -131.933 1.913
-189.501 141.411 186.902 1.925
-5.159 96.248 100.247 2.009
24.780 -127.569 162.462 2.167
-133.224 110.624 -142.732 2.040
-170.458 -173.177 -56.582 2.068
116.541 -24.297 67.613 2.087
73.690 -122.241 -92.700 1.929
90.552 172.837 3.673 1.882
188.642 -131.200 -136.918 2.051
150.882 172.319 -156.054 1.937
-28.892 91.695 -140.032 2.099
-96.341 -174.418 -132.032 2.223
122.357 -90.913 -96.197 1.808
-148.180 66.209 -44.529 2.106
65.624 85.637 -64.936 1.845
-47.532 -159.750 -105.407 2.016
172.450 112.472 -113.634 1.993
220.895 -19.533 -44.875 1.992
-181.506 -153.913 30.956 1.897
121.515 -16.293 -124.926 1.926
134.246 23.877 -98.762 1.874
-218.409 -126.772 46.881 1.996
73.398 3.697 -153.777 1.998
-223.997 115.456 -105.992 1.929
15.887 107.689 -87.485 1.925
202.599 41.434 -89.135 2.031
104.706 -165.816 -58.690 1.985
49.486 -77.459 41.449 2.018
-139.233 -182.295 -26.084 2.032
34.498 -23.614 81.815 1.998
-222.280 -112.132 83.851 1.920
-155.658 -111.370 -41.626 2.023
160.503 -9.648 -90.926 2.011
-208.859 189.388 98.827 2.004
-158.883 -21.450 35.519 1.866
187.210 -167.909 -30.681 1.940
-189.682 -97.949 1.360 2.181
-187.591 -55.559 -136.678 2.020
49.495 -156.001 6.168 2.133
114.588 -96.264 -84.790 1.982
100.995 117.856 8.470 1.828
-222.451 17.459 -74.574 1.888
-144.728 -32.674 194.394 1.946
-46.139 -6.147 150.564 2.152
1.795 102.271 78.125 2.107
-140.698 -124.121 42.319 2.136
-83.177 -9.422 -175.248 2.042
-84.029 134.342 -136.597 1.768
-61.436 103.982 158.566 2.117
-171.355 -175.695 31.960 2.017
173.083 -52.742 -39.198 1.970
133.465 -47.217 -102.844 2.062
-17.396 -64.785 -42.962 2.139
-134.823 -96.887 199.223 2.119
4.650 -147.174 -169.455 2.012
-138.854 -101.720 -133.900 1.826
80.603 154.035 -93.292 2.071
-212.639 -93.841 -20.057 2.012
-116.751 20.379 21.403 2.015
114.181 -26.095 133.984 1.963
216.411 -66.969 11.686 1.927
-214.016 110.382 0.280 2.165
-193.924 102.848 -58.648 1.973
172.095 -153.532 -9.576 2.154
-48.675 -148.808 -64.010 1.907
23.639 -32.359 56.925 1.991
-189.458 69.818 136.673 2.157
-14.576 -150.491 104.279 2.122
51.583 80.779 -50.505 2.013
101.376 -107.846 55.008 2.015
-3.504 90.002 -99.570 2.098
-152.509 88.700 7.853 1.950
197.243 -38.838 179.633 2.010
-6.784 163.875 50.223 2.001
197.590 180.415 -80.062 2.094
63.984 -102.264 101.100 1.909
8.051 -74.139 -134.728 1.994
183.733 70.430 78.767 1.941
-128.626 161.150 195.766 1.886
-124.900 -62.814 -50.353 2.081
132.158 -20.720 85.462 2.079
-154.634 189.205 -196.761 2.080
-19.233 -187.512 -65.045 1.886
112.617 -140.217 -22.195 2.019
-92.026 187.461 -112.242 2.241
175.524 115.927 140.382 2.134
112.315 -173.092 -59.953 2.017
-192.168 40.303 50.350 1.941
-3.308 173.576 8.122 2.029
-204.719 45.831 -15.915 1.986
-142.230 33.090 174.199 1.852
117.612 -157.573 -82.837 2.059
138.415 -78.535 -55.804 1.978
-116.404 99.112 -86.824 2.009
-69.635 74.945 77.655 1.895
-78.267 21.416 129.287 1.891
39.579 189.106 -17.976 2.067
89.042 -135.748 118.822 2.134
-66.904 33.207 0.942 1.984
-48.048 -107.752 -69.712 1.952
-145.299 21.913 -53.138 1.958
-82.944 -75.125 -178.109 2.069
207.734 -140.350 -115.441 2.147
172.205 164.102 33.010 1.997
-223.121 -28.512 169.821 2.036
-9.336 -110.157 -41.879 2.056
-125.516 64.790 112.634 2.042
-79.133 133.784 56.860 2.192
147.727 27.413 135.223 1.879
37.125 66.388 198.372 1.951
-56.194 133.386 -120.036 2.107
16.513 114.628 -21.786 2.069
-111.359 -29.243 137.508 2.041
20.767 31.604 80.955 1.939
199.090 25.003 -36.848 1.865
59.251 -187.129 -25.731 1.931
211.774 72.727 18.026 2.012
-125.342 -79.551 -115.375 2.174
-86.847 170.337 -46.657 2.076
-151.879 21.036 14.321 2.141
-3.514 123.414 -190.194 1.851
74.145 164.078 48.494 1.804
29.929 -122.669 56.878 1.910
-85.000 74.406 110.840 2.033
-76.124 66.866 -199.598 2.072
-196.740 -31.010 168.362 1.830
-166.244 -71.785 16.684 1.922
-83.201 -30.972 128.970 1.983
-65.101 154.633 19.067 2.065
-141.738 125.919 -65.998 2.086
-52.696 -172.157 122.797 2.050
190.984 -118.139 -28.467 2.074
59.627 -116.639 185.802 2.163
-172.127 130.855 80.213 1.944
-112.008 104.111 100.930 1.944
35.190 -132.809 -131.112 1.841
-115.745 -74.670 144.866 2.039
-95.689 144.611 -107.388 2.048
50.331 -14.176 -27.805 2.007
166.879 -114.924 -135.999 2.034
137.676 165.499 -22.580 2.118
-167.213 19.887 -101.393 1.942
203.388 -163.172 -162.008 2.063
82.434 -185.508 -92.536 2.054
-83.132 183.543 -78.057 2.118
-59.780 -182.864 86.637 2.000
128.858 -20.109 68.799 1.933
172.397 23.312 131.475 1.958
174.229 170.490 -112.746 1.958
141.001 -164.051 119.073 1.872
-55.801 128.153 135.429 2.077
-117.210 51.555 88.523 1.900
127.319 -54.830 -187.639 2.117
-24.263 -47.417 -3.797 1.944
179.292 71.863 7.240 2.012
-3.583 -166.483 149.136 2.063
-198.128 -121.358 -164.530 1.816
209.833 -131.713 -108.146 1.909
-161.539 -46.817 166.360 2.073
-21.620 127.553 -172.391 1.872
97.221 -81.753 -65.513 1.903
-41.783 -172.326 159.686 2.058
113.829 -21.697 43.865 2.026
134.819 -131.895 -88.728 1.982
-172.205 65.603 45.505 1.926
-166.832 53.437 158.251 1.953
36.867 138.218 36.950 2.060
-14.089 -82.798 73.791 1.937
101.946 174.188 100.733 1.938
-135.892 85.274 -65.923 1.948
106.684 -94.276 1.448 2.031
-51.413 -186.316 -143.011 2.002
-182.001 112.771 37.006 2.122
-224.617 -131.503 -88.060 2.092
70.955 177.611 68.740 2.057
-142.394 99.179 -40.839 2.073
-108.742 133.403 -177.704 1.980
-107.226 -30.658 141.924 1.990
-214.770 117.459 32.118 2.007
103.780 -13.269 -131.333 2.030
7.754 189.898 -64.001 1.836
124.985 -133.946 -25.700 1.821
81.017 -143.691 -103.648 2.026
96.925 -152.793 -125.807 2.001
-176.106 -125.678 -194.980 1.950
-63.648 97.448 -106.542 1.999
-24.509 67.847 -42.356 1.743
-86.073 100.954 -81.699 2.167
-178.154 135.283 104.928 2.046
-162.001 0.994 46.795 2.006
80.659 -34.390 76.198 2.016
-1.198 14.613 -35.511 1.943
193.516 153.863 -94.230 1.982
177.830 137.648 -30.179 1.908
125.110 -31.772 122.986 1.917
-42.995 2.280 170.192 2.014
89.903 -166.662 -144.431 2.135
-140.892 138.987 186.256 1.927
173.615 75.144 -102.965 1.938
61.706 -38.878 -70.843 1.990
-67.892 -160.705 42.990 1.932
-137.535 -174.509 39.591 1.910
4.821 -144.962 -117.645 1.945
147.116 125.531 174.968 1.866
-68.908 -22.214 132.103 1.912
-160.638 -10.289 -155.468 2.030
22.176 127.707 -91.562 2.015
-155.791 52.159 69.223 2.114
61.817 -146.717 -157.458 2.038
25.605 -51.627 117.617 1.866
-185.371 74.270 61.598 2.058
178.303 -71.475 -125.449 1.979
192.784 75.039 19.077 2.034
-14.342 1.762 -198.474 2.116
57.489 85.818 102.577 2.081
22.943 44.440 122.125 1.864
170.300 -127.696 -161.047 2.141
-163.879 22.766 153.034 1.932
-163.216 -114.320 -39.279 2.197
46.437 12.715 -156.860 2.070
62.186 -62.254 -43.767 2.136
-59.818 -119.341 -196.540 2.213
194.156 -120.215 -14.588 1.998
38.185 118.043 69.894 1.986
-120.769 51.211 -189.751 1.893
152.297 -68.984 -137.358 2.164
78.860 -162.908 -71.309 1.995
28.501 -28.164 -136.890 2.144
-30.795 56.527 -2.435 1.982
207.022 -88.867 100.820 1.920
188.238 -52.045 51.700 2.039
77.083 23.037 175.322 1.932
83.724 -66.838 9.880 2.000
214.352 174.575 42.833 2.016
-10.590 132.748 138.159 2.070
-215.962 -144.458 76.633 2.048
192.728 -148.932 -34.491 2.007
64.099 -5.436 62.553 2.028
-115.234 36.601 -129.232 1.997
193.795 81.377 -24.011 2.032
-0.334 -3.301 -102.867 2.148
-106.661 -183.943 -148.853 2.199
-174.980 130.125 146.189 1.946
-97.170 16.691 -6.974 2.096
-145.544 -166.220 48.674 2.084
-154.046 -102.762 -119.658 1.936
-192.609 144.459 -147.820 2.096
196.633 -165.155 -10.738 1.960
154.837 -18.153 98.012 1.920
108.228 -2.686 -48.192 1.925
-96.470 158.778 67.247 1.998
-63.552 -188.198 21.841 2.050
-57.816 26.055 79.565 1.899
121.053 53.581 42.519 1.678
208.325 66.725 -167.103 1.908
-116.973 121.252 -24.427 1.946
38.154 97.604 -5.490 1.991
-136.002 -17.778 156.900 2.149
127.761 -149.229 -68.643 1.902
-114.187 58.617 -141.340 1.979
150.106 -187.561 -24.217 2.019
-209.559 88.039 -81.399 1.933
209.367 -51.720 -145.542 1.854
-214.181 -26.058 175.696 1.922
-64.249 -183.823 -31.055 1.959
31.369 -105.287 -133.895 1.920
36.189 -119.529 138.249 2.182
139.619 123.353 121.424 2.103
-114.494 5.528 -157.453 2.053
20.527 -133.360 -197.902 2.020
217.388 116.619 146.394 1.847
94.977 -133.749 132.332 1.941
120.159 144.429 -136.888 1.971
145.710 175.455 6.329 1.785
-57.414 -23.045 -179.112 1.977
29.623 75.674 -194.196 2.050
71.315 -108.005 145.344 2.210
-153.439 47.448 -179.681 2.153
18.352 -125.236 166.384 2.071
-139.348 -69.961 -50.385 2.108
-158.848 105.475 64.804 2.053
-73.160 173.619 25.259 2.072
-47.813 -115.886 33.838 1.905
-192.542 171.409 -134.758 2.106
-154.006 138.945 81.592 2.070
77.351 -187.675 57.993 1.909
-171.890 61.064 189.031 1.963
18.361 -39.744 144.653 1.996
-54.391 35.161 -54.565 1.937
-31.690 87.075 -155.928 2.057
-106.226 -61.942 40.718 2.034
166.276 -168.287 -107.646 2.073
57.425 -10.788 150.326 1.982
-52.846 -72.440 139.211 1.852
-205.668 -148.353 145.661 2.040
115.840 -154.395 188.825 1.971
196.159 145.994 22.535 1.997
166.197 -64.923 -140.352 1.939
195.619 -57.614 -74.508 2.017
-102.350 137.600 -48.003 1.993
150.439 -145.086 39.858 1.988
-223.801 -168.794 169.041 1.809
200.744 125.360 97.591 1.972
156.876 -122.168 -168.029 2.031
-129.845 -141.541 179.891 2.044
89.266 130.390 182.854 2.056
-53.991 137.514 -171.616 1.878
-58.185 -152.474 -86.902 2.053
-111.957 -148.422 -166.873 2.015
-13.044 71.400 36.714 2.198
-151.930 -112.796 47.952 1.929
-48.325 143.993 -112.022 2.077
97.308 -82.758 -179.290 2.089
-223.705 104.001 115.914 2.138
-175.459 20.863 36.749 1.910
-50.285 149.282 89.849 2.087
-80.356 -54.109 -162.440 1.776
7.730 -16.982 -62.577 1.985
95.899 34.538 43.973 1.995
69.143 -179.041 186.776 1.989
36.475 -34.635 141.516 2.133
-169.745 -140.382 25.083 2.114
158.001 -89.200 20.906 1.920
-49.615 -90.079 139.803 1.955
31.044 67.244 -30.437 1.867
33.009 -183.797 -195.346 2.022
-200.602 -106.477 -16.259 1.940
-196.072 189.368 161.352 1.955
167.893 -178.721 60.114 1.938
-193.692 -95.173 -29.159 1.965
-224.685 -99.765 130.545 1.861
30.460 -27.118 2.501 2.183
109.521 -75.334 -36.476 1.975
3.443 -111.688 -110.721 2.094
197.001 40.644 -45.147 2.090
-35.987 -95.824 -181.685 1.984
-211.724 154.007 -27.299 2.073
-222.337 -95.823 105.566 2.027
87.080 -105.849 79.744 1.918
69.257 -68.334 6.117 2.085
107.745 -51.751 11.094 1.778
-112.662 -71.670 -157.644 1.901
-205.352 -101.971 -163.675 1.935
122.701 -61.974 156.200 1.963
-47.087 -188.296 -153.945 1.977
57.754 0.447 -146.278 2.113
-166.554 -57.437 -171.004 2.048
123.657 24.157 131.581 2.060
-87.438 -99.281 -75.614 1.951
-22.335 177.138 -144.856 2.147
149.210 -148.894 91.510 2.122
200.026 -32.838 -26.215 1.794
197.666 -2.951 -173.784 2.116
184.109 157.519 -0.520 2.044
87.217 -45.640 26.614 1.929
198.802 -178.959 36.498 2.133
167.142 -131.790 -87.702 2.051
209.938 -168.319 92.686 1.944
173.819 -43.942 22.090 1.984
92.991 -151.814 88.890 2.075
49.520 -35.349 115.444 1.997
-117.868 109.920 -142.664 2.085
22.090 28.653 -100.795 1.896
100.083 33.687 -158.418 2.044
-31.668 28.737 -146.595 2.060
-21.337 -153.253 -20.706 1.957
-88.441 -81.056 -182.468 2.212
-63.716 -30.033 123.511 2.155
-59.936 114.751 13.315 2.030
-2.840 -138.262 -198.482 1.981
-61.279 -56.957 -170.788 1.996
186.926 162.927 2.435 2.031
-207.652 -140.735 -14.051 1.885
208.887 55.695 -175.882 2.044
-158.811 179.587 10.424 1.884
165.361 27.171 0.760 1.798
-16.612 13.483 -29.371 1.979
-203.697 -92.999 -59.849 1.979
-86.480 -16.624 172.962 2.055
152.285 -58.592 189.878 2.049
-200.957 -165.177 -197.670 2.185
50.561 53.823 21.769 2.319
-131.628 -18.307 -17.974 1.899
122.173 13.017 -71.120 1.928
163.988 -64.136 184.082 2.147
-111.567 -164.843 21.575 1.982
67.240 177.375 28.323 2.063
-132.174 148.854 158.403 1.776
-126.009 185.141 -117.193 2.131
-134.132 -25.614 195.349 2.005
-220.940 170.823 -32.461 1.894
-30.287 -55.033 -10.080 1.758
58.972 -31.972 62.795 1.900
-84.676 73.815 -196.573 1.978
143.015 -177.017 90.170 2.047
-165.095 -136.065 41.061 2.017
92.565 -18.970 -75.527 2.128
31.409 140.889 -57.905 2.025
-123.956 -16.383 71.059 1.958
-167.784 -86.872 -171.258 1.965
-80.464 -183.101 -72.660 1.807
-197.339 161.970 -199.533 2.028
102.293 -81.297 -63.796 1.925
-49.270 -15.135 -102.400 1.988
76.889 -64.121 127.978 1.912
2.691 -182.458 148.209 1.939
-14.608 -57.310 108.062 1.974
105.006 -72.008 157.179 1.962
-200.375 -5.128 -79.567 2.075
-172.855 145.840 -57.471 1.899
-184.448 14.295 -106.431 2.014
-64.059 -179.688 -171.686 2.017
55.983 90.691 164.799 2.062
141.385 -75.492 -57.316 1.900
93.394 66.591 -183.696 1.895
112.398 -51.360 182.978 2.023
12.104 -189.396 84.638 2.067
-118.643 13.403 -31.404 1.939
55.044 -65.247 -30.040 2.027
162.521 -162.326 12.842 2.119
-80.098 116.593 -122.450 2.038
-44.999 59.181 -5.974 1.934
24.204 57.477 154.867 1.958
-158.711 173.594 -109.746 2.126
-70.374 -85.054 174.331 2.137
-180.817 -92.018 107.776 2.159
-124.835 180.459 149.787 1.951
-24.468 -120.935 84.385 1.878
-138.697 -31.579 34.183 1.681
-79.564 -76.120 -133.652 1.974
61.521 123.871 149.577 2.155
209.130 7.707 -55.634 2.010
-81.825 70.335 -3.046 1.936
-9.316 -64.821 -149.631 2.040
219.194 151.470 -168.505 2.219
163.727 -59.521 -18.048 2.066
190.316 50.824 -93.240 2.080
206.540 -178.635 -33.434 1.918
-36.194 -38.731 -75.387 2.168
-82.283 116.103 -108.716 1.893
153.163 19.161 -5.263 1.830
175.740 -25.770 177.167 1.710
87.202 -60.609 -42.051 2.312
45.204 82.101 199.801 1.889
-76.559 -51.907 94.649 2.044
66.344 -104.057 -144.453 1.897
179.425 -85.067 53.813 1.998
178.463 50.286 -60.560 1.947
-17.074 106.909 -7.983 2.179
-22.017 183.148 -17.769 1.996
-83.268 58.702 -178.918 2.065
143.936 15.494 59.192 1.974
218.267 125.546 -133.592 2.072
170.286 -74.047 -144.916 1.952
38.635 -154.127 -175.619 1.983
-145.218 -99.346 178.995 2.119
-161.406 -98.218 91.707 1.823
-106.411 99.550 114.154 2.009
34.212 -108.700 75.127 2.182
102.646 104.115 -86.365 1.811
124.075 38.153 -126.306 2.085
138.471 -61.870 -96.313 1.907
189.774 157.547 0.844 1.827
39.245 -109.592 198.213 1.917
-73.296 127.328 84.275 2.078
-42.952 -138.933 -172.057 1.897
93.408 152.689 -166.767 2.133
-0.855 109.643 -157.099 2.046
-127.787 13.020 178.363 2.080
-108.136 122.497 26.961 2.042
75.398 -134.896 64.300 1.961
-27.116 -0.070 23.086 1.975
168.694 126.627 -187.720 2.133
170.618 -149.099 -57.590 1.833
-146.896 181.458 144.459 1.896
-81.893 47.207 58.719 1.993
42.749 52.954 -134.558 2.146
-27.201 148.042 79.835 1.859
-143.324 -164.151 194.657 1.771
125.075 -176.121 16.849 1.982
219.002 -89.388 -135.915 2.004
58.944 -47.214 -39.321 1.990
209.567 -58.055 155.605 2.078
-77.237 84.557 -65.588 2.158
9.522 -170.956 -89.831 1.906
195.857 32.940 -164.491 1.985
-218.231 45.242 -160.978 1.979
107.982 -6.541 129.342 2.087
15.092 143.749 66.661 2.022
21.238 -48.262 -89.369 2.027
191.002 93.702 103.996 2.074
199.487 -180.273 -18.255 1.843
-84.530 123.353 134.299 1.952
-187.627 -129.294 167.264 1.976
-114.686 48.782 -84.215 2.086
53.651 129.568 160.830 1.969
69.240 150.255 -90.436 2.001
58.070 -20.543 -147.245 1.964
-194.910 171.011 -79.566 2.020
-59.226 -8.763 -121.603 1.968
66.491 -182.989 18.397 1.859
59.559 68.629 -61.606 2.041
99.030 -142.438 11.158 1.996
102.215 -121.980 -142.093 1.978
-98.971 175.845 127.743 2.113
190.659 -69.511 159.972 2.080
59.392 -46.244 -50.197 1.954
-112.285 -64.345 168.754 2.011
-93.544 134.589 -43.079 2.007
-107.924 95.656 -37.440 2.151
108.171 -149.693 1.408 2.002
-211.493 -120.783 -172.938 2.004
-51.272 -6.571 29.445 2.106
190.282 104.363 156.999 1.827
205.912 133.453 -141.145 1.920
-23.079 -121.299 -150.313 2.077
-121.797 -104.210 -38.960 2.044
-89.208 8.945 74.430 1.821
-157.901 27.514 -172.291 1.859
-40.760 69.636 -35.130 2.094
72.871 -159.893 -168.261 2.047
-151.594 -42.458 26.655 1.919
143.256 12.036 -47.643 1.999
-80.632 154.248 138.804 1.988
-53.979 46.967 -137.463 1.947
52.223 23.414 32.726 2.007
15.153 -176.026 108.422 2.116
217.659 -136.710 38.638 2.068
189.472 -108.249 -34.734 2.000
129.067 -103.463 19.418 2.099
11.864 94.087 191.092 1.832
-47.456 179.844 -133.037 1.783
220.437 187.196 -158.112 2.143
-60.493 125.870 -70.424 2.123
-178.103 -161.929 178.414 1.916
-72.442 -161.271 76.354 1.884
21.860 -39.861 -164.106 2.204
166.624 -44.935 -97.237 1.918
-220.453 -44.810 -145.674 2.060
-77.702 149.171 120.647 1.848
-191.911 126.746 124.578 1.952
-171.431 -93.308 -141.824 1.781
-128.440 138.692 137.803 1.928
-139.716 166.967 -123.873 1.994
-69.477 -42.967 -180.562 1.899
-29.022 -112.022 155.502 1.970
-138.575 -29.983 -26.348 2.005
-219.934 -101.343 -87.732 1.864
-219.590 -60.491 -3.157 2.120
-164.502 -151.129 -141.888 2.041
-187.969 122.409 134.072 2.124
188.628 -115.769 73.713 1.862
-182.731 -80.628 92.616 2.096
-179.827 -138.547 -158.018 1.956
-153.011 3.438 -92.756 2.117
-50.353 -51.406 87.111 1.914
-82.677 182.035 -74.318 2.004
193.269 38.791 -123.972 2.029
207.142 34.885 53.442 1.969
153.675 -180.710 74.587 2.143
224.162 99.333 106.512 2.082
143.549 80.265 -31.689 1.994
-63.211 -94.085 115.380 2.126
-183.231 8.740 -171.987 1.990
170.641 37.837 -150.017 2.009
102.144 59.216 -194.741 2.103
-87.309 127.539 98.566 1.981
-217.954 -116.143 39.621 2.108
212.595 -86.617 -111.369 2.115
-3.277 -121.914 62.106 2.112
10.872 29.433 36.628 1.943
-97.034 36.244 -113.204 2.156
78.757 -41.435 149.685 1.881
173.499 -72.934 18.685 1.911
-174.626 8.637 -102.392 1.971
199.456 136.369 -151.065 2.020
