-36.984 119.355 0.646 1.962
103.241 -126.192 -9.622 1.977
-212.300 8.954 -92.050 2.093
124.634 -149.614 124.465 1.885
-10.929 24.951 180.512 1.826
-138.469 -51.905 -110.268 1.910
-83.812 -13.793 -88.570 2.233
-127.828 37.388 161.840 2.194
-222.548 -38.108 82.740 2.229
138.277 -53.221 -22.069 2.036
-133.679 -55.935 195.817 1.904
-2.688 23.789 133.962 2.059
164.895 101.150 163.403 1.913
-24.917 -178.506 -171.946 2.126
-74.366 -22.775 -121.602 1.887
114.889 -49.985 122.073 2.140
146.545 -2.322 -73.371 1.989
-32.710 -73.908 -52.100 2.133
-15.967 -43.671 68.178 1.870
-176.588 5.286 -30.111 2.034
122.724 61.147 175.534 2.126
163.190 -179.368 91.931 1.976
98.409 171.049 163.254 2.112
11.686 -52.181 -171.983 1.972
-119.563 5.084 -73.684 2.077
4.692 60.168 -56.902 2.044
-160.333 -181.874 -195.955 2.042
198.890 168.925 71.795 1.877
-204.626 79.094 27.181 2.124
-223.980 -74.010 77.672 2.092
179.556 -38.195 -70.665 2.113
-195.008 73.966 -197.440 2.053
5.447 3.515 52.432 2.089
-84.915 -23.013 -169.036 2.090
127.533 -93.684 133.182 1.901
-184.566 -176.157 -129.007 1.935
-132.569 185.760 -90.936 1.836
39.928 -11.949 -66.630 1.987
41.234 48.521 -84.720 1.932
147.396 5.669 -115.477 1.958
135.320 35.138 -8.394 1.845
-115.984 -5.872 69.219 1.992
-32.304 -134.086 90.812 2.068
-212.680 -28.033 9.769 1.896
-201.355 -147.536 -52.824 2.161
-167.493 -90.356 -42.006 1.992
-181.378 15.290 -63.235 1.959
31.159 66.698 -137.101 2.034
-54.562 122.640 50.812 2.000
-103.949 -80.552 -136.561 1.980
-105.218 -103.798 -33.812 1.925
-126.635 42.784 -158.525 1.830
115.515 -3.742 60.678 2.024
223.348 -71.731 42.627 1.896
61.501 122.589 193.592 1.958
101.363 42.333 28.676 1.953
164.573 130.057 -157.585 2.016
-76.863 149.959 179.976 1.975
34.762 16.214 45.502 2.019
-172.900 11.457 135.656 1.955
144.226 103.669 -160.945 1.955
71.444 -110.407 -151.877 1.759
94.404 -171.143 18.402 1.943
155.041 143.409 130.667 1.854
-186.466 -169.198 68.899 2.021
-114.927 -135.490 -24.114 1.861
-22.674 39.106 -86.949 2.003
102.232 -185.621 125.351 2.076
37.491 -62.311 11.866 1.928
-62.299 143.354 4.111 2.014
-189.504 -143.772 -12.036 2.068
-79.599 167.061 98.180 1.923
150.758 -94.491 46.408 2.051
123.403 -63.940 -138.437 1.983
-181.276 99.097 -56.029 2.077
126.413 -154.571 -23.794 2.174
150.587 -189.971 3.857 1.905
-105.419 106.301 51.627 2.025
-218.727 -27.390 105.451 1.875
-73.731 -131.762 -197.946 2.023
204.012 16.357 175.755 2.016
83.781 -184.409 30.732 2.028
-222.643 34.328 17.221 2.010
166.639 15.416 -176.616 2.013
-171.100 114.035 6.051 2.043
44.260 83.673 143.975 2.211
218.604 30.498 -23.824 1.916
-90.771 85.201 -190.443 1.943
206.520 -51.302 126.364 2.062
49.685 -87.480 174.008 2.038
82.016 24.505 58.106 2.045
-192.631 -22.535 -193.386 1.974
104.341 138.595 -134.308 2.156
-72.667 33.075 -78.299 2.066
24.977 -40.254 65.421 1.985
155.000 -12.161 -8.525 2.062
-110.924 -93.926 -127.918 2.143
-214.742 63.116 -197.338 1.875
124.990 126.626 169.180 1.926
-213.702 150.946 -55.314 2.091
-134.829 129.902 193.375 1.918
36.293 6.174 124.227 1.998
221.313 -166.296 -91.022 2.115
129.817 -83.321 38.658 1.863
0.626 18.008 -106.117 1.909
200.296 23.588 44.540 1.955
209.196 132.255 -199.156 1.925
-4.592 -69.082 52.637 2.023
137.428 70.637 -170.678 2.094
-213.671 29.484 -145.545 1.990
154.710 -116.412 150.086 1.926
9.928 -49.274 81.702 1.917
-140.890 -93.822 184.384 1.979
181.492 -96.276 75.799 2.002
167.386 176.884 171.291 1.919
-172.235 96.370 152.293 2.261
70.797 77.078 82.838 1.863
-181.960 144.538 -30.328 1.829
-107.834 -20.088 149.867 2.058
218.052 -82.412 -92.434 1.847
224.053 36.691 83.227 1.835
-24.406 75.543 -84.606 1.980
144.767 31.782 -21.192 1.958
159.417 173.670 -96.740 2.001
-78.096 -154.842 -25.386 2.062
88.537 -68.753 95.232 1.983
195.583 -118.823 -167.235 1.901
-130.720 157.440 81.123 2.049
-45.462 177.382 110.083 1.958
192.151 -89.428 -70.510 2.112
-86.914 149.031 37.417 2.032
-65.550 116.761 -82.966 1.903
-88.305 141.665 189.958 1.984
90.905 30.562 14.121 2.091
-7.846 176.950 98.628 2.049
129.689 -45.428 42.921 1.816
-17.475 -25.245 -82.909 1.983
48.419 33.302 165.536 2.027
-191.156 -106.864 -138.687 2.093
218.783 64.702 183.046 2.023
-50.236 -69.779 21.759 2.011
17.422 36.097 -50.320 1.951
41.005 -129.629 97.117 1.951
80.364 186.978 21.552 1.894
190.995 82.558 31.747 2.137
-146.591 -39.233 67.158 1.825
177.952 -171.153 121.571 1.808
-166.383 178.103 -58.757 1.888
140.010 145.958 21.892 1.949
60.826 157.002 -76.958 2.136
-113.412 -50.025 118.850 1.890
146.637 70.594 85.046 2.030
209.445 -51.851 186.560 2.136
-212.072 108.577 192.826 2.069
-83.251 83.379 196.542 1.962
108.024 152.964 191.153 1.877
79.326 -104.261 86.721 1.817
-164.760 -83.034 -24.442 2.045
4.822 -157.323 123.742 2.040
-27.560 -81.358 -120.397 1.954
-118.589 -60.630 155.393 2.035
30.341 -122.410 -29.508 1.877
35.936 25.775 -88.227 1.919
-81.351 109.624 130.905 1.918
213.977 163.216 49.716 2.246
98.983 -16.429 -31.221 2.089
200.683 88.973 137.972 2.023
-72.560 107.345 -13.182 1.951
-0.329 163.726 141.582 2.011
-127.184 60.099 -140.944 1.967
209.254 -59.159 118.542 2.134
-189.075 -11.460 -121.181 2.048
-130.252 86.625 35.932 2.024
177.109 -165.905 -155.130 2.157
87.634 53.849 -116.702 2.044
-171.290 88.158 185.286 2.055
-136.689 140.633 114.198 1.988
25.827 -153.122 -115.908 1.940
-172.555 -21.677 -85.190 1.848
82.152 -97.134 -34.451 2.131
-124.340 5.489 -16.781 1.811
-157.715 -0.092 -187.737 1.958
215.936 155.209 133.766 2.141
-156.754 -54.651 -90.298 2.167
-101.503 52.464 129.054 2.049
150.498 186.535 53.611 2.102
201.113 -177.872 104.542 1.920
82.007 -99.776 -45.238 1.955
31.278 -100.697 65.199 2.031
-116.025 3.545 22.848 2.051
159.466 137.180 126.149 1.961
189.071 11.954 123.282 1.824
174.534 62.301 -186.546 2.052
160.156 -131.550 -47.657 2.173
51.406 16.897 -48.090 2.093
193.181 52.531 18.786 2.029
-115.370 -140.995 -103.152 1.943
-215.346 -29.798 149.550 2.004
179.240 -177.848 177.366 1.876
144.550 137.476 63.365 2.028
-177.368 185.890 102.342 2.003
-30.675 -135.538 -62.120 1.980
-28.247 -128.808 136.630 1.822
27.800 40.109 149.022 2.043
89.158 153.786 67.650 2.024
223.542 -28.231 159.530 1.898
153.809 -104.676 166.339 2.212
-23.748 1.262 186.464 1.810
143.140 164.159 16.894 1.856
-86.446 64.036 8.671 2.031
-163.093 -57.836 59.550 1.898
-211.975 183.674 -40.748 2.091
-92.871 -109.295 66.949 2.016
118.474 -15.495 -34.968 1.788
-60.996 -92.052 113.420 2.013
-31.077 127.242 155.841 2.078
-183.056 179.261 -27.041 1.923
169.082 -21.215 186.513 2.141
54.480 168.198 -164.312 2.057
69.217 154.975 133.736 1.907
-160.895 -78.829 -190.633 2.017
-168.181 -72.332 -9.064 1.842
-46.509 -47.944 116.342 1.960
166.152 -154.440 85.887 1.770
204.434 102.145 175.272 2.192
-144.197 -42.774 186.445 1.969
121.085 -105.620 -145.038 1.831
184.519 -121.744 42.746 2.142
-144.036 56.671 -82.325 2.080
7.571 106.848 130.049 1.887
117.463 92.728 123.654 2.059
-147.941 126.807 95.244 1.937
-58.848 -109.430 193.746 1.916
-128.675 -74.079 -68.059 1.985
-184.018 -100.849 -30.456 1.909
-131.188 81.844 167.792 2.001
-153.601 67.870 112.471 1.884
-74.773 -38.534 158.949 1.960
161.171 -69.884 -152.997 1.956
-116.297 -13.409 -176.150 1.859
-140.022 -33.387 43.151 1.989
147.374 -169.719 -85.414 2.132
157.760 -139.723 -62.371 2.216
8.607 102.018 135.716 2.045
-161.404 -127.669 38.058 1.913
-5.047 128.038 -180.584 1.960
61.640 -61.085 76.320 2.059
29.245 -155.542 195.812 1.926
-71.896 -83.783 -144.302 1.880
-160.174 -127.513 -24.693 1.955
203.205 170.173 -133.444 1.926
-186.107 68.949 32.710 2.081
172.168 136.695 -161.125 1.954
36.328 -33.618 138.324 2.052
-187.739 50.220 -148.783 2.185
-22.508 11.918 -49.629 2.076
-184.053 -46.593 -148.336 2.032
2.345 -87.723 9.183 1.902
-128.517 143.239 -172.353 2.006
39.720 -63.616 53.441 2.025
159.493 112.444 -15.360 2.016
-181.837 92.822 49.834 2.127
25.329 132.829 -174.755 2.289
2.062 -19.601 156.600 2.066
209.911 147.126 89.933 2.047
-87.160 21.101 36.691 1.962
105.487 -185.388 142.832 2.247
24.401 8.917 -125.628 2.124
13.759 -71.408 159.133 1.955
124.393 79.261 -136.460 1.903
-135.774 47.772 10.737 1.890
217.391 120.546 -117.255 2.017
150.975 -176.282 20.414 1.891
120.207 120.616 -71.810 2.006
19.532 137.542 55.081 1.959
84.884 5.435 86.998 2.073
34.404 -73.394 -146.268 2.088
214.868 -39.297 -98.776 1.955
186.431 128.667 -87.496 2.043
-202.560 -141.356 -150.164 2.167
-38.853 -38.934 -10.570 1.892
-79.157 128.823 155.315 1.931
8.978 -16.919 188.125 1.957
103.747 -162.568 -192.674 2.096
-80.461 152.164 49.678 1.965
-0.087 -97.818 5.611 1.990
29.759 -66.875 -106.862 1.949
-188.197 107.776 -91.033 2.021
-32.793 187.260 -24.819 2.051
102.222 180.708 -146.089 1.902
-97.401 123.000 -0.542 1.915
87.287 162.274 -30.625 2.093
-207.839 176.186 156.637 1.948
212.063 104.594 -126.894 2.121
208.811 -96.116 147.524 2.191
133.272 -19.745 13.064 2.033
-64.707 -50.033 154.936 2.031
103.602 102.091 137.029 2.070
-49.269 9.252 91.194 2.004
38.983 -78.466 -77.263 1.936
-199.494 -49.022 -178.302 2.036
-64.454 184.889 -156.442 2.078
-209.730 37.949 104.088 1.893
147.504 -69.659 112.743 1.969
-114.472 -127.613 -72.365 2.064
197.375 35.697 74.598 2.100
-77.623 155.107 183.301 1.868
-212.834 -87.058 -122.466 1.788
-86.736 118.144 45.073 1.946
86.369 -63.002 -107.632 2.066
116.563 113.144 -42.030 2.000
138.380 -98.572 -68.066 1.846
129.803 -59.030 -196.749 1.808
28.647 183.200 85.600 1.907
51.840 106.024 70.527 1.898
123.384 101.261 150.261 1.969
-130.484 13.552 -187.353 1.822
-10.359 114.080 -110.583 1.927
-127.971 179.412 -141.880 2.052
37.534 34.687 90.296 2.070
67.611 86.757 19.480 1.932
-54.061 -140.826 122.429 1.960
-39.389 55.873 79.575 1.850
74.705 157.659 -83.610 1.987
196.404 -72.091 -18.872 2.058
-147.851 -26.459 -170.068 2.049
57.298 39.453 15.656 1.740
201.925 101.326 -130.934 1.789
-91.324 27.143 -6.559 1.934
-85.770 59.411 -193.713 1.882
-106.087 182.656 32.089 2.028
-163.472 35.100 -35.706 2.014
-7.519 175.761 196.985 2.024
19.796 -81.385 193.695 1.882
199.462 86.378 58.408 2.078
-184.561 32.237 -58.777 2.026
161.004 1.054 94.320 2.074
89.308 -101.489 91.518 2.089
131.136 83.749 13.533 2.115
-22.487 182.354 65.803 2.205
-41.080 -1.363 7.567 2.065
218.351 176.176 -63.371 1.866
170.204 17.156 -183.668 2.013
67.805 -86.124 -21.073 2.031
-38.083 -3.449 -75.139 2.098
72.668 -23.242 -20.057 2.141
-184.688 134.027 120.864 1.974
173.499 88.438 5.896 2.067
-142.703 -184.366 132.541 2.123
-96.464 -124.864 -26.506 1.967
-97.390 175.076 -28.370 2.137
-196.377 -186.448 118.394 1.901
-198.887 -134.474 -179.148 2.082
156.877 7.460 88.304 2.121
-72.564 -46.910 -161.144 2.089
-183.441 50.082 -1.126 2.137
-204.803 161.980 37.152 2.036
-69.910 171.970 35.732 1.985
-218.634 41.055 -76.410 1.985
-32.238 -143.688 178.756 1.919
175.544 -53.749 71.579 1.960
-36.593 -166.351 4.816 2.249
223.772 -154.789 -64.524 1.873
145.667 -169.947 8.356 2.034
15.779 22.432 -146.268 2.056
-218.043 117.406 -197.198 2.049
214.909 155.520 -190.879 2.083
-172.378 -154.875 -22.032 1.913
-186.938 1.588 -4.928 2.015
93.504 24.893 192.990 2.052
143.040 -30.016 166.438 2.100
-39.454 161.790 -168.368 2.065
191.020 174.059 -50.446 1.991
74.820 -4.671 74.882 2.099
218.504 111.918 139.572 2.001
-79.329 -30.054 -13.761 1.951
46.630 148.342 -148.580 1.978
-31.512 -146.919 140.825 2.143
103.539 -122.309 -141.410 2.046
-45.985 73.912 -32.332 1.926
23.987 -175.515 -177.654 2.013
201.933 9.870 182.378 1.945
188.305 4.273 -38.922 2.150
-84.392 -187.868 -151.322 2.054
127.771 -2.037 137.237 1.991
-209.719 -158.039 127.839 2.067
62.618 103.146 159.635 2.037
211.805 64.802 135.999 2.001
-210.695 -24.860 -1.912 2.020
-16.973 -96.720 5.406 2.105
166.081 53.555 -105.533 2.094
54.358 31.250 2.335 1.998
198.517 146.427 113.874 2.011
47.939 92.989 -26.113 1.996
78.121 96.152 27.785 2.229
108.800 -22.665 72.124 1.845
-5.683 45.699 -189.799 1.829
-219.205 78.969 6.071 1.974
45.457 -89.596 -161.572 2.071
-74.245 186.651 82.320 1.936
-188.458 9.112 -80.391 2.125
-29.580 62.917 -119.058 2.000
-206.315 170.467 124.614 1.917
-84.756 88.230 -179.218 1.956
-98.014 28.160 197.736 1.956
222.509 -143.103 -6.718 2.091
194.617 12.980 154.412 1.843
140.162 -140.132 8.365 1.814
-195.612 -30.260 -180.537 1.943
31.919 -54.658 115.275 2.037
37.629 -150.604 -162.913 2.024
180.191 -173.483 -7.144 2.043
-14.445 77.357 -56.623 1.884
212.103 -181.826 -160.585 1.951
69.763 2.788 -65.528 2.118
-190.275 -177.446 -147.765 1.837
81.529 176.692 154.732 2.088
58.656 131.706 176.139 1.926
-51.640 -21.076 176.150 2.079
217.202 -54.061 -138.713 2.125
-51.210 -175.362 -68.561 2.085
43.758 66.458 138.325 2.075
-13.079 -76.752 24.042 1.795
-194.832 -155.530 -62.395 1.931
154.311 -19.658 25.928 2.229
27.210 22.025 19.355 1.919
-87.383 25.710 13.592 1.992
174.724 13.037 113.597 2.046
-137.362 -140.764 57.301 2.025
206.114 50.599 125.210 1.913
139.318 -98.734 129.429 1.861
-215.760 113.087 24.634 2.081
25.599 -113.418 164.649 2.094
-75.778 166.470 36.144 2.016
-12.316 158.450 -52.102 2.009
-16.442 -164.787 -27.677 2.146
-106.294 -80.738 171.090 2.082
-66.796 180.148 20.128 2.142
-172.608 -56.972 -55.403 2.063
161.622 -167.863 0.009 2.065
-71.999 -60.723 117.377 1.841
-23.671 167.337 51.000 2.085
219.819 135.999 -25.985 1.896
192.528 155.769 -111.095 1.800
-20.880 98.190 99.826 2.044
-200.509 93.738 -104.635 1.941
-208.695 110.305 126.354 1.985
74.146 20.439 -5.858 1.914
195.692 -79.411 48.247 1.912
76.638 -181.175 -28.847 1.965
-210.262 16.161 126.947 2.060
-91.359 66.405 177.137 1.893
-173.014 -9.235 177.489 1.975
-56.956 46.541 96.596 2.000
-188.352 38.945 160.103 2.048
214.910 13.443 -47.909 1.943
-10.445 153.141 32.789 1.992
107.540 41.524 -180.171 1.987
-108.396 -53.928 53.823 2.088
20.132 181.426 -17.601 1.789
101.037 -150.961 -190.257 1.932
124.040 -61.929 121.418 2.172
188.616 -70.276 -193.885 2.098
183.714 -46.069 -62.438 2.068
-208.444 -91.552 -136.973 1.905
-113.786 0.929 -49.159 1.879
211.247 61.156 -185.651 1.959
-182.322 -30.751 -36.702 2.066
-23.093 188.059 -39.719 1.932
-206.456 60.130 181.516 1.850
-78.085 170.993 -129.260 2.062
74.104 153.990 24.551 1.888
171.384 110.210 -80.123 2.101
125.362 -43.846 75.679 2.109
143.846 -177.113 -182.858 2.011
-39.709 85.493 184.866 1.946
-189.843 132.769 -88.525 2.196
205.036 115.916 -31.855 2.116
-194.975 -158.114 -74.585 2.066
129.645 85.743 -63.523 2.094
178.418 95.695 -5.483 2.239
148.972 -138.916 -76.667 1.926
-181.175 30.966 -77.769 1.979
-188.775 -132.425 14.358 2.019
-144.448 188.280 -22.992 1.950
-17.498 -42.952 -115.751 1.894
129.122 -42.600 152.851 2.022
83.371 -74.798 197.431 2.089
9.299 186.970 41.509 1.900
-80.680 -28.942 32.469 1.953
-194.571 165.446 0.919 2.152
-55.976 61.348 157.078 2.058
156.607 28.418 -152.185 2.099
59.455 154.607 -97.431 1.795
-20.443 -88.086 -196.941 2.041
-116.803 32.826 -181.421 2.012
-98.668 -132.402 -13.141 1.906
104.536 182.367 -76.762 2.141
-137.071 147.534 84.139 2.061
-167.282 -3.273 -105.831 2.057
137.810 72.547 -174.030 2.184
185.158 136.437 -25.077 1.755
-154.938 -182.020 -199.694 2.151
205.394 -160.950 125.055 1.903
-175.352 49.479 122.729 1.949
-107.231 47.351 98.014 1.986
38.083 -52.580 184.694 1.902
-88.924 -117.814 -86.037 1.977
103.505 134.078 -177.002 1.956
-47.286 75.655 -71.690 1.919
-207.670 123.615 -53.294 1.824
-31.557 -156.265 106.913 2.025
118.149 -97.935 -114.324 2.027
-43.898 57.614 -67.950 1.953
197.536 116.813 -22.988 2.098
-173.548 -41.422 166.215 2.046
-152.708 96.333 -169.598 2.134
213.979 -60.567 -88.691 1.884
-46.515 78.968 -162.430 2.006
85.396 148.809 155.255 2.151
-2.797 73.905 56.895 1.907
-194.345 -117.488 -52.791 1.953
-82.341 -69.217 -120.730 2.111
-126.931 -55.945 116.321 1.843
-11.670 -13.214 44.578 1.963
-116.127 189.518 127.078 2.008
-79.546 -185.519 152.254 2.083
123.625 182.556 -108.879 1.966
168.123 -84.143 -12.585 1.995
-31.220 165.992 94.150 1.843
167.495 47.751 160.651 1.949
80.519 -127.377 -140.468 1.794
-77.195 -155.425 112.435 1.965
113.481 121.228 152.554 2.152
-208.153 181.551 -56.240 1.890
56.988 37.456 -190.358 1.907
12.047 30.166 161.809 2.046
-154.179 98.075 187.435 1.967
153.325 133.605 52.465 2.323
132.709 62.661 -148.879 1.920
42.659 -154.583 27.534 1.912
-117.037 -124.703 -122.324 1.907
188.390 -13.822 -104.371 1.797
-28.805 131.547 -199.544 1.983
-77.274 -103.275 -147.353 2.028
212.166 140.542 -176.400 2.032
-136.856 45.595 191.085 1.772
97.033 45.380 123.869 1.987
37.169 75.007 46.833 1.997
-121.394 -8.150 -174.919 1.971
136.304 67.627 -136.153 2.043
-202.342 46.358 7.636 1.822
-137.663 34.186 -143.340 2.126
-84.765 2.786 86.079 1.899
-44.470 174.014 22.807 1.807
-94.375 110.747 -189.473 2.151
56.247 86.737 65.163 1.802
135.312 -146.327 -149.130 1.951
-81.535 135.355 110.299 2.124
93.507 89.947 -69.497 2.166
-134.955 153.540 108.798 2.240
-59.203 -30.733 25.613 1.875
67.698 44.106 -168.098 2.045
-174.206 -100.745 -198.677 1.942
37.939 40.669 -105.671 2.144
-178.284 54.139 56.526 2.165
-51.872 78.176 118.839 1.896
-181.285 -59.978 -196.044 1.804
-66.157 175.724 -61.105 1.950
-79.415 -95.435 -95.087 2.099
-148.988 -22.514 -3.917 2.055
-106.015 120.289 56.602 1.834
209.453 58.282 18.861 2.350
149.469 -2.985 -20.877 1.926
28.923 -27.066 -181.853 1.978
76.564 -158.066 14.530 1.961
168.347 159.597 167.507 2.172
181.523 -177.979 -142.485 1.796
165.889 137.764 -126.655 2.001
130.459 174.000 -184.641 1.978
56.067 -62.892 -197.140 1.947
165.991 104.203 42.590 1.960
-168.605 -172.051 -62.851 1.971
114.440 1.690 198.102 1.909
139.583 -10.403 25.506 2.113
-149.587 66.183 -171.707 1.936
-7.839 -6.422 161.906 2.124
-17.184 64.899 50.272 1.747
56.702 -44.746 -82.576 1.888
-152.693 -138.666 -58.127 2.138
153.619 -15.428 -54.284 1.823
110.432 -148.074 -35.852 1.941
-137.300 74.711 112.838 2.073
71.444 -58.566 -17.869 2.126
-127.379 -85.165 -96.650 2.001
214.660 40.364 62.273 2.154
94.180 51.325 115.913 2.236
-89.723 154.468 -10.457 2.012
-211.099 -126.143 193.320 2.001
-12.508 -86.412 167.272 1.815
116.964 71.813 33.875 1.908
107.631 162.623 -45.921 1.988
-183.723 -160.399 86.383 1.917
109.391 84.276 110.333 2.006
129.763 131.797 -91.990 1.979
-76.764 -21.653 105.333 2.032
-14.716 33.363 -76.409 2.074
43.378 -152.044 -43.703 2.115
167.566 -51.087 48.669 1.751
178.540 151.219 -129.216 1.965
-146.835 -184.894 -85.126 2.039
-163.110 100.551 102.153 2.010
-43.762 141.385 -39.479 2.054
103.757 -26.766 191.619 1.981
-70.959 -12.825 -5.215 2.014
52.419 -40.316 177.121 1.976
170.000 -22.915 158.080 2.019
144.902 156.707 -36.484 1.884
-41.238 -53.342 94.628 2.123
183.232 91.016 132.787 2.144
123.430 -11.019 31.727 2.015
133.786 -3.340 85.525 2.055
-2.656 120.123 138.790 1.927
-122.437 -25.213 5.734 1.993
-157.107 -102.617 -179.600 2.322
-206.164 -74.497 -91.394 1.975
-122.710 -97.483 76.439 1.942
10.041 110.314 48.759 1.883
-61.347 160.567 -34.720 1.947
181.175 -108.880 -9.931 2.141
173.808 -70.861 -184.825 1.972
77.456 -80.233 -150.478 2.099
-27.183 -138.518 18.242 1.973
12.269 -67.135 -85.009 2.055
-194.288 -60.699 136.652 1.946
12.512 -137.814 145.190 2.026
74.510 -107.859 160.664 2.231
-205.913 -36.313 151.016 2.169
-8.438 -62.009 -126.165 1.791
25.705 185.088 95.509 1.946
-150.329 -125.657 -114.977 2.119
-210.292 -143.183 -8.701 2.049
219.939 -166.830 -114.301 1.989
-109.674 -164.593 -53.268 1.974
-111.022 -39.071 -182.458 2.173
-202.033 23.887 -199.724 2.071
120.448 53.656 -145.709 2.164
-187.174 -45.223 -138.293 1.888
-154.419 -24.681 188.542 1.919
-82.132 -140.493 33.947 1.955
181.459 -53.137 88.679 2.134
-194.416 186.862 87.095 1.885
-22.320 27.531 30.865 1.867
99.216 101.890 -171.284 1.995
163.908 -183.872 -45.808 1.983
-79.104 -81.707 -93.769 1.884
153.161 -64.145 6.852 2.031
-16.537 -138.885 -136.488 1.922
-4.837 167.689 -74.798 2.007
-76.521 38.402 38.915 2.045
-217.040 -58.255 -70.038 2.029
15.323 89.628 157.393 2.051
182.441 143.934 163.239 2.099
-171.237 -117.240 -195.513 2.016
108.929 -126.114 166.737 1.953
-205.690 -148.399 74.366 1.970
-190.408 74.468 -96.833 2.091
5.989 55.471 -185.373 2.024
84.945 -124.658 -1.081 1.958
54.071 -182.680 133.469 2.055
-128.766 -29.969 -53.377 2.102
-168.733 -165.447 -155.357 1.909
-49.537 -34.121 178.980 1.938
-71.197 107.767 57.106 2.006
96.042 -159.430 83.955 1.954
-120.482 138.534 -71.245 2.041
2.786 -9.068 177.701 2.110
-174.468 -127.235 -80.333 1.974
-9.336 43.173 -78.623 2.229
112.228 76.369 164.902 1.893
87.472 -166.728 25.504 1.819
128.369 -91.814 -135.126 1.890
-169.305 -44.232 -131.551 2.106
-51.271 2.318 -82.180 1.955
7.497 38.244 -137.002 1.865
-218.149 29.976 100.385 2.169
-62.939 -118.651 175.723 2.096
-120.853 63.644 169.264 1.987
-110.466 -70.719 -124.105 1.902
-192.025 -182.341 -185.559 2.115
75.704 116.204 116.076 2.155
-157.144 44.196 -70.465 2.075
-158.691 74.775 -52.196 1.973
-108.826 -60.048 -12.606 1.869
136.499 50.726 138.609 1.880
192.714 -176.148 58.133 2.010
-160.490 -63.699 167.972 1.911
-186.375 84.801 -4.643 2.065
-62.091 104.593 55.248 1.900
13.309 -21.645 99.165 1.994
-153.485 162.446 10.739 2.108
13.087 -135.734 41.325 1.894
-150.048 185.629 182.931 2.083
174.628 -30.332 4.761 2.011
-205.852 151.678 -177.814 2.068
141.394 134.555 -88.425 2.016
186.177 -22.130 170.201 2.067
-109.909 9.995 -196.213 1.821
190.339 -15.621 -186.276 1.931
179.833 57.089 -58.938 1.992
-116.822 131.604 43.112 2.101
-16.547 167.620 106.521 1.793
191.162 -8.455 68.181 1.987
-187.709 86.751 115.986 2.118
125.648 -157.249 -57.266 1.937
-173.948 188.441 -24.304 2.079
-87.856 25.730 -71.088 1.997
-122.207 -40.650 -19.442 2.018
-172.356 114.672 192.993 2.011
-134.909 186.269 -16.812 1.935
-53.502 -92.555 48.623 2.018
-73.629 157.669 146.824 1.890
38.635 -43.544 -136.475 1.968
195.718 -0.962 -6.890 1.868
28.388 -75.152 -198.745 1.909
-80.226 -30.256 61.237 1.967
-134.279 -115.842 57.780 2.022
-182.308 -112.110 -138.280 1.992
128.841 10.939 186.934 1.928
-69.746 44.309 27.891 2.089
-75.276 -181.710 -54.203 2.082
4.042 22.426 -60.150 1.974
11.141 122.779 -105.997 1.976
-224.272 169.890 89.371 1.921
96.185 -91.777 -32.636 1.959
26.479 151.297 -159.880 2.152
67.915 -148.881 47.448 2.133
118.875 -175.304 -69.482 2.116
-197.044 -119.599 -101.718 2.155
-112.500 -29.962 0.398 2.119
187.427 -123.108 80.799 1.984
-97.596 125.029 165.194 1.951
78.604 66.293 -10.304 1.992
110.910 157.302 173.192 2.007
-45.708 151.817 -92.605 1.888
-143.784 -23.588 174.793 2.107
-22.277 -188.081 88.698 1.670
-36.174 -156.968 -4.878 2.107
-46.136 44.248 -124.846 1.841
-115.036 -144.747 133.758 1.946
-65.467 -67.839 147.906 2.037
18.562 64.744 32.769 1.942
9.915 30.954 -187.062 2.009
185.555 95.170 121.117 1.976
122.771 92.696 -87.009 2.122
-149.114 94.505 -114.013 1.840
37.739 -98.578 57.374 2.003
-74.893 -70.742 -81.925 1.841
79.136 -72.152 -144.625 2.065
140.329 73.788 -105.593 2.190
-9.712 -43.412 -176.118 1.995
-70.529 15.701 -87.814 2.062
30.478 155.385 57.784 1.990
178.676 -27.242 184.586 2.008
-161.328 67.988 -171.943 2.062
-205.153 151.038 126.195 2.050
63.623 87.276 147.854 2.184
-1.188 -84.373 -146.358 2.077
142.858 -31.327 25.257 2.032
135.568 -48.745 -33.602 2.037
175.702 -187.116 166.965 2.008
16.593 77.938 -149.502 1.932
-202.778 155.114 -95.487 2.060
-35.351 112.616 72.716 2.091
118.572 17.112 -180.486 1.893
-25.285 85.875 89.520 2.118
-100.186 180.777 6.827 2.087
180.079 189.922 93.047 2.074
-43.003 33.198 150.568 1.951
-214.268 -173.026 96.310 1.970
150.832 -1.906 -161.720 2.045
-46.166 3.644 107.897 1.858
9.946 29.935 -170.480 2.055
190.814 -30.170 73.121 2.021
155.269 80.226 -170.118 2.149
28.989 55.397 -63.672 2.119
120.538 131.863 15.220 1.983
52.483 10.612 -79.939 1.959
41.014 -69.868 -89.293 1.838
-173.790 -102.331 -161.562 1.955
182.371 -91.503 -79.951 1.704
-42.582 -142.509 164.794 2.082
204.269 -57.784 -62.214 2.117
-98.098 33.431 -151.364 1.971
96.683 -149.581 155.570 2.140
202.301 -52.668 -54.591 1.885
151.011 160.038 -34.028 2.099
-104.664 -60.104 -113.100 1.891
-97.011 -75.984 21.235 1.931
-145.181 -154.491 -3.160 2.111
189.330 139.857 -45.548 1.930
174.897 -8.785 -60.439 1.801
108.685 69.784 16.336 1.952
69.486 174.711 3.681 1.984
78.514 51.912 99.912 1.744
-164.636 140.555 -30.730 2.039
96.796 -137.919 40.338 2.132
110.331 87.808 5.075 2.054
145.660 114.808 84.812 2.071
-36.483 44.884 43.473 2.088
155.116 12.454 -20.802 1.862
193.231 25.563 -120.084 2.001
67.244 111.489 182.960 1.760
172.903 -72.683 12.049 2.015
184.054 -94.805 -115.577 1.982
-221.532 -39.637 188.356 1.938
23.327 115.554 40.233 1.935
209.497 -170.141 -59.815 2.135
158.061 -178.906 119.997 2.077
-115.128 -42.669 35.910 2.018
173.961 85.816 187.225 1.994
221.588 -86.071 -108.361 2.023
58.325 -149.051 -70.883 1.810
25.355 137.402 -169.808 1.830
18.328 40.406 19.388 2.018
-59.956 86.036 160.016 2.020
-134.486 171.856 -53.641 1.965
-70.092 -185.549 80.459 1.975
105.508 -115.143 86.797 1.923
-14.097 115.689 128.903 2.030
114.645 40.652 173.598 1.959
49.357 -137.112 165.346 2.147
-134.051 -67.970 102.359 1.950
-160.651 112.321 152.867 1.948
-211.206 161.301 86.677 2.069
-151.217 -136.629 94.450 2.133
-210.838 181.227 160.761 2.050
63.339 -188.037 106.988 1.973
98.293 -18.012 86.063 2.136
47.479 143.911 -83.295 2.052
-44.146 32.085 45.891 2.006
187.411 163.075 45.565 1.930
146.296 108.273 155.062 1.877
-23.019 -161.995 43.104 1.988
-201.444 159.324 50.476 1.965
78.638 156.591 17.810 2.076
123.519 -182.152 -168.132 2.093
39.660 21.466 -99.423 1.930
-46.643 -173.072 76.805 2.029
43.661 55.395 17.605 1.990
-201.004 -17.743 -110.427 2.188
47.807 137.721 90.265 1.833
24.723 -23.724 -84.627 2.147
158.830 -163.362 60.944 2.108
-215.536 -172.416 45.319 1.959
213.551 28.799 -166.719 2.037
194.872 103.204 127.142 1.969
86.589 171.951 82.965 2.089
-126.327 84.806 75.571 2.022
-82.679 -125.191 123.263 2.089
-168.136 -108.367 -187.068 2.008
126.672 131.214 136.314 1.924
-79.652 -125.350 56.214 2.061
33.406 -185.496 -159.930 2.169
189.164 40.966 -90.165 1.940
-13.002 79.818 65.692 1.882
68.178 24.909 -180.853 2.020
124.542 136.772 23.778 2.099
208.729 180.731 51.669 2.088
161.350 168.175 29.303 1.972
144.548 56.380 51.763 1.958
16.537 51.080 -77.463 2.080
119.475 36.684 7.226 1.936
17.806 27.974 29.311 1.987
-91.059 -18.935 192.431 1.996
111.957 135.631 -195.724 2.138
69.319 144.406 -155.266 1.924
-39.480 80.868 35.354 2.016
1.706 96.253 -53.216 2.043
148.400 -42.138 -195.128 2.097
32.152 -166.214 -96.046 1.962
68.714 -0.283 -168.282 1.892
-41.675 185.689 172.765 2.038
130.628 43.417 -43.992 1.994
-103.100 -137.371 -26.949 1.964
41.402 111.166 -50.200 1.829
149.333 100.906 21.596 2.129
-121.877 -181.201 97.875 2.122
-32.591 -45.844 -8.959 2.008
-154.610 33.890 160.801 1.984
166.965 -155.785 -184.186 2.220
-108.494 -128.572 -92.787 1.888
19.683 -188.637 94.195 2.102
-224.163 82.349 -167.695 1.999
36.906 -67.383 142.198 1.847
222.663 10.121 -177.684 2.074
-220.239 -91.646 -17.483 1.975
-154.196 63.486 -28.459 2.046
89.815 -40.373 51.883 1.934
140.072 154.962 -28.515 2.116
-178.656 -148.187 98.576 1.928
-136.532 117.133 72.312 2.006
-110.866 69.398 -138.438 2.016
77.760 -160.067 17.539 1.928
-193.352 -30.612 -196.538 2.127
-222.718 -65.207 -175.628 1.856
-174.425 -77.908 120.933 2.043
-13.953 135.792 -38.118 2.107
-165.426 84.079 62.505 2.247
-135.886 -118.237 35.211 1.855
29.662 49.034 -168.169 1.888
12.000 -161.600 100.533 2.090
44.691 131.835 -62.316 2.058
-144.809 -188.187 75.418 2.207
190.543 -72.576 57.924 1.886
80.359 -52.179 -114.564 2.002
139.102 -65.665 7.948 2.061
153.364 -131.114 -110.281 2.205
-180.344 -91.944 -151.607 1.995
142.758 -66.684 -101.546 1.974
-39.578 -150.371 -28.910 2.036
192.886 79.854 -125.547 1.899
-8.945 -26.615 -14.463 2.054
92.698 113.046 -4.823 2.007
158.289 -125.115 -24.483 1.742
-80.223 129.240 58.150 1.992
221.125 -165.114 -115.335 1.954
-162.078 -185.885 118.980 1.989
205.273 126.221 -115.135 1.991
202.360 -152.939 89.776 1.929
-184.616 33.485 -112.041 2.218
-135.146 99.670 99.520 1.938
-70.131 114.717 189.292 2.055
141.253 -149.548 -59.382 2.042
-59.977 97.107 143.680 1.964
72.105 112.296 -95.945 2.044
-202.015 -152.223 -50.857 2.192
129.469 11.281 -78.320 2.132
-162.658 11.328 180.404 1.844
192.529 154.414 115.287 1.862
154.072 -19.077 90.441 1.946
133.298 23.521 -184.753 2.042
-89.639 145.859 -58.595 1.958
37.807 -121.221 -40.750 1.946
-118.131 -140.988 -40.723 2.065
0.874 6.581 -142.567 2.043
-131.399 134.958 -177.684 2.088
-57.792 0.628 22.128 2.031
-28.049 -183.156 137.870 2.029
-151.612 -82.101 67.829 2.035
87.343 -184.402 -190.313 1.972
-157.436 -58.512 187.764 2.075
14.968 -57.100 -13.538 1.786
-87.638 146.043 -100.723 1.905
-32.782 39.935 83.128 2.173
-168.090 -142.297 2.488 1.932
-118.507 139.879 124.968 2.101
49.297 34.896 -46.613 2.261
186.258 -32.502 23.452 2.134
91.997 -104.959 -153.180 2.159
48.410 -136.720 137.285 1.819
-117.076 -149.909 -192.720 1.892
183.977 153.561 172.049 1.955
-4.743 82.532 -107.435 1.957
189.430 143.086 -136.944 2.081
-168.801 -177.711 178.497 2.023
-174.880 36.471 -154.252 2.094
-190.103 -160.958 100.353 1.958
-175.253 80.938 -62.107 1.952
-41.318 38.664 -182.148 1.914
37.938 36.252 173.753 1.956
-215.889 -53.441 -172.489 1.990
-135.551 157.304 -73.063 1.949
106.159 -181.474 -164.773 1.863
-108.873 -51.833 -62.100 1.961
-9.049 188.301 169.350 2.207
-76.282 -29.333 -111.794 2.077
6.785 -29.052 135.521 2.125
-72.316 -16.040 66.759 1.920
153.457 -111.467 -58.114 2.060
208.867 -111.326 122.087 2.114
55.160 90.490 109.660 2.083
50.653 188.553 -190.720 2.324
-40.918 169.837 24.014 2.030
-31.566 -121.511 175.864 2.112
-91.428 18.252 -176.471 2.024
220.329 -152.845 -140.860 1.988
-1.330 8.395 -34.988 2.047
-56.475 -98.183 107.264 2.052
-70.123 -65.985 190.640 2.052
57.886 -6.413 -46.322 1.786
159.749 -116.973 -60.795 1.862
-88.213 -162.865 109.710 1.886
-142.094 93.318 6.878 2.142
-47.120 -27.805 136.241 1.809
145.847 43.149 -91.514 2.020
-72.312 -166.461 -28.452 1.925
-48.739 84.653 100.463 2.180
-182.993 -41.774 -4.327 2.048
-24.635 54.102 117.986 1.885
