-213.309 -64.369 -168.501 1.994
-95.805 -46.437 170.340 1.926
141.437 -180.892 -190.113 1.983
36.851 -53.488 -39.938 2.138
-147.535 -52.667 142.160 1.974
-54.985 82.106 -9.838 1.970
-175.765 -116.969 186.563 2.099
223.616 145.161 -35.278 1.998
182.496 -136.800 -79.549 1.985
-145.197 24.449 57.538 1.951
190.056 119.259 136.475 1.781
179.648 -107.095 11.889 1.968
197.109 110.879 -82.231 1.871
-194.011 136.078 23.675 2.004
-20.509 -110.389 -29.954 2.092
-60.259 -175.775 184.769 2.142
-208.794 129.422 -34.977 1.746
188.671 -59.340 -76.631 2.106
57.723 -38.123 -37.865 1.997
127.609 166.778 -184.529 1.927
-31.251 74.302 -119.859 2.043
-150.831 -104.722 -106.923 1.801
-185.742 86.131 120.312 1.932
-92.165 35.621 -113.253 1.831
204.947 181.640 -159.979 2.073
91.819 62.290 -28.200 1.998
43.360 -189.498 -82.860 2.042
-31.527 78.029 -174.359 2.144
-201.192 -110.673 48.575 2.166
-43.179 -49.599 -1.004 2.030
-212.534 119.129 118.806 1.866
201.549 -184.201 -175.257 1.958
-163.084 103.501 -8.021 1.893
-195.809 28.082 -89.327 2.019
26.840 -90.966 41.310 2.002
-139.221 118.380 119.574 1.919
153.817 172.210 -4.330 2.009
-38.477 92.120 133.621 1.945
189.925 16.823 -8.147 2.007
-41.840 -38.333 -2.988 1.972
22.991 -112.426 -149.795 1.951
-145.500 47.916 -138.968 2.051
-120.054 140.415 158.423 1.880
-145.397 -68.062 -126.327 1.891
174.344 -139.056 -52.900 1.872
-100.271 168.540 -83.547 2.033
-55.761 -127.116 124.691 1.937
59.981 -181.406 4.399 2.133
-203.160 -127.217 -88.537 1.988
-94.167 -45.281 -183.117 1.869
167.533 184.906 -180.238 2.066
8.955 114.977 -180.965 1.919
-206.466 -158.148 -48.421 1.981
89.945 171.952 188.796 1.901
-111.378 -74.863 114.717 1.935
85.288 141.262 -172.485 1.833
-8.335 96.450 71.892 1.928
-157.065 64.050 -93.778 2.042
24.251 -10.372 -46.327 2.056
152.919 -6.930 -71.168 2.067
158.419 88.197 -43.384 2.060
-185.881 144.110 -96.943 2.047
84.806 91.134 87.210 1.870
-62.280 -185.394 167.027 2.029
174.024 111.985 107.119 1.942
44.483 22.463 119.934 2.032
-182.822 14.057 -128.464 1.973
-56.489 44.612 43.115 1.918
16.163 183.182 -161.854 1.945
28.072 -23.368 -93.095 1.926
98.666 163.176 103.993 2.076
-52.255 -130.656 154.092 1.836
-81.808 42.711 -93.946 1.980
187.520 -91.354 83.160 2.152
32.269 -94.036 145.558 2.093
-136.504 99.172 -30.512 1.989
131.425 -109.986 -177.070 2.154
-99.358 24.868 158.081 2.276
-56.814 95.917 -87.039 2.106
9.471 174.326 43.953 2.038
-50.170 -46.904 133.292 2.043
-10.221 180.186 -127.507 1.902
-34.764 36.527 -64.813 2.119
-192.622 105.458 -121.891 1.800
-60.352 -40.526 114.417 1.909
179.491 -185.847 142.042 2.058
105.282 -119.670 -159.745 2.108
214.134 110.400 -49.916 1.953
-107.578 -112.025 100.960 1.839
109.633 79.369 -38.534 2.021
77.326 -56.894 127.922 1.872
59.425 0.843 -195.369 2.058
-37.109 -63.566 89.029 1.908
75.654 186.796 160.643 1.898
-87.614 74.601 -111.427 2.161
-149.469 36.733 158.396 2.025
135.478 -117.775 -49.418 2.005
51.431 57.299 -70.271 2.005
7.339 -33.403 -135.758 2.144
104.605 -111.820 125.688 2.188
-128.189 142.235 21.214 2.031
112.810 -49.594 46.735 2.111
-67.455 162.765 -128.684 2.048
131.934 11.858 100.574 1.972
-161.091 93.622 62.953 1.986
78.662 -166.728 -124.467 1.867
28.513 -187.396 192.926 2.073
206.459 158.000 -137.312 2.078
22.798 -106.158 -164.620 2.047
-70.516 12.650 183.849 1.873
171.697 187.777 -99.239 2.074
-194.288 26.399 -10.619 2.158
142.545 60.164 102.563 1.779
2.022 123.476 -111.916 1.966
-48.791 -28.110 138.897 1.910
176.536 3.314 190.984 1.920
211.001 31.240 95.538 1.952
-40.186 111.293 106.948 1.919
175.784 -113.068 -54.101 2.024
-87.264 -167.991 -144.404 1.913
109.054 126.999 142.595 1.869
27.463 176.265 -174.412 2.011
145.539 182.009 121.467 1.894
148.108 69.493 130.405 2.008
-62.527 -55.843 187.467 1.876
-95.688 -25.281 -177.897 1.958
203.991 25.393 -148.235 2.024
65.666 99.747 -133.748 1.886
-182.380 179.346 119.913 2.062
101.916 176.956 45.575 1.799
126.061 25.372 -113.562 2.110
4.643 189.216 -140.942 2.134
-221.221 -158.490 143.333 1.842
-25.621 182.132 -168.854 2.031
-145.498 46.920 43.080 2.156
-11.254 -129.259 -17.465 2.034
195.112 -137.161 70.602 2.202
-13.021 -12.539 65.037 2.035
65.071 -113.791 128.402 1.773
77.794 -128.283 127.305 1.932
171.742 24.524 15.228 1.949
-115.212 163.695 -142.160 2.013
-171.234 6.875 141.358 1.951
-45.224 1.307 82.222 2.014
209.907 115.233 -124.167 1.806
19.306 3.688 -97.046 2.070
13.993 53.969 198.657 2.012
-105.397 -42.767 7.330 2.006
-100.118 1.175 -109.302 2.044
-187.316 3.064 -69.157 2.204
60.857 -23.683 43.532 1.922
71.329 43.223 -183.808 2.089
68.121 70.793 -91.841 2.200
117.703 -7.769 43.083 1.979
162.157 -87.135 -104.051 1.883
89.006 -103.057 170.385 2.090
172.188 -145.521 132.036 1.885
-144.022 -101.254 49.748 1.977
-174.042 77.670 174.439 2.107
-213.383 133.691 104.565 1.948
67.784 113.814 99.739 1.981
-61.352 -119.603 189.042 1.898
-89.313 161.554 -146.283 2.030
164.926 -165.728 -185.043 1.774
-119.602 143.768 30.439 1.872
-165.662 -74.032 151.736 2.066
130.958 -12.334 42.690 1.914
-223.079 -78.061 137.143 1.941
51.262 -180.918 101.374 1.908
27.899 -118.458 -159.556 2.095
-24.547 -103.886 40.291 1.899
-62.102 181.790 -153.851 2.007
130.220 87.284 25.901 1.934
-111.086 131.241 -97.737 1.937
71.778 -28.148 -184.583 1.943
2.563 -33.050 -34.265 1.869
20.451 178.696 -179.071 2.024
212.675 112.627 -34.360 1.942
-193.816 -49.739 11.021 2.028
87.831 -93.312 136.490 2.065
-79.945 90.649 -139.261 2.206
82.837 186.594 -168.757 1.986
-120.376 105.692 153.462 1.883
-124.496 -9.067 187.434 2.041
1.301 -62.201 -170.881 1.916
-172.570 77.195 103.543 2.015
-149.097 -147.923 57.686 2.008
-93.249 -174.491 160.787 2.186
-190.151 -139.424 -25.875 1.966
-17.541 110.957 -81.557 2.142
-112.619 179.421 8.759 1.999
129.788 133.383 117.266 2.046
-146.202 60.263 130.078 1.946
207.307 88.997 -70.907 2.125
25.613 -169.357 -50.378 2.061
99.069 -173.921 84.208 2.071
-174.970 65.938 131.249 1.973
58.750 -20.108 -182.004 2.002
177.233 138.105 -162.262 2.047
146.390 -33.451 181.022 1.947
148.880 -68.938 114.583 1.949
120.593 55.008 -121.672 1.941
32.790 -178.944 138.771 2.004
202.438 -82.879 -6.465 1.936
-180.667 -134.335 -26.210 1.776
-48.662 -61.430 -175.502 1.955
-63.091 -104.548 10.781 2.016
58.076 -151.794 65.943 1.999
176.208 145.318 84.304 1.991
34.142 -122.577 26.473 2.092
175.903 164.873 -84.505 1.997
-166.826 -90.028 173.861 2.021
196.902 -165.238 0.091 2.041
175.307 -51.437 55.132 2.035
-54.446 56.009 150.420 1.914
62.816 154.693 -36.293 2.148
189.108 35.135 196.674 1.975
-105.632 90.131 -195.098 2.214
43.342 119.937 -183.341 1.983
-145.345 130.629 -45.246 2.014
-16.631 104.676 -153.027 1.910
130.115 30.207 119.628 1.878
215.141 -79.146 -156.286 1.900
-0.189 -88.401 69.760 2.064
202.545 26.599 -94.306 2.056
-101.143 173.385 -136.481 1.915
-120.807 20.987 -58.395 1.995
111.470 74.372 -5.141 1.987
-182.212 142.591 28.661 2.127
-13.045 109.444 198.536 2.105
-18.305 169.035 66.284 1.978
-2.579 -106.355 -113.072 1.975
218.135 -6.388 -126.918 1.959
90.312 120.327 -109.634 1.842
-96.160 47.766 -113.813 1.986
-76.770 -188.371 48.492 1.897
175.806 152.308 141.680 2.171
176.482 111.704 21.340 2.094
-201.731 -144.170 158.382 2.063
-92.119 25.390 -180.122 1.941
154.696 139.906 95.532 2.216
177.765 -67.580 -41.542 2.048
61.669 2.709 159.788 2.060
-190.366 -8.296 144.840 2.130
46.507 95.494 -43.858 2.166
188.638 121.570 84.996 1.929
101.027 12.140 107.814 2.233
-189.746 -112.625 -92.775 2.015
-160.134 148.693 -164.795 1.910
-7.943 -161.121 77.174 2.046
-207.003 -71.123 -179.911 1.979
221.512 -187.637 72.500 2.062
-117.461 -56.739 -2.447 1.909
205.560 -131.926 53.103 1.984
-188.604 -7.457 -7.294 2.076
190.759 90.857 77.957 1.937
-130.380 -179.861 -71.442 2.098
-49.313 76.049 133.291 2.157
214.634 -157.692 180.175 1.965
178.298 165.458 -199.862 1.869
98.991 -132.947 145.925 1.964
-69.810 -7.235 -17.433 1.996
195.148 -84.751 89.894 1.841
37.302 -13.384 -104.096 2.065
-191.291 -113.359 31.296 2.169
-24.187 137.585 -130.326 2.014
148.639 121.545 -84.079 2.015
160.584 -77.458 45.023 1.912
-81.275 74.901 25.256 2.133
-137.679 -18.121 -108.407 1.981
143.299 -96.887 165.058 1.953
-192.171 132.789 -85.503 2.032
-37.453 94.930 97.187 2.067
-220.655 122.797 140.406 2.056
0.151 76.486 -122.688 1.986
53.657 152.596 137.492 2.049
202.086 75.624 62.538 1.966
56.479 189.924 -61.550 1.990
82.884 -126.115 -79.691 2.096
149.320 -2.173 82.413 1.929
108.751 -84.222 159.283 2.079
220.349 -181.430 49.225 2.084
-169.195 -142.206 128.385 2.200
91.218 -87.072 16.805 2.043
54.154 158.205 -165.815 1.907
66.190 -37.340 17.480 2.101
-18.379 -179.685 -43.550 1.940
74.225 -163.519 -177.495 2.095
177.444 -47.977 -189.499 1.826
-31.910 -180.395 141.602 2.074
133.696 20.585 -78.729 2.177
-187.240 120.705 -48.745 2.173
-48.612 132.190 -8.583 2.001
-40.401 6.658 138.080 1.907
-216.577 -176.515 -190.382 1.930
212.515 37.604 -190.878 2.151
141.690 109.357 -170.633 2.018
-125.751 -8.411 150.518 2.016
-25.949 -102.586 131.655 2.203
-222.287 -102.047 -71.082 1.961
98.568 136.377 -188.635 1.945
40.896 -28.182 77.518 1.939
138.104 -19.525 135.395 2.029
121.411 83.696 129.149 1.808
4.661 -51.306 176.395 2.039
-39.113 178.157 -160.036 1.780
-175.109 133.788 -26.407 2.042
153.231 -64.557 97.607 1.966
-84.579 -28.553 64.488 1.921
65.781 76.319 -49.685 2.062
212.162 144.390 -123.425 1.919
-203.324 -106.766 38.204 1.994
-210.157 -99.009 172.190 2.003
101.375 -123.998 44.832 1.945
-128.350 91.467 -194.169 2.094
-136.354 78.219 -100.087 2.021
34.659 -176.499 -162.322 1.915
18.768 73.908 -195.762 1.859
-199.739 51.353 -117.677 2.115
-26.205 31.504 59.454 1.857
27.017 -127.291 59.923 2.052
-168.152 132.498 -58.903 2.023
167.956 -41.288 -46.111 2.031
-149.713 54.282 -60.365 1.955
-206.502 146.891 3.099 1.981
74.712 -159.199 -51.757 1.933
76.730 -76.123 -114.521 1.838
101.085 -167.410 112.083 1.995
92.049 -83.419 -153.228 2.061
113.338 44.689 -155.415 2.054
18.327 113.429 190.722 1.960
-155.048 -3.242 148.075 2.065
118.098 -89.827 177.489 1.930
-58.915 115.147 140.821 1.925
124.390 -91.263 -7.992 1.965
32.103 138.300 70.946 1.909
-166.855 -110.075 78.681 1.955
27.205 128.091 -75.386 1.953
167.853 92.367 169.125 1.987
0.118 23.770 -70.859 1.961
191.971 -153.648 -64.192 2.025
-57.879 44.644 199.433 1.997
-59.867 -79.958 -173.587 1.766
54.614 126.208 -156.558 2.063
-7.509 -111.776 161.855 1.855
-4.135 46.569 -160.372 1.942
-44.395 78.189 148.549 1.832
75.170 -161.918 -35.979 2.005
30.943 -75.161 -181.625 2.009
-125.950 -156.676 -5.417 1.905
95.223 -96.720 64.769 2.019
-165.620 -48.090 -1.401 1.924
-137.457 14.924 -61.597 2.296
-10.166 114.318 -57.041 2.113
-1.370 -171.510 -28.485 1.969
-114.646 -116.409 112.128 1.968
-56.214 19.541 -80.087 1.943
-12.867 -110.829 -6.251 1.997
44.315 92.218 -87.345 2.131
-108.740 189.279 36.988 2.152
-89.042 -182.820 94.387 1.903
-35.410 83.042 48.314 1.921
-61.678 -85.740 18.576 1.920
-37.095 -22.655 179.579 1.825
145.550 -140.347 157.543 2.158
137.006 -146.531 184.028 1.869
201.032 135.067 -130.381 1.976
160.107 184.870 -128.045 2.122
128.450 -11.597 85.130 2.049
37.659 69.746 64.686 1.709
-103.517 -143.652 77.016 1.856
-223.714 -45.800 190.571 2.058
52.698 177.750 -58.042 2.046
126.942 -178.919 105.270 1.920
25.446 175.913 6.024 2.102
-103.867 -124.325 171.069 1.926
-40.066 -47.004 26.985 1.801
-72.211 32.123 52.069 1.920
-186.691 -165.067 14.630 1.887
126.074 24.526 -19.388 2.072
40.791 29.488 162.301 1.900
-145.676 67.661 73.394 1.840
74.033 17.921 71.224 1.965
104.481 -176.677 158.309 2.000
-111.434 149.742 -35.817 1.993
-135.126 118.661 36.541 2.020
-48.725 -72.325 151.039 1.952
187.850 87.477 22.446 1.775
163.024 118.267 192.621 2.099
-224.465 -40.391 151.355 2.108
50.128 -115.974 103.039 1.933
142.309 141.649 4.993 1.959
90.746 -42.571 63.930 1.886
103.347 61.385 -10.318 1.895
165.992 -98.139 -73.497 2.245
-165.324 -85.987 -25.575 2.046
-19.838 -58.807 -130.505 2.155
-189.816 -182.415 71.981 2.041
-100.586 -94.807 54.812 1.913
5.199 76.466 -72.025 2.125
-32.244 -142.117 50.967 2.224
73.639 88.993 -177.199 2.014
35.208 113.029 197.361 2.144
147.038 -92.722 -115.214 1.977
-186.999 170.609 139.305 1.866
128.222 -83.845 119.438 1.957
-68.403 30.252 46.032 1.977
93.594 137.845 -69.696 1.942
-111.673 130.617 19.421 1.898
-73.932 -166.454 -74.346 1.975
-19.841 -6.823 83.643 2.077
217.047 -118.198 -76.178 2.003
-205.117 146.197 185.892 1.883
83.365 -173.315 -122.449 2.004
141.095 171.017 -169.228 2.175
-180.795 -64.391 -129.190 2.029
-136.115 87.497 -83.709 2.001
218.524 -40.477 59.477 2.012
-97.548 134.554 -178.506 2.067
-41.401 -146.584 -187.544 2.028
157.903 -140.537 6.915 2.004
95.978 -99.605 9.539 1.893
18.648 -156.503 150.079 1.895
22.421 151.415 103.665 1.912
-56.199 9.857 35.285 2.088
163.852 -165.859 188.905 2.080
100.407 98.016 75.254 1.987
80.924 96.572 -146.716 1.966
140.692 57.288 -61.171 2.024
33.450 139.498 -106.417 2.222
222.673 45.541 -84.582 2.164
-124.009 -79.011 -63.230 1.946
50.420 144.945 -140.675 1.876
11.101 -106.871 147.616 2.100
-165.754 184.688 -62.751 1.970
-67.696 165.884 -115.851 1.919
73.696 24.706 31.294 1.905
-197.267 -93.122 199.812 1.949
-18.213 179.808 -80.263 2.071
-154.463 -17.745 164.205 1.828
172.205 -136.215 145.307 2.059
103.386 -32.282 199.585 2.084
168.719 -4.274 137.241 2.144
-7.836 63.246 116.438 2.056
-19.465 150.245 120.055 2.183
-194.218 95.146 113.298 1.967
-9.144 -148.287 176.251 1.981
-181.315 38.910 -193.275 1.939
3.210 164.213 -44.518 1.960
154.427 -173.977 194.320 1.908
153.765 165.590 -194.346 1.775
-60.532 141.485 90.538 2.020
-162.136 -176.081 -161.916 2.027
-97.335 148.746 51.950 1.825
-197.768 -54.521 -149.529 2.146
-6.025 105.591 -50.215 2.024
-93.012 -31.300 -35.437 2.073
-169.268 -32.739 68.458 2.046
153.740 -174.144 109.348 2.081
-37.677 129.261 -49.329 1.904
92.208 178.439 -47.573 1.982
-195.237 25.372 -113.378 2.180
147.309 -185.923 -8.243 2.113
-127.491 137.945 127.075 1.926
41.595 -54.211 -119.538 1.925
-209.217 -76.150 -76.974 1.996
102.860 103.338 29.718 2.047
123.225 178.652 52.935 2.002
-110.601 178.588 177.613 1.919
-155.415 159.033 -148.244 1.958
177.813 23.881 -93.648 2.132
-195.442 86.158 -116.509 2.039
-95.962 -125.074 85.759 1.938
42.976 48.635 -30.186 1.921
222.098 135.719 96.295 2.163
128.522 154.235 -45.227 2.078
-175.359 143.553 -13.717 1.854
23.044 -64.040 161.779 1.936
168.235 171.058 198.319 1.991
-209.102 -6.131 -193.090 2.005
-84.153 161.781 91.053 1.933
-187.396 52.107 91.711 2.127
-222.041 176.508 114.477 2.109
-168.834 140.176 27.963 2.021
-117.653 -125.962 -142.307 1.915
-53.511 118.756 9.705 1.977
65.988 29.367 123.652 2.026
146.899 15.847 -185.248 1.892
210.181 -88.635 127.321 2.008
193.029 169.848 -110.222 1.931
197.276 124.653 -156.843 2.017
55.182 6.814 -60.697 1.918
-74.351 179.966 -149.056 1.861
173.879 -102.117 -145.526 2.192
-11.905 -82.749 32.021 1.894
79.364 68.764 -37.890 1.977
47.742 78.680 -130.959 2.033
-69.784 136.008 -95.742 1.945
-153.113 13.331 -94.305 2.133
87.648 67.900 -17.250 2.016
70.148 115.159 -73.413 2.111
110.003 14.405 -53.527 1.837
16.483 -87.811 -181.866 2.015
-84.220 -106.834 -83.690 1.934
184.792 62.654 -14.448 2.056
63.446 -119.603 -160.642 1.873
113.909 -31.473 38.646 1.844
-75.199 189.996 108.363 2.052
-186.969 -6.844 141.909 2.017
30.577 -101.419 142.993 2.011
0.904 -98.631 65.171 1.848
-170.992 -23.963 159.329 2.067
-204.064 26.196 -118.721 2.282
-200.933 -142.958 174.488 1.939
98.298 -91.586 123.279 2.041
-191.565 -124.759 -186.180 1.953
221.741 -98.359 -13.686 2.131
-203.808 78.791 -42.181 1.921
81.981 107.244 -96.750 1.804
-35.725 173.040 35.802 2.045
-138.905 -64.757 -180.368 2.018
-63.418 -135.828 -103.432 2.012
-85.469 -128.010 99.088 1.852
-47.663 -143.265 -54.163 1.989
34.119 135.667 92.311 2.084
77.503 57.863 -64.497 1.975
154.090 173.150 108.084 2.055
83.763 182.869 123.997 2.120
152.929 -164.233 132.470 2.026
-108.995 68.066 -67.722 2.020
45.754 17.890 -190.809 2.071
-170.121 175.856 -115.282 2.022
96.670 60.255 -134.637 2.054
-61.918 -137.274 145.125 1.803
-100.440 -89.318 -11.653 2.080
33.769 -62.196 97.683 1.963
38.316 37.968 33.521 1.921
202.212 -121.481 149.128 1.883
-23.115 96.599 120.693 1.972
58.551 7.352 -19.857 2.022
104.270 26.251 -189.806 2.167
176.623 -105.049 26.835 2.011
116.185 -53.940 155.872 1.990
159.130 157.116 -12.249 2.030
-205.360 -5.400 122.234 2.036
82.127 -184.946 -97.648 2.006
-62.162 179.809 -89.179 2.012
-11.738 -103.672 153.816 2.152
-87.141 63.749 -172.459 2.000
-41.983 80.022 -3.322 1.808
186.090 58.069 -186.240 1.960
-162.222 28.330 -33.217 2.003
67.669 -85.670 -6.419 2.028
152.674 -185.186 -149.043 1.906
-110.885 86.172 -28.811 1.899
159.902 -1.207 -92.614 1.848
-29.138 -152.922 -77.436 2.131
90.293 53.080 91.796 1.925
-190.922 -11.402 -134.287 2.165
26.384 174.973 140.314 2.129
-71.060 -65.766 152.097 2.055
-36.701 -82.179 49.451 1.850
212.008 178.302 -157.711 1.958
7.621 -168.278 83.213 1.998
57.424 23.816 -172.452 1.901
44.287 -102.840 -63.008 1.942
178.091 -2.757 -76.802 1.942
-11.054 12.137 184.829 1.937
98.761 -25.607 160.748 2.085
-122.497 88.199 -134.536 2.063
-82.077 57.897 -48.480 2.041
-122.630 -142.644 183.213 2.062
35.498 183.710 -20.503 2.034
-100.372 35.564 -167.249 2.040
116.614 168.690 85.835 1.929
-65.158 -130.946 83.149 1.830
-224.809 -152.528 -61.114 2.088
-75.401 -22.884 -65.105 2.172
-196.817 174.070 68.323 2.010
68.851 97.032 9.597 1.904
33.720 -104.439 -139.857 2.041
17.868 115.061 20.497 2.145
124.004 43.164 -130.082 2.056
-76.129 127.636 51.011 2.076
103.834 151.434 105.649 2.044
-157.730 82.724 -162.262 2.047
-186.959 64.491 -150.626 2.216
-180.260 47.294 -18.017 1.937
138.129 -11.311 -137.267 2.029
-156.282 114.924 -26.889 1.983
212.147 -90.471 94.013 1.839
-11.134 117.855 -65.502 2.001
-110.483 -8.133 -32.036 2.037
-136.414 25.508 -76.315 1.985
-115.589 -99.946 114.233 2.139
-129.174 30.250 80.183 1.993
-217.311 -59.099 -182.871 1.857
112.004 -182.951 56.076 2.143
-99.139 -92.015 -35.885 1.873
129.447 -41.004 -38.633 2.058
-210.870 70.298 -5.251 1.988
80.124 101.752 -120.309 2.032
-8.543 -150.037 73.181 2.064
-198.137 -181.930 26.406 2.106
-5.296 -50.836 -57.096 2.068
88.440 -170.524 46.281 1.973
11.241 -5.016 131.044 1.988
-75.849 -56.413 184.950 2.078
60.793 25.625 -165.373 1.993
-129.666 -133.918 5.922 1.972
-14.214 130.513 -117.319 2.103
139.216 86.918 -60.061 2.067
-85.964 150.749 -162.986 1.937
-103.657 106.974 27.419 1.956
36.209 -53.935 131.086 1.995
-192.663 -77.407 -110.921 2.003
-38.907 121.361 -167.351 2.023
48.401 16.475 195.119 2.186
66.813 -55.276 67.969 2.026
108.676 -52.564 -129.117 1.956
158.487 -189.110 -79.197 2.099
30.658 -82.727 132.026 1.839
-136.476 106.559 163.828 2.155
160.501 -1.395 -105.310 1.880
-70.946 -22.231 -25.523 2.129
34.791 -67.835 135.484 2.114
-184.142 136.488 124.431 2.117
-103.007 -184.741 -51.703 1.834
207.893 -134.056 -39.130 1.793
-45.041 157.446 -160.619 2.137
-179.427 63.317 181.999 2.014
-120.912 24.286 100.936 2.136
67.436 -59.509 -27.692 2.050
109.229 -74.779 -141.325 2.160
-15.526 -19.899 45.828 1.929
-213.967 133.289 145.772 1.937
-4.086 -23.347 -157.875 2.115
-177.126 134.690 96.382 2.060
-208.315 162.574 -106.813 1.909
-2.827 -72.680 52.177 1.996
173.377 189.400 6.510 1.994
222.816 -88.098 -148.551 1.886
-218.911 149.199 -112.881 2.036
146.396 -146.939 -95.477 2.049
160.036 -74.810 9.066 2.096
205.369 -54.988 46.756 2.065
-196.187 -180.694 66.133 1.956
-70.642 -67.163 106.297 2.093
-147.492 -172.211 194.436 2.130
166.233 -138.321 183.641 1.926
-152.125 -138.994 -145.992 2.051
-62.942 -158.863 -187.461 2.140
-3.046 -179.572 10.179 1.742
-213.684 -82.818 -67.334 2.145
-106.073 71.294 72.098 2.001
173.531 -3.291 51.311 1.880
120.010 187.137 55.791 1.935
71.499 175.475 192.494 1.745
3.199 -67.184 121.787 1.979
-193.409 177.890 66.186 2.055
166.063 135.010 -175.788 1.899
-118.720 73.462 -192.513 2.015
-204.114 106.326 -130.493 1.964
-43.136 56.216 -85.916 1.835
14.222 110.484 -167.946 1.900
26.246 -88.004 -152.802 2.093
-181.785 144.731 -102.690 2.031
81.930 -138.535 -0.279 2.117
-12.092 -50.156 166.539 2.055
167.232 10.542 -26.476 1.987
60.225 148.100 6.944 2.061
-158.369 108.119 84.998 2.070
-151.407 -59.745 197.541 1.930
93.290 126.308 -92.146 1.897
-118.046 72.813 -65.989 1.974
-214.502 171.361 129.289 1.928
2.270 183.999 -33.537 1.908
-141.276 188.729 -57.745 2.014
102.691 29.332 97.955 2.009
211.263 -156.502 54.989 2.072
101.062 -138.389 55.185 1.992
193.567 103.778 98.657 1.958
19.310 -23.211 -172.440 2.043
-105.007 -108.488 176.160 1.874
-90.157 137.709 100.783 2.058
-109.604 128.231 103.002 1.805
-194.855 91.172 61.511 1.971
136.828 -0.789 -36.993 2.007
-160.072 -85.170 155.997 1.978
-33.421 -24.067 -189.095 2.055
-147.825 -17.672 -107.602 1.946
1.132 -110.079 -167.590 1.970
-146.171 -7.908 -88.857 2.116
-54.441 -98.018 132.513 1.939
-125.467 -82.139 -73.692 2.022
152.043 171.023 -149.331 1.985
201.062 -54.146 54.332 1.974
-181.319 -3.479 129.479 2.001
-45.198 -159.058 154.072 2.028
-60.330 44.016 64.198 2.013
196.608 -137.408 176.209 1.970
162.549 -39.242 137.714 2.081
-221.020 -10.007 -8.214 2.110
40.328 -88.463 -183.181 1.954
117.947 73.918 -119.425 2.073
6.758 115.067 -27.110 1.983
83.305 -93.063 -77.518 1.907
-215.983 114.173 81.193 2.100
-77.142 115.289 -88.029 1.892
-85.607 100.379 124.111 1.944
-179.696 -19.160 -150.540 2.026
158.580 181.269 58.870 2.111
-154.415 186.347 -85.948 2.018
52.339 182.701 -75.318 1.769
-32.565 -159.224 -16.977 1.850
18.134 -82.093 -105.705 1.930
106.264 -49.320 167.268 2.008
151.106 31.365 -54.254 1.845
168.691 -183.737 -173.610 2.180
-189.493 -52.826 -141.405 2.073
114.941 -83.553 149.861 2.028
-126.354 45.749 18.898 2.081
-159.066 -32.093 -106.915 2.137
39.355 -104.470 133.168 2.038
18.544 -28.139 -77.302 1.889
-50.341 -113.270 -40.660 2.092
62.827 55.852 73.912 1.922
-88.279 77.928 37.225 1.946
-38.409 178.416 -65.654 1.895
219.357 -119.789 187.927 2.043
-106.474 -70.486 -199.655 1.965
210.025 -143.613 -11.986 2.032
-16.789 125.593 143.185 1.900
141.235 69.862 17.725 1.824
-221.976 186.278 144.660 2.087
-12.765 35.141 -70.062 2.135
-189.527 27.228 15.799 2.067
202.974 185.155 191.709 1.846
215.635 -106.001 -59.804 2.104
-103.611 -184.615 93.847 1.940
32.481 -28.254 191.824 1.977
-24.188 -129.458 116.280 1.783
158.800 18.854 -82.955 2.080
-71.790 140.815 54.659 1.886
101.087 -138.540 -21.839 1.949
-97.030 -45.329 -76.526 2.124
-221.578 -15.872 5.720 1.937
144.076 -46.631 181.194 1.931
181.230 16.840 84.885 1.972
-197.417 135.137 -78.939 2.076
44.460 -156.935 -161.047 2.185
178.719 15.136 -190.368 1.816
-186.149 -38.403 43.373 2.040
-64.386 172.958 15.685 2.031
144.488 52.119 151.530 2.043
-56.425 -189.514 20.635 1.856
-80.533 -58.021 -171.480 1.919
9.952 58.230 62.132 2.034
136.098 -126.550 96.032 1.911
-92.161 92.282 -171.488 2.007
-67.487 64.825 156.701 2.046
-134.472 -180.480 122.946 1.802
176.244 -133.199 139.122 1.954
85.804 -187.134 64.691 1.966
-176.853 126.174 -154.795 2.144
130.306 -114.367 -171.639 1.852
-191.176 -44.913 39.690 1.994
139.408 78.870 185.874 1.834
23.122 -146.626 165.404 1.979
-72.814 31.802 -20.318 1.880
-53.024 181.324 161.675 2.094
-73.864 151.103 56.989 2.087
-83.870 -101.714 81.259 2.028
-91.428 49.074 184.649 2.168
-102.654 145.437 -166.827 1.989
-215.452 113.055 -195.099 1.886
217.962 165.556 43.687 1.914
-154.862 -93.228 -104.196 1.925
179.807 -52.715 199.487 2.035
187.537 -28.445 -20.704 2.260
-118.904 163.999 99.848 2.198
196.652 -91.791 124.735 1.985
167.336 117.650 -112.546 2.089
-201.279 156.756 182.412 1.925
144.071 -41.276 -56.010 1.965
205.465 33.894 -181.491 2.057
-146.264 60.770 170.716 2.169
-102.359 53.851 180.828 2.003
117.010 -78.291 -123.163 2.106
96.911 169.715 -149.783 1.785
132.796 25.350 193.706 2.124
190.413 -99.656 -23.220 1.959
51.540 116.043 -152.931 1.890
-136.827 31.416 9.042 2.198
60.879 -162.880 172.438 1.897
-165.720 109.163 53.542 2.083
51.813 -156.619 -80.067 1.901
182.343 -124.810 -155.253 2.054
132.006 29.899 -152.083 1.938
196.681 -169.818 106.107 2.026
-1.256 -174.925 -172.171 1.940
79.125 -67.837 106.661 2.017
-5.151 -172.202 81.791 1.846
-73.663 -23.871 70.697 2.121
149.638 -102.621 24.304 1.841
97.915 -89.960 -175.176 2.093
185.687 63.553 186.237 1.990
-71.848 141.588 25.556 1.921
71.678 139.521 -60.044 2.036
-26.477 -52.352 -171.177 2.037
183.134 31.293 -181.355 2.095
204.407 174.551 172.814 1.961
-33.084 33.183 141.093 2.007
193.654 57.292 -158.103 2.063
-101.025 -147.141 88.709 2.074
130.618 -148.813 -46.894 1.856
26.338 -184.182 -40.117 1.974
-25.253 -80.038 106.811 1.978
-81.029 -177.742 174.209 1.880
25.418 -149.030 55.146 2.083
-75.013 -0.900 -139.263 2.050
-143.887 41.945 62.820 2.007
208.156 -166.354 -78.549 2.074
61.432 10.528 -144.667 2.012
25.023 164.563 163.504 1.991
-181.018 148.479 163.686 1.977
12.568 4.690 -165.126 2.076
139.541 44.246 -42.772 1.947
-109.531 -60.999 -170.217 2.181
-162.428 -42.854 120.877 2.046
-95.024 110.871 147.534 1.875
-84.246 -189.354 -2.137 1.889
157.812 64.204 -142.694 1.992
-52.340 -48.169 89.332 2.119
-219.009 -118.178 10.252 2.058
-3.347 -104.360 -74.915 2.191
-7.136 57.936 -76.900 2.009
-209.600 -171.049 89.521 2.093
-46.605 -35.100 -179.343 1.985
126.014 -120.073 63.281 1.942
-106.069 -157.770 164.194 1.913
59.692 -153.046 -103.748 2.031
-41.269 49.238 132.071 1.989
-102.453 103.739 160.368 1.833
200.792 -0.243 26.741 1.978
-195.809 96.794 -25.357 1.944
6.939 154.917 179.230 2.019
149.729 -119.046 -57.697 1.959
-78.533 32.527 111.803 2.110
-91.269 -88.690 -32.440 1.858
-32.560 -108.825 -155.462 2.153
108.942 -169.910 116.870 1.942
-105.318 -73.366 55.364 1.926
-189.108 80.449 -198.767 2.085
-176.142 -147.234 -2.383 2.024
117.470 28.792 0.663 1.821
-160.055 94.571 141.045 1.976
109.948 -157.881 124.753 2.128
-127.123 28.149 -41.458 1.883
-186.905 146.676 -176.884 1.883
-60.231 123.806 182.464 2.035
-208.609 -175.643 -40.458 2.223
25.262 94.146 -101.468 1.999
-178.582 107.431 -107.918 2.037
63.415 -31.569 -113.835 1.862
102.019 -75.993 -59.376 1.926
6.589 -111.078 80.861 1.916
-183.432 -43.910 -187.699 2.022
-26.957 144.737 -170.007 1.838
-109.407 149.944 114.813 1.887
149.865 -7.512 27.232 1.846
-135.548 -20.641 -33.826 2.006
209.902 -155.258 -41.921 1.975
-193.514 64.364 -163.439 1.705
196.346 -144.920 2.523 2.076
125.395 -105.627 23.280 1.922
-207.321 -25.100 110.736 2.063
211.574 -64.158 -199.553 1.959
-195.341 176.338 170.666 1.942
99.913 80.206 -146.398 2.088
124.795 91.492 -130.742 2.232
-188.556 -91.029 -82.713 2.049
51.144 -74.838 -31.829 1.981
-208.950 61.681 -94.410 2.190
50.639 -48.070 167.811 2.077
-168.300 79.545 142.053 2.017
-184.604 -123.291 9.899 2.054
-202.179 -111.379 -29.568 2.200
14.359 -114.730 -38.173 2.046
71.907 -111.130 -24.778 2.026
-32.701 -45.143 -96.707 1.909
-44.514 -188.641 2.409 2.067
100.412 158.602 -179.606 1.984
-150.179 94.639 -142.548 1.962
106.902 26.017 -51.382 2.012
223.689 -117.877 29.803 2.148
133.675 -44.393 112.484 2.140
-172.577 34.509 -75.637 2.010
-130.725 185.820 11.618 1.977
-162.009 118.095 141.312 1.975
61.359 13.504 151.247 2.044
214.737 148.576 -16.194 2.138
155.137 -40.027 -70.261 2.043
-141.658 -58.489 18.130 2.119
166.721 0.663 -180.213 1.984
35.735 152.257 196.622 2.073
-25.685 -91.670 -99.614 2.063
21.302 -184.138 85.309 2.116
-80.295 -99.448 -110.740 2.013
89.330 -77.656 -63.698 2.133
73.856 -125.301 176.465 1.947
61.480 78.824 111.031 2.132
18.945 -86.191 -143.668 2.031
-198.493 135.166 -106.936 2.060
57.208 113.129 62.540 1.796
-147.810 10.185 141.729 1.831
-222.439 131.213 -56.397 1.937
-173.511 -186.155 105.006 1.887
132.345 166.117 -9.303 1.918
-111.752 -186.880 -77.367 1.920
-207.759 80.094 -97.297 1.950
130.089 -131.847 -82.924 2.116
202.705 -188.309 60.435 2.150
122.788 30.799 -109.794 1.822
85.349 -69.564 128.168 1.989
59.650 54.263 113.529 1.906
-219.152 -97.621 -151.417 1.952
-88.439 -27.287 123.071 2.072
-202.046 -2.227 144.810 2.104
-190.254 -181.317 -97.165 2.030
-47.051 -148.846 177.022 1.943
190.802 -171.782 14.596 1.996
215.747 14.463 5.891 1.852
33.625 148.210 4.342 2.111
65.074 172.819 16.081 2.176
19.852 128.261 112.284 2.046
94.357 5.439 56.033 2.068
-142.272 4.651 113.897 1.938
-120.178 106.282 46.699 2.049
-29.403 148.193 -4.118 1.942
7.020 90.607 -104.213 2.103
164.124 -22.741 -48.506 2.042
55.680 39.697 -137.775 2.063
-0.921 97.488 -111.618 1.842
-166.501 41.184 135.313 2.060
-70.489 75.543 -124.068 1.910
-207.005 174.647 -69.137 1.937
-211.059 95.808 47.530 2.049
-100.230 150.521 145.623 2.008
175.100 -176.950 -98.307 1.866
75.163 -131.679 17.830 1.990
33.649 -159.231 37.466 2.026
8.942 4.453 -181.940 1.834
-37.274 36.487 30.292 1.997
57.799 78.301 106.158 2.039
-61.911 -82.789 -112.637 1.929
-192.280 -155.393 159.494 1.922
164.076 -110.531 118.118 1.884
-129.689 -10.710 65.272 1.882
-21.295 111.097 -122.218 1.880
-213.603 -52.584 -190.998 1.996
91.999 -95.491 92.272 1.962
-92.102 -105.069 -43.477 1.903
199.646 131.558 -101.248 2.091
-134.340 -52.749 -45.149 1.949
-179.683 5.574 -181.482 2.133
-216.612 -67.094 -191.018 2.041
-54.616 50.030 -137.634 1.769
-196.338 113.028 60.493 2.000
-100.656 104.256 113.520 1.934
34.698 -58.522 -120.508 1.949
27.081 -8.396 141.968 1.948
221.912 136.645 -81.854 2.052
64.391 74.729 -142.196 1.830
215.745 -154.636 32.227 1.970
-216.828 86.989 -119.956 2.010
-142.065 46.957 -161.524 2.082
170.601 -50.684 3.205 1.835
153.999 -135.157 143.333 1.991
66.667 104.897 3.687 2.129
-138.726 114.301 0.809 1.969
-116.398 -127.183 169.993 1.856
154.776 -72.234 28.184 1.896
14.690 -72.273 -87.420 1.851
202.146 -153.910 120.699 2.020
139.530 -53.102 166.359 2.019
-169.186 -150.293 150.988 1.950
139.700 -112.004 -9.538 2.097
-168.292 152.722 -199.520 1.948
154.592 75.571 -144.677 2.001
95.317 112.314 -146.044 1.884
37.518 -162.253 14.629 2.067
-113.965 3.618 67.793 1.978
20.002 93.575 -64.609 2.061
173.480 -153.427 28.930 2.046
15.479 11.603 43.112 2.026
201.699 58.865 -187.899 2.068
-17.585 48.669 30.830 2.123
-175.973 -142.999 122.652 1.958
-133.157 -131.749 -151.771 2.188
