-79.850 -105.455 81.352 1.975
96.810 63.908 97.816 2.251
179.184 172.499 -151.628 1.917
15.941 174.699 -97.814 2.119
-187.412 82.606 183.148 2.085
128.448 -10.591 -61.479 1.998
2.843 -184.140 109.771 2.081
-75.000 52.459 145.789 1.826
193.912 -114.325 90.419 1.934
97.312 -161.313 -73.949 2.072
183.240 110.183 -113.506 2.204
-51.625 73.169 -14.386 2.024
100.160 -31.525 90.656 1.961
-150.317 -64.194 -188.011 1.988
-209.092 161.696 -99.757 1.832
-209.011 110.437 -177.710 2.007
4.910 157.730 185.255 2.026
174.412 179.836 -58.735 1.837
-101.704 -39.486 -172.714 2.132
42.540 56.782 130.535 2.014
38.361 81.342 139.782 2.033
-152.855 71.457 157.421 1.989
131.795 -132.123 78.255 2.134
1.048 -147.226 -98.844 1.940
-221.357 -144.410 -60.406 2.193
182.610 90.058 157.870 2.002
13.122 151.553 -199.028 2.113
73.188 44.280 153.537 1.946
-3.575 -69.540 130.196 2.086
20.245 -119.285 -57.760 1.800
222.677 176.399 133.503 2.073
-124.664 5.037 180.916 2.141
-51.526 110.052 124.760 1.987
52.740 -138.190 197.370 1.824
-136.082 -68.947 -161.690 1.877
-173.315 41.814 -145.141 1.855
-107.988 -16.271 40.844 2.102
142.640 -91.424 176.983 2.035
79.930 173.234 115.260 1.881
151.852 -48.219 158.642 2.146
13.441 124.995 72.436 1.927
-206.939 18.599 -26.572 1.869
-192.816 -40.922 -64.319 2.085
87.194 116.837 -133.990 2.080
-71.038 33.600 -97.182 2.050
77.896 32.017 153.728 1.915
-84.690 -124.102 132.356 1.917
-66.221 2.242 148.691 1.802
122.785 -87.574 -160.199 2.179
-142.331 162.398 -54.605 1.932
115.354 39.367 129.068 1.883
-180.214 14.372 151.876 1.885
64.176 -37.867 -127.427 2.091
157.034 -14.458 -69.972 1.824
95.447 179.273 -61.305 1.948
53.900 -3.077 136.741 2.179
211.877 -171.493 -160.108 1.917
160.385 94.738 103.439 2.030
96.588 55.869 -16.062 2.194
76.746 -162.965 -108.081 2.053
52.271 -121.870 176.942 2.048
-154.867 -22.011 169.134 2.050
-214.618 146.355 104.021 1.911
-77.157 71.044 138.339 1.883
83.275 -167.118 77.957 1.984
-73.688 -113.852 44.843 2.027
91.806 -161.039 124.340 2.049
-8.300 183.960 -20.045 2.042
-7.793 -35.461 -196.268 1.955
-27.222 189.457 -87.036 1.963
-67.916 -146.490 -95.893 2.006
-25.597 -27.602 -83.601 2.099
-190.682 -56.899 107.322 1.974
167.786 122.859 -141.599 1.834
146.963 -95.325 111.041 2.053
-71.119 -32.613 -17.785 2.140
179.579 -147.121 124.537 1.935
-199.427 91.169 -178.634 1.814
-170.773 70.880 -181.750 1.920
-204.927 169.649 106.361 2.154
129.681 -105.192 86.323 1.938
-137.166 -123.297 191.126 1.899
-17.640 145.809 153.481 2.019
-210.210 -42.738 93.172 1.890
-3.914 -55.020 -117.597 1.846
-167.226 -21.347 -122.624 2.093
165.142 18.244 9.177 1.934
54.273 -98.132 145.552 1.868
-188.480 74.634 166.185 2.164
151.225 127.291 8.554 2.133
-116.678 46.615 103.534 1.921
172.244 26.363 87.424 1.848
59.442 -11.960 99.329 1.951
-18.548 49.548 -94.618 2.023
-167.666 102.406 -49.418 1.907
-203.576 187.423 30.002 1.999
205.078 47.071 35.965 1.814
217.204 -41.819 -159.256 2.219
60.743 -83.677 62.276 1.976
121.590 -92.275 -23.434 2.071
170.775 22.120 153.955 1.955
-126.142 28.775 80.022 2.011
-157.083 163.150 -181.095 1.994
-140.138 117.362 -152.326 2.085
171.854 164.025 80.133 2.086
38.923 -58.799 -31.586 1.959
128.008 -9.610 178.704 2.096
194.773 -5.649 -196.179 2.032
182.902 104.875 -77.573 2.140
-60.421 -137.487 -189.265 1.974
-220.621 -55.442 -134.544 1.928
-188.559 120.365 104.526 1.934
181.603 45.931 78.944 2.135
-133.108 -180.208 56.329 2.106
-41.609 163.573 131.967 2.057
-161.418 35.027 -138.392 2.007
35.654 -45.620 -98.812 1.953
-105.041 -63.698 -113.986 2.001
-202.777 169.643 92.590 1.982
-175.331 84.897 -71.519 1.870
146.907 182.699 -11.279 2.031
-18.279 -15.670 69.290 1.891
-55.055 -186.134 -117.594 1.787
-104.471 -19.718 -67.233 1.945
-213.962 53.239 21.805 2.004
191.394 -115.163 -22.815 2.019
-7.109 -86.806 -123.175 1.961
55.750 143.363 15.226 2.079
-149.650 75.062 -31.818 1.976
-219.709 155.591 -77.542 1.898
99.044 29.579 80.201 1.877
19.892 67.884 30.697 2.065
-29.101 93.820 -183.675 2.005
35.960 -179.754 -65.151 2.087
107.268 -31.230 -152.765 2.041
202.746 61.337 118.299 1.968
-213.879 183.770 -92.374 2.045
130.753 7.464 -122.421 2.107
-136.681 98.131 -99.123 2.040
-199.844 -43.460 37.479 1.941
-78.405 -68.134 -109.210 2.076
-51.352 -81.717 -186.621 1.952
73.499 -90.021 106.248 1.893
-220.139 99.463 -193.813 2.065
-30.253 -53.407 103.563 2.134
217.789 -188.554 -52.376 2.093
-71.451 15.613 198.003 2.114
191.029 127.074 66.093 2.004
-54.277 -43.695 129.264 2.038
170.294 149.301 -193.099 2.089
-199.155 146.627 42.867 2.161
-172.734 -103.395 -130.563 2.035
-145.665 -38.105 -129.123 2.023
-46.646 -22.121 -51.322 2.019
42.060 186.456 -43.996 1.959
-140.340 -49.555 9.911 1.945
-208.945 157.322 55.089 2.144
-20.504 166.952 89.312 1.870
136.518 -30.336 -2.229 1.937
42.380 54.206 151.592 1.970
-159.944 -50.819 -37.705 2.013
216.275 -83.719 -124.348 2.106
-26.661 -147.121 -77.060 2.089
101.193 -122.234 -55.311 2.034
-177.541 -173.337 -91.401 1.882
-28.306 -140.623 -111.855 1.999
-71.499 181.608 -111.443 2.098
-38.006 -12.366 66.818 1.987
-208.748 174.785 54.495 2.039
114.558 -60.647 117.046 2.079
36.680 -1.361 19.550 1.967
186.308 -20.816 -110.251 2.111
-14.219 -99.718 -101.877 2.109
-199.518 84.370 -40.671 2.077
73.008 -115.306 -62.100 2.067
-135.263 -106.114 24.615 1.874
10.822 68.533 13.685 1.901
156.233 147.848 190.870 1.998
114.018 -72.030 192.388 2.158
72.945 -102.509 -10.749 2.055
155.593 160.081 150.331 2.134
-86.058 14.668 129.127 1.824
102.997 154.319 122.285 2.055
-213.434 94.993 144.824 1.971
-44.937 180.997 184.351 2.052
-202.219 -146.905 5.228 1.873
88.847 133.796 22.301 1.919
44.961 187.282 161.002 2.040
77.610 78.605 115.556 2.040
-165.132 -113.138 76.617 2.012
21.503 -128.510 -184.085 2.050
191.123 -92.064 -97.754 2.003
-60.387 93.639 -33.482 1.952
-171.635 -152.834 -128.377 1.761
-61.702 -67.448 186.697 1.929
54.165 -136.223 -1.352 1.850
-74.217 188.275 71.787 1.914
-140.511 111.304 -66.123 2.007
47.353 172.880 -1.971 2.006
-25.385 138.126 -130.583 2.066
47.562 73.997 -50.096 1.951
179.243 -48.873 33.079 1.862
-201.457 -156.302 -110.770 2.135
80.002 -124.632 108.963 1.982
-130.215 75.573 -170.410 2.010
-34.375 -103.380 74.664 1.862
155.086 47.101 -179.024 2.023
75.803 -43.449 179.309 2.008
7.405 121.592 -195.990 1.842
-86.002 34.174 -125.935 2.054
204.239 102.112 -46.237 2.114
160.673 -65.295 77.118 1.953
-172.586 104.649 110.139 1.911
63.725 81.150 61.723 1.905
33.709 142.840 7.036 1.982
191.620 -52.196 -70.279 2.015
-128.988 166.038 -185.134 2.230
173.913 -2.865 24.458 1.889
77.369 55.181 44.794 1.912
-205.099 87.959 -57.801 1.902
113.795 -91.358 34.431 2.142
190.296 -165.348 24.602 1.891
-122.884 -41.409 43.309 1.980
0.036 -32.374 111.699 1.979
18.658 11.237 148.516 2.159
-176.270 -49.161 -18.645 2.066
-179.167 -112.873 23.055 1.931
32.730 -175.695 -134.372 1.868
212.726 -49.365 -158.511 1.968
-186.021 -35.651 78.677 1.804
-158.941 125.706 95.831 1.897
-202.015 174.201 48.128 1.882
-95.616 178.432 -68.200 2.098
-31.258 163.936 124.860 2.153
5.515 -67.961 199.618 2.075
59.486 -125.772 -91.657 2.055
-208.912 -131.083 131.189 2.009
39.692 122.030 198.299 1.849
48.379 49.950 146.701 1.925
167.174 -130.889 -179.948 2.088
-172.792 -84.372 114.702 2.058
139.028 -79.630 -83.140 1.867
98.323 -122.871 -9.514 2.018
-177.951 -69.785 -155.802 2.199
43.508 170.883 81.399 1.892
-199.099 -100.042 107.211 1.904
203.943 -172.376 -51.892 1.944
-187.559 -139.070 -140.905 2.129
-160.153 -67.278 -19.120 2.057
53.863 15.062 17.345 2.023
-28.009 -178.058 183.630 1.853
72.653 -155.606 -166.352 2.164
144.886 -127.656 141.240 1.977
130.773 -100.324 -178.238 2.031
-59.210 184.780 4.669 1.832
36.982 -136.302 105.464 2.135
-145.183 58.571 -173.075 1.907
-79.089 154.149 -120.924 1.987
-193.075 72.351 3.814 2.023
-34.710 -14.410 104.363 2.044
87.777 -29.892 -25.035 2.042
-193.807 59.398 -102.554 2.330
208.882 77.657 -114.522 1.907
-73.595 -144.687 35.001 1.901
-103.264 -69.969 -68.367 2.125
26.173 -24.808 29.431 1.823
98.734 171.988 -63.301 1.920
61.688 5.267 -46.070 2.239
-18.638 186.560 -196.476 2.060
-101.085 136.976 -99.070 2.131
-83.903 60.556 -127.352 2.042
205.520 -61.714 82.405 1.746
-102.826 -152.256 181.162 2.063
170.847 -33.308 177.267 1.917
65.219 189.923 -92.028 1.951
164.422 -75.749 -43.894 1.996
-133.332 -185.637 189.888 1.831
-1.043 -75.969 45.957 1.905
50.197 179.390 -192.137 1.861
-6.825 -9.354 -92.772 2.276
72.928 177.098 186.887 1.971
1.161 -184.945 -153.908 2.179
67.430 115.519 -165.522 2.098
-120.881 -98.227 -129.732 2.001
-184.644 -170.026 125.049 1.942
80.695 -62.003 -194.604 1.918
-181.202 154.364 -29.974 1.980
-105.353 -112.177 -193.495 2.170
-100.675 -103.708 25.026 1.959
221.128 14.347 101.218 2.140
-213.605 8.345 28.146 2.035
36.629 -72.012 98.776 2.113
-170.468 -37.650 -119.889 1.908
-121.348 -139.429 -114.742 1.844
23.845 -66.987 87.710 2.114
-217.858 130.669 110.888 2.008
-65.022 -178.424 -38.457 1.904
28.358 -85.937 92.713 1.946
-160.336 64.992 -166.405 1.838
41.342 -101.828 6.986 1.953
23.471 -129.296 -85.933 1.816
-125.837 150.431 197.294 1.985
-99.462 30.838 -160.062 1.870
4.774 74.977 72.211 1.896
-59.017 -83.703 47.844 2.025
103.727 80.448 12.705 1.940
-191.408 128.782 -165.950 1.962
172.538 97.715 38.139 2.034
-124.299 -87.437 -143.611 2.004
191.625 47.246 -114.477 1.957
72.247 -57.422 89.520 1.863
-63.520 47.596 103.704 1.978
-193.320 -162.456 149.640 1.959
-90.257 -135.005 -149.815 2.005
-163.192 -171.357 -159.814 2.110
67.632 -187.982 105.042 2.084
-150.990 -184.434 -183.190 1.854
-71.457 55.172 116.381 1.992
194.470 109.238 72.714 1.678
212.866 -174.111 69.896 1.978
-203.141 -157.423 -48.806 2.118
-181.302 128.253 6.467 1.839
-85.393 83.301 -68.477 2.045
-37.318 31.485 114.736 1.993
192.051 -60.580 -118.856 1.877
-209.750 110.688 -109.975 1.962
-151.349 -0.599 198.652 2.065
131.809 -11.082 -15.841 1.895
120.095 32.046 179.915 1.907
32.938 -95.603 -139.776 1.963
22.333 148.473 -120.159 2.072
-76.155 55.736 29.199 2.188
-220.183 17.174 -169.929 2.066
59.098 82.138 174.599 1.958
-169.245 135.129 -157.911 2.116
-197.553 32.645 -135.588 2.131
200.556 -26.857 159.096 1.871
-153.505 59.134 70.245 1.934
10.742 185.990 112.538 2.003
180.434 -24.710 89.272 2.019
-75.125 -186.589 107.051 1.845
203.204 -85.802 -31.832 1.850
186.425 170.406 -185.630 1.875
170.285 61.904 179.617 1.883
-213.821 30.966 -132.842 2.165
40.500 176.056 41.101 1.979
-54.496 -94.209 161.094 2.071
168.355 110.699 12.828 1.941
77.400 42.829 171.287 2.074
-63.889 -108.687 182.848 2.002
-96.214 -52.363 67.679 1.837
12.172 182.978 38.340 1.904
-150.702 96.639 -3.805 1.982
189.425 -45.021 0.060 2.181
-197.159 -61.072 -165.534 1.902
-97.444 -94.357 185.022 2.120
63.081 147.943 -50.676 2.171
-193.715 -109.351 -39.658 1.929
-0.625 59.863 -60.898 2.023
102.664 -28.962 71.338 1.813
39.013 78.991 171.339 2.130
115.092 -137.242 156.052 2.082
202.412 90.090 175.096 1.949
7.908 -101.201 -165.172 1.995
23.505 -174.573 134.761 1.783
-188.635 47.898 -140.629 1.912
149.220 117.600 -21.884 1.887
-215.172 -176.287 -138.223 2.015
-185.768 -26.654 138.514 2.096
189.439 -168.035 -148.662 2.087
174.814 -179.601 -4.361 2.187
88.914 141.090 80.077 2.028
61.846 -67.546 98.513 1.926
-89.040 87.232 124.942 1.979
-221.092 -120.510 -178.702 1.887
164.562 95.880 -55.067 2.192
75.659 107.663 -123.870 2.008
-191.377 -82.832 77.120 1.873
-60.438 170.095 -108.661 1.979
-71.234 -54.635 110.241 2.025
108.853 121.036 122.235 2.035
118.066 -74.017 124.728 1.862
-179.182 126.398 140.207 1.892
-12.701 -165.734 -30.364 1.989
-27.138 164.604 37.162 1.902
61.833 -64.030 -104.240 1.924
-52.643 98.097 148.326 2.047
126.910 100.921 53.107 1.997
74.625 -39.455 -59.237 2.020
166.829 152.599 -168.463 2.165
110.490 19.830 -142.413 2.054
-34.448 124.947 -188.292 2.103
-125.383 -66.427 -150.921 2.039
124.309 -3.037 144.246 1.988
18.174 -9.389 87.287 2.109
111.889 -132.721 73.039 1.992
-70.538 -170.328 -17.364 1.864
106.723 -92.581 -132.587 2.068
23.028 60.132 96.170 2.181
-210.985 -112.557 -110.970 1.750
-194.212 -46.152 -169.570 2.020
-201.703 -10.153 -155.664 2.381
40.138 175.070 106.806 1.910
-37.359 183.795 -78.520 2.117
-41.258 3.382 126.105 2.087
48.189 49.993 34.529 2.109
-88.935 -52.836 -140.937 2.063
107.817 -17.610 26.217 1.990
-34.994 22.576 -168.627 1.859
-113.929 92.628 -98.069 2.079
-223.527 89.034 130.332 1.924
-15.337 -1.731 -96.022 1.992
-104.976 -60.686 -137.118 2.103
148.717 92.503 -66.333 1.961
-132.280 -130.864 126.430 2.088
-204.788 -12.207 -175.678 2.032
-188.535 -121.912 -187.589 2.075
-152.629 30.388 60.648 2.007
176.542 -141.024 40.210 2.074
-224.858 -160.895 -92.393 2.013
95.131 139.983 42.221 1.826
-34.619 129.459 -8.686 2.189
-136.422 -94.991 -45.648 1.982
129.926 71.730 -133.295 1.916
-162.050 -126.834 80.603 1.990
-25.985 -3.627 -174.353 2.259
-201.810 -85.661 80.648 1.831
-65.606 -142.548 -116.080 2.040
35.942 -94.731 -162.261 1.954
115.604 127.071 -88.874 2.024
162.510 189.005 50.945 2.024
-170.097 -31.871 -96.015 1.944
-155.254 -98.932 107.894 1.861
-104.995 121.346 9.477 2.146
-16.671 176.163 10.688 1.880
111.574 -159.882 142.705 2.174
60.606 51.197 171.554 2.093
-15.899 125.020 52.136 2.010
-118.134 145.005 -29.088 2.016
-167.101 -179.081 -182.881 1.913
55.979 178.889 -136.092 2.162
-148.168 -129.217 -39.610 2.070
111.668 -132.241 82.181 2.029
-206.301 -169.929 135.764 2.031
122.079 -65.902 -96.042 1.940
50.122 -0.651 -95.114 1.897
-127.249 -76.866 153.887 2.135
109.439 55.235 175.055 1.951
-38.952 103.727 75.186 2.030
-146.191 -24.867 150.766 1.824
12.311 -96.236 166.951 1.887
151.555 163.210 116.778 1.891
-24.130 -113.496 -33.401 1.945
-28.638 183.398 166.393 1.811
144.975 -104.654 -4.705 1.933
176.116 -52.500 65.930 2.022
-55.290 21.309 -121.370 1.949
174.696 -57.365 49.159 1.983
98.879 14.104 -145.932 1.883
-101.902 -157.958 137.863 2.086
224.733 -111.821 187.957 1.888
-126.144 134.177 -114.144 2.004
23.993 -162.582 169.525 2.139
-118.853 -54.897 -53.591 1.772
-157.549 115.691 -116.416 1.977
-168.682 -179.438 142.714 2.127
-16.034 177.251 -89.274 2.082
94.144 50.642 112.578 2.004
-16.396 -181.880 188.748 2.004
-214.456 156.157 157.596 2.094
-62.714 181.488 -190.115 2.115
59.258 -126.708 -91.622 1.866
29.395 -80.410 -58.283 2.105
-133.998 -13.034 -3.004 2.121
-188.062 7.822 -40.700 2.014
-14.208 144.298 -37.715 2.043
214.426 -83.191 -120.396 2.074
-156.830 -2.784 -193.939 1.926
15.567 -149.458 -12.767 2.041
-27.115 -18.741 -9.226 2.151
-72.765 60.037 23.041 1.975
169.554 142.115 104.646 1.966
147.724 54.698 -154.263 1.993
-40.943 13.231 67.925 2.035
214.372 -31.941 -174.873 1.905
121.010 -16.337 -3.474 2.150
71.653 -171.467 -79.169 2.136
9.575 -68.641 184.963 2.094
135.521 92.975 -21.195 2.133
-118.427 127.131 154.760 2.009
219.018 -18.577 96.567 1.912
-97.468 8.417 194.656 2.153
-106.465 107.795 -60.895 2.022
190.910 -8.983 -22.423 1.880
182.599 -95.064 -9.629 1.994
142.373 -28.797 110.184 1.871
-119.877 -137.945 19.445 2.121
-199.451 156.616 -173.645 2.026
17.873 156.798 -28.602 2.182
43.986 182.195 79.455 1.829
-34.749 -96.405 150.754 2.149
-149.738 137.896 -21.854 1.921
-148.652 -130.170 -0.267 1.889
223.718 -182.526 25.084 1.976
-130.218 101.059 91.292 2.092
-71.306 66.790 31.540 1.920
2.047 33.004 151.478 1.908
81.826 81.806 89.205 1.791
-122.694 96.707 -32.043 1.955
-192.563 -33.745 -199.362 2.130
48.284 -95.427 -195.259 2.050
139.584 -143.676 88.677 1.870
-148.613 146.534 -124.171 2.198
-160.036 -170.416 96.748 2.048
45.741 -76.064 86.955 1.960
-103.040 13.877 138.038 2.054
-126.791 58.970 96.857 1.902
78.830 -171.854 -17.509 1.948
224.565 7.344 87.276 2.027
-131.529 -66.388 -11.738 1.910
-3.011 -125.209 26.030 2.064
175.429 -88.217 -112.745 1.928
69.015 178.210 105.304 1.992
-109.120 -69.676 -189.705 2.021
177.637 -39.926 93.837 1.931
70.913 -65.951 14.342 2.052
-53.841 101.627 118.118 1.930
-25.646 108.187 124.845 1.826
-12.100 -130.787 -184.141 2.064
130.212 106.244 -10.190 2.074
195.147 -175.207 -173.123 1.902
44.076 -34.590 20.509 2.144
59.429 178.071 -54.853 1.886
136.277 31.220 78.705 2.049
-85.507 -9.435 120.626 1.862
131.309 -28.051 -173.335 1.865
48.492 115.656 -88.591 2.161
-39.024 -44.450 -3.742 2.016
-16.085 157.287 172.858 1.899
-162.746 142.044 29.003 2.150
191.952 -157.987 178.271 2.084
-120.114 113.546 -100.870 2.210
64.876 32.434 146.732 2.104
-65.020 -155.342 -115.181 2.007
-181.825 -92.426 -179.685 2.113
203.299 2.714 -23.769 1.934
4.672 -39.629 -39.377 2.164
141.275 26.574 -127.360 1.953
-195.887 -39.546 -132.377 1.968
95.942 -129.507 38.745 1.819
131.356 -35.130 122.849 2.022
65.410 32.792 -13.636 2.098
25.046 70.579 185.514 1.885
-14.767 39.967 -67.589 2.019
-151.903 -135.701 15.363 1.930
-177.103 29.860 15.962 2.009
166.197 -121.668 191.649 1.924
-170.346 -189.161 199.952 2.117
147.316 85.276 64.707 2.107
102.598 -173.581 -16.904 1.922
162.789 -153.821 -114.916 2.088
-139.970 -82.042 -84.019 2.025
6.495 -167.900 29.062 2.033
121.553 -42.368 1.301 1.934
112.852 -155.120 -60.737 2.012
-103.408 96.161 -163.817 1.962
53.635 -19.131 121.927 1.944
-157.560 109.668 176.408 1.947
197.540 189.907 -188.049 1.983
99.748 -42.696 -95.830 1.973
-66.103 -47.418 -73.657 2.101
87.120 -115.512 -121.466 2.250
150.297 113.943 -134.171 2.102
193.591 91.123 97.044 2.075
-126.150 -56.059 -125.752 1.957
73.065 144.800 -153.149 2.093
-17.250 -119.828 -24.297 2.092
-149.357 149.071 112.003 1.881
-132.132 -100.013 191.620 2.061
-42.338 38.343 38.807 1.963
-153.459 -41.979 172.888 1.876
144.056 -11.064 93.518 1.941
219.367 170.212 117.495 2.021
94.593 118.306 -129.823 2.152
189.543 37.178 123.615 1.780
171.196 -52.723 -3.219 1.981
5.809 55.201 -48.268 2.017
-102.899 -52.807 -143.304 1.935
-97.780 86.745 152.130 1.956
118.849 94.385 -55.748 2.031
168.104 77.823 -176.625 1.857
3.525 -177.542 -174.859 1.914
-167.080 -94.653 197.284 1.916
119.592 -59.859 -161.561 1.919
119.435 107.525 144.905 2.017
-104.321 -69.282 36.934 2.199
-199.888 -111.490 70.970 1.989
159.028 -84.452 -85.358 1.841
-40.988 156.021 -62.882 1.958
-91.304 134.228 131.508 2.071
137.450 -29.422 122.592 1.873
-115.941 -5.404 -183.377 2.154
-34.354 -4.762 -135.009 2.009
-131.393 -124.600 -52.741 1.932
-165.734 124.226 -21.740 1.816
181.982 187.606 -27.386 2.130
-194.718 168.062 -17.445 2.042
95.992 21.214 37.210 2.056
95.010 -148.209 -35.980 2.016
30.903 -154.185 106.568 2.130
179.626 53.100 62.250 1.915
-203.906 -188.604 -32.613 1.921
48.669 148.756 -66.059 2.135
26.584 184.501 165.855 2.187
207.331 1.347 -64.171 1.891
-72.502 85.341 -163.589 2.032
46.036 64.278 18.016 1.943
9.129 76.884 165.831 2.155
102.427 -36.706 -127.010 1.957
-146.665 -167.214 -84.133 2.112
-220.708 140.794 -112.714 2.155
47.854 22.806 -20.177 2.211
-109.840 12.538 -170.402 1.850
-99.414 -132.052 -76.713 1.925
11.847 -111.930 183.275 2.013
52.159 177.059 -197.702 2.266
-66.069 54.712 195.845 2.041
-22.585 -136.054 156.855 1.954
118.610 -76.851 -100.304 1.887
47.902 -44.386 114.274 1.915
118.749 140.327 162.844 2.051
0.975 -106.235 146.248 1.904
36.499 18.141 -145.515 1.922
-110.873 25.404 -4.275 1.960
-190.324 -66.801 -47.888 1.942
-134.537 -135.508 -166.121 2.078
-28.613 -176.613 -146.698 2.132
28.557 -152.303 178.723 1.881
-49.350 187.724 -176.415 2.065
-85.799 -75.227 126.755 2.243
-0.673 89.146 -149.539 2.115
-147.627 172.062 166.178 2.017
-204.593 -52.507 10.242 2.062
-181.239 -98.484 -145.940 1.995
-53.969 16.868 -0.983 1.990
-65.782 -161.526 -145.563 1.979
112.385 -64.411 148.724 2.177
81.126 100.849 143.175 1.817
54.629 53.448 118.625 1.836
-91.854 153.018 41.188 1.944
114.731 -53.052 -116.813 1.867
-194.335 -144.311 56.202 2.045
-85.676 -153.488 -73.610 2.234
128.381 39.048 169.409 2.096
173.868 128.290 6.505 1.949
-34.573 77.950 195.973 2.055
-130.493 -170.754 145.879 1.898
140.038 104.875 175.714 2.060
177.802 -95.351 -125.144 2.083
-162.073 -118.879 23.380 1.864
-84.397 148.749 53.212 2.151
-62.808 -18.936 150.185 1.847
215.710 113.284 181.761 1.872
-196.309 95.293 -70.056 1.883
100.962 143.771 170.853 1.892
188.815 102.683 -162.985 1.893
130.640 -99.451 -178.113 1.999
-122.406 -134.053 -57.029 1.840
176.790 17.364 -186.087 1.956
-207.317 2.710 -38.908 2.084
58.179 -18.191 184.200 1.733
52.394 -139.575 -27.935 2.076
-166.105 -26.988 -98.351 2.070
-15.479 -128.399 29.826 2.008
25.547 -163.842 -153.628 1.848
130.102 21.776 -63.253 1.919
27.180 83.717 145.707 1.808
72.177 74.261 155.745 1.973
-59.509 30.576 69.634 1.905
173.798 -154.012 -90.949 2.158
68.868 -187.738 -46.420 1.863
-86.160 -2.225 42.279 2.112
-99.681 -161.678 -12.494 1.980
-79.736 -27.646 -36.579 1.953
-62.174 126.126 -191.044 1.997
-74.583 174.107 2.868 1.944
-143.309 -147.759 -199.163 2.021
204.752 -53.084 -69.449 1.995
119.416 125.996 99.453 1.895
181.808 58.553 29.306 2.101
200.672 -66.733 -140.316 2.063
162.815 177.500 188.492 1.892
-30.937 172.409 38.409 1.896
208.312 -56.303 145.333 1.940
-148.226 -162.319 -58.306 2.057
36.037 24.441 -124.418 1.993
-128.391 -147.220 136.344 2.062
-56.144 159.740 41.242 1.938
-32.494 87.736 -20.614 2.124
-46.773 83.825 100.618 1.846
182.025 -137.044 -139.809 1.912
135.264 105.867 -198.050 2.062
159.684 70.789 -197.732 1.893
191.090 -11.195 95.468 2.073
121.426 182.430 188.561 2.044
-113.370 -123.034 -192.572 1.799
-129.220 34.161 45.186 2.107
-83.239 -57.348 -104.014 2.044
203.128 -143.016 115.152 2.027
94.072 -187.598 -117.035 2.017
-79.657 -25.286 -43.145 1.992
108.480 39.748 67.120 2.039
-159.321 5.145 192.283 1.981
103.650 108.348 -19.319 2.177
-78.840 144.594 145.388 2.081
115.307 177.577 94.821 2.126
-94.326 -37.344 -199.773 1.961
206.889 40.471 65.213 1.883
192.980 125.375 -153.938 2.005
86.040 13.886 -133.347 1.907
46.816 92.438 -73.979 2.038
-224.804 -49.020 -51.082 2.210
82.239 -62.150 -185.660 1.969
-197.800 3.288 -62.756 1.813
126.701 49.674 166.136 2.042
198.253 27.521 120.639 1.969
106.073 177.569 -122.521 2.080
-115.283 179.569 -25.019 1.995
24.728 -40.171 -0.744 2.039
-54.158 -180.084 178.451 1.993
-223.188 -177.194 7.634 1.987
141.638 9.062 185.333 2.082
-54.251 -27.818 -155.361 1.863
-175.366 -58.064 104.745 1.938
-147.829 -145.090 -157.260 2.050
-108.112 -41.661 -161.844 1.942
-186.255 89.115 -162.460 1.856
191.704 -117.697 130.475 1.944
-216.154 161.174 -162.820 1.817
9.318 134.072 -119.118 2.124
-155.820 -72.624 79.705 1.796
106.655 165.629 94.598 1.816
63.736 159.283 171.857 1.892
87.196 -177.220 79.657 2.097
171.589 28.374 1.491 1.994
-123.307 178.095 64.420 1.977
-99.693 102.515 -140.807 1.918
-174.395 152.737 141.353 2.031
153.570 -35.934 -133.399 2.103
-103.520 -110.428 120.525 1.977
133.946 -147.852 42.969 2.064
-142.303 -93.499 -72.404 2.056
-82.798 -176.654 6.608 1.802
-108.044 -13.073 54.013 2.148
7.940 105.810 -57.993 2.141
-132.581 36.390 165.098 1.952
98.798 -180.580 -191.589 2.055
-135.764 -103.099 12.779 2.009
223.125 -133.226 -39.102 1.961
-210.350 61.211 9.281 1.985
-136.455 -68.638 22.445 1.843
-213.664 -30.412 22.772 1.957
70.700 -14.125 -165.507 1.948
73.370 -134.780 -23.844 2.107
28.211 17.403 185.164 2.018
189.354 -154.249 -48.904 2.083
218.348 -96.166 -163.604 2.023
-0.378 -110.116 55.639 1.958
-59.770 171.694 6.502 1.894
219.426 136.386 -157.098 1.957
144.690 72.495 48.285 1.956
96.063 6.923 185.705 2.086
80.884 107.368 93.879 1.887
-5.279 -128.763 -66.985 2.143
-100.901 17.715 -96.932 1.823
-68.984 142.879 1.375 1.760
-211.510 -96.363 39.463 1.883
44.725 137.952 140.064 1.841
32.570 -188.164 47.598 2.019
-59.782 9.183 -42.715 1.771
106.327 -10.284 34.423 1.978
62.950 -55.498 171.570 1.858
-193.689 -169.602 -70.010 2.023
70.453 -182.578 -121.998 1.964
137.212 -44.229 -82.201 1.926
-7.460 84.967 -133.530 1.944
119.745 -149.925 -169.701 1.935
136.191 -118.746 13.119 2.043
224.540 81.613 158.591 2.012
13.333 -109.021 -162.359 1.930
192.986 86.206 140.727 2.205
-201.480 -162.905 -183.094 2.027
183.876 -177.793 182.887 2.057
-111.213 -95.591 -190.256 2.137
24.759 105.033 197.361 1.885
154.666 -48.249 -88.957 1.957
62.479 -22.371 198.459 1.847
25.441 51.180 188.676 1.891
186.135 164.396 -53.005 1.946
62.209 -10.034 37.089 1.941
-47.917 24.578 -154.481 1.951
223.621 145.719 -53.527 1.971
-99.556 122.942 -128.843 2.153
184.255 102.104 -1.254 1.981
181.046 92.690 -22.588 2.083
-187.399 51.682 177.675 2.167
-85.947 188.592 -0.427 2.050
-114.382 132.034 197.814 2.004
215.391 -56.189 196.045 2.025
-95.657 68.020 -101.763 1.998
59.502 100.514 -102.049 2.076
93.367 86.831 146.679 2.135
-63.892 93.359 -145.775 1.909
-25.177 -73.148 158.518 1.856
57.409 56.184 89.392 1.802
188.947 -73.618 -24.785 2.219
218.496 -33.861 -189.539 1.765
174.900 53.861 67.414 1.893
-141.366 -172.002 -149.167 2.015
50.638 153.336 134.658 2.099
-51.050 158.046 -60.377 1.857
-129.496 71.529 148.874 1.884
204.331 148.417 77.492 1.834
-158.275 24.115 189.657 2.132
116.001 -90.421 -179.962 2.173
-162.621 160.667 5.628 2.104
-41.418 -10.620 35.040 1.952
-159.326 -101.376 -104.546 2.007
101.671 171.598 -128.738 1.945
-3.784 -9.633 6.907 2.009
115.527 -121.775 -52.870 2.281
-33.331 -12.846 142.811 1.938
95.853 50.447 90.653 1.972
-51.559 -176.946 -177.374 1.910
134.495 5.487 -29.514 1.812
-187.146 44.588 -11.142 2.098
-150.787 -2.308 -51.600 2.075
-81.004 -86.148 -78.495 2.249
-88.503 33.532 -138.324 1.935
118.230 -35.281 -196.728 1.867
45.116 -103.804 -49.244 2.042
75.923 -70.177 -2.547 2.157
-125.943 60.156 -168.880 2.143
94.932 -123.879 -108.558 1.927
-20.849 102.494 -138.374 2.148
204.387 134.364 193.504 2.186
-178.697 -156.258 -182.795 2.058
-110.820 -74.298 -50.344 2.065
-191.322 3.741 -39.428 1.903
-85.549 -119.421 -115.918 1.907
-112.938 -21.657 -186.610 1.896
160.327 -180.945 69.325 1.992
78.956 -34.460 101.456 1.894
-92.813 171.589 -20.748 1.998
-137.281 110.201 71.612 2.056
-156.706 -38.246 -40.684 2.070
-93.226 60.651 73.690 1.961
219.839 69.225 -138.106 2.225
-177.512 -146.987 26.261 1.946
-55.958 -161.430 85.341 1.980
-185.006 -4.586 -61.557 2.022
-21.355 129.765 156.604 1.928
34.889 -89.617 -163.267 1.909
18.602 1.028 -44.794 1.972
-198.824 -78.111 -113.186 2.242
158.229 -150.620 85.150 1.871
70.187 178.276 110.693 2.222
4.690 162.819 84.103 2.185
-12.452 154.757 98.227 1.996
223.285 2.956 39.750 2.122
-30.504 167.824 38.240 2.032
-195.641 -187.574 142.598 1.787
68.142 139.136 -110.332 1.878
36.927 58.596 78.192 2.103
-224.251 -26.820 193.244 1.932
170.301 -120.768 85.692 2.094
200.715 128.402 147.632 1.931
-204.395 -53.711 176.352 2.151
-54.813 -131.140 -131.971 2.093
-164.529 -93.148 -3.921 2.014
67.450 -26.727 -153.764 1.964
199.160 -57.619 -15.351 1.941
-87.449 -54.144 51.166 2.110
-142.755 -106.851 11.675 1.953
-34.866 79.360 -96.077 1.979
-79.867 -187.021 -118.672 2.084
-29.059 -96.825 108.837 2.018
14.650 -86.678 -49.568 2.029
39.094 -140.026 -13.558 2.068
-98.984 87.087 164.278 2.058
107.631 -136.801 -64.130 2.087
-40.715 -78.379 74.172 2.105
-152.187 -87.556 -187.575 1.918
19.953 47.068 101.198 1.936
-128.136 -170.875 -81.488 2.026
-16.542 -125.831 -197.628 1.794
-109.843 136.862 9.059 1.933
-211.589 165.444 -6.707 1.952
42.710 21.725 97.359 1.870
-88.001 -17.936 17.598 2.016
-99.242 -29.221 -39.075 1.943
-100.892 51.840 -173.907 1.955
-67.957 165.632 -122.398 1.993
-71.414 -44.869 146.260 1.837
12.694 -59.262 -41.198 1.784
211.567 -60.006 -180.106 2.010
89.073 -100.734 -154.829 2.100
143.588 186.788 -160.951 1.967
-125.019 -117.131 62.779 2.171
-79.457 -175.603 35.174 2.070
-84.361 -39.647 -19.518 2.020
157.554 146.488 -196.317 2.119
75.314 7.103 -0.710 1.976
-140.859 -131.889 -7.317 2.116
144.773 -25.860 -193.767 1.927
63.332 100.678 175.049 2.041
44.409 57.036 -55.249 1.966
73.111 -54.939 -121.875 1.998
-137.318 -185.263 9.508 2.042
-103.576 14.080 166.854 2.001
-72.246 159.751 40.601 1.809
-130.938 -97.352 173.643 2.006
-18.204 -2.666 90.704 1.986
19.384 -154.305 68.933 1.979
-10.277 -151.590 180.114 2.081
-37.969 80.221 29.307 1.871
-133.559 -108.751 131.552 2.066
60.301 94.591 155.313 1.874
132.584 12.353 84.688 2.079
203.324 -140.777 -40.063 2.083
57.486 -154.515 -81.537 2.051
156.179 172.891 152.832 2.070
-199.549 -58.298 -172.165 2.166
169.448 -33.773 -3.392 1.958
76.141 -97.397 -188.174 1.907
116.507 75.818 -104.190 2.020
-38.340 -28.767 120.033 2.042
-12.914 91.806 -161.177 2.040
-150.207 188.958 -41.721 2.056
-221.614 -5.474 -15.042 2.310
-78.843 7.783 127.795 2.099
-57.771 -127.663 97.193 1.990
215.054 56.058 -61.563 2.176
-115.666 124.255 -170.723 2.080
181.825 -146.360 156.302 2.039
15.835 87.516 116.927 2.074
-38.970 4.873 182.165 2.013
-181.756 -86.287 -93.831 1.886
82.642 -91.425 116.120 1.899
-91.677 111.414 -91.143 2.022
-166.111 -8.175 -110.426 1.943
-206.599 173.476 113.325 2.090
-193.325 135.878 89.897 1.757
-23.259 -131.421 3.554 2.012
145.137 -174.029 -90.551 1.985
-36.505 -68.715 108.702 2.050
-135.308 -143.912 -140.359 1.987
-9.304 178.205 -43.310 1.998
-178.098 27.558 -139.163 1.929
-107.747 11.751 -0.760 1.995
45.708 -110.386 -70.183 1.948
-94.862 -130.518 -184.380 2.017
-79.512 -15.269 -148.155 2.043
-33.269 41.944 -121.722 2.062
-62.844 -40.494 33.959 1.987
-78.493 32.576 30.674 1.829
147.174 -86.321 170.157 2.186
-68.752 120.978 -32.789 2.076
155.133 127.796 20.167 1.980
180.740 42.336 -102.652 2.042
-183.581 -20.696 34.733 2.211
25.474 129.674 166.975 2.022
47.459 -128.442 -30.037 2.118
-123.553 39.928 -108.517 2.108
-165.934 -94.717 -199.800 2.064
66.379 179.236 -42.860 2.009
-84.384 176.873 -91.618 1.873
16.673 -179.995 -61.236 1.958
118.605 111.424 141.465 2.024
-213.155 171.017 -115.853 1.910
-200.423 69.120 110.617 2.024
108.771 -184.298 -14.311 2.212
-188.048 40.814 161.376 1.976
86.867 169.442 17.608 2.042
-159.859 75.725 183.480 1.925
24.782 3.419 -126.642 2.043
174.100 -7.196 -168.031 1.985
-146.899 82.462 140.988 1.876
20.675 159.709 -60.656 1.908
3.597 -68.544 -5.104 2.118
140.309 -79.193 -114.972 2.154
206.346 178.353 -162.859 2.012
140.066 37.594 -165.353 2.047
221.311 -34.722 144.535 2.064
-190.184 -174.214 108.833 1.938
-179.878 60.587 -93.178 1.859
-38.689 13.333 165.227 2.090
-112.403 -31.556 -1.271 1.921
-140.945 -178.491 147.747 1.974
-45.815 170.364 -39.077 1.997
