-218.729 -166.722 -121.980 2.089
140.558 -6.166 7.837 2.011
-181.841 -46.407 -55.040 2.017
-87.162 27.273 5.881 2.080
62.668 38.704 -79.989 2.000
161.787 40.109 -152.321 1.990
-40.841 -14.413 48.915 2.058
108.187 87.137 19.209 1.941
-107.861 -178.411 128.540 1.894
82.485 3.638 -146.009 2.198
102.572 -14.137 -151.906 2.125
23.609 -122.240 197.021 2.047
-67.400 166.435 -170.557 2.063
50.567 160.877 -28.716 1.958
116.735 137.272 -193.944 2.029
150.386 36.201 -122.280 2.222
-150.788 179.948 34.273 1.944
-1.097 -145.431 -126.725 2.014
-173.230 186.036 -9.663 2.105
-50.458 -124.971 -134.215 2.007
207.948 -72.864 -186.042 1.856
203.216 26.098 163.147 2.027
-69.707 90.498 132.890 1.813
-140.395 -48.351 -51.203 2.057
-4.757 21.930 197.937 2.071
-221.807 161.039 176.872 1.984
-20.857 -16.391 -147.025 1.973
0.087 145.037 126.222 1.886
-99.321 115.876 61.672 1.851
-194.704 -167.316 198.708 1.918
-97.340 117.432 22.415 2.029
-80.751 -161.889 111.828 2.028
-123.300 -176.956 -48.399 2.033
-124.937 -52.111 -133.920 1.885
109.109 -145.325 -189.839 1.891
211.477 -85.508 -22.584 2.127
96.155 57.634 29.964 1.842
74.427 -40.722 129.876 2.029
-118.599 -2.917 -144.628 2.142
-44.488 175.456 158.568 1.874
-177.306 -84.282 -23.064 1.957
-137.576 184.753 32.499 2.095
-37.824 110.686 67.534 2.083
53.579 -125.977 -82.912 1.878
-175.808 -138.177 -74.255 1.922
63.321 -29.293 62.876 2.113
-97.920 -152.720 67.177 1.955
126.993 -163.002 -83.585 1.951
140.011 67.669 29.653 2.084
76.790 158.989 163.545 2.225
-27.389 120.491 -190.996 1.916
-184.781 52.681 -30.008 1.995
-120.360 -110.686 -13.920 2.052
88.398 186.461 152.901 2.106
-123.020 -103.369 25.799 1.991
9.808 10.761 8.650 1.973
-6.253 -8.725 9.071 1.999
67.179 -36.004 157.120 2.183
-68.726 -140.981 85.652 1.955
-173.674 -159.316 195.858 2.075
-26.512 -24.286 112.490 2.261
-162.625 76.137 -100.813 2.044
134.994 -22.698 138.264 2.030
-43.752 -111.558 186.107 1.981
184.553 188.400 64.245 2.036
187.150 2.683 -197.252 2.069
-27.882 -169.326 -122.135 1.926
212.685 -24.185 -149.117 2.091
-203.072 -120.399 -165.044 2.039
-175.682 -144.444 -33.431 1.944
-2.693 -24.938 -104.065 1.982
-21.250 72.882 41.814 1.888
119.777 -95.769 72.841 1.927
130.556 -154.836 -97.741 2.006
50.801 -148.082 -120.535 2.161
133.616 28.315 164.743 2.019
91.275 -66.742 -2.604 1.953
194.026 -32.261 -143.834 2.051
97.619 -36.112 165.781 1.999
107.226 171.048 -34.467 2.153
-185.883 64.255 -167.385 2.112
204.518 109.605 -153.804 2.154
-189.686 -150.662 58.075 2.183
-51.595 93.859 143.955 2.111
23.299 -76.451 -11.659 1.865
-167.321 118.434 166.676 1.938
-184.565 -74.572 -162.600 2.007
-40.140 -85.577 158.094 2.037
-141.784 -6.921 142.300 1.848
181.647 174.528 -196.808 2.008
156.524 -55.159 99.128 1.947
134.005 -3.060 80.531 2.049
-142.675 146.197 17.093 1.818
-113.904 169.160 -172.717 1.953
-75.181 -5.325 80.854 2.001
-102.545 -65.546 -1.590 1.900
199.364 104.914 -18.063 1.943
110.277 -165.404 -56.420 2.150
-134.863 31.700 62.239 1.847
86.814 -133.272 169.049 1.965
197.107 -130.025 167.401 1.837
-28.468 -185.147 6.125 1.954
201.669 122.354 -39.590 2.310
-7.065 79.898 187.049 2.122
61.955 -42.361 -144.047 2.041
-209.499 -174.977 43.105 2.003
190.859 -7.458 -186.028 2.124
-99.472 -73.229 -6.926 1.931
-152.839 -119.001 -134.410 2.094
1.688 124.040 59.620 2.097
-196.012 -178.169 -53.392 1.946
-86.791 14.264 -15.695 1.842
135.170 16.414 19.124 1.896
106.566 135.902 126.459 1.994
-21.984 -114.131 -82.372 2.144
223.887 1.078 -50.481 1.944
113.565 96.832 -68.123 1.967
-129.445 53.068 61.503 1.964
48.126 -139.419 57.139 1.960
166.903 -14.281 -161.579 1.955
95.217 -120.593 100.489 2.041
109.201 -46.675 -189.894 1.808
-87.408 -126.974 -148.181 1.818
-139.095 -59.954 178.246 1.873
-221.682 -172.104 171.407 2.055
25.494 46.099 65.993 2.116
-224.479 -168.682 18.713 2.026
-206.263 150.816 -95.266 2.121
-154.574 -128.730 -32.928 1.930
-88.158 161.327 -153.804 2.004
170.919 102.839 -189.274 2.034
-28.678 -171.641 92.422 2.041
43.683 -42.223 -81.805 2.077
-51.495 -118.842 -11.847 1.975
-146.723 95.802 -112.959 1.846
-197.546 -109.038 28.061 1.888
-32.176 -116.648 -91.888 1.997
60.545 47.780 -72.437 1.947
-98.345 139.258 -11.247 2.024
-9.353 -74.802 -61.388 1.975
182.815 -183.635 198.199 2.142
93.452 136.713 -58.768 2.070
-119.801 11.083 149.383 2.073
-182.628 80.857 39.958 1.967
142.814 89.456 -182.711 2.025
138.285 -79.427 -15.161 1.979
-214.885 -65.923 -45.057 2.028
-141.295 6.246 -89.485 1.983
75.689 121.931 -170.082 1.896
-150.018 -173.606 15.566 2.088
208.132 -28.399 -15.090 1.939
-217.347 -3.040 -33.951 2.123
-88.090 183.668 184.859 1.940
-55.469 152.394 107.078 2.159
-97.921 41.150 -132.776 2.011
-171.683 51.310 -37.848 2.053
-90.058 113.895 126.677 2.062
115.860 2.776 8.336 2.029
115.520 -65.506 48.621 1.872
-105.284 162.806 50.027 2.176
123.717 174.060 133.184 1.954
211.736 89.133 -164.681 1.875
13.461 128.817 32.722 1.854
-224.226 156.628 -169.125 2.134
-207.259 -189.326 137.698 2.034
-23.972 -189.884 98.204 2.018
-160.203 64.654 -184.087 1.895
79.054 -167.278 -85.446 2.158
-40.192 -186.854 130.606 1.957
112.671 -169.461 43.393 1.889
6.823 80.014 -180.370 2.056
-78.466 -119.440 35.966 2.020
51.968 23.544 -21.308 1.995
13.466 -145.819 0.326 1.862
-181.733 62.437 -190.220 2.130
-173.238 -59.477 167.206 1.813
85.849 -57.827 50.330 2.048
96.915 87.790 155.178 1.920
221.143 -16.726 98.545 2.041
60.499 104.186 126.970 1.807
-132.717 -7.614 68.387 1.872
-212.780 82.087 184.113 2.060
-96.266 176.323 27.097 1.851
-46.681 60.198 -189.879 2.069
32.260 -162.430 -45.980 1.861
-30.243 76.473 -104.285 2.227
-33.377 26.952 85.028 1.917
-162.509 -181.347 47.583 2.174
17.808 -43.393 -110.053 1.835
20.406 3.511 103.877 1.773
186.573 52.539 166.965 2.052
-66.390 96.188 -109.110 1.977
174.146 134.474 33.882 2.147
35.507 -80.946 61.939 2.221
-149.047 -169.970 -51.670 1.889
-118.913 113.408 -171.480 2.042
23.200 117.141 -181.381 1.872
-201.354 69.307 -65.888 2.191
165.677 181.761 -89.072 1.988
47.634 -87.585 -180.228 1.996
-3.660 -184.346 143.225 2.003
-64.429 -166.888 -191.692 2.028
-205.040 -47.578 18.352 2.002
26.690 -5.081 137.099 1.835
-110.424 36.027 -104.322 1.986
-21.356 -137.780 199.162 1.823
-154.193 36.791 188.525 2.005
-118.056 -172.444 -14.723 1.991
18.129 -89.192 -101.355 2.036
-45.952 -73.750 116.448 1.965
75.871 54.534 -8.391 1.999
-95.525 83.601 -195.504 2.026
-167.747 -162.455 34.282 2.033
173.312 -157.692 -70.813 2.063
179.339 126.418 -97.884 1.909
69.366 31.889 140.436 1.811
-22.084 84.720 21.138 2.198
192.238 -143.108 102.175 1.900
160.415 121.358 -76.170 2.077
-1.273 -120.808 152.805 2.093
-4.706 -14.813 -16.347 2.049
218.134 177.996 -169.599 1.893
47.237 -78.646 -172.832 2.001
198.722 -24.281 -120.210 1.942
-222.027 110.068 -117.629 2.001
79.992 93.351 8.893 1.926
-149.997 0.555 176.065 2.077
183.120 47.989 -185.903 1.929
-194.467 -71.263 197.079 2.063
106.988 -160.025 163.354 2.125
143.207 -68.760 -38.839 1.810
160.472 -14.512 175.972 2.064
169.896 78.997 132.992 2.159
35.083 112.167 40.605 2.045
43.407 10.472 121.196 1.948
143.624 156.566 -152.892 2.072
127.782 119.749 70.303 1.942
-9.902 -99.251 62.918 2.083
-33.182 -54.173 187.775 1.726
-156.899 70.872 -129.870 1.936
30.726 137.930 -4.223 2.057
-105.872 -164.065 -11.715 2.005
108.136 127.432 85.156 2.010
-44.790 -83.785 -187.240 1.933
-33.577 -135.042 7.664 2.009
114.731 -88.277 34.495 2.044
-41.652 51.812 130.342 1.920
-74.477 9.964 60.299 2.129
-110.116 117.088 8.315 1.988
15.055 66.083 -45.650 2.128
97.993 -58.220 -151.991 2.057
-214.086 117.626 36.291 2.036
-128.659 29.902 113.345 1.962
-221.156 -136.733 -87.994 1.909
-26.787 99.820 -109.449 1.870
-77.590 18.856 -84.305 2.045
-82.308 -81.543 -33.766 1.976
224.422 -82.482 -95.582 1.868
6.179 -13.350 -168.646 1.969
224.208 0.962 -126.272 2.122
194.989 -47.956 -34.871 2.172
59.287 110.552 0.763 1.981
-202.365 -187.890 -37.566 1.906
18.316 -188.706 61.305 2.020
-35.227 -5.997 -13.342 1.919
-84.573 31.507 -140.756 2.032
-116.635 157.513 -138.709 2.025
-199.378 -109.372 -45.342 1.908
78.753 158.655 -158.884 1.961
-141.991 157.448 143.374 1.985
-43.909 71.483 176.017 2.096
152.043 111.570 73.488 2.027
86.897 -158.201 -146.429 1.928
91.330 -38.499 -2.706 1.940
67.338 47.557 159.171 1.989
94.746 159.568 168.084 2.024
-8.140 -98.484 120.010 2.007
-3.283 9.479 185.901 1.976
157.774 -105.885 98.514 1.997
158.434 92.955 174.843 1.986
14.573 -24.508 53.127 2.027
-63.813 13.600 81.168 2.157
-21.974 -36.632 -112.549 2.073
136.426 133.988 -58.634 2.070
-190.935 -178.429 193.681 2.092
-152.469 -99.178 5.932 2.086
101.275 -123.204 -22.040 1.939
141.105 60.964 53.986 1.851
34.733 167.053 152.394 2.070
1.457 12.094 -142.839 1.786
-215.848 -79.568 50.619 1.992
-187.269 183.676 -32.427 1.916
-187.302 -24.004 88.319 1.931
-132.409 56.619 -4.770 1.908
-110.973 -2.666 66.486 2.013
58.956 -67.544 -4.064 1.932
-4.315 -178.881 106.920 1.930
143.865 -142.494 -12.370 2.047
183.510 97.692 -89.607 2.133
-211.603 49.913 -71.157 2.066
212.282 54.591 -69.681 1.985
132.171 -63.543 103.395 2.030
165.221 -103.241 -153.272 1.982
113.383 170.243 -122.807 1.992
-125.144 -32.741 -67.062 2.082
77.730 -172.139 -126.857 2.107
74.980 -101.792 193.944 2.041
10.461 -93.633 90.123 1.975
85.800 155.840 172.937 1.802
-13.487 142.118 -93.894 1.953
106.177 117.209 -174.683 1.978
-171.586 11.262 -116.155 1.855
69.784 163.438 -128.036 2.016
158.093 171.285 -72.730 1.967
-118.700 146.672 -46.696 1.979
-155.459 -23.935 -185.584 1.851
-66.665 65.947 35.989 2.006
75.434 171.300 -45.246 2.011
6.487 109.908 140.526 1.858
163.095 140.187 118.246 2.062
173.745 -169.736 42.559 1.944
-123.822 -115.456 131.181 1.859
-188.932 -38.691 35.302 2.188
73.047 124.487 174.645 2.053
180.811 127.147 -153.668 2.107
-116.411 131.122 172.498 1.925
182.391 -13.108 -187.577 2.225
41.281 44.645 -44.044 2.032
213.408 -171.246 2.660 1.962
177.705 -55.375 -18.702 1.928
173.822 -34.564 -156.744 1.890
-135.791 -143.077 -177.389 2.040
22.525 133.343 -64.352 1.830
12.218 -71.487 -110.192 1.869
218.767 -170.939 147.823 1.876
171.329 80.192 -132.796 2.089
-211.173 -67.599 79.927 2.037
169.658 151.337 92.272 2.018
92.837 53.232 135.009 2.029
-18.237 -147.087 175.142 1.823
-149.865 43.748 86.993 1.865
151.344 -167.684 29.438 2.175
141.284 -189.600 -146.930 2.059
190.957 -87.210 -150.460 1.917
-86.899 153.217 -118.982 2.034
34.652 -172.629 66.904 1.828
-67.069 27.557 -4.832 1.799
1.205 -127.859 38.007 1.966
182.203 74.384 -155.617 1.920
5.084 34.350 -67.563 2.018
130.807 90.110 161.172 2.014
-152.726 182.374 -130.654 2.074
73.563 154.049 125.923 1.983
15.362 -65.606 -79.373 2.201
79.682 67.548 171.698 2.024
-128.824 -180.575 137.301 1.866
-142.132 -18.774 139.882 2.028
66.985 -104.761 77.992 1.935
-110.962 -82.079 30.952 2.059
162.657 8.956 135.565 1.971
34.573 88.498 -99.835 2.190
32.737 149.964 -128.017 2.018
-186.129 122.313 121.478 1.944
-192.318 136.591 81.034 2.002
211.757 -137.067 -75.617 2.093
-43.426 188.291 -9.996 2.100
-191.834 178.564 -30.647 2.297
-27.106 42.640 20.558 1.899
-2.427 149.418 -40.453 1.726
-177.250 -165.942 56.065 1.936
-48.067 -107.332 -196.252 2.201
-168.168 127.673 -21.857 1.943
128.810 15.607 16.826 2.021
117.450 122.121 -166.008 1.927
70.041 40.848 91.260 2.131
11.346 -168.906 -165.168 1.997
-171.239 -5.686 74.927 2.203
-150.999 -185.890 -190.824 2.022
82.793 -153.251 105.162 1.904
-168.534 70.388 -198.027 2.155
160.802 -117.726 189.905 2.016
-150.903 174.523 11.941 2.092
-6.464 -140.751 34.489 1.927
-10.997 -62.601 -119.809 2.006
-143.850 86.347 -7.615 1.990
13.933 -119.733 7.020 2.071
-136.918 -56.084 139.532 1.958
-14.789 150.650 33.663 2.139
-106.155 -37.410 -164.290 2.209
139.231 141.809 -181.218 1.992
-78.288 -177.385 150.877 1.880
-115.375 114.049 131.623 2.021
220.189 -5.366 -177.296 2.082
-137.449 -124.604 -106.889 2.045
94.967 87.232 -36.888 2.143
-67.855 -42.809 -135.211 2.115
219.492 -4.933 -144.042 2.027
-152.009 150.358 -144.299 2.082
-193.993 -142.506 177.878 1.979
172.343 116.733 69.834 2.011
21.182 -4.577 141.479 1.860
-201.797 94.337 162.208 2.121
127.907 2.738 8.853 1.912
5.408 -172.177 -139.698 2.103
-199.106 -177.314 0.774 1.881
128.697 -7.538 81.282 1.959
154.798 113.661 -39.623 1.935
172.980 -87.597 11.020 2.054
-138.009 -56.773 -91.067 2.188
-91.739 -86.232 77.396 1.962
-220.582 -157.357 181.573 2.087
-127.822 -13.170 -132.461 2.064
-91.355 -178.204 -23.012 2.122
133.409 -55.026 -194.390 2.181
0.011 154.330 -7.666 2.027
-217.193 32.199 7.988 2.078
51.837 -14.379 121.335 2.037
120.590 -167.013 47.757 2.003
-127.628 63.112 102.676 1.995
25.964 126.328 151.837 1.989
-32.788 -57.779 80.247 1.941
-177.216 -174.885 149.802 1.875
205.680 7.580 -1.996 1.820
7.074 87.683 -117.762 2.089
-202.721 166.443 199.223 2.017
30.428 72.349 -125.856 2.115
142.284 -41.683 -177.981 1.828
84.782 115.455 -108.915 2.005
-224.296 4.829 195.811 2.014
-189.324 -56.473 -36.472 1.889
183.921 134.111 -129.504 2.025
104.219 -68.420 -167.191 1.948
-35.782 -74.245 -185.839 2.008
-15.476 180.991 -95.528 2.035
-140.065 150.623 55.321 2.022
-210.401 172.568 -79.748 1.949
20.301 -167.492 -82.275 2.060
103.759 -9.975 -133.236 2.020
122.624 -85.702 11.521 1.995
197.988 -107.413 -24.959 1.945
-48.028 -152.130 -34.366 1.906
-219.178 128.044 -180.457 2.053
207.458 -89.909 -26.966 1.816
28.256 48.535 -163.049 2.096
140.912 -68.406 164.788 2.132
-18.372 -75.088 -140.512 2.007
-186.461 -18.874 -158.929 1.972
193.773 -101.623 43.752 1.994
-169.619 177.631 -111.788 1.959
28.763 147.345 -9.596 1.968
32.428 -23.033 162.681 2.005
-217.013 -107.670 -163.417 1.945
108.306 -151.803 18.105 1.916
117.895 -164.125 -193.253 1.956
-104.201 -31.711 -6.131 2.031
185.777 186.441 -130.028 2.024
123.894 161.117 79.903 2.077
-166.081 -180.964 122.414 2.068
18.419 4.755 -76.430 1.913
-73.128 129.639 69.771 1.830
141.562 65.579 61.512 2.095
-171.454 -129.659 -33.424 1.985
64.605 87.167 -162.541 1.898
-222.051 166.987 69.196 1.970
-24.373 -170.876 -38.968 2.049
-151.927 142.094 -24.618 1.906
63.386 80.790 185.863 2.037
219.322 62.151 -29.393 2.232
18.466 -119.189 164.920 2.094
50.399 -183.233 31.706 1.903
-181.374 -125.868 67.951 1.851
-219.189 -31.722 23.297 2.139
65.691 123.216 -12.554 1.919
219.172 -89.463 169.836 1.920
53.000 -86.309 -76.286 1.994
-54.241 -47.326 -115.755 1.799
96.788 54.272 -53.436 2.100
138.462 -165.867 29.426 1.958
210.871 -90.662 -101.452 2.031
-189.027 -53.367 176.841 1.874
55.266 -149.076 142.641 1.984
50.442 -101.353 92.969 2.069
-150.464 39.745 -153.798 2.209
165.316 -113.173 193.732 1.997
190.033 27.273 -3.314 1.975
-2.432 9.788 -79.165 1.982
-148.542 27.029 165.256 2.014
-151.749 8.925 49.788 2.017
-2.997 88.925 88.599 2.079
-137.852 -155.494 164.764 1.927
-136.547 162.997 -191.905 2.142
-73.382 30.019 -46.915 1.907
-45.235 32.231 20.975 2.088
132.586 -159.947 45.598 1.914
208.158 -23.160 14.446 2.100
-74.937 -154.009 0.593 1.941
-210.273 -9.121 178.903 1.969
138.510 159.050 -150.998 2.081
155.752 179.124 -186.596 2.046
-106.690 78.725 7.792 2.059
153.007 -162.907 -142.926 1.746
221.631 -89.441 171.122 2.075
158.734 -147.058 -165.564 2.024
23.035 -111.052 -145.819 2.024
-135.619 31.579 -46.952 1.888
-142.812 -188.103 39.134 1.988
210.568 127.263 -190.988 2.296
142.144 -23.278 -118.071 1.915
-93.269 58.664 -82.193 2.099
211.883 -102.873 -192.424 1.826
-16.052 117.189 149.910 1.936
-76.881 -55.947 100.608 2.063
-60.634 15.254 89.825 2.115
-178.804 46.206 -28.270 2.080
63.595 -11.795 41.012 2.060
61.721 -166.117 10.506 1.910
-185.595 97.857 5.049 1.996
185.903 -184.319 -78.959 1.909
183.508 -52.865 -142.008 1.977
-68.789 -93.447 174.939 1.768
-136.726 181.195 144.337 2.032
51.795 87.204 86.463 2.187
-45.877 -153.650 -128.007 1.764
-186.810 -188.826 -83.009 1.763
21.750 -138.441 -93.319 2.004
77.298 171.372 123.683 2.079
-101.005 23.760 -195.159 2.058
159.695 22.485 -145.359 2.034
-190.738 -1.205 -150.032 1.985
-174.557 -168.798 -101.776 1.970
122.516 186.359 112.496 1.986
92.538 -87.676 -198.043 2.037
-170.029 -179.323 3.981 2.018
2.498 -146.726 -90.349 2.076
-126.597 -156.058 9.282 2.026
48.751 -24.983 -153.224 1.911
-155.337 -170.496 -174.626 1.972
81.599 -135.193 61.700 2.057
-38.273 166.272 139.716 2.132
40.419 137.601 -14.616 2.165
-212.803 -58.752 22.517 2.018
-85.323 -157.965 130.916 2.014
196.476 182.933 38.132 1.935
-64.036 43.376 -93.569 2.096
-169.583 -87.507 104.248 1.944
152.252 138.826 -14.515 1.921
-198.115 -37.005 161.978 2.175
220.674 -62.951 175.736 2.104
184.497 76.976 -143.283 1.924
-86.410 60.036 -45.563 1.960
-147.391 16.877 -105.768 1.880
-115.159 -140.886 31.882 1.782
-188.405 48.558 167.138 1.966
23.304 -123.630 84.619 2.041
223.618 140.504 -134.464 1.892
-206.991 -38.294 -37.296 1.976
-17.489 93.567 -98.327 2.114
1.556 142.918 -11.190 1.935
155.640 112.515 -41.215 2.119
21.376 107.642 6.952 1.978
171.762 91.398 163.157 1.855
164.682 -127.296 157.628 2.022
92.515 60.461 139.307 2.017
-9.781 -77.569 182.982 2.006
146.230 35.898 -191.777 1.971
1.796 -159.830 48.770 1.831
-173.694 185.745 -150.470 2.193
-118.600 -65.657 24.560 2.075
133.694 -189.401 -129.246 1.928
190.065 164.077 126.171 1.943
-216.229 156.056 149.712 2.095
118.322 -91.846 -151.664 1.952
-7.331 -166.048 -12.641 1.977
-72.895 94.132 199.088 2.087
99.551 -121.876 -111.832 2.115
-13.628 -61.418 77.201 1.878
155.955 52.690 95.200 1.957
-118.725 127.109 36.244 1.927
53.225 -169.897 129.924 2.061
-125.103 183.080 -137.413 1.890
152.892 -135.845 -111.409 2.221
101.773 -68.185 -145.909 2.114
-91.498 -88.289 -89.178 1.937
145.742 -174.679 -59.929 2.255
-193.222 128.039 -38.673 2.052
-7.821 -72.567 11.151 1.967
217.741 -162.723 -72.601 1.978
-208.482 32.421 -170.540 1.914
54.537 -69.930 -116.591 1.802
164.750 125.234 28.712 1.917
0.860 -143.017 70.936 2.208
133.022 -90.701 -73.659 2.031
-166.532 -15.836 -169.973 2.044
210.459 155.204 -32.554 1.894
156.142 -0.555 -88.805 1.989
-55.577 -80.216 118.411 2.163
111.373 7.327 -76.825 1.930
17.816 -57.461 15.995 1.796
-70.177 -12.075 -42.046 2.072
-132.514 186.808 -52.052 1.861
-102.001 94.239 -100.382 2.120
-158.674 86.863 120.332 1.879
67.560 -27.798 -10.128 1.946
-117.528 8.884 181.353 2.050
-191.586 56.287 100.312 2.153
-71.897 49.186 47.440 2.164
-181.654 10.888 104.080 1.999
73.149 125.402 -138.947 2.012
193.018 5.190 167.603 2.109
-210.716 -178.191 3.922 1.946
25.635 47.763 -50.383 1.935
166.019 -43.910 -119.407 1.999
167.800 -12.079 -112.076 2.038
-163.283 -168.589 74.730 1.944
158.380 22.454 72.588 1.944
148.040 155.261 -179.608 2.013
178.245 -176.075 -70.315 2.023
33.942 -29.613 193.606 1.936
-43.059 60.516 -157.248 2.063
123.052 61.666 19.558 1.995
-88.563 -26.437 -129.603 2.248
-115.934 93.469 -67.172 1.982
161.770 -141.869 39.376 1.706
185.180 -189.323 -163.989 1.990
165.050 -165.713 -77.823 1.901
28.797 45.479 -22.085 2.078
-14.882 -181.339 -52.433 1.956
47.824 11.455 15.491 2.009
-137.914 45.347 -70.970 1.957
-100.089 -66.347 -142.139 2.159
-48.673 -161.597 43.585 1.992
158.368 4.081 -142.976 2.273
143.883 18.759 -0.752 1.932
77.633 31.656 15.562 2.028
109.128 -106.741 152.844 2.040
87.225 118.684 -131.966 2.045
78.501 52.265 -72.138 1.971
-163.172 -178.136 -108.388 1.912
10.655 -21.866 -101.528 1.966
-104.762 -21.881 -96.860 1.826
-80.322 72.902 -140.994 2.129
-27.667 -61.543 -90.661 1.949
-82.307 -20.034 186.209 1.847
222.415 -92.812 -99.083 2.030
149.520 -184.009 103.494 1.984
-166.975 6.396 184.310 1.900
164.715 84.876 125.590 1.844
-50.771 -11.208 -9.004 1.855
94.173 40.590 -188.490 2.052
68.758 -63.224 68.825 2.051
-47.010 62.600 -70.612 2.179
86.275 -170.222 26.838 2.043
-187.417 53.003 192.281 2.012
-140.808 -178.824 -94.133 1.991
-200.125 188.236 -119.411 1.991
149.602 26.059 36.856 1.927
-171.983 118.129 -120.413 2.080
135.724 48.261 -140.154 2.022
79.463 -22.623 140.783 1.930
126.981 -35.557 100.878 2.061
206.821 -143.644 -137.568 1.951
-43.192 13.894 -47.357 2.080
-47.404 -2.967 -91.650 2.045
-80.668 133.650 -185.081 2.019
-18.153 -110.006 -176.854 1.813
154.237 43.198 -72.798 1.829
-180.425 -46.572 70.050 1.963
5.085 -115.940 -185.290 2.061
177.274 -184.310 -167.701 1.932
-111.734 -46.001 18.793 2.047
-123.035 -19.516 -12.006 1.966
130.039 139.196 166.178 2.032
148.491 -72.598 99.528 2.123
183.571 95.378 31.798 1.786
-102.124 -22.551 -31.306 2.025
8.877 48.161 -75.698 2.108
-65.922 150.265 178.646 1.849
168.759 61.765 90.388 2.076
-30.585 -102.398 190.027 2.096
-35.810 123.345 -119.896 2.017
-144.871 -60.915 -179.172 1.906
194.271 26.908 33.694 1.964
-30.502 -133.747 164.817 1.874
-65.707 -148.870 128.139 1.833
-164.370 40.227 62.965 2.065
46.510 -107.923 -113.058 1.960
108.552 128.285 -133.229 2.004
-59.697 122.718 160.182 2.019
71.497 176.392 174.967 2.066
-32.238 -89.424 84.191 2.000
110.304 58.350 123.379 1.968
172.328 73.870 73.157 2.095
-142.629 -183.415 -191.532 1.710
150.695 -179.480 189.551 1.952
114.576 -47.632 85.557 1.964
94.384 -34.865 165.365 2.013
172.379 155.476 -145.295 2.198
139.280 -95.269 40.067 2.089
-198.467 5.140 198.566 2.131
-41.587 -126.620 -65.196 1.948
-10.210 -74.801 1.521 1.881
189.827 -74.852 -15.543 2.018
-146.906 -180.158 155.235 2.142
221.020 165.775 148.110 1.874
-120.865 189.977 92.636 2.033
-153.065 -134.671 -60.718 2.027
-188.458 -184.023 -50.043 1.938
203.283 -52.945 143.858 2.099
-134.128 117.551 166.352 2.211
-106.631 183.022 166.384 1.965
-191.514 40.032 51.879 1.926
89.151 -154.055 74.437 2.003
-218.512 -27.728 -42.681 2.025
155.927 -173.060 148.400 2.049
-83.782 -10.940 -23.704 1.972
-157.719 -7.269 172.382 2.068
144.637 -40.797 -73.557 1.839
204.901 101.155 -142.226 2.123
-196.799 37.935 84.058 2.014
-118.824 -101.054 183.220 1.964
27.628 5.125 -80.065 1.873
88.549 14.095 36.824 1.897
-159.671 156.283 -158.305 2.114
-11.039 -101.773 27.746 1.974
-1.422 -122.228 -62.166 1.989
187.925 -49.647 -97.527 1.987
-109.065 -55.602 170.085 2.066
195.372 -46.041 -136.434 2.149
86.628 -113.032 -122.102 2.147
-10.190 58.638 -152.347 2.059
14.469 11.031 -66.621 2.010
-208.359 184.302 148.760 2.111
146.926 -87.867 164.433 1.764
-98.569 152.297 -16.309 1.860
-29.821 164.412 138.759 1.946
6.682 -10.078 36.622 2.005
168.528 -45.239 -142.773 2.020
152.532 -187.411 -180.283 1.871
6.999 -140.474 141.513 1.957
159.586 -25.565 0.873 2.093
-32.761 97.821 -116.122 1.937
-43.185 109.423 -43.202 1.922
-184.450 144.409 162.760 1.959
-18.046 -99.257 55.227 2.250
-200.656 67.344 -168.730 2.167
-72.143 -75.903 -168.145 1.848
146.011 115.207 85.859 1.951
139.361 120.839 -3.378 1.997
95.221 142.303 95.830 2.055
112.186 66.597 -143.462 1.983
-138.045 -62.057 98.983 2.067
153.306 41.686 9.144 1.939
-209.676 -154.474 -136.823 2.295
-80.515 -152.007 -154.072 1.964
-201.437 43.613 -68.463 2.294
-21.565 -43.323 -154.366 1.952
-35.503 -148.657 172.712 1.960
-9.325 170.986 -9.010 2.095
-49.615 167.316 92.703 1.875
71.303 51.647 -159.447 2.104
-138.893 -87.526 140.796 2.110
-60.193 -189.877 165.761 2.194
-2.755 142.825 87.483 2.035
-30.038 76.802 -192.698 1.969
98.850 -33.998 57.223 1.976
195.370 31.193 156.202 1.943
209.993 -88.517 -97.629 1.947
-27.979 24.941 -163.128 2.045
92.562 46.219 -34.530 1.965
46.877 -8.950 -106.080 1.918
-69.780 -105.460 19.759 2.057
54.635 -14.465 85.069 1.830
-130.498 -134.003 -93.362 1.862
-15.285 -178.304 -72.484 1.922
41.076 -166.473 151.617 2.039
82.573 189.000 188.129 2.049
-48.216 -25.202 -157.372 1.936
-78.898 111.242 -59.445 1.896
-130.883 -17.622 123.307 1.763
57.479 -103.141 117.704 1.983
55.013 0.641 -151.424 2.062
54.241 -89.814 -76.017 1.974
44.766 -65.119 -97.774 2.041
181.076 117.590 -12.223 1.927
-6.048 -4.071 -141.329 2.019
210.055 5.534 130.794 1.864
-189.284 -124.697 110.477 2.092
-76.307 5.022 -92.973 1.878
88.992 -112.731 -199.662 2.061
-53.243 -33.912 -149.853 1.821
202.447 151.471 147.934 1.907
-85.932 -159.264 105.883 1.968
92.611 -116.215 152.789 2.035
-189.321 -167.219 -44.119 1.980
-88.982 -180.217 -53.523 1.943
91.814 -83.835 132.500 1.982
180.104 102.221 68.948 1.839
143.180 -43.379 -154.760 1.916
-21.210 77.872 -188.415 2.039
-57.247 -180.849 -139.147 2.098
-22.519 160.099 45.609 1.945
-94.781 33.843 54.724 1.975
-3.188 -113.039 177.228 1.945
-39.242 94.378 -198.769 1.999
57.405 -185.065 2.441 2.043
-198.317 -1.017 115.550 1.956
52.621 -107.132 -189.532 1.978
138.454 166.532 27.730 2.103
-125.542 69.745 -121.997 1.985
115.480 120.638 39.894 2.056
-215.408 122.668 9.903 2.066
102.853 -120.753 -174.207 1.958
-185.923 -117.788 191.794 1.988
201.909 -24.070 -13.178 2.009
2.616 68.928 113.619 1.914
-186.930 -103.542 -0.597 2.190
-109.387 48.608 113.529 1.773
-133.352 -132.739 196.328 2.065
-58.464 -169.472 180.040 2.065
85.318 -140.732 4.838 2.046
-154.370 52.414 4.037 2.025
115.879 -154.914 177.807 1.837
-1.571 44.499 -179.209 2.045
32.049 -21.294 13.844 2.116
211.640 -1.581 154.373 1.991
-100.183 -23.581 -27.693 2.119
58.368 -93.561 -160.255 1.944
49.688 -21.106 -178.324 1.923
118.980 63.393 -114.979 1.947
112.313 184.516 -175.230 1.760
-143.941 -112.823 3.530 2.000
15.719 170.595 -25.799 2.127
-218.123 -52.511 -102.975 1.937
155.268 -38.397 -6.859 1.960
-141.796 137.087 -2.647 1.978
-189.829 153.801 13.731 2.025
-204.434 38.228 184.201 2.117
223.913 -112.537 -116.252 1.953
219.132 123.789 -189.155 1.921
-192.316 -146.269 48.675 1.981
188.285 -9.992 114.580 1.889
113.601 168.242 147.994 2.022
192.624 -61.625 -72.842 2.025
140.459 -61.947 50.591 1.963
94.444 162.462 -10.717 2.003
-145.784 -66.452 -164.637 2.059
-152.861 111.426 160.616 2.060
165.430 -1.176 93.525 2.019
199.310 63.273 -97.058 2.239
-89.513 21.629 172.745 1.894
183.730 -164.330 -145.842 2.075
154.967 -80.497 186.487 2.017
11.588 -124.280 -39.800 1.944
208.138 76.404 46.148 1.917
-145.976 -121.618 71.024 1.830
-75.872 -113.856 -113.889 2.037
-51.354 -131.903 -170.447 1.941
156.659 170.736 -191.461 2.132
-124.818 -30.138 98.846 1.929
-114.170 -30.175 8.209 1.952
116.705 -137.969 -156.007 2.199
-171.601 -177.383 -82.252 2.029
192.477 -14.159 132.127 1.898
94.905 112.469 -27.236 1.942
-72.643 83.552 124.174 1.822
203.403 -36.170 25.620 2.113
-131.719 -23.992 -101.370 2.062
-97.969 -45.184 -90.578 2.037
58.677 -59.544 -57.790 2.044
30.322 -2.377 -99.360 1.876
-41.911 -67.365 8.825 2.056
-146.127 155.961 -191.043 2.114
-125.923 -82.681 194.116 1.901
-222.399 35.535 106.736 2.062
187.679 -172.280 151.624 2.013
29.255 177.279 196.364 1.955
14.515 55.577 -93.435 2.037
-27.304 -133.057 -114.682 2.036
-23.752 -72.451 -106.307 2.074
-42.765 3.321 -110.747 1.979
-8.599 173.141 -99.733 2.058
38.162 29.151 -2.325 2.036
-9.892 -68.635 -161.377 2.087
182.158 83.659 172.683 1.995
98.706 -188.985 59.412 2.115
175.660 -51.777 164.924 1.811
-50.710 -188.048 77.732 1.926
-9.825 -62.424 -49.365 2.018
58.455 -68.588 170.419 1.993
23.536 -149.040 -136.724 2.005
59.274 50.158 -108.488 1.967
-122.288 -178.346 -197.635 1.935
102.586 -40.840 -25.404 2.153
-24.421 -163.757 -14.534 1.991
-199.114 99.334 -60.555 2.045
93.268 -46.820 54.454 1.926
-182.305 -23.610 -129.507 2.155
163.446 -3.351 -147.083 2.022
161.939 2.454 50.361 2.118
72.918 174.723 198.229 1.993
193.109 -146.797 87.627 1.876
-28.029 -178.137 -12.759 1.925
40.948 -123.047 154.703 1.987
-222.582 9.151 128.959 2.119
-17.091 -132.800 -132.793 1.863
-147.640 -160.261 157.362 1.903
-152.631 -3.335 -15.755 1.987
-90.837 53.962 -115.086 1.973
159.457 -110.774 -129.284 2.063
23.641 61.086 178.476 1.826
29.939 -51.714 -54.407 2.055
-125.815 -70.560 76.065 1.801
-166.280 7.255 104.674 2.097
94.012 -22.748 -47.090 2.111
159.121 105.724 -173.307 1.975
-7.381 90.865 -57.989 1.855
12.562 182.444 -106.230 2.041
199.281 20.687 -40.307 1.925
191.034 174.448 51.740 1.986
81.971 156.163 -177.032 1.920
203.395 154.206 128.437 2.098
-207.337 58.254 -12.886 1.898
-188.125 -182.751 -127.598 1.923
109.356 -4.075 -16.742 2.007
149.415 167.595 -57.179 2.052
13.665 163.969 81.498 1.998
153.678 -143.947 -198.865 1.923
84.577 -155.495 65.063 2.024
-50.774 64.305 -114.663 2.153
200.436 173.272 66.590 2.086
-208.101 -35.645 -101.260 2.079
90.958 5.151 -189.816 1.931
-111.179 106.208 -180.404 1.931
-0.353 -128.462 112.188 1.891
-109.552 -35.734 -106.157 2.120
-120.904 57.308 -93.235 2.047
-116.598 -85.312 -139.633 2.057
35.369 59.774 -118.160 1.884
-87.020 -58.188 -183.901 2.056
-175.082 -156.266 179.964 1.885
-1.284 -108.905 170.953 1.946
-220.453 -136.039 -33.755 1.862
19.072 132.467 193.704 1.924
-95.035 150.902 -75.285 2.085
-172.942 5.928 178.093 1.934
-151.469 -50.888 153.208 1.975
-45.820 11.431 -43.057 1.971
-197.464 39.934 -40.268 1.961
24.530 15.308 190.989 1.883
-216.484 -70.811 -56.039 1.903
-181.739 -51.016 -145.122 2.000
-3.054 75.989 73.968 2.076
20.776 144.649 40.016 1.978
98.293 144.972 13.854 2.001
-61.585 -42.348 157.999 1.932
-143.712 -18.584 37.775 2.103
55.758 -159.554 -49.876 2.013
100.245 141.187 -109.542 1.954
39.954 16.051 -56.585 1.932
108.141 -123.449 -98.082 2.014
-134.763 -170.925 -95.325 2.103
96.498 61.040 68.381 1.909
135.847 -73.735 -132.062 2.098
-179.713 21.086 -109.783 2.035
192.186 -53.399 110.051 2.020
140.016 103.343 104.595 1.907
207.921 114.382 -130.891 1.913
-197.398 -169.582 -187.956 1.817
161.403 175.969 95.062 2.244
-120.837 -31.194 -185.838 1.986
-66.304 28.249 150.325 1.961
-142.075 -124.449 -134.605 1.948
-198.572 -149.397 -198.963 1.869
210.707 -71.746 -56.252 1.956
10.626 23.429 1.103 1.975
-47.971 -106.060 147.793 2.129
171.650 -89.720 171.633 2.032
49.136 -32.906 -153.237 1.965
7.072 45.059 -196.163 1.976
-162.627 64.267 -111.078 1.914
20.201 60.118 82.637 2.206
6.715 106.929 -102.585 2.118
60.337 -166.359 -144.917 1.978
147.837 -4.624 -44.553 2.114
50.918 -173.133 142.435 2.001
139.227 142.834 -116.401 2.023
-19.491 154.558 -162.091 1.880
105.881 -71.369 -135.357 1.982
177.204 -93.672 11.065 2.034
75.429 -86.412 -190.175 2.117
-30.853 -2.887 75.233 1.845
14.735 -64.760 106.113 2.106
49.529 -72.923 -40.619 2.021
-178.227 142.054 141.388 1.997
-155.276 -23.786 -145.843 1.990
-162.059 -111.966 193.043 1.778
144.100 -63.931 84.472 1.800
-139.069 93.292 142.305 1.833
184.523 -37.626 -82.792 2.084
-99.228 44.283 -178.921 2.041
