-189.777 -186.710 92.864 1.920
193.677 125.670 -145.695 2.004
-82.302 143.582 174.858 2.036
66.711 116.160 -100.333 2.023
-50.876 112.452 -194.567 1.867
-105.488 185.572 -188.225 2.108
196.767 -177.555 0.051 2.089
-51.994 139.310 -113.635 2.043
210.826 -53.032 55.638 1.804
-72.242 65.528 -191.127 2.016
-73.453 79.340 -88.555 1.858
-209.870 -55.568 -70.197 2.079
-213.211 57.193 -16.611 2.130
73.651 91.190 37.747 1.943
181.194 85.699 158.397 1.927
8.559 169.864 48.570 1.978
-66.705 12.416 -7.693 1.914
10.369 17.089 -51.136 2.011
44.017 2.335 -82.369 2.168
-214.893 121.029 -101.775 1.928
79.698 -15.237 48.220 1.901
14.924 57.877 37.223 1.842
111.404 51.589 -190.565 2.118
-168.077 65.566 -73.719 2.005
112.343 159.293 39.373 2.024
77.223 16.303 -154.988 2.174
-87.380 -23.105 -195.085 2.081
17.226 -147.237 -38.293 1.933
-3.094 -93.523 17.469 1.896
184.528 -94.062 94.597 1.912
113.650 -49.742 117.185 2.029
35.975 -160.143 172.182 2.029
-170.683 -60.820 -11.272 1.958
165.160 -166.109 -132.148 1.905
-158.973 -40.582 -76.425 2.115
-176.017 169.405 -67.841 1.856
-13.199 173.705 -136.091 1.932
-111.994 -11.957 189.078 1.977
223.431 -96.379 -128.749 1.970
-177.833 50.469 -130.001 1.945
114.139 108.351 138.316 2.108
-78.723 -121.325 -187.891 1.846
-216.874 -82.307 -46.773 1.896
-129.593 2.877 139.241 2.104
-3.490 184.883 173.171 1.964
57.615 72.588 -59.878 1.810
67.129 -33.227 68.983 1.811
-33.206 -30.739 -169.023 1.902
-109.781 -111.421 33.732 2.061
105.619 158.975 -83.376 2.086
-150.998 149.014 -169.718 2.080
-148.780 -189.844 -67.597 2.098
-42.559 143.352 -6.054 2.049
75.329 -155.150 -19.639 1.999
-152.603 -111.593 -65.176 2.127
-104.332 -99.925 147.054 1.929
-64.467 -116.825 -113.233 2.023
49.694 -111.560 33.400 2.046
-212.007 -7.095 -72.441 1.995
-25.426 122.737 -184.737 1.911
194.392 -143.831 155.494 2.117
-224.973 179.018 -183.020 2.151
-13.549 120.646 54.675 1.960
132.821 -128.641 -131.880 1.884
-175.086 103.146 -44.512 1.960
-92.446 -168.863 137.910 2.015
198.007 -33.572 87.484 2.046
189.616 -58.612 107.316 2.005
-202.743 159.734 27.614 1.948
207.082 147.939 168.223 2.062
-23.618 145.637 28.173 2.025
-28.423 -94.007 -132.703 2.044
-111.797 50.404 139.683 2.056
-217.689 -122.173 21.408 1.973
87.456 -19.054 112.729 2.060
-177.223 35.567 -197.000 1.834
18.721 -125.233 -11.922 2.096
-1.669 9.215 169.581 2.192
-40.016 4.716 -35.453 2.219
150.271 -102.875 8.941 1.905
-93.850 10.065 74.322 2.033
-26.309 9.013 -134.756 2.147
-3.530 21.664 129.931 1.919
-109.559 24.348 -84.996 2.033
-211.263 88.914 -34.271 2.067
-207.944 -140.563 26.143 1.852
109.611 -66.399 -166.566 1.966
-219.488 -111.547 -88.153 1.961
159.063 143.235 -28.703 1.876
61.001 177.468 58.951 1.946
-87.573 6.726 51.524 1.960
-60.092 -12.114 101.391 1.996
-136.073 -142.079 146.344 1.987
23.757 -104.989 -164.610 2.150
-51.909 -129.463 43.833 2.194
-63.934 -179.700 -195.736 1.902
48.811 122.436 -183.884 2.053
123.868 165.973 -168.321 2.099
87.337 -129.432 -94.948 1.781
-96.340 29.706 -183.583 1.951
42.732 36.792 0.748 2.110
52.422 125.215 110.158 2.057
-120.373 -64.533 -67.993 1.999
183.825 82.350 -41.446 1.913
163.262 -76.101 54.149 1.995
-52.924 -33.293 25.018 1.966
85.733 124.622 180.764 2.018
-82.644 53.160 -10.643 1.883
218.425 183.232 -189.656 2.044
-77.022 188.545 21.217 2.054
171.455 63.936 155.648 1.940
203.457 -53.976 -172.070 2.101
58.915 31.765 13.830 2.100
126.045 -155.547 -100.887 2.058
-222.033 84.928 188.852 2.042
-115.503 -58.987 -57.973 2.012
154.399 152.835 -167.284 1.942
-162.369 70.817 28.485 1.964
-217.791 -173.108 29.467 2.007
76.733 146.596 -99.362 2.025
199.063 -173.999 60.481 1.963
-7.929 -31.000 133.659 1.985
-192.070 87.921 111.648 1.866
-38.848 -110.460 -154.441 1.891
-211.699 52.447 -11.245 2.029
-191.418 37.496 33.601 2.091
-131.217 168.086 -186.203 1.946
-158.798 -112.904 -164.006 2.019
152.539 -99.846 -31.055 2.146
-183.485 76.654 -143.103 1.985
-141.056 76.384 -127.140 2.062
100.006 173.593 114.063 2.004
201.718 -165.569 140.195 2.147
106.401 -125.611 102.247 2.071
-109.116 -4.291 -60.699 2.011
-81.254 11.460 112.897 1.866
18.500 124.801 181.049 1.913
153.740 -126.771 5.973 2.045
20.349 76.765 -174.225 1.969
-179.335 -178.955 -198.590 2.052
40.162 119.389 -119.990 1.953
117.418 -169.705 88.012 1.913
-5.775 112.245 21.105 2.181
162.210 -108.668 151.283 1.984
93.266 108.253 -181.381 2.002
-141.071 25.463 -53.745 1.905
186.293 148.377 -88.501 1.856
181.411 -167.161 52.530 2.150
220.365 -99.874 -6.856 2.074
25.739 14.335 -19.448 2.058
-80.492 -97.353 138.437 1.810
-203.397 -44.779 32.798 1.983
-110.808 -126.604 -127.242 2.034
-45.611 94.351 54.133 2.142
-106.796 150.469 26.627 2.102
195.882 -132.695 28.362 1.822
31.957 185.861 20.431 2.093
17.207 0.189 -63.309 1.957
166.482 139.410 -14.326 2.145
134.544 81.644 -24.284 1.973
-102.826 38.539 -155.876 2.086
-99.286 -45.733 125.076 2.047
-55.244 123.557 -47.503 2.001
95.676 146.315 -157.846 1.913
121.624 -39.867 -94.916 2.031
-146.482 -42.778 174.422 1.936
74.793 -53.821 15.914 2.066
-199.902 69.811 -76.775 1.956
-36.985 -75.957 -84.872 2.147
-220.363 -27.844 68.316 2.023
25.838 -134.816 151.108 2.151
137.517 -94.934 167.370 1.958
7.620 -65.386 21.284 1.952
94.951 84.714 171.685 2.068
-127.517 -140.314 136.848 2.161
34.058 86.683 1.519 2.068
-166.558 -129.582 12.907 2.149
176.578 -82.926 -97.143 2.166
-24.575 89.995 -22.416 2.049
-4.382 9.655 -181.200 2.226
53.777 9.667 -102.713 1.938
8.366 62.231 -37.031 2.044
82.262 32.364 -37.898 1.902
122.378 52.726 183.828 2.171
-98.249 103.336 171.494 2.078
-3.852 -96.408 -45.085 2.054
-165.978 -142.914 79.470 2.035
-27.707 96.847 48.169 2.016
98.958 -165.825 -154.322 1.797
106.503 -133.146 11.067 2.050
-180.942 -43.670 -120.149 1.916
-15.041 -187.757 26.736 2.008
78.282 -27.672 73.248 1.994
-107.289 -116.448 138.492 2.025
42.284 -171.174 -146.927 1.658
29.370 -176.231 -99.602 2.026
-150.836 -95.319 116.485 2.090
183.250 -31.037 -34.990 1.929
223.947 -151.404 -18.066 2.028
105.755 109.174 83.811 1.916
52.489 61.288 32.931 1.929
-202.547 -26.088 -98.610 1.996
160.889 182.896 118.328 1.973
201.360 155.286 180.110 2.022
-63.539 27.179 -17.239 1.953
-69.515 -19.593 -161.860 2.033
-186.023 -94.136 -163.434 2.184
-66.638 -159.060 54.331 1.882
20.207 89.759 136.374 1.952
199.900 -7.401 -38.046 2.008
137.729 98.685 -51.833 2.088
-135.949 139.949 31.031 1.874
185.780 -127.488 -25.691 2.014
-170.971 160.263 -154.104 1.920
-142.240 92.770 -165.349 2.059
-187.321 170.670 -91.723 1.803
33.907 -34.361 67.186 1.992
-36.205 5.709 169.993 2.191
140.038 69.967 -8.175 2.068
7.008 -49.092 -137.593 2.114
22.808 126.118 2.873 2.000
44.203 -80.310 1.690 2.028
141.489 45.054 -184.581 1.930
-91.974 161.115 -61.302 1.946
-212.648 -34.370 -69.737 1.933
-160.276 -59.702 -25.322 2.052
-49.671 177.735 38.919 2.077
-56.768 46.605 -9.989 1.987
206.923 151.670 -154.725 2.022
-144.407 -104.771 -95.496 2.028
196.184 -60.265 122.840 2.068
23.104 164.907 68.973 1.908
-39.675 -147.037 -108.808 1.863
-187.044 -112.963 88.840 2.029
-44.501 -125.370 74.148 2.183
81.387 110.987 35.917 2.077
-190.571 99.885 -152.064 1.827
11.515 140.673 33.773 2.015
-167.139 59.586 -177.179 2.061
89.541 14.210 88.807 2.070
97.487 -141.200 115.530 2.046
-132.489 52.544 -1.819 2.018
124.582 -159.078 156.652 2.124
-202.825 10.997 -0.196 2.159
-192.384 109.836 -130.308 2.018
216.049 -96.927 -2.412 2.063
-16.788 124.109 32.663 2.091
62.913 158.022 -1.960 2.028
183.663 -78.988 -15.979 1.946
-121.838 -151.946 17.193 2.001
145.235 -23.374 66.147 1.883
-112.634 -130.519 -139.735 1.875
133.942 80.391 -191.400 1.910
154.348 128.283 70.807 2.044
194.244 146.930 162.670 1.929
21.051 -187.142 72.099 2.065
191.712 -143.363 45.702 1.890
-109.482 36.375 166.631 2.020
55.031 -87.927 6.989 1.917
143.218 23.991 83.586 2.020
164.264 162.423 -144.764 1.985
-94.060 -155.408 30.180 1.958
-182.066 55.285 -16.330 1.884
41.071 -5.219 116.185 1.932
-102.391 -139.824 7.016 1.824
-183.219 -168.800 -134.019 1.884
-47.047 53.418 -187.763 2.006
-187.050 -14.071 166.023 1.941
29.424 -35.545 -182.797 2.005
-221.639 89.579 49.496 2.079
82.211 -162.788 -197.777 2.029
53.876 63.297 178.535 1.835
-92.967 -180.091 -98.541 1.805
20.029 -185.526 30.486 2.221
-55.748 -175.826 -118.448 1.933
-153.118 -60.611 174.239 2.068
13.160 15.339 -194.736 2.068
-221.379 81.597 -107.723 2.055
18.847 65.842 38.438 2.151
-47.681 -133.919 38.159 2.103
-17.673 -23.492 6.463 1.865
31.006 -146.087 -108.622 1.847
-62.497 -171.892 -198.162 2.106
-32.004 -117.282 41.928 2.025
-129.539 -152.527 -47.456 2.253
57.685 -104.428 137.027 2.041
-39.353 111.884 98.568 1.909
183.781 34.234 -24.101 1.918
145.030 -180.728 19.622 2.223
207.785 -58.935 168.676 1.905
-52.264 145.083 -73.040 2.190
105.179 30.528 198.199 1.936
100.383 127.231 -129.319 2.138
187.264 -132.247 59.555 2.114
-168.595 -7.922 -192.624 2.063
133.477 45.038 -195.622 1.916
-45.667 -148.881 -143.088 2.086
-203.275 -49.697 175.422 2.150
66.197 -162.808 -9.360 1.928
-39.227 50.065 30.518 1.890
67.107 70.265 -145.711 2.036
219.438 117.449 102.173 1.857
32.401 -44.907 -87.982 2.157
213.450 6.610 -37.458 2.100
-59.385 -126.722 -129.167 2.054
59.610 138.478 157.684 2.189
177.285 105.408 -147.427 1.948
61.013 -102.513 -82.467 2.039
-104.981 97.912 152.946 2.051
-147.834 -102.766 -79.389 2.047
-137.202 -35.088 -17.441 2.051
216.693 -133.574 -161.530 1.945
-189.623 3.850 -183.980 2.196
151.733 163.824 -129.103 1.992
-125.764 -123.468 49.213 2.143
187.698 -121.815 111.449 1.944
198.079 101.358 73.206 1.985
171.930 24.223 41.717 1.956
13.246 -120.288 -52.519 2.004
-90.602 91.006 71.255 2.167
-10.398 -111.252 -90.270 1.997
-129.676 64.313 182.128 1.855
-70.011 -64.772 12.502 1.899
92.839 34.747 -111.085 2.062
34.274 -11.979 -109.501 2.043
154.733 -140.866 -148.369 2.017
94.505 88.062 -142.917 2.010
55.576 -13.137 141.777 2.000
53.630 -130.226 45.448 2.018
-169.401 101.315 79.279 1.943
65.777 -34.972 72.858 2.103
-172.952 -7.548 4.720 2.051
89.607 182.788 -152.502 2.025
220.624 -99.740 162.274 2.003
-150.220 129.523 100.154 1.887
-45.269 118.358 100.896 1.882
109.106 -1.550 -142.193 2.054
-42.003 -176.388 60.897 1.865
-109.090 -71.124 -18.543 1.906
-215.107 -86.254 182.522 2.092
-18.607 -140.035 31.946 1.994
157.014 -37.393 121.133 2.058
135.632 122.008 -29.171 2.147
83.898 -75.960 77.774 1.988
-60.555 -39.609 -25.187 1.998
162.001 37.032 -65.726 1.877
-173.168 115.031 -175.988 2.204
-26.931 65.805 -57.697 2.060
-132.349 -38.596 -52.103 2.000
120.126 -79.299 149.505 2.111
54.500 -175.611 -143.093 1.955
184.039 126.802 20.648 2.074
-20.996 39.006 -61.581 1.917
32.224 23.065 -190.046 1.808
-119.994 49.801 -62.548 1.962
188.875 149.938 -17.225 2.039
-201.126 -183.844 -129.402 2.072
-27.854 -102.939 159.433 1.918
-155.279 -53.312 19.082 1.937
-36.794 149.003 128.968 1.994
190.728 -135.632 -183.273 2.000
-27.276 132.081 -166.031 1.964
137.386 -148.142 -85.120 2.064
-160.019 79.373 30.618 2.136
196.649 37.542 161.834 2.046
-11.087 -44.659 -115.170 1.881
-17.418 15.051 -152.902 2.193
-108.665 123.292 4.360 2.007
112.664 -170.479 -34.443 2.175
-65.704 46.165 -1.872 2.121
22.273 166.884 49.245 2.059
-212.205 150.918 -170.100 2.027
56.738 57.448 49.570 1.909
-163.492 88.108 111.184 2.110
-86.643 -119.275 -166.731 2.150
125.509 72.816 44.142 2.004
-4.316 177.641 129.832 1.996
137.568 49.789 179.101 1.867
-75.306 67.104 -104.968 2.026
102.882 120.287 -140.989 1.863
84.774 -105.479 -189.703 2.115
-215.799 -54.623 -92.257 1.898
27.118 73.993 -101.860 1.926
-110.476 187.567 -67.912 2.024
224.316 -92.801 -135.149 1.959
-35.231 -85.899 30.234 2.159
-24.611 25.991 -171.915 2.154
141.428 -66.619 66.172 2.083
-36.517 -99.033 70.118 2.043
-162.639 -140.709 -111.779 1.999
-218.414 40.611 172.204 1.935
217.773 115.980 -66.774 1.932
-66.584 -6.491 -12.965 2.304
-79.572 183.690 -188.393 1.979
-176.624 -48.816 -113.272 2.279
-111.544 -184.270 165.871 1.888
-51.972 66.697 70.709 1.979
-98.903 2.719 178.412 2.242
-80.065 172.170 112.965 1.999
61.939 99.627 138.560 1.879
189.489 114.732 -102.368 1.830
-210.624 -127.635 -82.229 2.040
74.705 -92.498 -145.984 2.120
-91.352 -180.548 62.120 2.141
173.679 55.751 56.479 2.159
209.213 181.195 -196.897 2.042
137.209 -66.912 37.927 2.172
133.257 78.873 120.828 1.916
-25.503 33.873 193.272 2.067
-136.106 173.587 -40.278 1.953
214.072 86.508 -169.425 1.975
32.237 67.150 -99.950 2.009
-83.398 4.950 -101.069 2.052
-159.364 -8.271 79.116 2.156
82.992 97.454 -12.549 1.897
-222.222 131.164 -185.436 2.019
-45.895 -22.241 51.088 1.886
-125.011 -6.710 -28.227 2.031
49.439 59.303 64.316 1.842
79.413 -67.009 -126.987 1.908
196.971 -44.010 174.917 1.970
176.737 -117.405 -148.911 1.901
123.959 55.384 -86.992 2.015
8.925 -52.963 2.961 1.976
139.066 92.757 -53.900 2.065
146.691 -185.686 134.276 2.014
201.876 -58.110 53.631 2.064
99.188 -75.679 -154.521 1.961
-84.448 137.024 -187.002 2.039
71.546 118.350 -193.833 2.275
-219.434 182.710 -119.045 1.945
21.978 -5.050 186.085 2.190
-168.164 114.805 72.875 1.914
-205.092 34.372 184.732 2.152
-94.005 173.293 144.093 1.753
-201.453 -42.986 174.110 2.062
-203.362 -148.350 -66.550 1.934
14.552 -107.602 47.489 2.141
48.653 -42.001 129.917 2.019
168.204 180.372 114.543 2.092
77.841 161.117 173.857 1.958
-28.468 183.736 -82.142 2.100
43.437 7.574 2.817 2.207
-9.545 -182.299 198.066 2.055
-192.115 -4.263 104.848 1.888
91.410 -52.576 -113.004 1.985
214.061 73.497 -153.035 1.843
179.775 119.228 -137.388 2.024
-178.044 18.768 31.590 2.011
181.104 -183.404 -65.397 2.017
113.119 34.135 -193.714 1.881
-149.349 26.668 43.618 2.009
61.217 -26.970 57.168 2.171
-18.140 -167.592 -161.015 2.033
-49.264 16.857 185.915 2.073
195.889 -136.726 154.927 1.860
42.245 28.323 86.297 2.046
176.252 -126.567 133.397 2.125
216.173 -20.188 -56.502 1.976
-73.519 -65.523 4.044 2.134
-162.337 -24.939 187.499 2.035
160.962 116.993 -90.616 1.970
50.043 151.856 -100.653 1.961
-61.121 -4.124 -38.781 2.047
156.558 -153.819 36.819 1.928
-3.195 12.574 -29.665 2.077
32.160 87.100 71.168 2.122
199.852 -85.427 -116.711 2.085
134.513 89.594 -116.850 2.030
-142.024 -163.986 -193.464 1.979
169.681 -38.960 79.665 1.934
27.982 20.818 -85.674 2.045
-92.588 -187.624 106.544 2.004
170.388 -175.528 -110.986 2.189
-177.385 -168.643 8.305 1.964
-29.184 5.763 166.607 2.063
-122.829 -141.829 -136.810 1.823
169.953 -155.932 27.812 2.064
-36.322 -133.043 -58.290 2.029
194.234 39.156 -65.623 1.965
-151.365 142.273 43.196 1.976
-169.819 90.301 -7.119 2.167
205.755 37.989 141.341 1.934
-177.459 -122.321 72.807 2.115
-172.070 -157.903 -39.700 2.209
-42.614 127.110 -128.645 1.982
-160.820 -21.072 113.389 2.108
165.693 104.588 -62.532 2.080
-214.413 -27.573 -126.954 2.106
-114.580 -64.551 47.449 1.852
-123.294 -40.972 35.998 1.909
-67.415 -90.431 104.737 2.107
-9.025 77.754 4.054 1.823
64.276 -19.403 82.511 1.958
109.125 174.529 -74.465 2.051
16.285 71.196 -161.473 2.103
177.697 124.763 153.403 2.133
111.829 -151.420 161.256 2.099
121.586 -13.022 39.512 1.734
55.566 -0.028 -134.193 1.908
53.586 -118.322 -74.120 1.959
-55.175 166.078 113.728 2.224
102.900 7.224 120.628 2.066
-79.324 182.546 -78.539 1.986
-154.558 -147.289 118.592 1.922
203.982 106.536 -46.001 2.124
-223.645 -117.705 155.727 1.963
-122.128 -10.012 -73.536 2.053
-37.919 -97.794 -158.932 1.993
35.855 129.744 -169.148 1.970
-134.581 -41.426 6.316 1.878
221.266 -90.864 180.710 1.858
-3.051 54.183 80.711 2.037
-145.506 60.876 3.916 1.942
-130.647 -76.652 -89.643 1.970
91.965 36.575 -86.506 1.966
-138.415 47.489 72.632 2.089
-12.922 116.129 -170.454 2.079
-199.561 -77.114 -7.782 1.914
61.952 -129.550 107.888 2.092
-207.379 152.580 -143.050 1.986
-18.012 27.543 90.840 2.031
-184.578 -96.361 197.496 1.923
-67.825 -184.921 47.110 2.086
158.922 -99.264 118.897 2.050
-147.694 164.174 -177.627 2.034
71.880 -170.434 -52.156 1.957
0.362 -178.479 -196.326 2.169
175.232 14.709 75.543 2.042
-118.770 -151.174 163.056 2.025
209.723 103.538 82.342 2.115
152.987 153.810 124.861 1.954
88.475 167.792 7.735 2.077
-180.569 82.939 -154.824 1.884
91.862 -103.307 -111.232 1.946
147.385 -156.405 -110.782 1.936
1.474 89.006 154.694 2.033
-118.360 14.397 161.735 1.951
-14.202 -80.342 -31.385 1.950
-66.873 -76.466 -163.793 2.125
164.966 63.566 -46.240 1.989
-77.531 -83.552 80.666 1.968
90.114 6.978 31.751 2.112
-85.821 -63.885 -137.028 2.115
-195.181 -69.773 -49.577 2.108
108.394 118.443 136.821 1.982
-147.862 -96.221 -199.522 1.975
-168.073 -37.097 -129.861 1.982
21.666 -52.759 -37.097 2.050
-191.221 -7.921 157.907 1.908
193.429 -7.503 73.317 2.264
120.290 176.475 -92.073 2.124
-79.128 -50.317 192.377 1.823
14.303 -71.201 -127.293 1.921
10.585 113.638 -8.819 1.960
-52.711 156.505 181.353 1.958
-17.220 -79.164 71.271 2.097
-209.975 -117.652 63.576 1.981
-17.495 103.354 172.495 1.983
-130.202 26.551 71.685 1.957
-126.102 127.371 -186.864 1.968
90.442 139.256 51.520 1.867
-46.241 -181.538 150.999 2.049
-41.729 -3.552 156.468 2.036
-141.132 42.518 -80.107 2.102
165.738 156.724 -159.620 2.154
3.939 150.209 -62.920 1.902
-202.107 130.265 -169.704 1.920
192.078 -167.007 103.790 2.109
-103.348 73.545 54.033 1.778
-67.587 22.443 46.088 1.928
114.855 -88.046 -95.351 2.092
186.197 35.590 81.734 1.934
211.418 -112.569 33.265 2.036
50.600 -132.523 -113.865 1.955
-181.208 -122.995 63.646 1.862
194.884 0.728 -167.548 1.922
72.685 140.697 -154.019 2.181
-48.235 -131.106 -194.362 2.080
196.905 22.717 161.356 1.871
35.258 148.914 26.617 2.134
-115.713 -102.843 193.072 2.030
-88.795 125.120 -151.378 2.081
106.801 -21.027 -96.378 2.174
-65.396 -139.104 66.882 1.995
81.467 68.703 128.677 2.278
187.043 -180.920 189.574 1.969
-86.821 -120.298 153.715 2.048
-66.746 -143.823 5.306 2.159
42.038 15.322 -133.796 1.919
4.046 -125.796 81.269 2.014
-211.071 -189.019 33.784 1.916
-185.955 -41.181 93.151 1.906
163.180 97.913 101.380 2.031
123.104 78.042 44.426 2.096
19.279 -116.541 -157.293 2.071
-179.260 -138.283 -57.599 2.023
93.538 -44.853 -36.163 2.019
-216.193 -144.594 79.267 1.920
-77.304 -186.995 178.296 2.128
105.798 -86.653 74.192 2.018
-98.285 -40.464 -33.421 1.999
-169.932 123.662 13.562 2.120
-132.728 -136.437 -170.093 2.085
-192.193 -98.949 -99.617 1.928
-189.252 -153.495 -15.126 1.917
30.196 64.015 -18.220 2.150
222.237 -124.984 167.978 1.838
-128.117 -172.107 193.311 2.008
171.996 140.636 -0.699 2.030
183.260 -66.939 84.383 2.006
-140.890 21.288 -45.565 2.113
-107.818 -75.235 93.752 1.920
215.960 -136.396 23.537 1.911
164.838 -83.344 -197.989 2.040
-28.480 -18.658 96.990 2.059
157.004 161.547 -156.738 2.023
79.719 -15.939 -180.131 2.087
-97.614 -38.280 -152.006 1.939
-157.500 43.305 -150.699 2.092
139.969 97.485 -19.842 2.039
-133.261 -123.304 16.022 2.131
182.871 65.213 -89.726 2.046
-32.326 24.049 102.939 2.025
65.484 1.618 117.452 2.010
112.618 61.182 155.924 1.829
-163.217 156.459 -50.026 1.971
-49.994 185.428 23.597 2.022
6.551 168.519 -160.583 2.110
124.497 77.200 33.525 2.229
167.116 14.141 120.344 1.969
-188.135 -95.404 -37.065 2.035
-3.093 27.189 -2.458 1.892
-150.441 185.589 -10.724 2.007
-22.193 -140.060 10.421 2.066
178.399 185.286 117.665 2.080
-176.943 5.639 -94.946 1.992
113.407 140.081 168.498 2.060
-188.799 69.274 198.622 1.979
-24.332 166.727 4.229 1.994
18.706 74.394 -26.813 1.983
-151.454 -186.065 191.696 2.075
95.263 -58.714 116.469 1.959
100.292 -151.165 -131.413 1.849
145.175 -55.474 -62.458 2.247
-221.451 -158.373 25.159 2.087
-134.657 135.796 -114.840 1.950
18.460 37.792 8.218 2.032
-190.749 30.868 104.293 1.919
-195.687 148.352 -10.785 2.015
-76.778 -106.518 -13.956 1.947
34.715 -172.038 1.341 2.042
-145.547 -181.025 23.518 1.877
-83.759 36.649 -40.131 1.963
-28.751 -34.089 5.065 2.266
71.131 -111.028 -172.082 1.899
80.824 21.893 64.593 2.072
-167.300 -70.216 -146.609 2.046
95.528 41.626 197.113 1.975
88.181 114.160 43.705 1.920
196.350 16.600 -12.872 2.080
-8.356 -150.538 155.062 2.045
-133.029 -17.889 -119.045 1.950
-209.956 93.366 82.071 2.068
75.160 60.144 189.743 1.885
69.546 -138.828 -184.866 1.912
79.360 -3.626 -60.077 1.805
-159.877 -145.541 -108.282 2.032
47.677 -64.479 45.905 2.131
-120.105 -96.009 60.506 1.981
88.014 -51.480 -55.605 1.908
-75.655 147.046 152.684 2.152
137.149 16.415 -171.264 2.082
-95.907 50.569 -131.008 2.175
-57.777 12.274 14.969 1.899
183.490 -134.272 145.823 2.039
159.996 -112.091 -22.121 2.101
-175.845 63.555 -82.234 1.980
125.865 163.071 -103.618 2.057
164.014 90.393 56.844 2.008
148.587 -124.421 -137.157 1.920
121.890 151.916 193.177 1.994
94.030 157.339 31.267 2.015
22.380 180.172 -199.389 2.009
-102.542 40.451 -81.775 1.856
-175.905 -37.623 -67.869 2.084
-122.421 -158.004 128.914 2.179
30.558 189.173 178.177 2.108
-141.769 -149.998 -32.467 2.037
182.524 10.162 190.274 1.988
167.284 -156.411 84.076 1.873
-142.384 -138.235 23.878 2.038
23.506 7.403 -151.626 2.151
134.789 -14.982 -143.559 1.957
217.246 -20.848 23.119 2.027
-131.495 88.948 112.710 2.217
221.425 -8.877 90.966 1.864
172.614 -104.633 22.558 2.093
-144.514 -17.836 147.693 1.803
27.388 113.700 -153.728 2.155
-25.987 -37.616 -48.303 2.041
-72.363 68.178 151.789 1.866
11.107 -99.074 105.990 1.903
42.313 -103.694 -18.392 1.928
-145.459 55.269 -5.979 2.032
-194.517 -85.439 -31.100 1.936
-172.994 -175.651 -9.577 2.041
111.859 1.983 54.110 2.102
196.030 -76.617 147.045 2.017
169.837 -122.864 159.065 2.051
22.503 -185.039 180.367 2.226
188.251 -108.457 -5.680 2.065
40.579 139.553 -17.338 2.014
-8.823 94.219 162.246 2.031
61.422 115.346 -154.087 1.939
-187.219 24.131 197.396 2.092
4.680 47.862 -69.076 1.990
-130.309 127.018 190.809 2.148
-90.710 -138.869 149.382 2.027
-213.496 -110.173 -134.715 1.915
-112.718 -32.068 83.801 2.078
217.981 -52.024 -150.317 1.975
-38.821 155.302 -45.177 2.105
-75.414 131.909 -114.955 1.758
212.828 61.744 -54.871 1.902
-142.287 55.394 -41.823 2.024
162.400 -148.742 -183.583 1.833
215.532 158.770 192.172 2.060
-145.908 -116.841 -34.087 1.927
-203.569 136.569 -108.755 1.960
-220.715 72.692 -118.211 1.951
-147.566 -45.804 45.168 1.919
-173.626 47.993 175.408 1.875
-70.236 167.745 -119.746 1.941
14.400 -23.432 21.626 1.958
169.511 -19.393 78.054 1.950
-155.996 -91.054 -194.525 1.913
-39.037 87.708 172.908 1.964
141.370 6.749 -65.170 1.946
-51.421 -152.698 -136.329 2.007
-59.694 -187.552 -180.118 2.117
-126.406 -78.370 -121.390 2.031
-145.515 -15.511 -108.174 1.899
-58.343 79.305 -2.854 1.981
-80.761 186.369 190.199 1.942
160.159 -91.817 193.952 2.069
16.378 -165.911 80.331 1.884
125.851 -89.816 -70.884 1.848
66.432 53.268 -162.564 1.915
67.019 6.645 150.926 1.999
100.975 54.702 93.991 1.952
-88.946 -141.936 68.789 2.134
-58.100 -43.129 -118.793 1.949
218.614 -121.385 -72.099 1.958
-43.180 -100.481 -2.507 2.008
178.177 74.699 106.402 2.088
-198.481 -164.523 3.539 2.053
24.584 -137.204 -178.621 1.861
-35.380 60.574 -75.700 2.147
-179.067 62.481 186.794 2.036
164.160 -79.979 113.718 2.089
176.093 103.801 46.931 2.086
-56.077 137.066 75.236 2.008
-74.297 -164.515 -91.632 2.037
-36.822 47.482 54.426 1.781
-64.743 -117.233 115.254 2.098
-109.362 -142.340 -71.183 1.924
182.894 -85.156 -170.668 1.994
109.003 39.709 7.677 2.084
-147.130 10.620 -172.748 1.977
-112.058 74.139 -110.029 2.003
-150.970 -146.830 18.605 1.900
-41.643 -148.531 -186.192 2.127
222.207 81.490 -186.149 2.074
-2.491 -5.685 128.812 2.020
-125.080 -142.143 35.445 1.943
-210.344 -29.886 -61.852 2.210
-131.486 146.387 -124.223 1.939
41.234 59.130 183.184 1.865
72.126 109.311 81.089 1.992
179.424 -46.002 193.220 2.144
-9.916 -0.335 34.516 1.916
-10.343 -128.590 -61.619 2.043
-224.432 -88.001 37.812 1.998
136.517 80.552 -125.598 1.956
-79.645 166.821 -188.380 2.045
96.676 1.995 -62.079 2.103
-44.188 -97.005 -95.142 1.961
-3.176 -116.745 43.540 1.931
162.306 138.459 -114.970 2.050
-146.449 -97.377 104.171 2.071
172.911 161.438 109.986 1.990
-72.357 -155.765 85.143 1.999
-74.548 136.320 -91.973 2.059
69.188 16.877 -171.552 2.019
-156.322 8.036 -11.147 1.929
109.331 -114.154 183.883 1.987
-151.459 63.690 135.195 1.946
170.052 -66.483 -5.811 1.923
92.161 -171.637 20.038 1.970
-127.868 -99.108 76.775 1.946
9.715 -19.836 -122.724 2.019
-31.711 187.043 45.419 1.911
215.287 49.504 -189.678 1.879
123.762 -47.278 118.690 1.957
-216.919 -177.465 148.959 2.053
-190.225 -17.537 -29.477 2.117
-69.700 12.077 104.424 1.938
50.454 -67.047 195.926 2.111
22.634 -144.739 -18.424 1.934
221.470 -97.533 -152.677 1.909
-89.500 -154.480 9.947 1.976
-63.872 88.865 -116.302 1.978
33.750 20.531 -144.012 2.084
-131.006 90.161 -77.172 1.942
124.620 -128.583 -65.903 2.257
-14.863 -66.634 73.546 2.133
177.605 89.075 98.134 2.056
217.901 -40.795 188.731 2.215
-214.169 139.541 70.814 1.852
102.492 187.006 24.267 2.182
20.313 -169.010 -126.027 2.113
-34.472 70.786 19.404 1.837
215.169 8.806 145.714 1.927
-224.205 -42.361 100.266 1.998
15.567 138.092 -43.395 2.017
-121.422 -145.797 -122.206 2.079
-198.310 -119.417 -115.480 1.963
-150.607 23.938 114.818 1.970
129.806 6.759 157.767 2.014
66.779 189.085 141.036 1.965
69.014 -12.085 -69.779 2.091
-69.917 -177.929 12.203 2.014
-58.991 75.063 7.910 2.018
149.439 -105.934 87.423 2.020
-186.457 -46.113 170.204 2.148
67.873 -44.170 146.164 1.973
134.229 -141.039 158.684 2.007
219.707 18.786 39.703 2.158
205.766 -124.460 68.720 2.083
-97.338 151.576 158.162 2.164
-26.600 -164.170 -180.655 1.907
194.918 169.831 -195.704 1.988
-11.432 -27.126 -9.008 1.863
-13.917 -145.882 77.831 1.929
16.197 -37.319 -73.155 1.949
64.457 141.561 -40.442 1.925
1.441 176.015 99.728 1.813
-123.108 50.411 85.559 2.149
203.304 -6.360 32.944 1.939
87.948 100.534 -122.298 1.915
-13.972 -23.286 -169.593 1.999
-162.770 158.915 -53.149 2.038
159.092 -9.260 45.266 1.889
-20.998 141.311 -99.476 2.076
-120.668 57.741 -195.353 2.082
-124.972 -160.025 38.656 2.085
145.420 173.308 197.569 2.026
60.486 -51.996 -147.557 2.008
-103.477 -39.953 177.877 1.815
-14.729 -162.801 -41.084 1.848
-218.847 24.072 -87.116 2.099
-179.982 30.680 118.310 2.038
-63.055 142.977 -37.051 2.097
127.240 29.609 5.580 2.059
-139.397 -34.661 57.969 1.961
-134.230 107.280 126.627 1.950
12.669 -79.533 181.990 2.006
211.688 159.444 -119.249 2.018
180.661 -136.114 128.881 2.069
183.604 73.710 -136.545 2.035
-54.639 -53.585 75.240 2.166
108.120 37.772 -1.905 2.032
-218.965 188.212 188.175 1.844
190.444 64.989 49.314 1.819
-95.717 -6.081 161.278 1.915
-68.871 0.837 -70.732 2.090
128.317 55.835 37.834 1.937
124.801 44.262 -48.151 1.987
-36.602 -16.446 22.274 2.113
9.827 -44.294 -160.773 1.932
37.524 -184.145 10.543 1.935
-111.824 -60.367 -90.952 1.934
216.201 -44.042 193.404 2.000
-152.413 -169.153 160.959 2.095
33.361 75.952 184.997 1.854
-109.196 80.724 67.143 2.030
-56.541 -157.995 -49.769 2.029
-202.038 120.314 4.540 2.014
-50.236 59.658 -113.829 1.970
-8.699 32.111 -108.731 2.032
223.281 143.119 99.699 1.978
-214.777 -90.904 -17.610 2.239
-167.816 -59.189 115.268 1.924
-143.762 106.079 169.227 1.863
124.035 73.000 106.430 2.039
-157.832 -145.181 60.115 1.988
-103.867 -181.373 -37.689 1.968
192.173 136.186 -58.251 2.046
144.741 -135.087 -16.005 2.004
53.300 90.487 -94.075 2.067
1.946 32.476 194.270 1.941
-46.580 -111.214 -91.127 2.074
128.046 123.258 -103.304 1.898
-77.459 -79.816 -120.357 2.000
61.938 -121.212 -111.291 1.999
31.062 143.453 199.125 1.877
100.496 -157.397 134.898 1.934
-211.571 -122.328 114.521 2.054
176.911 -101.315 -170.961 2.047
-115.039 92.292 62.525 2.009
-168.245 -6.482 189.331 1.834
191.721 38.026 108.836 2.198
-146.482 -164.463 -65.375 2.172
-105.261 -113.304 -49.244 2.171
-112.104 81.091 -97.542 1.854
197.201 173.003 -173.377 1.880
-221.388 17.898 108.414 1.989
-149.874 15.049 -163.505 2.139
-111.196 132.925 74.452 1.941
216.464 -21.889 -129.152 2.189
-170.021 -177.721 25.215 1.988
57.589 6.544 -161.083 2.080
37.083 -51.411 -125.573 1.876
8.790 12.891 -74.118 2.015
124.337 90.276 -9.933 1.948
-191.709 -134.471 -119.175 2.056
156.510 -187.624 -140.550 1.986
8.875 115.602 83.930 2.109
-168.654 111.350 75.392 2.159
-78.471 62.679 153.226 2.076
60.991 -158.130 38.254 2.175
118.895 64.329 9.798 1.921
107.547 -98.246 107.999 1.898
169.878 -3.906 -109.062 1.879
222.441 -33.714 -190.727 1.978
85.438 -154.801 -14.742 1.637
223.164 36.160 183.231 1.997
-179.928 -147.819 58.665 1.849
-159.052 -33.736 -33.133 2.027
36.207 62.692 -6.177 1.869
-106.446 -44.611 -165.883 2.037
183.528 -153.073 107.970 1.945
186.147 -160.105 165.379 2.169
115.414 -46.489 -51.294 1.843
27.574 -136.397 37.334 2.172
85.454 181.447 -42.876 1.891
-64.591 100.254 61.838 1.987
-145.896 99.244 -66.121 2.088
-49.140 7.749 180.506 1.919
160.029 36.034 81.070 1.912
173.864 6.453 -59.103 1.908
-58.793 -24.995 -66.148 1.955
81.437 -25.857 -144.050 1.920
-24.783 75.259 4.109 2.048
-191.897 57.128 -150.121 1.986
21.130 -183.294 5.556 2.233
-215.925 165.900 51.730 2.051
-171.620 -115.780 -98.925 1.970
-59.448 183.123 -46.096 1.897
-14.197 20.766 115.977 1.989
80.777 177.151 118.814 1.916
73.976 50.843 152.783 2.011
85.587 125.532 2.634 1.975
-216.098 -94.274 -99.689 1.976
133.355 187.378 -136.098 1.985
50.271 93.567 -3.493 2.252
-212.739 170.255 -103.050 1.915
-22.989 117.194 -10.201 2.102
149.220 -68.632 -163.303 1.992
157.089 154.771 141.422 1.958
-34.264 -106.214 -189.431 1.977
-92.322 -55.130 26.881 1.892
205.280 -155.000 -172.326 1.987
-111.512 90.573 -4.308 1.937
-107.459 88.831 -127.840 2.045
209.922 -6.061 31.809 1.961
-17.371 -189.176 -136.116 1.985
-187.192 -178.099 -57.701 1.980
35.417 28.372 46.833 1.948
71.734 174.000 -132.070 2.010
167.014 -186.532 -164.353 2.120
39.643 -111.674 -112.924 1.961
179.446 -13.968 35.939 1.974
170.042 -94.116 196.147 2.065
-43.943 -100.544 -7.984 1.835
-151.844 -158.836 -48.760 2.055
-79.030 115.581 81.724 2.191
191.177 -50.069 131.531 2.122
4.422 -158.398 190.212 1.965
92.886 -121.927 24.084 1.916
-57.264 125.285 44.852 2.034
96.636 165.429 15.217 2.101
97.403 -70.445 99.424 1.896
-71.680 -86.343 188.811 2.039
-66.233 20.580 191.955 2.102
162.522 -183.767 -24.458 1.941
139.470 31.924 -73.560 1.960
-31.273 -136.097 -161.494 2.083
40.693 104.149 158.296 1.966
