106.117 -40.418 92.888 2.050
20.174 135.159 -114.957 1.936
178.022 160.417 187.268 2.086
26.947 74.466 -26.464 1.884
-84.668 134.474 -21.981 2.125
-165.343 170.123 -57.949 1.976
-116.826 -133.556 -165.664 2.048
-189.777 24.946 76.258 1.976
-88.798 -169.217 79.715 2.064
-144.224 119.149 -164.059 2.261
145.978 80.824 -56.027 2.032
166.515 92.921 -164.410 2.054
-82.522 162.928 170.043 2.035
180.381 86.399 -58.943 2.110
-62.022 -34.724 -163.791 2.001
-130.400 152.994 -156.115 1.882
-6.773 -22.793 -144.717 1.971
-172.136 22.183 -70.072 2.015
91.733 -93.472 -13.187 2.210
-153.704 -116.112 -183.768 1.963
121.179 -19.296 -64.904 1.959
-169.509 103.670 44.927 1.856
148.508 -101.045 108.412 1.887
-66.525 -20.156 -48.644 2.067
161.522 -75.104 108.690 1.994
197.933 81.998 -172.015 1.889
-193.770 68.931 96.342 1.936
140.474 -139.966 19.781 2.145
93.554 -87.580 -157.914 2.027
-4.325 45.821 162.131 1.840
-147.305 98.308 106.279 1.825
211.501 -188.297 -61.006 1.757
105.793 1.742 -80.448 2.192
173.977 12.601 111.948 1.973
-126.649 130.870 -192.624 2.173
75.601 -54.229 -50.027 1.924
3.874 143.668 153.341 2.111
28.477 -49.372 -76.944 2.087
200.438 99.397 -181.444 2.101
155.650 57.263 -15.998 1.942
-8.778 163.137 -25.515 1.942
-15.917 165.583 165.276 2.053
-10.624 19.995 -112.132 1.799
-210.074 99.509 65.495 1.994
62.057 36.328 11.692 1.980
-37.739 -130.617 113.186 2.141
-37.261 8.576 135.365 1.983
-6.935 -93.440 -154.128 2.184
-120.366 -104.205 114.714 2.027
-146.328 72.470 -7.703 2.173
-60.640 -185.443 61.276 1.850
199.830 110.345 -184.691 2.120
152.693 76.944 140.938 1.928
8.600 -176.284 110.327 1.956
-65.471 -100.051 -74.881 1.876
-83.076 -168.810 -72.116 2.093
-45.905 -10.433 -124.871 1.973
-14.805 81.991 70.699 2.020
188.916 -44.730 49.537 1.735
-158.424 -155.742 -177.670 1.968
-51.814 146.613 155.274 2.048
148.320 17.725 1.398 1.955
59.305 175.605 -49.730 1.971
82.864 131.219 175.558 2.000
-60.432 68.283 113.973 2.069
-2.260 -103.912 102.929 2.074
-193.544 157.364 -69.610 2.001
46.448 -15.161 128.884 1.986
170.779 102.182 -60.837 2.087
143.326 23.992 44.644 2.090
19.009 -7.549 -116.478 2.064
-188.971 42.743 -39.257 1.842
-23.313 -86.318 -32.475 1.866
-187.054 134.331 151.589 2.056
-174.886 151.289 82.301 1.805
81.167 69.167 -43.693 1.924
-141.122 137.617 -93.804 1.846
221.925 -126.746 105.362 2.039
-6.596 -61.685 -137.035 2.000
-145.410 -56.597 145.948 1.887
85.159 5.030 -57.646 2.270
110.963 167.310 -126.067 2.068
-139.861 57.679 112.467 1.910
61.398 -160.122 -119.207 1.866
149.563 136.295 -39.409 2.068
-32.341 -112.646 92.603 1.876
61.077 -109.653 -103.105 1.850
-139.116 71.305 136.072 1.927
-216.879 -117.397 79.301 1.882
184.062 -48.224 -28.042 1.751
41.336 -185.622 156.109 2.036
-223.131 -99.024 -122.916 1.974
107.867 -161.854 29.000 2.080
70.448 -20.648 96.341 2.195
0.274 -152.689 -9.835 1.924
62.912 83.408 155.434 2.120
36.634 84.990 -33.952 1.917
-76.531 -174.884 -180.381 1.925
-181.386 -96.799 -1.462 1.851
-127.232 33.982 -114.998 1.986
-96.438 -21.173 -37.255 2.024
-116.803 23.776 115.544 2.058
-69.919 -25.311 -140.038 1.973
-87.416 42.672 27.984 1.959
54.751 119.933 88.037 2.094
130.067 -104.226 -184.104 1.984
-154.203 118.229 75.257 1.956
-64.699 -169.873 -119.112 1.902
128.333 153.473 -91.133 2.017
8.209 -167.707 -148.173 2.005
158.247 -170.471 79.988 2.047
104.684 -19.644 27.606 2.064
-183.376 108.951 -182.321 2.013
58.808 56.993 179.178 1.983
214.867 95.146 -44.287 2.023
23.102 78.126 -17.612 2.053
-48.233 -131.591 -143.522 1.956
-89.122 -42.369 83.272 2.138
180.432 113.868 -170.477 2.246
-221.086 159.211 -107.350 2.044
94.523 133.076 -61.126 1.964
26.871 -92.736 106.778 2.089
20.850 -88.968 -190.529 2.150
110.993 4.802 -4.338 2.053
-65.154 -120.777 -187.551 2.085
-81.986 -59.880 -24.203 2.054
-4.536 59.698 166.713 2.005
159.253 132.769 -134.440 1.971
155.379 -176.503 115.341 1.892
197.151 -113.017 -8.725 1.912
-129.671 -132.857 3.745 2.049
38.454 -173.234 -153.442 2.087
44.319 -168.167 -56.063 1.946
139.179 51.840 127.439 1.829
145.208 -145.238 -73.808 1.992
-99.694 -18.582 185.828 1.975
-108.923 119.051 -163.767 2.109
-195.036 37.395 -146.320 2.067
162.781 160.723 106.702 2.156
-168.692 -87.137 180.522 1.864
223.468 90.176 -165.066 1.996
113.338 -120.960 179.301 2.096
179.547 45.954 90.541 2.107
-221.106 113.422 -69.352 2.055
61.911 140.332 -4.780 1.968
-202.936 -168.717 20.204 2.044
-8.959 62.094 38.322 2.155
91.464 -16.114 170.239 1.989
-32.521 -159.624 -192.710 1.981
97.093 -169.890 -139.351 2.058
-94.726 128.013 -43.882 1.907
153.311 116.042 -35.215 2.052
-38.486 13.852 -93.961 1.920
-124.637 78.447 -85.521 1.989
177.378 81.213 5.452 1.979
9.485 56.689 -163.566 1.861
205.320 -166.399 141.263 1.898
63.549 182.979 -176.956 1.790
-192.447 113.457 -92.841 2.040
105.878 112.425 32.039 2.112
-7.039 -176.015 -92.729 1.947
196.592 171.402 81.436 2.028
-46.783 145.001 -85.569 2.033
-24.893 111.323 -156.763 2.044
79.928 -136.317 115.747 1.976
38.976 37.498 -58.569 2.072
4.045 38.187 -14.347 1.971
211.206 60.927 107.311 2.049
-217.803 -138.326 -162.548 1.985
211.309 111.226 -10.723 1.999
168.404 -110.573 148.236 1.963
68.641 -110.916 156.232 1.940
-207.316 -118.131 50.852 1.870
132.243 -131.017 17.592 2.136
205.039 -158.000 -70.410 2.046
-155.728 21.129 162.977 1.915
-65.050 38.529 163.709 1.982
-19.597 117.143 197.895 2.013
189.229 174.666 5.925 2.036
-112.689 100.956 -100.241 1.977
-100.680 62.100 -35.867 1.884
-203.904 107.007 -163.313 2.074
-65.375 -102.255 117.792 1.934
36.214 -82.235 127.558 2.130
-94.921 -18.167 49.059 2.008
-69.903 112.359 -95.808 1.794
194.961 -123.006 44.487 2.017
36.388 34.010 -184.564 2.013
58.670 -14.762 -140.407 2.007
88.777 174.039 -180.735 2.128
221.969 8.825 -33.373 2.076
204.075 62.903 164.042 1.999
-108.670 168.903 -0.251 1.954
28.106 -3.717 -12.463 1.862
-4.438 -152.771 140.371 1.950
148.616 -100.204 -109.600 2.136
90.612 -125.195 -72.901 2.033
67.006 177.194 131.542 2.110
-108.366 -165.337 42.194 2.056
-122.117 -38.512 91.210 2.010
-110.574 74.135 -16.279 1.903
160.250 103.542 -100.822 1.931
41.146 -102.181 -62.868 2.081
195.625 -1.558 51.685 2.003
-56.805 -33.183 121.663 2.159
75.310 -101.201 106.610 1.928
-134.331 -126.936 -38.846 1.842
-19.312 -46.768 -191.331 2.004
91.819 38.911 185.210 1.947
-200.429 -102.541 152.218 2.053
41.820 -81.127 148.477 2.204
-150.200 141.651 56.911 1.893
-165.730 -44.880 -71.021 2.008
-161.896 -49.736 114.518 1.932
88.322 -22.322 -58.015 1.915
-200.817 -76.383 2.743 2.091
136.738 97.096 198.471 2.111
-68.855 -133.542 -112.716 1.912
-16.909 -2.071 4.803 2.058
152.516 40.824 -196.564 2.198
215.478 -31.417 51.893 2.038
28.149 68.661 29.243 1.868
67.785 51.746 -17.461 1.738
183.893 97.216 -196.697 2.072
99.446 137.686 -117.037 1.961
-126.750 52.116 33.702 1.935
-88.283 -46.776 -51.801 1.948
75.750 93.975 -150.821 1.896
166.348 -88.191 -157.870 1.812
-113.016 42.496 -84.414 1.943
-110.909 -41.473 135.357 1.986
-65.462 -39.877 85.853 1.842
-49.857 159.770 -128.676 1.959
-94.079 -81.671 38.647 1.866
-156.830 -13.948 -186.958 1.992
153.527 -15.887 172.749 1.918
-108.091 129.027 151.978 1.975
-186.662 35.547 97.721 2.052
14.551 79.534 42.193 2.004
195.835 -122.717 158.074 2.069
25.717 176.389 54.840 1.928
-120.419 -49.707 86.977 2.028
88.577 22.335 -95.526 2.114
93.371 -76.437 -106.474 1.925
-28.490 -17.617 20.746 2.101
-114.693 42.897 104.210 1.829
-88.546 -99.239 -58.190 1.977
54.547 121.455 105.540 2.069
115.307 -179.748 -20.588 1.785
-93.112 -23.922 149.727 1.964
-65.934 105.713 24.336 2.034
-187.129 149.094 -89.340 2.086
-118.723 -13.484 -165.895 1.989
-161.355 59.046 151.449 1.991
-107.590 163.194 -174.955 1.866
-59.644 48.261 195.728 1.909
-64.061 -124.284 35.427 2.104
151.256 102.800 -153.891 2.022
-195.113 -5.057 -89.181 1.965
-36.480 -44.450 -99.361 2.238
83.318 -153.577 -150.714 2.012
125.587 -149.364 126.692 1.977
-3.525 60.665 107.328 2.070
184.238 -139.114 187.767 1.799
-205.604 -130.144 -131.684 1.901
-204.457 54.032 55.037 2.151
197.668 -65.131 -51.717 2.073
112.700 -107.685 25.060 1.981
192.735 -93.192 66.697 1.917
123.350 30.018 152.207 2.077
-157.739 152.054 -55.549 2.166
-154.336 -66.890 18.747 1.986
179.238 -28.499 33.701 2.060
166.279 74.818 -1.835 2.151
-149.501 184.855 99.428 2.049
125.428 5.083 -110.340 1.899
-11.735 -40.775 170.435 1.909
62.908 -107.200 64.530 2.020
-86.211 117.985 -105.816 2.174
68.278 -159.578 -85.201 2.163
2.620 131.412 -174.333 2.043
-145.492 58.930 -79.604 1.850
-1.834 129.682 -186.960 2.073
-196.247 -170.570 -142.884 1.910
80.035 -24.829 64.604 1.881
-194.882 -179.439 152.445 2.210
-156.675 56.909 -9.009 2.143
-51.897 75.419 -11.947 2.096
-177.612 -85.822 168.234 1.917
-221.482 54.307 -175.914 2.013
107.999 -171.431 -112.217 1.949
122.256 68.569 96.126 1.959
129.194 -112.946 -69.469 2.131
-63.890 11.695 63.688 1.820
176.255 -30.595 89.340 2.140
73.797 -82.054 169.753 2.088
21.858 -171.920 -122.090 1.882
-203.563 171.389 30.414 2.114
12.769 128.760 -59.143 1.843
-25.151 -135.295 -27.917 1.986
69.192 -138.021 -126.050 1.848
-4.361 57.255 -21.209 1.998
66.055 -31.613 136.136 1.967
29.898 147.663 16.046 2.098
57.851 -68.288 132.911 2.101
147.717 84.091 -86.622 1.804
99.728 -90.825 45.048 2.006
-34.989 -54.358 -137.015 1.966
-190.384 22.104 -125.874 2.103
-44.841 -8.797 -183.894 1.868
111.370 59.827 -7.064 1.837
-167.845 -53.116 115.697 2.144
1.493 -74.724 -45.188 1.931
73.209 27.831 99.387 1.995
-173.214 129.268 -21.792 2.071
135.199 -139.359 -68.427 1.950
-147.282 -43.846 68.889 1.844
-150.783 -7.806 189.313 1.936
-122.123 100.060 -29.885 2.123
214.596 -123.995 -196.609 1.899
138.547 -26.633 96.632 1.843
-48.811 130.747 55.519 1.812
69.361 -31.032 -136.515 2.010
-199.982 -81.689 -85.427 2.006
-147.907 123.963 124.452 1.997
-70.869 149.155 62.789 1.930
-128.512 -51.295 -15.156 2.148
-219.833 -25.029 162.025 2.097
-212.291 139.184 -4.037 2.031
-222.317 126.725 134.519 1.950
-214.465 -140.898 65.205 2.105
-4.403 -56.787 -58.186 2.014
-122.656 0.744 77.722 2.200
180.899 58.860 36.996 2.019
-61.417 29.852 56.723 2.047
94.660 153.282 64.836 2.104
-15.812 139.705 -15.509 2.011
193.548 54.798 -14.273 2.016
9.042 -145.039 22.934 2.034
-155.937 128.338 -3.101 2.121
-14.890 -168.232 192.380 2.091
-193.636 26.086 199.524 2.275
-103.880 161.561 -179.890 2.023
-187.302 -92.417 88.641 1.941
41.382 94.921 148.420 1.752
219.302 -122.329 59.753 2.039
-208.023 -51.860 -178.659 2.005
224.754 -29.872 8.422 2.146
203.233 -18.372 127.954 1.790
-224.124 73.529 -136.383 1.821
-24.976 -140.565 47.754 1.828
46.381 -127.986 96.737 1.989
149.584 -48.963 -51.259 1.963
8.470 -187.617 109.132 2.048
-131.166 -145.906 3.100 2.083
-224.953 -149.820 157.057 2.033
104.690 -165.067 -144.091 1.957
-144.055 98.275 64.786 1.998
-36.408 9.650 -184.697 1.912
-71.138 125.962 197.524 2.010
152.549 -147.901 -53.656 2.071
-153.372 -134.268 -114.936 1.985
54.461 72.645 -176.073 1.995
-178.075 -180.116 23.164 2.148
38.367 -104.507 31.240 1.817
173.729 25.963 4.788 2.001
-95.505 -30.347 -84.105 2.114
46.012 -146.009 -12.562 2.017
85.284 47.843 109.814 2.029
11.632 -97.199 15.404 2.005
-3.163 -121.511 168.673 1.981
35.963 18.703 119.358 2.157
-82.704 -141.602 -191.477 2.134
-72.612 -81.769 -173.725 1.876
-119.779 -13.697 76.990 2.079
223.186 109.573 164.526 1.873
64.736 -19.068 -151.929 2.153
-83.265 79.226 -111.549 2.105
-63.770 52.331 -62.016 2.107
-20.810 -163.479 10.521 1.946
9.400 143.227 16.081 1.749
-149.273 69.105 183.969 2.025
116.780 184.563 -46.294 1.953
-205.418 120.428 100.126 2.017
-62.470 -0.753 -16.456 2.115
165.106 112.110 -11.504 1.907
35.953 176.687 -197.351 1.909
121.648 114.882 133.292 1.952
-190.762 172.715 -105.061 1.998
-49.219 25.155 -139.802 1.949
189.572 -12.374 -79.270 2.212
-9.734 181.442 -181.752 2.195
152.930 158.807 59.252 1.970
-90.988 -114.385 140.219 1.990
206.673 -178.018 -29.128 2.123
-124.360 -85.827 157.307 1.991
-216.904 -184.967 128.838 2.025
-182.533 -17.042 -92.997 1.870
-161.714 -105.901 123.887 1.972
-109.219 -105.029 12.985 1.966
130.939 -21.290 -34.153 1.975
-17.705 -12.080 55.289 1.950
33.714 73.485 -92.721 1.846
-100.995 168.204 -189.262 1.970
-159.380 -65.320 -174.055 2.050
15.154 152.969 127.624 1.916
62.881 136.843 -134.184 1.952
145.423 179.868 17.975 2.128
101.946 71.887 122.898 1.872
-33.487 -28.588 -4.015 1.802
158.348 48.084 -39.348 1.966
141.678 -50.126 -14.773 2.044
163.594 174.699 54.082 1.875
26.495 -96.165 111.937 1.891
186.448 136.549 -162.808 2.260
-136.059 -92.539 192.256 1.836
93.211 49.461 67.820 2.100
201.513 160.493 -61.770 1.854
-32.590 -76.958 55.890 2.015
10.869 -5.731 -157.814 2.078
-68.818 28.610 -23.219 1.728
24.026 58.163 26.393 2.081
25.314 -136.120 85.989 1.938
100.919 2.798 -7.090 2.007
-125.253 -5.274 -182.989 1.985
-14.043 189.878 -193.348 1.986
-205.676 -36.053 54.036 2.051
178.018 -49.439 -101.424 2.007
25.434 -70.667 -45.868 2.103
100.059 -180.237 167.296 2.049
-209.229 -6.378 -122.323 1.960
-34.984 -45.915 44.056 2.080
11.842 174.627 -27.272 1.847
146.465 185.261 28.679 2.000
12.433 -106.595 72.777 1.898
154.265 83.880 -46.594 2.080
-213.713 172.394 -63.751 2.118
184.703 -64.440 -60.605 1.948
-71.924 14.761 52.395 1.898
-90.856 86.482 119.202 1.888
-13.138 -62.116 3.198 1.984
75.612 69.801 -73.644 1.887
68.833 -16.345 101.367 2.090
-169.787 -102.641 11.202 1.960
-140.854 52.036 -126.950 1.958
51.409 -169.454 116.490 2.003
54.952 14.830 -71.985 1.972
86.977 -145.176 -112.870 1.921
-53.687 -151.075 39.036 2.001
-26.625 -64.229 184.502 1.939
-167.591 51.333 180.822 1.946
220.615 -106.575 -91.460 1.988
-190.890 154.778 -180.957 2.155
-114.935 -80.248 116.161 2.135
82.651 -150.439 -86.929 1.810
-96.212 -123.731 -69.067 1.847
154.372 -32.566 -127.497 2.142
215.365 -52.640 157.666 2.003
67.888 188.022 51.180 2.051
-23.617 -53.502 165.145 2.027
-4.669 116.016 121.178 1.869
172.092 105.611 91.071 2.051
151.653 172.554 -90.738 1.895
218.608 164.036 93.999 2.037
52.772 -179.975 199.389 2.096
102.322 -26.581 -160.634 1.874
7.564 169.070 52.768 1.987
135.959 1.063 98.202 1.979
114.739 31.902 24.288 2.139
-94.586 -26.430 -155.078 2.261
-147.799 -12.838 51.240 1.996
-82.132 -126.372 132.591 1.965
9.020 189.778 47.274 2.038
107.821 53.137 167.920 2.012
210.104 184.382 25.464 2.134
-20.227 -55.249 -27.568 1.908
-95.793 -103.223 -26.180 1.936
-139.144 -135.337 -145.158 1.981
-192.664 78.762 -8.722 2.045
-152.129 -93.593 -69.447 1.934
20.106 -187.217 198.588 2.068
76.557 30.462 -75.508 2.003
158.443 8.370 144.082 2.083
93.547 -50.775 -24.945 1.996
-69.034 87.802 -133.660 1.984
-1.879 177.112 91.647 2.156
-121.271 -24.703 17.675 2.037
-206.334 127.414 -139.740 1.964
71.568 102.518 183.996 1.954
194.001 134.644 199.009 1.890
-76.226 -188.598 -129.067 1.796
117.197 18.254 -158.854 2.011
-80.492 14.213 -75.689 1.941
-180.064 17.154 113.951 2.122
24.666 140.644 -62.206 1.862
46.657 127.398 178.172 1.997
-148.450 143.217 -123.714 1.947
119.598 86.354 55.540 2.006
-147.495 166.633 119.732 1.839
9.979 -8.447 -189.835 2.072
-61.212 133.084 -151.018 2.149
31.492 -189.532 17.567 1.979
101.923 156.698 -18.909 2.186
55.967 10.591 -136.930 2.014
125.152 -43.720 -113.279 1.935
46.638 130.946 -130.812 2.150
97.011 -81.571 168.317 1.894
150.987 49.276 -86.235 1.889
29.282 -147.796 193.909 2.014
43.425 20.145 181.222 2.101
91.763 39.950 -69.914 1.957
179.425 129.803 84.284 2.088
-27.418 137.679 -36.591 2.133
-69.601 -135.360 175.894 1.993
173.789 -151.848 20.052 1.967
-187.457 160.024 -41.551 2.064
-60.309 -41.910 146.917 1.932
-127.587 81.987 123.120 2.152
-145.906 -107.523 -52.466 2.059
111.328 -59.682 -108.615 1.888
-133.701 -37.932 192.330 1.947
-175.832 -115.408 -63.411 1.947
-50.088 -120.819 48.227 2.020
-184.196 149.774 -2.502 2.175
-76.498 45.214 35.671 1.908
-50.049 -135.787 53.546 1.948
181.219 -107.281 -126.003 2.048
-169.470 -140.376 41.183 1.995
77.077 -128.180 -137.432 1.977
-212.962 54.508 -7.900 1.930
-179.472 96.977 -75.867 1.921
63.048 -156.771 43.256 1.888
19.412 -70.301 67.595 1.953
-76.067 -176.003 111.558 2.046
50.796 -74.138 -134.475 2.020
-4.438 -112.059 66.703 2.047
-111.129 141.449 -50.420 1.970
-47.007 -49.680 -164.437 1.915
3.564 31.578 75.654 2.010
158.179 89.579 -30.572 2.112
-24.058 130.951 193.316 2.095
-96.871 95.207 -149.639 1.911
83.562 -54.278 -140.361 2.185
203.562 167.987 -80.245 2.266
-35.021 169.770 -53.336 1.999
207.279 -104.451 85.495 1.948
-160.172 -133.595 -140.875 1.876
-155.870 -66.806 58.465 2.031
-39.858 10.510 170.650 2.094
-66.926 94.364 -177.218 1.840
-180.186 133.911 22.862 1.955
173.107 174.770 -141.630 2.045
211.889 86.556 -25.867 1.961
-18.239 3.211 2.378 1.988
113.979 13.824 94.846 2.019
-10.069 152.256 -144.848 1.882
-213.698 48.931 183.128 2.160
159.971 -130.981 135.670 1.997
-96.673 -160.726 2.623 1.854
197.153 -96.750 -137.003 1.939
-90.400 -112.625 44.943 1.951
0.653 85.416 -161.871 1.948
47.173 -92.848 -19.329 1.888
81.437 -72.541 -100.294 2.046
-71.245 152.675 33.502 2.121
-37.685 -49.825 191.147 1.998
-77.287 -113.408 -43.331 1.968
-153.738 22.825 145.284 1.933
-167.221 92.727 51.000 1.855
100.799 60.131 99.342 2.040
-152.471 -110.111 74.264 1.956
-23.874 -70.344 159.850 1.847
-30.192 -24.865 -193.344 1.937
-106.438 162.592 -64.808 2.054
-162.524 149.665 -67.239 2.083
-106.936 -7.632 -125.380 2.051
123.452 4.147 106.427 2.031
-20.964 -175.631 66.059 2.031
-31.331 -8.666 68.237 1.863
-4.255 -57.259 -22.500 2.142
-159.596 141.162 -70.888 2.161
-52.262 -47.645 -170.936 1.982
173.760 69.575 66.643 1.906
35.589 90.977 44.214 1.873
-203.652 -67.341 -145.254 1.875
108.615 117.765 -160.067 2.022
217.805 144.038 -193.862 1.861
220.392 56.462 145.172 2.108
109.369 95.234 -126.614 2.000
-32.791 98.054 -139.927 2.076
-164.616 -133.361 -42.233 2.126
-186.161 -47.744 -26.400 1.991
99.534 -154.588 93.767 2.136
219.905 -189.730 146.025 2.243
-159.459 -37.600 153.796 2.098
105.904 -78.511 -191.496 1.800
-217.467 34.362 19.235 2.006
-26.478 -59.129 134.718 1.893
168.844 84.627 -134.442 2.084
-59.512 -174.881 -136.143 2.081
172.882 -130.178 -72.691 1.866
214.803 -128.934 -121.863 2.115
70.611 27.946 -142.372 2.018
-115.876 97.981 96.417 2.072
-46.484 35.596 55.364 1.941
44.459 9.378 -133.191 2.129
182.732 91.756 42.939 2.033
146.090 -172.600 -10.745 1.956
-58.446 62.994 42.169 2.041
127.077 -172.917 -16.989 1.914
14.753 70.236 -116.227 2.086
-137.115 111.615 -0.126 2.106
216.287 55.180 -136.508 2.132
159.973 118.878 -137.739 2.029
31.041 -149.674 73.635 2.042
59.179 -126.963 -120.811 1.889
211.847 109.765 -65.530 2.051
-158.370 -181.926 -63.777 1.922
-131.885 24.834 76.797 2.070
-67.345 174.932 74.670 2.009
170.143 137.764 111.749 2.034
41.741 163.641 -7.632 2.066
-43.744 -122.293 -141.371 2.054
82.591 12.628 189.624 1.987
-157.376 -2.079 -48.946 2.055
-30.298 124.554 -193.514 2.050
114.151 -168.409 -0.842 1.945
217.034 -135.777 148.209 1.993
-202.144 83.802 -178.774 1.973
72.604 80.334 95.221 1.948
-196.778 58.386 72.438 1.948
-162.453 -138.662 -75.824 2.047
-4.548 -155.435 -186.182 1.901
-6.898 124.290 -17.119 2.021
197.436 175.805 72.101 2.019
42.993 -155.927 -13.400 1.936
-65.244 -3.252 178.436 1.929
57.809 55.829 103.274 2.276
141.579 100.693 148.377 2.050
-170.889 -109.574 104.920 2.007
13.919 92.925 67.899 1.982
-202.742 163.950 26.530 1.981
182.631 6.295 -24.101 1.891
33.259 183.126 119.371 1.992
-208.786 189.956 80.475 1.930
40.741 -186.950 -137.673 1.892
-137.465 -150.898 -18.019 1.794
17.314 -109.098 131.839 2.211
141.071 92.254 65.028 1.820
-101.361 -24.118 121.310 2.079
165.092 -91.478 85.833 1.956
-40.364 69.910 -36.451 1.848
-145.965 10.866 -190.854 2.058
79.123 5.115 -105.179 1.992
-20.001 -185.459 80.749 1.984
-190.371 45.605 -41.388 1.920
-207.943 -84.834 162.401 2.067
64.089 -107.539 -177.864 1.741
-123.400 13.632 -84.458 2.033
-83.980 67.389 -61.013 2.070
-214.311 48.773 -47.943 1.806
-200.687 -165.611 -158.442 2.163
-82.164 187.517 -76.532 1.815
-190.342 68.849 -5.147 1.979
2.330 20.914 152.929 1.990
157.019 70.804 -75.895 1.933
-14.244 173.956 -16.139 2.075
9.517 -80.587 -73.428 2.284
207.210 85.345 25.747 1.955
135.604 -46.062 53.639 2.193
-31.013 -162.141 145.417 2.066
-135.355 -81.363 108.701 2.055
-9.806 68.541 1.792 1.900
-44.873 62.820 -174.415 2.115
-61.585 -157.689 138.975 2.108
-219.973 155.514 -127.017 1.915
113.085 60.879 -21.144 1.973
47.639 97.669 136.829 1.977
-12.434 36.718 82.582 1.811
-91.790 -165.837 -139.583 1.962
88.446 139.918 175.577 1.918
-28.817 -115.567 88.635 2.003
-76.663 -69.591 156.489 1.969
63.138 -122.532 101.044 2.046
-39.281 160.175 -2.801 2.043
-176.904 130.142 23.512 2.048
69.969 -174.115 158.764 2.081
193.569 -100.653 93.431 1.951
33.387 -38.847 23.891 1.976
40.318 142.084 163.991 1.976
-55.993 87.687 65.478 1.927
-14.498 94.779 -129.923 1.890
181.814 50.665 -62.812 2.006
121.346 65.325 -141.620 1.993
-164.125 165.889 -52.339 2.180
-0.334 69.606 -141.516 1.909
90.118 132.408 -71.397 1.851
17.649 -115.511 -188.768 2.076
-156.722 132.340 107.044 2.007
139.132 -64.859 -45.584 2.143
202.485 -112.817 58.031 1.914
222.179 -86.802 185.307 1.903
160.373 146.735 -103.551 2.017
-224.061 -67.114 -39.393 1.867
37.162 -62.869 12.171 2.093
196.058 61.817 -157.605 2.115
188.090 168.278 62.988 2.059
74.639 -178.126 -161.104 2.011
51.558 49.661 77.783 1.951
215.493 98.882 169.380 2.071
-26.513 10.841 -187.194 1.977
-111.106 0.433 -26.552 1.804
-187.373 45.178 -184.572 1.929
-42.934 183.454 -176.419 2.074
-160.109 121.917 -184.039 1.998
193.020 51.330 99.123 1.879
-71.216 -114.751 -154.258 2.047
171.700 -161.302 166.000 1.865
11.862 -168.496 -18.638 1.960
27.291 50.263 120.697 2.106
-181.577 12.307 180.794 2.077
-153.731 -182.589 -101.733 1.932
-215.316 189.316 -60.136 2.045
156.090 18.673 63.789 1.885
141.908 92.416 -182.277 2.121
220.595 -22.287 -12.142 1.851
65.781 34.992 86.390 1.950
-12.922 -18.423 135.514 1.958
0.003 -61.212 102.395 1.985
80.300 -54.049 -119.187 2.218
-33.850 176.152 -180.030 1.951
-83.076 -109.328 -50.417 2.105
123.617 -182.732 175.442 2.051
109.459 -33.521 -95.964 1.916
31.136 23.485 108.900 2.046
94.957 -61.255 85.165 1.999
96.666 184.706 -6.512 1.814
122.214 60.752 70.385 2.158
96.170 -115.712 -186.557 1.940
128.993 130.077 -68.598 1.989
-150.213 48.421 120.822 2.025
-203.497 118.668 -117.732 1.913
-183.504 49.183 -113.724 2.088
-152.927 -24.933 176.496 2.066
-167.205 13.745 -9.309 2.051
46.707 -187.235 2.639 2.036
220.839 -51.438 62.270 2.163
49.463 -36.093 30.685 1.937
-38.077 166.342 134.108 2.079
83.350 -65.389 -45.969 1.815
73.057 28.281 -57.870 2.016
-89.148 -188.135 50.157 1.932
-160.242 -140.907 -60.646 2.103
-55.052 -178.594 -101.182 2.163
-74.679 -87.515 23.988 1.992
201.068 -119.597 2.081 1.909
-138.004 12.420 154.131 2.070
144.034 -92.078 124.947 1.695
-180.297 -158.143 114.400 2.135
61.207 -186.251 150.558 2.062
188.753 -157.372 74.654 2.075
111.846 -115.884 184.933 2.058
25.148 -169.269 64.724 2.003
165.683 172.040 83.615 2.115
-202.410 -142.579 128.445 1.995
134.545 3.787 -137.499 1.982
-33.242 15.951 104.442 1.982
4.198 109.821 -33.720 1.907
152.466 179.914 18.185 2.093
173.026 61.511 3.596 1.827
97.108 -44.615 -190.923 1.951
-168.550 18.259 -125.276 2.031
158.944 -9.070 -134.585 2.156
-141.534 -185.630 -121.221 2.063
120.179 92.434 -86.307 2.062
206.966 113.797 69.285 1.865
-202.655 -104.036 69.880 1.958
-156.467 -180.726 -31.006 2.096
-141.722 121.242 46.553 2.108
-69.763 77.128 195.102 1.987
184.061 134.023 95.701 2.085
-102.622 -91.761 152.983 1.962
-61.984 100.480 -13.808 1.970
55.915 6.775 -77.311 2.039
211.268 2.590 -27.228 1.993
126.149 -178.801 179.311 1.822
-87.146 -169.623 183.057 2.088
12.052 -15.469 4.649 1.929
-102.199 -133.082 -121.486 2.006
170.321 -3.120 -124.644 1.952
198.305 -165.820 28.833 1.891
142.123 -97.080 155.773 2.011
125.342 -99.986 109.495 1.928
-106.316 179.580 182.431 2.053
103.233 -121.787 -159.715 2.045
-107.501 -83.568 -6.803 1.863
73.973 -79.674 30.168 2.072
-62.882 149.094 149.083 1.962
44.463 127.655 22.347 1.718
-61.103 136.171 -190.446 1.848
-126.985 -128.951 -70.756 1.761
-20.243 -140.382 125.563 1.925
-111.410 71.172 147.371 2.153
-11.161 58.033 154.736 1.999
-28.739 163.861 61.065 1.917
-59.008 137.223 -150.915 2.002
-73.109 110.989 -40.310 1.968
-218.855 -162.912 197.046 2.085
43.719 33.520 -136.650 2.040
-198.721 -94.843 181.629 2.030
-39.906 -128.549 21.190 1.960
97.137 -143.921 -77.051 1.950
-33.880 6.656 -127.148 1.854
-116.081 92.768 57.959 2.122
102.944 51.697 176.064 1.926
199.130 137.003 78.877 1.987
-14.247 -127.429 196.650 1.969
143.098 50.682 -115.674 2.087
55.667 148.423 -108.753 1.931
-96.404 -20.956 -18.575 1.843
46.458 -116.383 -187.341 2.218
-88.390 -90.672 -44.321 1.910
-216.727 -157.934 -22.971 2.049
-140.360 84.096 97.030 1.933
24.807 -4.450 84.014 1.984
-48.241 165.663 31.717 2.011
125.301 41.560 -108.192 1.972
-99.619 11.562 -121.165 2.000
67.607 -177.758 -168.162 2.132
29.470 -189.009 152.895 1.993
176.874 121.309 49.757 2.058
-187.966 -168.656 -137.955 1.767
-190.785 -186.971 -162.871 1.975
-69.822 177.426 -76.036 2.029
-162.763 -188.099 171.124 2.023
-144.189 -46.964 -192.677 2.171
-19.971 161.111 -141.006 1.895
-31.047 -29.817 -124.649 2.152
-42.094 164.713 -98.317 1.932
77.790 -35.104 -189.436 2.162
-47.939 54.031 -69.118 1.899
-156.524 -7.882 113.766 1.939
-158.375 57.978 -83.830 2.252
-63.944 3.863 -159.115 2.119
-84.676 -3.225 -120.280 1.989
136.173 -5.036 -43.188 1.877
-163.998 127.790 -16.653 1.944
28.300 -172.187 -55.843 1.942
-203.771 116.021 132.712 1.967
111.011 -149.143 -102.945 1.872
219.308 184.719 81.881 1.820
-166.187 8.176 -73.237 1.957
-17.694 -104.092 -155.151 1.901
-23.514 136.720 152.159 2.133
-64.889 159.050 -107.560 1.976
-12.396 122.265 -47.554 1.891
58.189 179.652 -152.171 2.143
66.118 -151.778 114.048 1.990
43.354 -5.595 123.254 1.895
117.707 -122.366 126.920 2.105
38.548 137.551 172.270 1.988
-34.244 -14.138 -16.304 2.031
-1.876 -132.640 67.816 2.150
-177.270 178.009 -43.124 1.920
-103.379 -94.816 -184.967 2.152
144.700 153.999 -42.575 2.228
-224.558 -103.627 136.655 1.735
185.110 130.641 187.651 2.097
174.555 116.686 55.658 2.063
-176.459 110.871 -167.067 1.975
47.841 26.613 173.284 2.032
-136.843 -92.553 21.959 2.099
55.089 -42.877 97.758 2.038
46.319 -13.686 -189.278 2.010
209.849 -160.535 -138.061 2.004
118.373 165.479 157.271 1.933
26.998 -46.501 -98.193 2.024
-161.982 -157.286 -5.935 2.060
25.559 -27.965 180.918 1.981
10.589 88.638 81.965 2.129
-195.999 -61.461 60.281 2.080
-72.755 50.632 135.422 1.752
-170.553 -185.625 -65.151 1.801
-92.702 30.345 -74.565 1.850
-65.900 69.022 -51.709 2.025
-72.019 91.228 7.702 2.229
106.935 59.247 -122.075 2.044
-123.628 -72.026 -155.688 2.123
-67.275 -40.291 -6.248 1.950
-93.316 -19.584 -138.331 2.039
-42.411 -100.027 48.980 1.936
27.433 117.549 -77.751 2.093
201.936 -119.929 -70.093 1.987
66.936 110.157 -173.969 2.070
126.832 19.417 159.639 2.111
-37.087 10.486 143.208 2.056
-105.935 133.736 10.573 2.087
-44.258 167.519 3.476 1.926
-126.613 181.880 76.768 2.015
7.101 79.630 10.152 2.004
-5.141 -86.512 170.504 2.056
210.147 -76.309 -4.453 2.132
-52.016 184.659 -79.129 2.141
-99.989 64.465 -193.843 2.217
3.005 -160.180 192.851 2.051
-182.457 -40.944 83.697 2.192
-140.454 46.903 148.914 1.793
42.007 -32.863 120.684 2.158
-28.812 32.851 17.190 1.934
90.514 -162.835 77.448 2.010
121.638 42.136 -68.216 2.021
-81.171 0.368 -0.505 1.688
-38.496 45.684 -132.029 1.968
91.834 48.253 -187.675 2.114
-216.351 -158.335 -124.564 1.891
144.539 -33.976 -42.277 2.073
-160.316 140.923 193.399 1.841
-131.280 28.567 -28.957 2.051
186.204 184.546 156.767 1.993
0.889 -138.578 115.664 2.136
179.575 -127.368 -113.954 2.011
183.235 185.775 80.980 1.999
97.424 -23.802 1.903 1.947
175.988 158.110 -114.858 1.884
135.292 111.166 -75.800 1.972
-56.192 133.036 69.688 1.976
150.421 87.841 -194.938 2.076
18.200 -101.081 34.777 1.899
-33.516 -175.844 -155.240 1.830
-93.275 184.288 184.076 2.000
-199.250 -156.159 -192.267 1.903
-48.463 63.628 155.818 2.115
150.546 -112.811 114.498 2.012
125.988 26.408 -52.207 2.187
-160.510 -36.980 -30.215 2.050
57.146 -44.769 184.161 2.034
-89.133 -3.259 -70.469 1.907
-96.039 93.066 -24.645 2.114
-89.884 156.505 20.776 2.095
-142.091 -65.780 134.477 2.031
69.475 11.426 129.826 1.781
-125.879 37.964 -25.380 2.016
-92.076 -133.345 -8.103 1.874
144.037 152.174 1.764 2.071
145.369 -179.983 118.421 2.044
-155.035 117.702 -89.768 1.845
-41.488 44.955 1.405 2.243
118.553 79.177 135.335 2.125
-117.666 138.737 -120.493 2.025
-76.318 64.476 121.861 2.114
138.309 -22.874 -11.322 2.137
153.709 -12.312 173.064 2.006
78.588 154.572 -151.581 2.114
165.229 178.663 12.928 2.105
-33.935 5.703 67.008 1.802
-106.667 19.640 -128.470 2.016
-80.604 47.821 150.523 2.186
-48.776 -124.949 -142.544 1.866
188.242 -52.537 -183.730 2.114
-112.049 182.002 -193.414 1.946
83.901 -0.609 -70.471 1.984
-160.870 104.485 -180.390 1.955
46.030 141.261 165.642 2.034
74.221 -35.177 68.376 1.995
-172.367 -87.222 -38.209 1.910
45.762 64.199 84.019 2.031
86.314 -109.384 -34.854 1.952
-171.996 -126.211 -72.966 1.905
148.056 150.432 -153.449 2.016
-92.001 21.859 -163.547 2.101
-134.619 -99.813 132.993 2.092
221.361 92.737 -174.307 2.117
-150.178 53.506 -94.896 1.899
-123.585 -129.990 -188.719 1.852
44.664 66.620 -95.327 1.925
-151.460 -6.885 86.641 2.058
-175.993 82.370 23.862 1.916
165.005 99.657 -162.178 1.835
199.495 117.581 87.860 2.129
61.142 159.997 24.995 1.973
-220.259 -39.815 56.556 2.040
115.120 -174.233 121.642 2.112
-41.978 -178.516 -30.687 1.964
191.886 -103.222 71.480 2.134
-166.529 -17.173 53.456 2.156
187.012 49.044 99.593 2.071
-113.142 87.503 73.321 2.002
-71.264 -92.886 -16.300 2.218
162.268 -166.181 168.802 2.113
186.362 -159.393 111.673 2.261
-147.202 113.912 84.716 1.912
-92.233 59.117 60.880 1.969
-121.064 158.499 -87.776 2.059
-21.973 -50.839 -98.767 2.146
105.024 -21.501 -12.214 2.226
-11.413 85.377 -172.317 1.902
199.575 86.387 -73.606 1.900
14.478 121.727 -158.696 1.925
-96.111 -92.978 -175.536 2.066
-108.045 132.778 50.248 1.935
