54.260 -97.629 -50.767 2.008
12.356 -57.664 -146.444 2.093
-24.554 69.139 44.102 1.994
115.737 -145.732 -179.105 1.947
12.291 135.649 -10.032 1.911
189.683 -189.049 0.257 2.164
5.399 7.769 162.676 1.861
207.826 166.580 172.506 1.995
74.313 -154.319 -14.751 1.932
64.231 -167.857 -130.466 1.932
193.405 -36.597 132.789 1.816
155.807 140.625 -25.319 2.022
-202.781 112.982 -71.134 1.887
211.599 -61.146 -115.845 2.176
-154.870 -160.295 -57.987 1.817
2.109 -15.635 29.637 2.018
112.858 183.324 -177.479 2.115
173.249 -38.794 119.952 1.954
104.644 -95.286 -20.119 2.042
-69.850 -12.220 78.973 1.889
217.813 -93.403 -81.912 1.974
-19.957 -45.321 -139.745 1.912
-14.255 189.616 -179.433 1.922
-9.101 -147.465 161.476 1.919
126.273 -80.685 147.651 2.037
172.367 -61.238 145.851 2.099
199.845 163.514 130.538 1.894
63.091 -176.932 199.092 1.905
74.988 66.080 -186.123 1.903
200.592 140.428 -84.270 1.948
88.256 6.554 142.908 2.203
-112.383 -9.399 85.289 2.024
167.496 -0.907 -103.216 1.995
151.155 41.066 -170.458 2.029
145.368 -158.143 -56.801 1.978
-15.993 -7.150 181.881 1.945
182.731 68.184 -176.739 1.883
-214.113 73.354 -165.477 2.134
76.039 10.125 -161.427 1.961
150.203 -104.747 -46.896 1.917
138.419 176.102 -23.743 1.746
-61.763 -173.872 -144.713 2.061
-77.195 39.616 174.830 2.003
194.393 9.763 -94.945 2.027
-163.061 99.344 103.857 1.893
-60.909 149.259 148.288 2.217
139.627 149.747 59.336 2.231
156.732 80.496 -139.757 1.980
33.287 -18.812 -45.303 1.997
165.910 -96.633 -163.669 2.033
80.512 -32.568 107.857 1.719
203.972 -75.372 -13.243 1.956
91.880 -104.352 82.479 2.000
198.748 138.156 -160.540 2.044
-11.404 158.204 146.376 2.070
96.760 73.809 -33.907 2.125
179.946 -43.185 25.567 1.924
169.563 -120.376 80.693 2.046
149.245 -138.498 -159.441 1.823
-71.449 134.542 11.526 1.923
182.223 146.488 -42.560 1.971
149.902 157.977 53.431 1.913
151.146 14.832 90.067 2.156
-126.034 -128.898 13.174 2.059
129.512 158.694 -92.171 1.885
211.788 80.548 174.691 2.018
73.907 -152.876 -9.242 2.208
-82.538 -17.108 -13.032 2.032
-38.098 41.555 -145.072 2.118
-2.098 -10.052 -66.566 1.930
-186.834 168.648 -19.235 2.054
14.615 127.455 132.072 2.021
221.108 79.298 82.747 2.081
-179.285 177.214 175.126 2.031
-26.539 -128.571 -84.054 2.013
-141.048 -65.158 -160.940 1.957
-202.856 151.324 115.616 2.015
-46.428 52.048 -47.037 2.078
26.993 -119.274 42.001 1.889
61.051 -180.172 -105.787 2.017
129.583 9.917 171.824 1.922
-64.710 97.194 -154.244 2.082
176.288 2.375 193.912 2.109
-50.878 -86.453 -125.630 1.969
-85.676 93.049 1.550 2.109
-210.725 -69.583 -171.499 1.825
-69.771 152.620 -35.385 2.173
166.786 151.432 -44.524 1.906
42.601 -152.368 -156.638 2.009
-126.295 -8.603 128.997 2.065
-35.550 -11.076 -60.786 1.946
-104.192 -149.478 128.226 1.831
5.651 -181.949 170.348 1.982
187.858 -172.724 90.200 2.144
-59.589 -103.587 -19.701 2.168
-132.799 18.969 -42.452 1.976
-110.845 154.934 -187.685 1.886
141.260 170.622 -92.755 2.039
114.174 -61.941 -51.006 2.167
94.531 -24.109 199.552 2.029
123.127 85.870 17.838 2.027
-71.685 135.744 67.094 2.054
-40.361 -9.865 29.479 2.027
161.562 38.214 -35.394 1.930
-101.461 -5.532 115.404 1.984
-5.610 173.017 190.060 2.167
-85.999 49.103 74.605 2.128
38.416 -185.750 7.091 1.755
-141.286 186.331 165.585 1.910
-68.230 -40.099 173.172 2.011
160.864 -83.507 -42.360 1.935
-69.938 170.177 131.091 2.001
89.564 -26.619 142.843 2.067
-136.881 -101.602 72.007 1.927
146.301 165.854 -158.360 2.026
21.211 -37.103 49.362 1.975
-9.355 -49.347 -118.374 1.898
-172.054 -103.210 177.631 2.026
-170.153 -77.548 152.565 2.006
66.388 -1.545 -13.620 1.849
-161.167 -40.053 15.633 2.180
183.095 17.310 43.901 2.151
-150.714 69.073 157.643 2.006
0.283 -83.492 136.543 1.906
-37.164 135.322 47.189 2.196
-38.642 113.365 25.403 1.988
-101.562 83.981 176.296 1.872
49.068 4.018 117.956 2.034
107.020 -87.547 119.572 2.009
147.639 -89.793 95.560 1.852
-192.520 -116.286 -5.324 1.864
-59.620 5.203 133.694 1.864
-159.538 -158.515 186.593 2.006
3.074 -56.430 -23.717 1.908
161.611 -104.436 52.467 1.870
220.652 -129.626 -85.100 2.066
159.472 -108.777 35.929 1.926
-99.335 -26.067 -37.701 1.963
-206.311 -26.838 70.187 1.895
-118.909 -53.503 54.268 1.923
-43.404 -97.741 -84.015 1.926
-7.900 17.311 124.785 2.154
5.437 110.575 -121.861 2.071
33.395 -64.713 97.364 2.101
182.074 164.127 -145.623 1.936
-17.251 -167.297 -37.046 1.857
19.505 7.463 198.998 2.070
217.790 -54.900 192.287 1.895
139.385 46.841 82.407 1.814
133.603 13.632 128.665 2.063
42.699 -102.474 150.552 1.950
5.942 -185.253 191.004 2.191
-155.907 -96.165 -60.483 2.005
175.623 -119.596 -132.559 2.278
-179.911 -120.424 -72.830 1.982
77.643 148.294 56.358 1.870
103.075 53.387 -101.262 1.940
-24.163 -170.113 -7.534 1.934
-48.466 -161.689 -40.997 1.996
209.880 -96.686 -163.751 2.089
98.631 160.021 -132.218 2.121
-149.578 -138.438 -72.130 1.890
140.704 -54.145 68.807 1.980
-137.521 -119.053 27.260 1.946
-67.571 69.856 -50.109 2.127
-221.082 181.840 36.582 1.901
104.911 151.654 32.666 2.162
-101.952 82.669 -61.645 1.979
212.710 -9.557 -18.657 2.033
63.145 132.550 -0.385 1.998
192.913 128.913 -139.997 1.859
-20.681 -141.803 78.288 2.021
128.832 116.623 -171.786 2.025
159.814 -77.856 -141.532 2.025
-16.659 118.581 106.193 1.933
-161.138 -73.246 -24.899 2.014
-24.281 177.404 -158.007 1.755
-212.532 90.485 136.006 2.112
22.567 -5.133 103.123 1.975
-131.193 -84.366 -154.753 1.996
-187.431 -14.228 -139.859 2.001
71.334 27.531 46.967 2.045
-181.562 -48.946 -76.345 2.043
224.714 -124.418 -145.138 1.987
164.111 173.827 -8.505 1.881
123.819 48.313 -98.840 1.933
221.954 46.958 -46.893 2.138
36.837 186.824 180.354 2.015
8.750 9.501 -161.351 2.086
-35.819 68.544 -140.193 2.150
200.543 -10.338 -65.947 2.076
216.580 -5.032 -124.857 2.060
-137.786 -157.529 162.141 2.027
109.616 17.905 -44.033 2.187
-99.189 -51.458 161.327 1.959
86.131 80.891 -11.946 2.152
35.383 -176.159 -78.043 1.845
-38.596 74.703 -39.272 1.962
81.082 124.215 4.616 2.032
-82.383 106.846 84.368 1.937
-141.659 104.566 -169.975 2.175
33.673 134.383 -66.881 1.914
132.328 141.262 4.920 1.981
-174.162 31.508 -177.607 1.864
-153.715 152.246 -146.011 2.132
-119.790 -2.964 80.166 2.047
213.695 -113.419 113.851 1.953
-220.067 13.918 -112.968 2.099
-76.545 -86.265 51.053 2.063
-27.263 32.923 137.975 1.847
57.247 161.175 47.724 1.934
213.651 54.695 103.706 1.905
-162.635 43.263 -177.635 1.754
88.996 -111.220 -79.708 2.106
-212.586 -153.199 45.357 2.092
-117.356 -181.513 153.839 2.203
-68.379 41.335 100.719 1.922
150.505 42.860 122.996 1.952
-14.594 -64.633 -134.740 1.967
144.533 -134.615 161.424 1.924
-156.234 149.086 -8.810 2.102
-104.176 -132.719 72.962 1.974
-105.764 172.226 -24.219 2.179
-201.531 -160.166 67.213 2.056
-15.800 -71.427 94.052 1.860
169.455 135.319 -62.880 2.038
-187.533 -43.674 -20.069 1.998
57.858 117.780 96.349 1.875
29.240 -104.534 189.651 1.906
-219.554 -61.042 66.211 1.984
89.093 -118.664 -23.552 2.181
167.453 -31.966 6.646 2.116
-57.945 26.421 -64.564 1.930
66.563 110.737 181.477 1.830
14.904 129.364 35.385 1.934
27.472 -107.882 80.746 1.972
-221.358 -123.686 -105.679 2.270
-158.699 122.561 106.507 1.961
-187.921 103.419 -80.677 1.761
224.299 -116.889 -51.808 2.177
8.385 -165.062 154.541 1.930
-174.982 21.166 -58.599 2.086
215.372 -115.506 -58.612 1.977
192.981 2.299 162.237 2.079
-162.495 63.818 -92.795 1.979
-208.093 -175.697 63.067 1.905
46.162 44.328 50.071 1.937
-2.418 85.128 188.455 2.022
-30.775 63.287 -27.312 1.843
-116.205 -62.014 -93.833 2.025
68.953 -184.296 -169.652 1.824
-218.385 -165.734 -9.421 1.944
-209.630 185.463 -163.394 2.010
-130.682 -158.985 -81.017 2.022
77.607 -56.033 -188.703 1.950
46.086 -13.591 70.067 2.037
144.758 161.881 165.017 1.997
97.641 -125.781 -180.002 1.952
-42.219 -3.138 -107.933 1.921
-208.979 -104.290 77.906 1.843
181.310 -176.802 -90.250 2.111
-74.927 -5.045 -40.284 1.883
180.250 2.449 -67.408 1.919
103.986 -64.090 33.366 2.017
211.573 74.639 32.705 2.131
25.584 -13.220 30.773 2.077
102.586 -98.850 115.956 1.928
128.108 161.270 -76.055 1.894
123.861 -24.565 133.468 1.904
155.441 -119.676 -193.822 1.967
-21.916 120.918 -193.265 1.853
10.504 -49.657 53.627 2.018
-162.591 -72.509 -38.248 1.982
193.703 173.812 -129.746 1.963
-33.459 -109.101 -36.849 2.070
-199.184 -17.365 164.641 2.010
-26.933 115.569 -45.865 1.835
-16.465 22.672 134.527 2.091
120.863 -13.781 -89.199 2.011
84.272 -44.509 130.025 1.933
126.751 75.178 175.233 1.865
-183.197 44.951 -180.452 1.920
-139.751 -4.144 -143.810 2.146
215.376 -12.693 -141.106 1.818
78.923 -87.635 -146.329 2.049
148.535 -29.541 106.104 2.020
183.734 166.523 159.803 2.125
-49.022 56.629 -159.971 2.126
-110.441 109.605 -163.224 2.096
-198.068 -14.586 21.855 2.069
131.138 -110.465 -159.123 1.918
-43.439 5.705 1.532 2.017
20.362 171.584 -183.855 2.017
137.655 45.524 -44.468 1.902
185.935 153.796 -157.333 1.932
147.052 -38.227 199.691 2.011
97.370 131.891 168.309 2.064
21.568 -159.508 -116.784 1.976
141.843 -21.773 -83.089 1.980
116.322 -59.920 178.427 2.153
-55.659 7.502 128.100 2.076
-155.978 -85.099 -24.335 1.995
156.972 89.481 138.605 1.997
-23.868 -115.294 132.936 2.069
-66.264 187.744 -50.221 1.821
103.893 165.244 -187.088 2.087
8.246 -89.226 140.604 2.160
57.078 -174.976 -173.997 2.108
39.455 -104.456 -120.273 2.028
139.993 -75.908 -174.907 1.887
-65.449 -81.630 80.776 2.179
-48.666 42.520 143.834 2.029
-1.870 53.312 -26.462 2.001
-110.963 -149.215 92.018 1.975
222.959 99.618 -24.158 2.005
-207.055 -77.354 -145.887 1.921
81.523 161.131 -157.553 1.888
11.548 -156.209 -163.705 2.083
59.749 93.995 -140.842 1.962
169.493 -44.301 70.386 1.969
-148.196 -144.555 25.247 1.988
-143.704 -2.431 -161.748 2.017
-76.192 -143.551 0.468 2.057
-100.516 -96.571 -165.579 2.058
224.850 -106.183 152.143 2.138
18.662 -35.016 -2.053 1.999
-44.622 188.650 176.920 1.972
-78.034 85.858 98.038 2.127
130.625 -189.213 3.551 1.961
145.654 120.589 -13.145 1.972
183.572 82.970 17.161 2.100
151.836 23.439 47.206 2.098
220.386 25.623 -45.267 2.031
-57.784 -155.439 -187.304 1.934
-202.720 -172.391 34.761 2.165
61.249 145.729 20.233 1.927
-85.150 80.860 17.435 1.932
129.059 87.096 184.529 2.091
-73.923 137.270 -178.563 1.913
24.124 15.859 -68.684 2.132
23.392 23.272 172.729 1.826
-157.580 -88.016 -78.985 2.188
142.708 -122.722 -94.874 2.184
169.461 76.863 -96.945 1.956
-128.985 86.790 -64.731 1.989
-177.029 -62.652 114.174 1.831
30.816 -107.769 161.799 1.860
-22.397 -71.207 -76.893 1.892
-156.542 -53.552 123.287 2.088
-179.724 -89.432 -148.965 2.066
-125.137 -53.963 33.329 1.885
-191.829 -12.862 -87.357 1.982
163.703 84.409 132.875 1.999
-213.813 -95.603 -51.975 2.071
32.895 122.261 149.706 2.089
106.442 10.889 -130.651 2.079
-54.838 92.186 145.459 1.924
17.107 -174.736 37.855 2.094
-15.195 75.921 -44.195 1.926
-40.950 115.589 -33.360 1.998
-185.716 85.094 -103.939 2.067
-200.381 -119.186 -179.099 1.899
120.304 130.496 16.204 1.989
-154.365 109.667 -64.527 2.003
-171.158 176.031 -126.503 1.895
148.473 -76.374 52.776 1.993
-198.744 -150.179 -114.330 2.033
-8.088 171.375 -38.874 1.852
136.664 176.971 163.217 2.039
-83.820 -181.527 -90.185 2.038
0.507 -185.304 130.147 1.967
-74.925 -168.260 25.599 2.044
-152.760 154.460 -20.399 1.998
185.191 -19.104 123.172 1.961
147.260 156.075 124.463 2.059
-124.561 41.109 181.721 2.028
205.165 57.256 -121.790 1.920
-134.362 59.901 -12.135 2.004
-96.113 120.802 -167.334 1.967
113.465 167.334 -110.388 1.941
-1.850 -18.673 -18.369 2.057
137.777 182.095 -178.050 2.089
-116.158 166.870 -157.710 2.010
32.848 146.729 62.675 1.966
57.958 21.871 16.743 2.241
98.236 -54.665 56.036 2.117
-105.804 123.118 84.870 2.060
170.590 43.505 110.185 1.862
88.105 -62.808 -56.268 2.225
159.718 -51.177 62.705 2.077
-76.131 30.994 111.908 2.136
211.875 -135.226 57.438 2.004
159.863 -92.297 152.531 2.123
216.737 -72.279 -131.332 1.985
-80.465 -76.052 -67.552 1.952
-138.190 -36.017 -110.938 1.950
50.248 -12.885 20.296 1.946
203.986 107.827 46.351 1.853
57.807 177.150 99.761 2.095
-148.806 -16.609 -6.742 2.106
-140.064 -63.356 173.776 1.982
-149.940 -161.114 99.965 2.076
-214.457 -32.302 -172.092 1.990
-113.587 -18.119 25.187 1.961
1.357 72.070 -126.743 2.043
-181.899 -56.578 41.060 2.110
-190.082 1.920 22.080 1.932
-186.717 20.780 -119.810 2.000
140.648 -96.147 16.624 1.964
-183.111 -159.988 -136.128 2.123
105.517 -88.549 142.938 1.981
-194.013 122.908 111.486 2.098
-110.659 42.013 -114.238 2.036
47.356 93.092 23.333 2.096
179.055 -48.559 9.453 1.819
-105.231 126.169 128.648 2.091
104.499 -87.397 198.188 2.063
-120.448 74.776 -163.869 2.066
-1.133 97.738 163.093 2.098
-174.335 91.325 81.636 2.152
117.376 93.443 -118.779 1.951
218.786 -186.324 -141.507 1.849
-140.552 155.349 186.169 1.945
-27.644 186.058 171.716 1.825
-26.145 45.818 -131.130 1.971
168.385 -168.573 -38.321 1.966
14.775 -12.253 3.659 2.004
-57.148 149.363 194.998 1.925
-189.495 -138.241 -136.898 1.953
62.889 -107.371 -172.789 2.095
56.174 117.917 172.235 2.132
-54.133 -25.170 63.326 2.043
61.148 98.786 -150.784 2.100
-91.756 61.075 135.165 2.103
-49.662 -48.428 -126.043 1.824
-41.995 -159.918 -140.936 2.106
42.023 -36.653 24.664 2.048
-14.905 -14.209 -108.479 2.146
179.320 109.433 49.854 2.071
-140.257 128.485 21.739 2.030
-96.538 -19.124 -129.475 2.018
-30.134 163.061 21.137 1.765
158.713 -187.419 5.319 1.905
47.097 60.089 -102.909 2.038
40.347 -116.628 -29.121 2.041
-20.797 -161.309 1.074 1.865
-164.601 56.786 -119.852 1.886
-144.235 -43.435 -193.199 2.174
-81.921 -57.459 193.850 2.082
-56.228 -104.871 -61.309 1.791
25.400 27.233 173.441 1.809
40.643 -66.342 -6.719 1.903
-215.536 106.128 148.803 2.032
-31.899 -7.304 186.973 1.987
11.499 -65.646 197.211 2.016
59.296 151.070 113.905 2.076
159.417 88.622 -50.999 2.268
75.284 -31.128 -9.310 1.969
152.158 -106.979 -106.752 2.195
144.462 -132.526 -74.120 2.003
25.201 -75.865 -95.425 1.859
-129.321 -67.614 178.107 1.989
12.157 -62.019 -155.431 2.118
-137.833 -164.684 63.468 1.964
173.010 77.738 -193.412 2.108
-97.116 -122.716 122.844 2.067
-160.065 -96.484 37.418 1.893
-49.345 -44.752 -62.266 1.970
-138.178 26.228 -43.184 1.945
-124.377 181.182 129.087 2.136
-214.148 127.947 -179.117 2.065
-169.219 132.371 100.439 1.864
73.504 158.050 -53.091 2.022
188.043 -153.322 176.590 2.123
-45.299 -164.132 161.259 2.089
-69.191 20.813 8.172 2.043
-4.871 139.262 -114.511 2.106
25.783 141.239 -97.907 2.067
-207.594 133.516 -190.982 1.854
-47.847 53.531 197.774 1.983
-208.481 -73.773 26.568 2.020
57.525 7.367 191.923 1.986
-124.456 -32.187 78.295 2.039
222.562 97.281 169.186 2.045
-78.147 -66.345 -139.792 1.981
-179.977 149.057 -27.684 1.836
6.004 -14.222 155.703 2.059
24.539 -174.347 62.941 1.989
-101.875 -17.337 -126.333 2.164
104.995 -25.142 -70.609 2.237
-7.343 -37.896 -175.438 2.103
53.208 -168.117 186.729 2.049
-67.308 -25.812 24.560 2.058
-181.255 59.502 72.880 1.921
42.785 108.323 141.423 2.066
60.338 -97.184 46.786 2.073
143.440 -42.945 -31.379 2.199
59.852 -108.249 58.971 1.705
-219.352 151.205 189.147 1.935
12.883 -31.411 178.552 2.203
161.051 70.733 30.235 2.017
224.578 135.578 -190.126 1.949
68.793 -61.452 167.859 1.969
-126.201 -15.190 -71.616 2.036
-191.231 180.900 46.948 2.009
-7.040 -141.072 37.006 1.995
30.635 136.279 60.863 1.862
-51.076 -16.428 173.672 1.962
-22.258 -104.816 -16.145 2.073
-89.490 -158.381 -131.620 1.881
-215.466 -157.505 -63.305 1.932
-134.541 -172.192 178.244 2.084
-124.449 50.421 -115.155 1.958
104.519 106.293 -108.778 1.779
128.033 163.951 -93.526 1.942
99.552 -3.113 -58.170 1.887
-195.552 129.316 -38.751 2.105
13.522 -37.788 -158.666 1.761
-191.422 -155.905 75.921 1.968
83.179 170.289 184.154 1.946
223.843 90.141 55.747 2.145
11.681 135.380 -150.196 2.079
-186.691 -28.900 -19.640 2.101
60.356 90.671 -66.833 1.851
15.488 3.574 41.484 2.274
-150.461 -134.541 31.092 1.943
-102.349 -169.473 187.189 1.986
90.535 174.013 12.547 1.873
-117.036 -171.534 -9.961 2.021
99.327 -133.480 173.339 2.024
117.147 -15.715 26.984 1.977
-161.948 -81.527 -23.243 1.888
-174.300 -13.383 98.267 1.840
-33.871 -20.635 46.880 1.979
-64.857 -1.441 50.452 2.094
45.227 106.757 84.215 2.046
-200.533 163.368 120.183 1.850
131.708 42.342 -19.585 2.024
195.554 148.463 -194.538 2.161
-120.093 83.748 -11.249 1.992
-145.997 25.122 -52.530 1.873
-86.517 27.118 163.120 1.964
95.973 -55.221 -4.341 2.075
147.070 -89.569 -109.048 1.966
-111.733 -54.807 -84.023 2.029
-57.075 -81.494 40.085 2.004
-94.231 67.946 -137.542 1.858
-167.041 151.308 52.282 2.235
114.829 45.587 -50.017 2.045
137.461 42.256 15.812 2.093
102.020 126.373 157.360 2.031
-156.810 68.271 -43.935 1.995
-45.450 -170.890 8.169 1.847
216.708 -154.986 -49.397 1.897
-156.055 53.076 192.309 1.980
106.103 105.075 58.606 1.885
51.277 19.643 -27.488 2.019
-77.713 -182.868 98.551 1.888
-218.179 -101.289 94.826 1.999
-173.356 -87.390 7.701 2.120
169.124 -34.316 -23.984 2.016
60.112 189.004 -49.334 2.058
-145.406 149.564 21.388 2.167
-37.116 -173.305 -13.584 2.165
-93.749 133.605 -68.479 1.906
192.723 59.140 34.664 2.151
-10.075 -65.964 148.150 1.840
156.317 177.532 -168.635 2.094
-50.368 -172.805 -62.952 1.951
-6.193 -167.649 -135.407 2.014
61.031 -115.888 -157.236 2.070
-50.511 -92.620 129.626 1.986
88.923 -72.789 -21.976 1.871
-83.321 -174.536 53.200 1.897
-130.526 -29.746 134.696 2.056
76.081 -123.261 -50.990 2.107
-38.277 147.998 -151.709 2.113
-75.105 113.658 -82.969 2.079
36.662 8.240 10.672 2.023
151.544 -113.928 35.021 2.157
-32.411 -13.170 -138.252 1.968
115.068 100.536 -135.683 1.966
-100.353 -185.460 -74.335 1.932
108.145 95.038 137.987 2.129
203.454 136.424 -160.357 1.942
-13.550 141.366 -134.466 1.868
100.993 -97.998 -89.303 2.070
-134.003 -28.356 -24.499 2.149
200.373 55.157 -5.942 1.975
-163.620 -139.881 -199.881 1.874
-102.712 102.887 90.912 1.886
-134.902 141.582 47.054 1.969
-146.305 178.458 109.302 1.948
-122.304 180.353 115.860 2.001
56.722 -127.688 -196.256 1.950
174.637 -34.510 195.028 2.005
21.013 -156.851 173.484 2.124
-128.539 184.113 -52.105 1.930
-178.169 -98.108 73.870 1.909
-145.079 109.477 -197.350 1.986
-151.925 -34.262 148.328 1.855
-195.661 -136.497 -33.719 2.080
122.135 -72.493 133.703 2.119
-55.134 -36.509 8.817 1.869
-208.356 -85.530 171.150 1.918
-135.291 -122.757 -93.125 1.911
-189.772 -7.266 -12.069 1.988
127.747 -189.781 -140.729 2.162
-7.108 -152.085 140.968 1.831
-94.337 127.420 -7.260 1.781
-4.930 121.872 -161.123 2.137
-20.261 -96.989 27.843 1.985
-224.388 23.591 115.692 2.034
-204.769 61.658 35.736 1.903
41.155 179.704 160.064 1.991
-58.403 55.719 -105.916 1.967
156.038 -97.542 34.855 2.057
47.316 -95.365 43.390 2.145
100.721 162.777 187.463 1.957
68.207 -108.800 109.516 1.946
-48.014 42.858 151.040 2.027
66.831 -176.838 -103.638 2.086
-221.251 66.388 -196.807 2.066
-85.101 -78.543 106.542 1.873
-166.527 -168.236 25.413 1.964
44.258 134.282 -21.086 2.021
102.070 -93.241 -123.919 2.035
-106.650 53.016 78.683 1.828
-172.387 99.802 -79.774 2.114
-25.597 -142.548 -100.610 2.140
-117.393 86.344 66.176 1.857
-179.903 -80.056 43.328 2.125
-70.121 74.019 -103.985 1.959
102.340 -91.331 -115.720 2.042
89.893 -132.657 132.875 1.944
51.379 -55.873 108.929 1.968
-2.025 55.630 195.412 1.905
-94.542 -2.699 167.958 1.848
169.495 -176.593 -27.908 2.191
-132.457 -137.955 111.738 1.912
152.023 -72.677 23.067 2.005
47.596 -17.747 -128.223 2.010
-79.063 -77.617 -37.361 2.173
15.221 -20.242 -177.432 2.000
84.531 -164.583 68.300 1.913
-205.579 -93.514 -33.771 1.925
-10.451 8.119 129.342 1.805
-170.521 -102.457 -76.338 1.954
201.433 27.990 -71.250 1.911
-12.890 55.338 -5.687 2.004
-166.846 -33.638 145.874 1.884
-140.059 -8.143 -154.381 2.073
-161.633 -152.323 -48.529 1.998
-137.887 -52.421 -131.755 2.199
-78.995 68.381 -99.736 2.023
-5.464 -173.905 99.004 1.974
-94.361 -23.323 -169.531 2.024
44.284 94.173 -33.792 1.973
186.039 -53.438 162.110 2.003
108.148 -150.067 -87.689 1.805
-147.140 104.667 -41.720 2.069
-214.430 -20.874 -38.587 1.980
80.175 -183.187 -41.409 2.013
-118.102 23.194 -187.330 1.987
-184.293 104.838 15.279 2.011
-168.286 -105.462 182.318 2.048
157.513 -140.394 -174.312 2.070
-204.467 -187.675 -36.892 1.897
159.282 181.511 174.699 1.987
-38.378 -123.397 -130.835 2.026
-180.530 -90.754 181.060 1.898
7.842 92.608 106.042 2.224
172.286 -129.021 -143.079 1.993
-169.882 108.396 28.968 2.117
-137.586 -43.291 44.698 1.875
-111.922 -61.200 -144.761 2.046
-94.221 -60.046 98.859 2.091
2.402 2.503 -189.866 2.014
-151.235 -158.163 33.512 2.026
-110.542 3.199 58.480 2.135
153.101 -127.942 3.041 2.104
95.196 17.489 -86.812 1.985
-166.426 37.081 25.781 1.969
-114.658 170.063 37.403 1.977
-224.939 24.940 191.147 1.951
52.514 -39.652 85.822 2.034
-5.465 129.190 68.424 2.024
-16.379 156.339 186.778 1.950
-88.679 139.716 8.878 1.958
172.902 184.993 135.375 1.876
-150.914 -15.630 0.184 1.963
-10.516 -150.811 162.852 1.944
87.089 -131.793 110.001 2.120
219.138 -122.698 -61.148 1.899
110.446 -34.655 -197.134 2.092
105.571 -73.236 -151.245 2.012
-187.321 -57.594 -191.188 1.943
-168.553 -79.676 -13.012 2.026
-193.403 125.958 103.417 2.046
33.657 -9.948 158.188 2.246
-26.199 137.374 114.111 2.216
-12.905 -22.292 -99.037 2.180
219.487 -25.036 72.056 2.006
-26.304 72.980 0.066 2.069
-89.419 -100.855 -128.672 2.060
119.760 -177.997 18.196 2.140
-42.278 8.820 -57.551 1.908
-222.821 104.331 -54.151 2.155
119.467 -159.647 195.104 1.900
33.934 187.807 -194.083 2.033
73.508 -13.369 -95.828 1.880
-164.285 -112.551 44.505 2.091
181.245 134.198 178.245 2.027
5.255 -36.439 -50.284 2.107
-215.243 -14.314 -194.403 2.176
-85.978 -94.635 20.462 1.983
223.271 172.518 -112.932 1.991
168.272 53.818 104.470 1.818
-143.551 158.743 -141.660 2.032
30.825 104.984 113.585 2.240
-0.616 -145.091 4.419 2.034
116.472 -23.306 12.493 2.038
89.911 -174.279 64.470 2.033
55.653 16.883 150.752 1.909
-199.370 34.848 -41.922 2.019
37.602 86.082 24.460 2.015
-8.106 35.993 179.983 2.133
64.839 163.837 -100.382 2.009
-178.200 1.105 -94.267 2.055
-178.496 -149.819 2.548 2.028
10.198 169.812 -106.888 1.843
123.277 182.963 163.785 1.916
94.505 -58.861 -196.187 1.917
6.812 162.433 0.428 2.033
172.639 -64.204 -10.523 2.140
-56.348 -151.963 -29.391 1.902
-120.123 89.265 -157.632 1.818
149.046 157.598 94.572 2.042
-6.960 1.296 173.686 2.054
182.868 -112.301 -42.233 1.887
31.021 -48.887 31.713 2.124
56.520 116.291 73.127 1.935
164.090 -112.221 135.826 2.073
-57.785 -77.624 -45.396 1.804
-224.063 183.276 -184.030 2.067
125.246 -172.066 -3.586 2.099
201.715 33.907 132.152 2.021
159.392 -171.338 171.061 2.175
99.823 -92.216 132.823 1.940
-184.114 -70.807 32.395 1.703
149.361 -161.960 -113.097 2.050
46.981 148.337 -87.765 2.202
-165.096 -32.388 36.082 2.025
-221.035 -127.012 -18.051 2.115
-102.580 -113.986 -2.325 2.052
56.578 31.809 -19.112 1.949
224.786 -115.646 170.286 1.912
-40.240 4.064 162.212 2.008
87.928 -102.532 123.320 2.071
-217.054 -105.272 111.688 1.960
165.833 6.391 44.445 2.008
176.034 -21.333 11.630 2.142
133.831 -133.873 -163.927 2.126
-24.160 4.892 -193.621 2.107
120.009 49.138 -68.385 1.985
83.843 58.471 -134.258 2.090
24.709 -49.334 56.539 1.960
63.008 -90.019 -134.799 2.006
211.334 57.392 -179.772 1.940
-62.134 159.413 111.105 1.892
204.113 -176.478 8.732 1.832
3.082 -130.775 83.510 1.886
-84.583 -58.509 147.130 2.055
133.882 149.446 179.123 2.013
145.676 -99.348 -87.008 1.937
22.769 178.557 -155.678 1.991
38.144 164.033 156.381 2.001
35.757 -65.582 -175.327 2.199
45.508 -129.234 115.470 2.019
67.849 29.239 -28.609 2.062
131.577 139.955 4.675 1.935
122.395 163.038 87.762 2.044
132.360 -54.694 -79.108 1.743
30.871 188.042 57.288 2.239
-202.095 19.017 -56.522 2.153
-184.967 140.301 77.258 1.960
-183.880 -142.631 -48.241 2.062
-218.190 -17.909 -30.738 2.019
-26.888 -88.149 191.582 2.047
215.666 -21.420 2.627 1.902
108.186 -144.527 -197.390 1.951
-26.324 -177.247 177.837 1.806
173.856 -111.359 8.726 2.005
-198.265 17.562 76.702 1.956
-38.688 -13.276 4.886 1.796
60.818 -86.225 -63.923 2.000
105.236 94.310 -54.007 2.032
-23.855 40.786 -100.055 1.924
-29.643 62.725 -122.980 1.991
32.119 -175.688 -28.576 1.994
-173.974 -74.481 39.006 1.959
95.926 -4.062 55.021 1.973
174.683 97.127 -21.606 1.750
-195.304 -55.937 144.135 2.055
-78.723 -177.951 -136.507 1.957
114.406 136.697 -1.914 1.961
203.508 -180.083 58.745 2.008
82.496 -158.519 80.069 1.993
120.609 -2.078 186.881 2.148
-141.283 20.389 -16.259 2.010
-174.865 46.601 177.204 2.000
220.849 86.518 99.802 2.187
-200.622 -50.580 33.953 2.064
-91.111 -164.795 -187.724 2.019
-87.356 67.341 -134.431 2.069
-119.313 -145.169 120.740 1.813
-135.017 84.395 -85.420 2.150
124.497 149.713 41.174 2.055
180.800 95.772 -0.742 1.936
-62.338 83.459 168.391 1.726
126.953 -175.767 38.227 2.034
-218.238 -60.976 154.583 1.860
-171.990 -96.028 184.547 2.038
155.448 134.361 156.792 2.079
219.023 -99.054 -129.621 1.950
29.788 -82.553 115.108 1.925
-197.641 14.877 -79.098 1.993
-196.057 123.249 18.875 1.831
110.739 -179.658 192.112 2.014
-79.733 28.814 130.819 1.907
-4.892 36.358 -68.193 2.143
4.635 182.514 -134.254 1.955
-177.753 2.691 29.542 1.973
157.403 158.896 -143.386 2.021
62.886 -25.378 170.446 1.999
115.714 -131.034 -91.522 2.162
208.683 -142.045 -38.816 2.194
-39.381 -70.776 143.593 2.030
211.274 -27.742 -137.628 1.922
141.642 81.596 -72.512 1.880
173.067 -144.697 -121.689 2.086
-205.836 -133.160 -16.509 1.871
140.063 -170.240 136.630 2.071
109.169 -126.564 113.298 2.012
-11.570 -26.030 -3.600 2.050
111.943 89.779 2.830 1.808
-43.923 165.709 106.685 1.955
-122.144 182.497 -184.875 1.995
79.364 62.453 177.090 2.008
-122.034 -135.842 -160.919 2.208
114.238 100.046 102.888 1.907
46.255 183.248 178.436 2.168
-204.766 -156.035 145.582 2.180
94.910 133.227 -36.135 2.142
-89.775 146.117 -166.019 1.890
-8.930 134.544 124.947 2.056
61.096 40.247 195.543 2.116
214.203 -105.706 29.184 2.141
51.086 -20.688 -20.319 2.197
-25.839 -37.629 164.854 1.726
174.203 60.367 -100.966 1.824
216.982 -34.335 -15.981 1.949
-50.615 -84.250 39.484 1.963
-85.976 70.890 14.720 2.004
167.575 -81.371 12.161 1.898
81.555 -189.381 194.401 2.014
-36.659 60.059 -16.459 1.958
162.356 186.955 -165.515 1.824
117.613 -175.542 -196.446 2.129
-27.219 75.394 88.690 2.150
63.744 84.770 149.220 2.091
-13.455 63.377 -45.550 2.024
79.497 27.175 151.490 2.008
7.924 128.707 -112.604 2.253
133.326 172.422 14.366 2.031
143.014 112.352 -169.045 1.937
-147.942 140.591 14.431 1.873
159.413 57.168 -173.431 2.075
-175.024 -69.348 -53.625 1.900
-54.198 56.045 154.191 2.051
132.959 46.522 -107.570 2.007
73.693 -53.968 64.890 1.963
157.164 124.072 -138.921 1.945
209.765 -153.909 150.241 2.127
-68.841 60.154 45.993 2.061
-223.243 -25.861 -22.370 1.923
-67.068 4.558 58.083 1.988
-121.994 112.508 54.779 2.071
-25.411 23.623 53.126 1.891
-120.186 -160.041 34.550 2.023
67.913 186.815 164.749 1.966
166.753 -55.758 -195.525 1.934
96.907 89.496 178.717 2.060
79.172 91.199 65.844 2.118
-49.084 75.667 -15.009 1.964
-210.432 -188.520 172.814 2.038
46.141 -17.830 -46.827 2.194
103.204 -188.095 -161.473 1.923
-165.326 -17.735 -18.706 2.154
-194.033 187.916 -176.098 1.853
-108.829 -18.371 186.563 1.943
-174.206 158.971 137.387 2.232
-68.878 44.547 35.090 1.917
168.152 149.551 -169.862 1.978
-113.994 -161.395 87.062 1.997
-63.681 -31.406 13.380 2.013
-187.604 77.311 157.927 2.287
-23.024 56.743 -9.059 1.983
-72.651 148.456 -57.813 2.003
174.906 129.805 154.728 2.058
-38.487 181.080 -159.870 1.872
176.322 -63.197 -59.424 2.006
188.867 44.777 -55.705 1.884
-43.337 173.809 9.110 2.150
133.695 -89.165 77.398 1.764
221.343 38.125 -168.326 2.057
-146.332 187.431 -75.362 2.065
132.420 34.041 -86.842 1.904
-126.046 -44.111 -58.585 1.927
48.200 -185.743 63.122 1.947
63.272 55.725 -109.699 1.914
13.499 188.136 159.569 2.238
-206.233 5.310 -145.554 1.971
-150.280 42.442 72.968 2.023
155.095 143.649 103.671 1.877
48.171 35.142 191.544 1.868
-33.606 -150.900 -141.609 1.867
129.938 183.674 170.582 1.850
133.972 -106.342 -70.935 1.865
-115.654 130.401 26.234 1.900
-6.051 -110.760 192.489 1.842
20.449 -67.822 32.661 1.979
-112.395 -83.981 65.640 1.941
71.215 99.400 -103.150 2.042
-103.036 5.048 108.634 1.952
22.780 -145.723 72.908 1.973
5.987 111.371 -87.026 2.153
93.949 -0.873 -31.445 2.024
-77.913 -40.973 17.198 1.955
1.853 98.552 -100.883 2.091
169.309 91.701 136.386 1.946
5.871 -127.920 126.795 1.918
104.812 136.301 -147.932 1.968
188.740 114.898 -53.688 2.025
136.537 -55.256 -44.805 2.172
185.401 -140.006 -63.127 2.139
-13.252 -172.589 -5.946 2.043
-187.376 83.821 139.794 2.006
-2.737 -52.253 13.625 2.037
-66.571 33.326 136.753 1.963
95.090 135.268 -17.115 2.175
2.494 -144.519 -12.600 2.108
-124.160 -13.269 40.224 2.200
76.196 174.738 -158.144 1.933
169.933 -58.138 -38.901 2.051
-1.942 163.126 -89.522 2.046
-140.667 -169.822 -117.172 2.102
134.873 112.034 75.081 2.053
-208.496 -63.997 -173.164 2.242
-15.109 -19.356 47.885 1.928
-86.220 -105.482 163.528 1.879
-57.702 128.880 116.288 1.832
38.071 -106.216 167.556 2.002
147.159 46.793 -159.902 1.931
79.869 -123.381 -192.651 1.953
-223.283 -125.433 147.534 1.787
161.398 -40.059 -27.929 1.988
22.642 -189.635 -111.786 2.074
30.805 -44.701 79.865 2.143
-16.163 170.450 91.440 1.867
-151.475 -188.801 -144.383 2.189
109.901 161.755 -196.266 2.112
160.180 -91.975 -199.080 1.855
150.853 -131.974 -37.907 1.988
95.345 86.367 -22.625 2.048
32.023 -108.015 147.770 1.914
144.026 113.199 -139.118 2.133
-39.281 167.600 7.171 1.991
111.279 30.457 105.748 1.923
-54.854 -26.554 119.812 1.979
-158.810 119.435 -20.713 1.942
121.629 55.481 -78.804 1.876
191.406 118.160 -115.689 2.037
71.220 -121.534 -47.517 2.088
43.268 -108.686 0.739 2.132
-63.737 151.368 -31.387 1.929
-10.546 138.925 71.954 1.980
136.354 187.280 -134.176 1.971
81.889 186.223 60.619 2.072
118.546 -186.963 167.182 1.980
-175.028 30.555 -85.439 2.069
-50.077 -4.288 -178.386 1.854
46.118 -62.882 -82.457 2.055
44.833 -120.045 -149.207 2.006
197.869 38.664 21.087 1.879
181.471 -8.500 106.809 2.202
141.334 32.668 -113.931 2.012
-159.363 -73.999 191.056 2.042
-148.434 182.678 141.571 2.031
62.246 15.093 71.599 2.181
