-76.584 35.281 -173.266 1.998
-125.494 37.410 -97.389 2.203
-84.299 122.090 -52.085 2.017
133.900 55.251 49.512 2.028
125.755 25.797 -118.562 2.043
-60.906 -120.711 -21.574 2.102
30.523 -28.516 154.553 2.087
-83.310 11.733 29.790 1.962
-81.656 -53.683 20.763 1.930
3.652 -154.822 167.377 2.115
-97.660 81.178 151.854 1.987
-45.247 -142.229 85.553 1.996
99.202 127.517 -8.451 1.920
-67.482 -150.670 41.455 1.999
146.384 122.054 126.385 2.129
-171.130 154.562 -53.491 1.750
-201.188 81.744 113.275 2.009
-49.342 23.092 193.802 1.925
119.726 167.200 -115.470 2.133
-22.012 -161.257 159.812 1.851
-109.125 169.691 -118.419 2.107
208.995 -35.965 23.115 1.929
-93.875 -89.502 89.629 2.040
-65.861 -86.999 -199.078 1.987
72.203 -21.385 -69.114 2.065
-179.446 146.906 176.763 1.994
-105.930 58.873 70.728 1.979
-28.535 111.316 141.935 2.077
55.187 -95.072 -175.825 2.093
20.727 -35.894 87.895 2.016
177.210 2.812 108.303 2.106
-121.866 179.991 -89.575 2.183
32.478 43.189 -162.042 2.082
-97.669 -115.685 -176.749 1.922
43.190 -102.596 -85.115 1.858
136.022 110.677 181.510 1.905
212.614 48.696 -162.117 2.151
-67.741 69.460 -88.607 2.065
24.757 180.705 -179.399 1.845
0.032 64.524 -161.156 2.233
47.829 188.436 126.134 1.975
-95.147 143.150 31.948 1.965
-144.825 -143.425 79.730 2.199
29.833 134.291 9.618 1.921
-13.091 62.988 -94.018 1.914
-199.821 72.762 41.232 2.002
-180.935 -158.112 135.368 2.085
-191.126 80.885 -50.285 2.164
126.438 -105.850 183.609 2.036
-28.798 -82.934 42.039 1.963
-1.279 -96.293 -174.871 1.954
-207.220 65.959 59.998 2.057
-10.527 -149.100 87.696 1.845
128.160 84.996 -115.301 2.082
-128.939 -160.787 -8.237 1.885
11.369 163.578 -96.670 1.936
134.112 -149.167 -40.766 2.018
-77.650 -12.375 177.222 2.066
-54.507 -8.103 -111.470 2.004
9.756 123.760 -9.481 1.847
-93.968 9.442 -43.015 2.009
221.238 -70.503 -2.932 2.187
34.791 -105.675 29.029 1.997
-8.482 -25.251 -130.545 2.074
223.063 78.648 -9.919 1.954
144.429 -166.031 -69.371 2.115
-50.861 126.307 180.080 1.906
33.347 -58.865 47.939 1.983
-165.883 -31.405 -143.838 2.061
128.892 -56.852 153.145 1.956
122.758 -134.620 -136.536 1.937
-109.959 119.826 -177.252 2.037
31.042 28.075 93.917 2.071
-20.132 -167.117 -41.129 2.032
-160.289 -64.417 158.270 1.899
-54.649 49.314 97.981 1.885
-161.006 -59.991 -161.270 1.975
-84.944 56.097 147.192 2.166
-150.156 187.213 116.487 2.055
42.740 57.319 114.063 1.973
211.515 110.439 -110.808 2.039
132.275 -70.946 -67.187 2.111
148.037 -128.048 67.123 2.046
78.866 22.481 -89.929 1.992
-160.522 74.892 150.324 2.229
-213.799 -37.477 -91.343 2.099
-85.519 -126.610 31.701 1.929
144.840 -9.204 135.089 2.166
-184.093 58.663 138.187 1.886
-85.288 -180.097 -94.637 2.107
-60.090 -60.482 -76.100 1.874
116.195 -126.570 131.209 2.064
87.997 24.750 -106.049 1.974
179.432 69.335 -107.886 1.967
-146.826 110.444 -60.657 1.968
94.744 69.764 -110.628 2.012
31.103 -160.167 -96.214 2.045
199.753 -64.429 -164.453 2.073
28.355 -72.275 110.416 1.909
66.126 53.737 62.051 2.206
112.455 106.477 63.693 1.873
63.333 147.587 -130.177 2.115
-127.206 2.239 47.335 2.036
-38.241 -106.923 -34.853 1.897
76.468 -91.821 27.899 1.912
-56.103 101.888 -62.055 2.023
134.594 189.495 -81.748 1.933
-119.075 92.653 -67.041 2.062
-113.368 -143.451 44.077 2.193
99.986 152.919 -140.285 2.127
-201.146 57.499 -96.207 1.891
107.135 113.317 38.180 2.147
-2.301 -113.344 -19.453 1.959
-137.378 162.974 -63.250 2.077
-82.319 96.295 -97.976 2.088
-120.043 50.563 190.920 2.174
-153.941 -186.647 115.536 2.133
-55.711 -123.587 -34.652 1.996
123.994 -72.563 -68.651 1.887
-64.889 168.843 95.917 1.998
146.622 -80.010 92.496 1.851
64.896 -136.673 -165.426 1.949
-93.296 -97.386 14.181 1.970
159.992 -59.292 -17.427 2.017
-219.016 60.194 107.784 2.211
73.316 151.516 -102.442 2.098
5.456 113.775 13.341 2.125
218.136 116.329 -12.404 2.084
-123.739 176.107 -28.767 1.999
-128.985 -121.277 -78.959 1.980
128.749 170.890 95.701 1.996
57.527 -65.286 -119.914 2.105
75.948 -41.055 178.209 1.866
-77.365 -127.716 -152.523 1.857
38.359 -168.053 26.284 2.036
73.825 -48.602 20.313 1.892
-149.076 -119.073 93.665 1.952
-190.116 143.183 -16.649 2.160
130.836 -64.058 189.678 1.963
9.555 71.942 183.801 2.019
23.154 47.595 176.001 2.111
-178.563 -71.315 56.934 2.174
44.243 -78.205 19.910 1.913
-146.287 -169.567 -6.580 2.028
-190.266 41.808 -184.978 1.997
-216.299 28.691 139.732 2.015
159.962 152.802 138.595 1.849
-25.774 -187.206 21.862 1.979
215.435 31.557 131.354 2.018
-130.183 12.489 -6.094 1.968
51.760 -19.588 -181.343 1.998
-62.365 89.245 -23.501 2.061
-71.455 61.826 31.241 2.009
207.467 -55.734 -132.102 1.930
193.328 38.474 -115.226 2.160
-123.671 51.399 90.003 2.018
-92.754 74.926 -89.135 1.878
158.541 141.359 -53.124 2.036
-179.600 44.277 -76.555 2.100
-15.233 -64.283 -36.739 1.991
-55.225 144.062 -143.966 1.951
211.716 124.953 17.468 2.040
54.980 177.397 -180.931 1.929
-48.403 -160.379 -115.459 2.087
-185.633 -118.306 -106.358 2.079
-132.003 -182.799 173.984 1.715
165.932 159.229 192.678 2.040
-41.149 -171.555 -94.562 1.973
16.391 101.624 1.126 1.989
-130.551 37.741 -36.996 1.859
168.557 -107.142 -194.250 2.151
40.546 -165.280 11.602 2.084
197.252 109.022 17.588 2.159
-197.597 102.247 182.237 2.117
-80.000 -9.242 -97.139 2.053
-12.410 0.779 178.832 2.128
42.650 166.281 39.900 2.130
-1.807 77.903 71.079 2.077
-204.720 -78.981 153.931 1.901
-144.584 33.577 -70.843 1.985
67.164 -64.442 73.762 1.908
-7.537 158.257 120.912 2.041
204.683 -90.345 0.598 2.053
-208.364 -76.986 -179.395 1.984
-28.203 -158.049 -52.339 2.007
-159.047 181.862 -159.145 1.972
205.948 53.756 -60.576 1.966
-75.073 16.802 199.004 2.091
183.829 2.783 -17.809 1.892
-117.654 95.355 -43.097 1.964
-217.515 92.206 -182.855 1.755
-161.256 -4.528 176.145 1.934
96.388 75.559 179.154 1.966
-134.005 116.884 -44.707 1.854
36.227 -19.639 -194.675 1.977
102.787 -18.108 -145.015 2.026
63.108 73.107 174.399 1.951
113.176 -106.476 134.344 2.039
-32.896 -23.571 134.104 2.120
205.852 -116.823 72.322 1.898
-64.745 -108.676 -123.190 2.081
90.888 -15.034 79.895 1.915
-85.120 140.026 -105.066 1.919
-113.976 -89.818 95.913 2.057
-105.296 -140.466 15.050 2.004
209.212 -81.565 9.671 1.939
156.862 55.336 71.626 1.984
-135.854 14.443 20.485 2.005
88.585 51.202 37.861 1.995
165.771 -123.888 -25.592 1.958
-31.601 -18.554 -172.441 2.042
-44.134 -31.370 111.813 1.886
-173.404 -160.300 107.631 2.036
-61.307 145.276 167.281 1.886
107.397 -73.846 -145.290 1.958
182.884 -86.480 112.169 1.934
-137.330 60.270 -167.770 2.076
178.138 -53.018 -143.344 1.688
89.893 10.879 8.887 2.005
145.904 -7.964 -97.092 2.058
-159.389 165.418 -101.436 2.132
4.719 -62.496 -18.214 2.091
219.287 91.692 132.308 1.852
-192.949 74.913 -41.362 2.132
174.450 -16.257 174.386 2.078
-88.338 -44.263 -183.024 1.968
-155.927 79.862 -93.394 2.102
-120.636 -61.334 -199.806 2.027
191.060 -166.087 66.388 1.996
-211.355 -41.051 145.487 1.984
-14.214 44.868 -39.631 1.969
147.481 94.784 -99.348 1.969
-95.720 -73.409 -57.195 2.050
194.676 68.833 46.871 2.065
152.066 126.474 -18.753 1.899
-165.690 -129.969 45.919 2.267
-216.100 -103.020 -63.673 2.063
112.283 13.890 173.547 1.823
-20.877 47.306 52.142 1.972
-122.243 -41.333 9.868 1.892
-93.016 -67.992 -133.542 2.044
-139.804 58.659 164.258 2.034
-103.608 18.813 -160.491 2.022
23.435 -88.292 -88.401 1.876
-2.326 -36.644 -61.415 2.022
135.489 120.207 123.902 1.878
-116.585 153.829 194.585 1.966
13.263 -143.506 158.260 1.959
-50.045 147.549 81.939 1.969
62.093 -141.436 137.561 1.955
74.886 171.397 -41.899 1.926
176.128 56.792 118.450 1.901
6.197 168.472 -60.111 2.102
90.146 -101.030 -97.589 1.855
-77.704 -83.421 -151.115 1.855
217.818 -76.930 -100.260 1.780
73.315 30.364 162.373 2.031
28.581 112.954 -28.231 1.967
114.260 -34.392 -101.409 2.007
-179.144 -39.039 35.213 2.091
-208.597 166.135 119.984 2.087
-48.102 -152.222 -185.590 1.939
222.238 -153.704 182.581 1.855
40.470 -167.690 113.168 1.953
69.114 106.832 -162.813 1.970
-19.920 80.211 178.819 2.131
-101.587 47.390 -150.300 2.080
2.656 176.976 -13.951 2.226
-71.013 -121.202 25.623 1.875
-206.506 -120.702 -7.283 1.923
-204.302 153.849 -112.587 2.266
-111.987 -160.366 188.337 2.090
0.270 -161.767 -90.292 1.985
-157.480 112.916 -91.388 2.025
93.814 113.654 -7.149 1.939
-73.255 -53.196 -43.127 1.941
121.460 -149.648 22.835 1.949
214.364 -44.450 41.756 1.887
-125.646 155.713 73.639 1.937
30.135 103.664 190.869 2.152
-79.395 164.249 72.352 1.892
-165.603 46.998 2.797 1.925
-94.607 21.429 -76.994 1.839
-178.491 -29.157 -185.644 2.110
-49.441 66.778 164.753 1.892
-70.718 42.176 -52.934 2.080
-23.829 40.064 -10.686 1.865
-53.701 145.102 -157.222 2.173
131.482 -129.069 -59.269 1.968
-88.103 0.495 58.896 2.066
202.247 94.529 -101.726 2.045
-97.950 82.764 48.955 1.966
101.182 90.672 16.459 1.911
218.949 -180.146 -116.626 1.903
-81.678 108.339 -53.151 2.160
151.382 -185.975 -110.696 1.861
-212.841 129.826 156.067 1.980
201.925 96.487 -123.907 2.126
-205.914 108.326 176.203 1.941
64.287 -156.248 112.411 2.102
-131.998 162.554 -183.993 2.116
35.398 139.135 -24.866 1.961
115.266 88.309 -148.068 2.026
-74.146 -79.518 51.532 2.100
210.171 129.959 139.083 1.989
48.883 -84.782 -179.476 1.956
-24.578 -28.144 -183.724 1.985
-113.434 59.146 7.365 2.032
179.453 92.073 -55.607 2.082
-118.384 137.794 -82.022 2.011
76.487 1.032 -172.244 1.989
-163.713 -186.171 -93.282 2.112
-170.669 107.902 -17.920 1.952
-70.342 29.761 190.280 2.082
-204.625 13.555 89.496 2.062
159.365 -37.346 -178.310 1.971
-99.085 -113.715 -164.866 1.971
-120.676 -89.518 -29.363 1.882
172.752 59.485 -20.470 1.857
-76.991 -86.111 -89.651 2.038
137.272 -54.697 -80.271 2.048
92.028 25.299 158.353 2.104
-107.267 -111.091 114.085 2.156
12.908 28.923 21.002 2.173
171.315 -16.883 -178.875 2.139
-125.763 95.949 180.969 1.963
33.814 22.320 169.485 2.017
-185.890 -66.297 -184.771 2.059
-121.382 -73.986 131.996 2.130
214.024 -146.322 168.787 1.912
138.296 -52.582 -54.383 1.955
0.005 63.832 -102.080 2.042
-63.594 159.781 58.907 1.964
-170.960 116.667 74.836 1.925
-9.890 -117.291 -13.964 2.113
-35.296 -166.741 -171.655 2.010
-123.378 7.639 -172.264 2.151
-206.429 -177.428 -13.440 2.003
133.205 -32.162 -52.198 2.036
-1.358 126.963 -25.139 2.049
7.074 93.504 198.771 1.907
-162.735 -1.726 -127.894 2.047
48.838 73.841 116.101 1.945
-183.844 113.867 67.854 1.912
-136.391 105.020 -174.646 2.081
130.429 174.314 96.553 2.020
181.518 -22.588 -188.572 2.031
-215.304 -84.556 -172.020 2.051
-30.968 -67.628 -198.385 2.101
-16.001 -145.695 134.047 2.066
57.087 -56.703 137.029 1.789
99.753 64.959 -75.718 1.909
-69.695 -21.812 -20.594 2.049
-210.179 -145.271 -36.197 1.971
54.890 -24.955 45.570 1.915
9.504 187.998 -18.574 1.759
100.958 -52.020 -194.635 2.020
-191.248 -30.061 182.107 2.068
108.734 -169.500 -44.375 1.941
68.501 55.775 83.956 1.915
41.516 -174.216 28.207 1.940
-212.358 167.252 79.249 1.812
-101.124 -5.680 52.087 2.089
136.021 99.163 -187.066 2.008
-14.509 -178.124 -50.078 1.943
130.731 -187.953 -115.614 1.847
187.613 -168.971 -120.589 2.069
46.381 -89.164 -116.736 2.050
99.703 -42.150 -22.855 2.030
-144.378 126.163 195.655 2.013
126.926 126.382 -82.417 1.866
191.194 188.871 71.522 2.096
208.980 136.123 128.543 2.120
-161.510 -186.576 -172.374 1.673
181.930 67.613 -80.869 2.155
-141.993 -157.601 -106.754 2.079
196.137 -106.967 -106.514 1.967
-53.857 20.899 -7.230 1.990
175.941 -180.350 97.456 1.954
219.990 93.859 -68.988 1.997
91.685 86.348 -164.253 1.979
85.025 144.737 -69.140 1.964
-112.833 -155.028 182.078 1.887
150.219 -147.814 83.525 1.897
132.833 -80.782 -90.950 1.828
144.155 120.065 175.238 1.971
-178.331 186.249 150.980 2.054
170.658 -23.803 151.850 2.068
-157.176 177.248 83.657 2.122
213.052 -94.473 115.147 1.986
-93.024 -14.496 146.497 2.034
123.860 -157.100 53.362 2.029
-141.743 -176.598 179.410 2.070
-177.874 180.067 -142.745 2.004
-117.791 -8.185 -100.923 2.105
-144.712 -63.684 154.275 2.013
199.335 92.398 -190.332 2.052
38.083 179.958 -167.078 1.906
-187.298 -31.630 90.493 2.090
175.757 71.963 -162.864 1.874
162.945 37.114 120.648 2.047
-223.594 145.153 114.564 1.935
2.668 83.743 -83.431 2.032
-209.287 75.880 -18.188 2.062
57.170 98.537 -103.069 2.052
176.885 41.002 132.926 2.027
-129.149 163.963 48.725 1.998
72.162 -170.135 90.120 1.997
-80.436 99.985 170.248 1.871
215.190 132.969 72.091 1.992
-172.105 169.763 -42.563 2.004
139.451 -108.226 94.206 1.979
-27.873 71.794 -164.865 1.965
41.336 131.222 -141.563 2.032
4.236 172.884 -131.524 1.875
-160.355 137.929 -101.051 2.052
31.017 159.033 122.957 1.756
-106.956 -95.708 18.530 2.097
-45.513 -148.230 3.823 2.146
157.546 177.768 -105.473 1.872
-33.869 138.019 10.600 1.839
-183.605 76.351 90.531 1.928
181.809 141.693 -148.252 1.989
205.327 -18.599 131.065 1.853
164.899 64.256 -96.798 1.973
-202.172 -7.621 80.792 2.081
213.756 -81.723 179.857 1.820
-5.437 154.050 94.599 1.882
-17.696 -118.761 79.352 2.058
25.005 -72.506 85.275 1.995
75.787 -86.505 -153.904 2.048
207.328 156.280 -160.464 2.126
91.747 -86.002 16.829 1.823
-185.819 94.828 39.272 1.895
11.752 -177.238 -163.438 1.995
196.889 73.000 -163.720 1.987
62.767 -35.087 47.950 2.104
-91.997 112.159 -124.164 1.953
-149.592 7.928 34.560 1.899
200.357 171.980 -61.958 1.978
96.130 177.126 22.043 2.049
-197.550 99.510 -7.429 2.158
-147.068 -82.126 -77.852 2.051
-208.486 -56.737 32.966 2.030
224.290 -9.441 -63.599 1.991
0.179 171.034 31.642 1.880
-132.438 -11.579 -192.876 2.054
19.928 -92.454 59.375 1.871
-72.482 -184.040 -133.948 2.173
159.227 -111.011 -133.813 1.932
148.073 -26.048 -34.660 2.041
-42.763 59.569 18.725 1.873
34.373 121.248 -119.210 1.853
119.982 130.776 76.832 1.983
-17.804 -152.853 -79.662 1.984
-184.127 -97.985 -6.902 2.128
-189.397 105.974 159.208 2.017
222.788 -71.646 168.878 1.912
74.734 -89.220 -110.545 1.879
147.385 50.360 -50.102 1.989
-202.059 28.191 5.390 2.145
-147.448 -66.851 -42.249 1.959
-132.490 -135.596 48.675 2.021
8.834 -36.736 187.715 2.061
35.545 -155.787 -128.245 2.254
81.648 -188.732 -188.021 2.100
-138.889 -189.881 -14.948 2.181
-133.680 -19.627 6.365 1.973
98.593 -129.855 142.304 1.806
-81.772 169.156 -95.371 1.893
49.086 138.767 32.661 1.984
-130.831 89.650 -117.586 1.932
-217.430 39.905 64.046 1.831
-33.366 -181.773 76.600 1.893
185.744 -97.034 152.388 2.034
-21.841 -134.312 -140.914 2.027
191.177 -16.399 64.993 1.962
-165.704 -187.475 -22.886 2.160
158.084 -101.618 192.246 1.853
-202.759 76.031 142.113 2.133
146.131 -87.437 -77.271 1.975
-156.255 9.190 195.244 1.993
52.946 153.905 -80.701 1.935
-220.302 -82.303 -127.697 2.254
-200.111 -105.067 147.341 1.972
0.326 -158.133 -0.091 2.025
-188.387 96.086 150.688 1.888
85.022 67.558 155.239 1.987
88.972 74.555 74.000 2.243
-87.185 -31.298 -1.056 2.183
90.870 -131.346 51.684 2.083
138.181 -77.176 -43.049 1.991
46.728 -146.760 30.084 2.090
117.509 93.880 38.036 1.769
-127.955 35.215 57.729 2.152
-35.377 -52.943 147.841 2.006
108.615 -31.458 146.582 1.992
174.010 125.400 -72.136 2.054
-5.559 -65.369 -75.904 1.735
208.611 -135.931 118.712 1.823
-219.186 -81.881 -43.361 1.951
-52.434 81.947 79.726 2.016
-12.237 -113.897 -22.933 1.990
-34.733 -142.767 185.221 1.883
130.548 -139.506 195.626 2.078
-7.756 -29.097 -22.276 2.033
-98.483 95.744 -186.301 1.940
-181.097 92.799 125.921 1.979
-39.397 -184.331 -115.250 2.251
204.110 -149.637 195.599 2.074
-207.321 95.424 186.926 2.030
50.433 50.193 113.614 2.118
99.738 -141.500 152.749 2.048
12.257 -66.036 176.540 1.891
-74.339 20.879 -27.662 1.926
42.446 -172.311 95.097 2.175
-188.940 -97.461 -46.240 1.978
40.563 -143.849 -7.651 1.767
-105.524 41.888 95.754 2.059
101.979 131.104 52.918 1.997
62.516 71.856 -13.535 1.976
194.119 33.270 104.682 2.156
-146.917 103.611 25.715 1.893
-24.026 77.042 4.326 2.015
130.356 -49.555 -20.867 2.243
104.487 -103.830 -196.531 2.070
-223.983 88.462 60.550 2.031
-3.900 -164.869 -73.246 1.933
7.507 -2.729 -186.567 2.010
-19.326 -159.832 -172.154 1.722
179.752 -119.514 152.203 1.955
92.731 176.710 -173.396 2.064
-88.042 -53.663 -49.818 2.036
169.906 85.277 173.747 1.994
99.790 157.838 100.273 1.941
31.148 91.012 -67.584 2.096
176.614 29.816 153.632 1.972
80.972 -174.604 26.706 1.983
-200.725 -32.306 13.164 1.957
175.965 133.271 92.735 1.861
-19.216 -73.669 69.551 1.890
-172.358 -130.415 139.304 1.872
127.356 138.127 120.578 1.943
-143.136 -173.495 168.473 2.031
97.952 -168.621 -26.082 2.147
202.181 106.996 -76.175 2.036
61.048 178.641 164.104 1.966
201.636 7.411 92.807 1.924
-30.723 32.807 -60.154 1.973
-119.704 -157.500 -129.476 1.921
44.314 163.933 123.997 1.975
4.144 106.328 30.237 1.759
-94.022 -167.687 -190.190 2.028
-24.815 114.570 -153.456 2.149
201.317 56.893 24.269 2.064
-194.206 107.640 -80.413 2.092
-43.327 92.148 -19.694 1.983
-83.650 154.587 35.705 2.041
-118.832 113.938 -144.185 2.138
-36.681 -64.157 -128.219 1.833
37.568 108.380 -112.499 2.100
114.626 -102.541 53.753 1.909
165.998 -37.783 102.209 2.041
61.006 133.935 190.117 1.998
62.784 -34.053 -165.494 1.985
-168.951 68.716 -109.995 2.040
93.139 123.731 -56.214 1.981
-86.370 -60.807 153.226 1.922
162.459 -87.964 16.371 1.956
-128.720 -104.560 -55.730 1.998
57.923 40.011 -197.688 2.103
-130.473 -41.823 63.683 1.919
-132.187 -90.196 -182.663 1.981
-94.507 -103.515 -139.277 1.870
-122.811 -16.641 87.948 1.936
-77.011 -146.448 179.335 2.142
-179.778 -71.382 -64.295 2.052
-187.333 102.520 -78.209 2.035
-132.429 -188.342 156.258 1.861
-177.317 185.347 -40.732 1.973
113.420 -17.419 164.232 1.802
210.453 14.827 -114.689 2.052
195.222 180.570 -130.813 1.914
-172.850 110.253 -64.947 1.780
64.186 -63.124 -35.012 2.114
-220.868 24.651 142.908 1.980
56.325 -29.596 -2.977 1.871
35.578 33.964 -57.566 1.874
34.580 -123.795 169.485 1.924
67.100 94.390 74.151 2.144
106.828 127.831 -101.147 2.019
138.186 81.642 -197.818 2.053
-93.997 -173.341 89.145 2.292
-216.933 -20.173 -121.234 1.763
-90.870 -82.982 -135.486 1.918
-89.196 29.328 113.813 1.918
67.766 48.742 88.764 1.954
13.520 -112.037 23.793 2.164
-70.356 0.689 149.284 1.869
51.306 -109.121 -8.576 1.973
-77.355 -64.343 137.004 1.906
135.720 93.125 102.548 2.061
203.204 -44.634 168.122 1.949
-92.235 -153.452 -23.647 1.856
-85.366 27.435 128.674 1.984
106.427 -83.869 -0.159 2.021
-155.679 72.201 162.055 1.850
-129.778 156.305 10.156 2.152
134.689 177.241 182.089 2.067
51.713 -167.619 -75.541 2.077
-112.602 -155.317 -156.419 2.242
-12.803 136.954 14.176 1.911
-195.463 -186.491 -20.613 1.987
-149.855 -108.116 -86.835 2.076
-115.958 -86.231 155.073 2.055
-58.221 186.567 -77.450 1.858
-95.254 171.571 -136.828 2.202
86.522 20.833 -111.924 2.078
-33.573 7.610 181.998 1.923
117.315 133.735 -89.675 1.984
-47.971 35.906 147.509 2.107
-201.915 -15.236 -108.546 1.898
-122.888 -173.367 178.578 1.876
-56.017 48.085 -18.629 1.894
199.470 150.756 -119.036 1.720
-84.037 42.440 44.734 2.124
16.321 -6.021 73.988 2.086
214.148 -9.579 -195.900 2.143
-27.397 -103.474 184.093 1.939
52.922 -128.461 -136.257 2.017
164.791 -129.451 -101.120 1.973
-93.455 -45.770 46.313 2.024
108.957 -176.151 -124.786 1.791
-74.414 -136.595 -14.609 1.956
-209.285 -146.088 -197.828 2.062
-55.340 14.751 -149.243 2.146
-167.085 -46.378 17.278 1.928
-188.702 -52.631 1.054 1.939
201.975 86.214 -108.534 2.052
-165.232 64.002 154.465 2.016
-40.778 83.335 -190.105 1.831
-99.664 4.295 57.964 2.027
114.424 -52.049 88.741 2.158
-124.852 -43.231 144.795 2.021
86.324 -185.895 -65.994 2.158
-139.545 49.478 -46.443 1.941
-104.194 100.767 55.511 1.730
-73.032 -136.062 -143.541 1.843
55.487 124.308 -8.753 2.170
137.525 35.418 139.961 2.074
104.475 6.424 -158.798 1.959
-27.687 151.126 -84.184 1.959
64.706 -50.426 -105.910 2.077
6.525 169.220 195.183 1.901
66.602 -7.907 -40.901 2.093
34.119 -35.290 -118.086 1.900
-191.324 105.769 140.304 2.066
-188.706 142.061 -111.485 2.064
62.536 113.624 -156.463 2.135
74.195 -67.354 94.784 2.070
205.931 122.291 -139.852 2.009
-65.082 117.511 169.046 2.009
-201.981 -12.872 155.261 1.911
150.949 117.877 176.596 1.890
-32.716 110.524 99.959 1.981
-38.718 118.893 -129.510 2.069
36.216 -83.217 -167.926 1.962
216.317 -117.423 31.737 2.265
75.990 -14.906 -147.253 2.101
4.888 -55.993 -95.772 2.210
223.078 -44.332 -20.763 2.039
-180.651 -102.269 -145.519 2.154
-142.672 -178.320 -49.003 1.988
185.465 112.713 -106.299 1.948
6.630 156.722 156.414 2.102
112.313 62.491 50.479 1.927
217.212 -2.430 166.845 2.136
53.363 -61.522 -171.115 1.971
-135.092 -98.029 -65.144 1.950
-149.034 62.508 147.254 2.062
-97.834 -68.524 -7.751 2.123
17.252 -130.290 25.632 2.125
41.180 -79.119 -42.079 2.070
-212.408 102.983 -26.366 2.071
-109.685 -127.738 7.564 2.049
43.796 -141.473 124.879 2.009
-83.272 90.961 -95.839 1.898
-72.671 -126.396 -120.082 2.084
17.329 167.879 -12.978 2.092
-171.595 -77.404 31.690 1.989
22.623 147.528 -195.959 1.666
-75.579 -176.207 51.955 1.879
-28.608 150.577 -71.115 1.991
129.651 65.124 -68.563 2.181
-126.103 -10.280 60.477 1.889
-63.806 -108.052 -121.897 2.151
102.612 -94.161 25.841 1.952
193.736 79.422 -125.525 1.985
197.770 -160.990 199.342 2.072
-222.193 -1.259 97.013 1.939
13.378 97.557 50.838 1.960
208.556 -52.142 -17.104 2.036
102.017 -6.625 83.191 1.930
22.613 -15.087 -76.680 1.935
-62.514 -132.180 38.284 2.024
180.746 -153.845 -134.571 1.910
-114.564 17.103 147.827 1.893
183.720 33.465 -199.159 1.921
194.307 32.499 131.491 2.045
184.053 -59.410 -100.005 1.920
-44.379 -60.402 -133.501 1.946
-81.792 -171.626 42.062 2.063
190.212 -148.424 5.161 2.057
-218.263 152.061 5.059 1.889
172.016 26.382 152.455 1.980
-199.101 -102.519 154.608 2.174
143.338 -106.532 -5.065 1.999
-15.096 -68.794 146.730 1.885
71.889 -2.126 123.732 1.801
-101.046 -130.835 -151.450 2.082
-183.215 180.137 136.558 2.003
134.788 185.819 -156.945 2.153
10.289 -49.295 -18.052 2.097
83.177 33.516 107.461 1.951
-75.992 -188.126 -188.985 1.863
182.562 113.404 63.569 2.031
201.267 136.990 -143.013 1.983
-191.221 -69.888 111.072 1.964
123.191 -87.111 -158.690 1.977
200.551 139.244 154.082 2.021
138.934 -41.577 -97.200 2.049
-172.342 41.308 -59.467 1.777
93.325 71.520 158.880 1.949
169.791 -179.289 -189.481 2.049
-174.449 6.093 117.605 2.083
-39.274 80.403 -171.840 2.125
-72.442 -104.990 -69.043 2.031
214.708 73.359 -146.240 1.981
205.375 -164.902 -18.232 2.003
0.211 128.996 -39.201 2.070
-114.801 -21.983 102.972 2.096
143.002 -107.039 57.764 1.929
206.689 163.982 187.525 2.146
31.269 -10.798 -149.242 1.934
221.426 29.684 15.969 1.903
-157.834 -143.959 153.305 1.916
191.442 27.327 71.037 1.891
221.122 139.402 -193.034 1.988
-15.097 -16.376 165.767 1.939
74.532 160.834 71.768 2.006
-118.455 27.865 -199.621 2.064
195.470 -154.974 165.691 1.849
-13.804 23.541 183.973 1.965
-110.145 -158.732 -26.557 1.897
-224.314 -93.281 91.974 2.011
-87.222 172.421 -72.898 1.896
-136.628 127.919 49.078 2.115
-50.910 -188.315 -116.716 1.984
174.825 -179.705 103.915 2.130
-101.281 18.759 198.202 1.894
-66.448 -155.329 -59.869 1.971
-185.498 78.694 -60.497 1.920
28.342 -13.636 110.364 1.997
-4.328 -75.007 104.366 1.989
5.816 186.397 -126.215 2.094
26.389 -26.418 30.269 2.021
219.844 18.203 -170.195 2.101
-95.977 45.445 111.662 1.945
-98.322 93.916 -149.114 1.917
158.324 -131.306 103.294 2.046
-108.209 138.203 -85.601 1.963
206.791 -69.978 187.210 2.110
-194.929 -68.808 52.267 2.019
-54.581 -37.368 -99.262 1.985
81.996 62.816 198.560 2.002
30.525 164.363 -11.292 1.999
-52.220 94.197 -118.902 2.034
-121.502 -174.690 -159.484 1.841
74.640 65.880 51.769 2.117
185.911 -39.102 -59.460 1.781
214.848 96.392 76.134 2.048
-136.847 167.693 47.743 2.134
98.133 -1.248 -176.240 2.087
-123.355 -139.537 59.691 2.236
-64.510 48.964 -193.832 2.005
98.881 -29.144 -131.812 1.896
-210.104 -95.440 -4.427 2.058
-212.315 -37.264 61.581 1.970
-151.424 138.442 -158.917 1.872
-59.031 20.971 -25.331 1.992
164.706 -155.085 -198.287 2.196
-7.185 108.176 -174.483 2.114
-213.334 187.258 -5.467 1.993
130.383 101.506 105.069 1.901
212.862 -173.003 129.017 2.130
-168.282 -58.372 -72.613 1.960
140.886 95.490 197.147 1.800
27.775 25.229 75.906 1.830
52.388 21.007 44.901 2.005
145.344 33.422 -46.074 2.120
-19.616 97.059 187.624 2.001
-177.663 -111.608 12.632 1.825
-55.339 -167.790 -151.955 1.779
-70.051 4.968 -27.235 2.094
123.916 -113.659 -146.418 1.993
-30.931 30.054 50.202 1.942
-12.678 -187.525 -89.188 1.911
42.898 -90.493 158.052 2.078
-213.254 123.123 156.946 2.100
200.671 -51.417 -35.295 2.088
84.519 175.283 52.537 2.049
-62.993 17.297 134.476 1.924
-53.795 173.483 -5.979 2.076
79.520 33.049 131.346 2.011
191.069 102.234 14.419 2.025
-46.624 -27.938 129.023 1.985
-145.830 124.382 187.016 2.081
116.366 -140.182 -19.999 1.893
189.467 103.334 167.392 2.039
166.722 -109.713 153.761 1.797
90.498 -17.281 14.830 2.183
-202.815 110.969 164.912 2.075
164.036 160.772 -8.756 2.186
62.051 188.282 -177.773 1.962
106.978 -144.482 -49.643 1.887
-223.722 -57.983 80.894 2.083
162.525 -184.439 -43.907 2.029
-45.736 128.899 69.856 2.059
175.023 -188.830 173.179 2.051
-204.925 76.202 126.316 1.956
41.091 -109.225 -84.354 2.065
193.113 -86.221 -127.911 1.843
-2.139 -171.511 54.966 1.919
80.500 -174.187 -5.191 1.814
-192.707 -167.608 -89.632 2.192
33.048 -114.087 -15.002 2.035
88.005 -68.702 64.029 1.986
211.191 -100.306 -178.013 1.917
141.908 113.430 21.605 2.027
16.588 -81.331 -159.655 1.979
-169.343 116.669 11.390 1.970
-213.508 188.841 35.530 1.953
-163.045 -22.162 -18.374 2.150
-137.517 -126.737 -140.177 2.200
58.379 34.281 62.275 2.140
105.892 126.647 29.088 1.931
-73.856 -61.118 -1.440 1.981
-108.471 -55.593 -23.955 2.112
-178.110 -14.044 45.135 2.042
49.725 -13.367 16.143 1.996
-100.925 -23.795 -90.516 2.045
-33.185 117.950 138.391 1.970
152.666 106.629 -172.268 1.946
147.543 -122.675 162.277 1.975
160.951 57.920 157.954 1.988
181.734 131.040 74.683 1.999
-220.870 155.319 181.029 2.081
-121.569 88.197 71.090 2.181
-44.687 183.562 -149.830 2.066
87.040 -181.179 -40.357 2.003
114.034 -123.183 -143.752 2.114
134.767 -76.461 -176.702 2.016
107.965 -166.896 19.802 2.129
23.600 -8.979 -151.457 2.180
133.213 -81.502 149.703 1.966
-141.792 11.343 29.846 1.919
74.632 52.938 98.502 2.054
176.330 -187.341 -177.464 1.938
155.914 -101.180 -39.458 2.123
-40.051 161.786 -180.531 1.958
96.725 -99.164 155.531 1.897
6.233 -143.737 -170.914 2.214
121.836 -84.956 -54.195 1.878
-101.404 167.323 58.983 1.972
171.893 105.037 -148.733 2.145
-204.572 -175.916 34.712 1.999
-86.992 166.675 -175.253 1.785
151.830 159.453 -10.030 1.981
-40.669 151.670 61.634 1.764
192.074 149.102 -3.078 2.053
220.271 -57.391 -140.547 1.877
0.912 129.212 48.217 1.943
-196.766 2.901 -70.634 2.047
224.715 -152.879 -194.811 1.699
-98.412 -62.853 -8.699 1.963
-192.848 49.468 -113.545 1.775
-24.590 62.180 -43.618 2.005
11.758 109.436 -115.834 1.960
101.989 -47.774 77.865 1.871
75.088 -170.486 -194.145 1.958
113.548 138.913 -17.390 1.975
-56.367 -143.232 38.595 2.109
137.032 -89.599 100.497 1.879
214.313 -45.826 -77.260 2.019
-6.098 61.732 169.549 2.106
-191.090 -136.751 -80.957 2.015
123.834 16.225 160.071 1.904
54.030 26.959 -168.162 1.989
168.242 -141.115 -29.768 1.945
-164.250 -93.189 -21.615 1.893
-128.311 120.090 101.017 1.998
114.408 -105.877 92.968 2.165
-119.744 74.272 187.479 1.986
-133.140 176.030 45.288 1.917
-134.561 -136.560 4.428 1.921
92.993 -40.793 -194.305 1.904
-24.609 20.493 8.864 1.917
177.958 82.809 -190.396 1.925
-199.836 71.033 93.100 1.971
-200.941 -168.685 -114.789 1.994
-9.567 -109.313 92.065 2.185
211.193 -6.291 116.669 1.878
219.730 -169.218 59.398 1.984
193.597 15.520 -26.734 2.022
-134.871 -136.425 69.084 1.689
86.750 -4.892 -79.222 2.046
171.276 104.292 146.497 1.961
0.314 -184.978 -130.623 2.187
13.011 -185.388 9.720 1.983
132.829 106.822 -167.734 1.930
32.536 -140.068 -82.685 1.987
33.393 76.522 41.739 1.926
50.173 -159.946 146.337 1.994
175.554 -72.057 194.878 1.904
-222.066 129.028 111.554 2.099
-26.976 -152.435 -91.629 2.139
-82.502 -188.220 142.620 1.947
88.847 104.391 169.844 2.009
152.291 120.061 128.200 1.967
77.728 182.754 -141.668 2.019
-210.190 168.551 189.339 2.107
41.787 87.691 -147.705 1.955
161.845 46.173 184.422 2.063
176.343 85.427 88.602 1.995
179.809 146.613 -182.272 2.171
0.215 -175.607 41.635 1.964
74.923 68.186 77.504 2.025
-129.970 6.327 -199.983 1.972
-204.034 78.385 57.337 1.970
178.462 15.348 114.023 1.866
-97.175 -101.085 19.828 1.883
-113.895 -140.874 109.821 2.000
184.967 22.501 18.059 2.220
-165.863 -84.190 -90.518 2.023
161.949 176.342 121.668 2.034
-138.436 -35.843 90.400 1.910
17.553 70.894 -153.182 2.042
28.010 5.129 153.988 2.105
211.974 -62.978 -55.104 1.871
-133.189 67.983 186.551 2.000
212.900 -49.679 -60.557 2.044
-215.996 -123.764 -70.103 2.074
221.607 -75.825 -67.382 2.144
102.643 -104.047 -59.360 1.898
113.354 142.814 -58.597 1.962
160.241 183.656 30.270 2.131
-108.597 -104.581 47.033 1.909
186.092 -159.887 75.695 2.012
-95.356 -60.050 189.647 2.049
-82.144 111.471 78.356 2.120
-50.202 -65.151 -97.030 2.121
200.806 -145.716 12.058 2.090
8.814 158.231 101.514 1.989
41.994 73.690 36.957 2.005
-166.492 -109.378 66.294 2.225
115.040 -21.209 -135.514 1.923
-46.238 -140.986 -169.235 2.042
-147.145 38.619 -186.950 2.173
-20.537 -89.268 -52.162 2.011
8.654 -142.216 12.902 1.916
59.207 -9.860 -27.314 2.096
114.451 -27.001 103.971 2.045
218.390 88.178 -135.695 2.061
-70.501 177.942 39.640 2.009
44.600 158.034 51.301 2.124
-155.784 109.098 -96.900 1.891
-49.241 175.730 -114.748 2.012
133.514 -54.164 108.187 2.095
-155.970 -79.416 -171.599 2.125
-52.944 -34.201 -175.373 2.114
202.575 -41.862 24.154 2.110
188.123 189.971 -130.215 1.947
-55.977 152.449 -100.595 1.943
-85.756 -171.288 132.954 1.816
-58.918 136.416 -71.579 2.098
37.959 138.251 84.164 2.032
-173.861 91.897 132.048 1.911
-219.349 -48.347 -153.683 1.975
87.810 29.036 -197.241 2.015
-157.503 -88.206 -107.009 1.981
18.021 -106.984 -93.213 1.761
-200.743 -5.174 -35.524 2.065
-95.620 171.167 77.605 2.157
21.958 -101.801 106.812 1.968
30.859 -122.783 -143.133 2.161
45.992 -96.073 24.505 2.063
-40.770 119.562 -38.092 2.017
-116.772 185.825 -91.935 2.151
-159.769 -79.900 -16.148 2.056
-35.908 -135.684 -43.895 2.092
