-138.124 -59.991 -114.887 1.891
-223.671 -60.408 163.533 2.090
25.866 -70.679 123.826 2.045
-135.848 -49.724 117.305 1.978
-171.030 84.139 30.803 2.013
-110.445 -169.830 148.915 1.996
189.508 127.546 87.743 2.025
185.395 106.034 -109.723 1.971
-114.582 38.389 -76.135 2.035
198.291 131.700 -111.683 1.994
-154.128 -30.898 199.376 1.864
121.310 -42.216 2.247 2.067
-220.704 100.346 -144.518 1.887
-140.359 137.607 138.387 2.085
-157.216 -96.433 181.581 2.048
-67.657 -73.391 28.361 1.904
-129.447 -188.144 137.061 2.061
-213.409 -125.771 -128.063 1.976
-207.591 -156.687 -54.807 2.013
-22.280 3.212 -67.028 2.020
143.819 -165.991 -130.608 1.848
-195.540 118.354 57.056 1.943
-134.856 -158.737 -160.613 2.008
-37.754 170.877 -140.310 1.953
34.456 -94.747 -139.201 2.071
-176.316 149.775 74.601 2.128
59.691 -179.164 27.450 2.062
29.671 -153.481 85.859 1.961
-100.898 -21.602 -86.995 1.916
5.603 154.339 139.766 2.037
-19.984 -1.423 -29.554 1.819
21.741 -78.409 12.752 2.056
202.148 -134.758 51.553 1.984
204.495 176.054 -196.651 1.998
-132.358 -187.454 151.995 1.908
-20.368 147.752 -130.985 2.086
-157.766 40.575 -81.287 1.917
94.783 147.533 144.310 2.086
-166.972 39.596 4.285 2.111
108.038 59.026 21.997 2.163
203.415 11.619 -144.379 1.912
-120.135 -180.337 169.621 2.007
-2.396 -134.486 -2.252 2.006
-54.419 6.518 184.271 1.762
-148.171 -167.469 101.718 1.975
82.120 182.760 -180.766 2.012
-144.469 20.132 156.427 2.035
-142.175 50.011 101.308 1.994
-24.984 -34.490 15.482 1.919
193.261 -122.223 -9.147 1.881
-39.943 106.330 46.195 1.900
111.968 -21.543 -81.558 1.992
69.365 -72.785 161.335 2.066
72.009 -72.448 30.411 1.949
-19.592 -129.224 -103.650 1.905
77.812 144.579 -78.233 2.209
-131.720 -134.930 -143.853 1.978
156.703 -84.566 150.095 1.875
174.933 69.070 1.897 2.158
85.827 2.000 -62.777 1.914
46.666 94.654 41.654 2.140
178.604 185.247 -15.158 1.935
-98.327 5.930 136.019 1.909
-66.390 15.165 -153.338 2.098
-55.729 186.977 92.031 2.001
76.949 -174.961 -102.409 1.968
151.426 94.248 40.157 2.078
118.568 -150.730 -16.286 2.046
144.755 11.778 179.236 1.951
183.638 -139.196 -23.966 2.122
85.143 -99.237 -128.288 1.922
140.331 -102.924 179.997 2.091
-215.613 -63.733 24.645 1.926
-155.643 -135.441 -80.316 2.049
219.063 168.721 90.192 1.840
209.401 21.958 52.158 2.206
29.441 54.724 187.260 2.085
-197.027 -169.931 141.319 2.078
96.154 -50.760 -197.973 1.936
-137.611 -47.585 45.992 2.040
25.160 -0.133 112.132 2.112
-127.152 -35.180 -80.222 2.249
82.880 106.319 -89.326 1.990
-197.644 163.926 7.067 2.126
-195.199 -81.826 72.205 1.874
-167.053 6.571 15.520 1.999
166.584 -74.112 -62.773 1.838
195.672 16.491 -6.575 2.212
202.309 -54.937 -11.114 2.031
191.135 136.100 -137.941 2.049
9.633 174.979 24.232 1.968
-190.952 157.359 57.067 2.018
194.991 189.019 151.876 2.093
-91.777 64.009 105.139 2.064
124.354 131.034 -191.078 2.189
74.969 -11.315 -32.348 2.090
-142.882 -181.920 -41.295 2.091
104.641 -58.678 152.509 1.827
-100.579 35.451 -175.831 1.941
-156.039 188.798 -166.179 1.849
9.444 153.749 10.507 1.993
10.845 25.682 194.001 1.947
208.685 175.953 136.632 1.910
192.887 54.841 103.794 2.116
-155.479 43.777 56.091 1.955
-139.345 -120.184 12.308 1.981
-157.998 -130.526 -42.668 1.962
170.687 -122.514 37.520 1.940
-13.740 -26.981 123.400 1.949
45.106 -76.083 -136.326 1.969
38.988 142.634 -97.695 2.037
170.380 -141.789 141.557 1.989
-74.089 -166.586 -146.796 2.120
133.662 -40.425 190.874 1.981
29.120 -175.586 -87.747 1.902
-156.256 -168.763 31.172 1.973
-2.927 -189.710 53.996 2.021
-174.133 145.747 6.845 1.784
-53.300 176.656 -156.653 2.037
24.570 -160.582 22.856 1.832
-214.962 -112.641 113.067 1.946
88.563 139.801 99.978 1.895
-114.588 96.454 -2.984 1.935
132.300 -93.676 36.872 1.969
73.530 -89.427 -27.464 2.043
-2.004 79.989 -74.332 1.934
25.866 102.416 174.995 1.925
190.174 187.078 37.144 1.914
-93.413 -110.774 -123.646 2.155
-67.573 -27.095 127.823 2.104
-101.622 128.902 93.660 1.730
-188.900 28.684 -74.676 1.986
-165.098 14.776 184.361 1.946
66.230 47.648 -115.620 1.886
217.674 -74.158 179.682 1.855
-144.917 -181.428 -53.922 2.016
-166.223 -104.446 -132.249 1.880
-66.164 116.906 171.697 2.037
-182.653 42.760 20.606 2.085
-92.891 1.872 -6.461 2.112
48.069 -115.459 -77.927 2.020
-67.586 -153.929 -190.446 2.066
171.200 -114.698 174.739 1.934
38.541 29.035 1.205 1.865
-184.143 169.359 -35.917 2.089
-10.933 -77.774 102.929 1.956
-99.439 -104.176 109.178 1.964
-65.300 -40.157 -72.954 1.856
53.169 188.229 30.507 2.083
-42.839 85.284 109.461 2.003
164.490 139.356 32.593 2.026
176.377 -31.027 -6.658 1.983
148.586 178.671 -29.829 1.948
43.115 135.716 109.304 1.998
-23.996 187.812 169.901 1.958
-25.652 -37.351 189.453 2.099
-11.298 33.074 77.377 1.986
73.026 137.454 -108.404 1.968
-2.900 42.400 158.028 2.008
197.828 -77.756 112.205 2.275
8.528 -64.461 -39.511 1.993
34.740 -41.962 -101.805 2.078
-76.882 39.964 -106.364 1.990
-168.343 -20.511 -32.459 2.054
-213.417 182.788 -70.071 1.873
196.254 80.880 -199.324 1.895
-114.739 -9.830 147.770 1.998
-130.629 32.811 -67.799 1.956
3.788 117.091 -105.747 2.009
-57.302 -84.816 22.958 2.165
155.878 -118.562 -140.003 2.147
-90.080 134.033 90.987 1.937
114.654 -33.018 2.175 2.043
6.344 158.003 123.266 2.037
-139.196 60.442 26.188 1.964
-222.310 123.128 -20.850 2.111
-216.588 -111.379 -182.105 2.011
-89.811 53.464 -194.163 1.857
-139.549 175.087 55.527 1.923
-192.649 -67.703 50.296 2.034
-5.056 -49.073 173.062 2.033
30.412 117.927 -156.011 1.819
-118.969 -188.296 -64.777 2.094
43.979 -90.969 -104.889 2.089
3.503 -8.427 -154.524 2.052
188.297 41.134 141.849 1.951
81.006 -13.013 -121.684 2.077
195.006 -102.582 76.687 2.075
202.187 -62.205 56.904 2.021
162.313 16.004 -188.514 2.104
94.809 -12.678 111.400 2.156
99.009 -146.262 -123.631 1.976
-106.234 -84.525 61.894 1.940
33.129 -50.181 -179.720 1.933
-6.114 46.757 -163.796 1.975
-91.451 110.417 74.678 1.890
67.447 -110.748 73.854 1.965
65.660 114.763 -3.712 2.000
71.333 146.193 144.889 1.983
-53.987 102.871 -177.695 1.903
-132.301 0.473 65.850 2.184
-185.725 126.210 -129.661 2.015
-96.195 139.236 -151.993 1.959
-80.653 -63.205 -136.092 2.238
4.860 -143.215 58.493 1.928
-128.337 146.559 -31.367 2.170
-33.057 -26.378 -165.411 1.952
-175.017 -31.906 -72.149 2.159
-42.355 40.713 119.734 2.003
212.417 60.201 62.947 2.099
180.081 159.871 184.754 1.949
187.588 -114.363 107.851 2.108
-18.460 -139.234 -154.685 2.032
97.179 -88.386 -60.336 1.968
1.093 -8.052 -67.617 1.979
22.932 -119.868 152.647 1.923
157.174 101.042 126.514 2.193
185.755 -104.803 -27.086 2.092
221.077 -24.145 -75.083 1.879
70.740 0.880 -62.657 2.055
-122.404 -67.598 146.004 1.821
107.257 -56.300 -177.408 1.945
125.636 103.858 38.160 1.913
-55.466 -109.775 -97.093 2.097
2.255 60.679 104.729 1.975
-109.863 -105.256 -173.118 1.975
185.069 85.886 -23.497 1.913
199.183 -100.547 39.857 1.950
-108.628 182.627 36.311 1.988
-96.043 -88.225 159.476 1.989
-215.422 -99.954 41.746 2.060
159.359 -97.611 75.702 1.884
-156.256 -117.146 -32.701 2.081
100.537 77.258 -0.926 2.045
-5.940 121.879 159.507 2.138
-223.286 9.229 183.165 1.996
-172.990 52.498 101.184 2.159
-60.862 -8.447 162.310 1.942
-17.393 -166.053 -128.755 2.087
186.243 -181.447 107.653 2.037
-221.109 -175.104 14.508 1.968
222.819 180.984 76.524 2.081
107.164 185.139 154.725 1.953
105.086 -98.527 164.971 1.909
-60.638 -183.951 37.495 2.145
71.838 -60.345 52.042 1.805
-17.412 141.672 -147.452 1.958
118.102 179.027 -71.638 1.989
-2.120 -132.682 136.750 2.005
3.435 183.652 -64.902 1.904
-56.711 -41.217 66.908 2.130
17.787 164.242 -179.777 2.084
-25.885 -35.682 -85.135 2.126
7.102 -10.210 -29.687 1.917
122.698 5.397 -169.052 2.091
-26.815 -154.997 11.101 1.935
90.183 -103.804 181.057 2.097
203.309 106.979 -41.122 1.922
-198.152 79.460 111.434 2.152
-171.286 125.376 -52.688 2.080
-190.724 170.733 108.978 2.019
-175.601 -36.800 151.491 2.076
-60.772 184.599 86.913 2.075
150.034 134.541 30.404 2.035
-40.193 77.473 79.598 1.916
-3.694 -118.021 163.669 2.136
142.228 49.634 -90.316 1.767
94.521 138.485 -48.335 2.110
94.169 -26.345 -177.462 1.977
33.087 -6.217 -115.304 1.911
13.148 -81.095 -81.688 2.019
-42.226 -35.378 -54.336 2.059
31.543 141.183 76.210 2.059
113.195 -89.388 97.444 1.939
-169.022 -4.601 94.987 2.124
116.150 186.099 -121.726 2.069
-42.797 14.922 61.883 1.956
47.457 -171.865 -132.197 2.066
-18.254 -143.129 57.321 2.197
17.808 -7.905 -77.430 2.019
134.355 77.318 -4.762 1.972
205.676 -33.170 -156.770 2.020
-146.910 150.874 80.750 2.191
165.439 50.399 102.533 2.024
-183.901 56.300 47.392 2.185
5.483 48.364 -53.260 1.977
-6.076 26.534 -25.975 2.195
150.146 167.261 -82.808 2.145
-71.003 -163.534 -62.927 2.004
-3.473 -139.766 -185.426 1.999
-88.912 -29.838 94.490 1.949
-125.862 111.521 74.935 2.064
-224.266 -31.921 -118.693 2.202
-51.526 -189.206 23.414 2.049
150.889 137.077 39.002 2.053
16.227 116.952 153.383 2.085
191.443 131.607 171.536 2.224
77.222 184.464 104.325 2.085
-57.819 -0.389 -131.245 1.960
39.070 -18.962 -34.895 2.027
28.144 -97.573 30.418 2.188
-3.502 -71.012 148.704 2.109
-139.326 102.527 164.490 2.097
-150.391 -16.830 185.902 2.102
81.580 6.039 61.168 2.046
-134.568 76.319 -22.651 2.026
-28.668 103.554 61.091 1.918
-65.229 6.837 11.776 1.970
42.757 -129.477 15.878 2.008
-203.806 22.155 115.400 1.872
38.693 157.951 190.956 1.984
-30.137 -153.308 173.921 2.137
95.345 12.420 -99.552 2.068
200.401 176.294 -182.983 1.974
-89.845 -4.083 57.439 2.035
55.244 -69.958 138.694 2.087
90.236 24.787 -109.987 1.955
208.555 36.321 15.985 1.964
81.208 -48.892 -30.577 2.230
194.858 102.534 51.625 1.901
216.543 -176.214 -15.003 2.070
-139.565 56.514 8.877 1.850
-106.210 23.170 -34.893 1.849
8.405 -126.197 111.086 1.968
-130.751 126.380 155.649 2.010
194.219 -22.097 132.603 2.050
-48.879 -112.855 71.687 1.930
-151.719 54.942 55.696 2.092
-8.886 -127.903 -173.437 1.902
195.594 -184.687 -56.062 1.829
157.647 35.568 -8.135 2.080
-65.799 173.404 60.879 1.873
32.537 177.585 145.946 1.809
-139.757 -48.685 -47.733 2.032
129.891 177.345 -105.211 2.066
77.536 -92.815 38.334 1.806
221.678 110.968 -123.628 2.039
95.978 -150.321 -54.947 1.779
42.671 -96.709 -98.731 2.016
101.876 183.584 -132.814 2.111
197.388 -12.662 14.849 2.084
126.870 103.780 -2.567 1.967
6.078 -184.323 -179.937 2.001
-206.205 28.237 32.749 2.080
-8.755 -127.612 37.030 1.862
-39.433 62.215 -118.974 2.023
-143.753 37.980 -116.924 1.764
67.951 134.283 155.976 1.967
-187.067 99.023 97.360 1.932
16.550 117.695 -138.194 1.983
97.750 -119.543 -72.020 1.923
0.111 185.229 61.339 2.011
-158.397 -151.863 138.871 1.964
-9.858 -6.116 -12.153 2.019
181.497 112.417 -25.013 2.006
-79.203 -103.040 49.520 1.782
99.017 150.792 -166.119 2.069
117.184 26.200 123.233 1.934
152.360 34.681 21.252 1.976
205.263 -6.570 -117.258 1.852
-167.257 -112.851 -7.807 1.982
-216.537 -149.177 -193.268 1.933
197.890 -175.456 180.127 2.090
91.371 -96.923 -95.271 2.040
-179.464 71.195 -7.814 1.955
75.910 96.338 -56.304 1.924
-42.472 46.770 -37.137 2.006
-50.717 -165.234 -94.629 2.036
-132.932 -161.265 48.419 2.014
-24.505 166.607 -87.537 1.920
200.529 145.049 -163.910 1.909
151.950 28.925 105.656 2.065
100.217 153.843 -103.852 1.977
102.276 -1.278 -124.487 2.050
-114.510 82.184 -141.553 2.009
-21.841 175.455 22.087 1.980
7.509 -161.297 171.085 1.958
135.493 -70.801 -66.783 2.062
184.833 114.741 -70.821 2.027
54.813 17.100 187.338 2.248
-174.411 -57.795 -103.171 1.895
-22.685 146.424 -115.802 2.120
-88.443 49.290 84.705 2.069
-206.039 -136.584 182.885 1.969
-210.533 27.291 -105.058 2.101
-157.255 -46.620 -108.669 1.975
-193.045 -95.070 36.853 2.026
75.533 -126.065 -92.763 1.994
-146.382 -135.599 128.666 2.040
168.938 -172.689 135.772 1.940
68.400 -95.777 164.300 1.942
-3.358 -128.341 63.137 1.999
51.257 -186.395 1.321 1.937
22.673 -181.693 75.165 2.101
-202.048 -69.453 -95.667 1.998
98.412 -107.245 -13.864 1.831
57.651 172.214 104.433 2.036
-177.531 99.159 -133.699 1.838
3.123 67.897 -49.762 2.177
216.726 12.245 70.095 2.093
-169.805 42.811 -139.805 1.978
9.350 1.710 -183.146 2.058
-59.573 -105.543 -105.368 1.852
-185.414 15.526 -82.180 1.924
38.797 -124.258 -141.389 2.000
-190.743 162.470 -128.645 2.042
-134.994 52.669 -192.888 1.998
181.572 50.058 170.326 1.902
-88.675 -37.718 -74.224 1.968
-55.925 182.885 -41.915 2.051
-151.483 188.972 120.465 1.800
-220.699 57.438 -29.670 2.161
-187.384 175.632 -193.189 2.105
-189.605 99.624 -107.630 2.027
77.163 163.172 -43.634 2.100
-18.322 105.670 -67.929 1.953
13.089 164.024 -125.938 2.072
-103.801 -95.431 63.889 1.912
90.448 81.561 -199.653 2.071
-177.359 2.110 -170.251 2.046
50.255 73.154 -180.006 2.078
122.710 -92.138 37.257 1.954
6.746 -81.788 -181.872 2.035
-9.754 139.376 -148.295 2.071
-192.635 189.613 53.236 1.982
-103.519 102.398 177.075 2.025
-34.858 -150.957 84.760 2.063
215.132 -113.864 -172.437 2.102
134.902 123.596 -86.505 2.009
43.700 23.143 149.680 2.058
112.111 -102.376 -42.233 1.779
-160.596 139.494 97.793 2.138
-204.186 9.239 -102.883 2.007
-104.525 -18.384 17.119 1.876
-151.937 20.812 -115.370 1.913
-54.359 -127.503 -113.758 1.912
220.066 -104.295 70.157 2.070
5.436 46.234 -9.900 2.066
157.650 165.449 -110.004 1.973
-122.996 -153.355 148.553 1.983
165.636 9.135 66.251 1.940
15.968 -42.522 -126.500 1.888
-54.706 -84.557 -112.586 2.063
-30.415 -79.859 -168.087 2.071
-15.265 -129.343 137.341 1.958
18.145 -0.491 59.518 2.060
50.898 30.046 -114.463 1.942
112.756 -5.326 18.074 2.108
18.743 37.513 -192.976 1.926
192.829 141.014 156.381 1.866
78.214 82.478 -87.810 2.092
-32.047 -51.056 -121.537 1.862
17.345 67.442 91.724 1.998
53.810 -36.590 -32.670 2.120
-41.198 -141.240 136.649 1.953
47.215 -46.198 -163.034 1.817
51.801 -136.922 -34.588 2.086
199.180 49.726 72.996 1.892
46.871 182.883 32.200 1.928
117.648 134.569 -145.549 2.068
187.178 -142.662 15.677 1.914
-124.639 121.508 94.938 2.056
-188.821 20.862 -86.807 2.108
132.269 -76.949 42.173 2.044
-171.662 99.223 -23.158 1.978
-32.861 -126.960 40.253 2.134
167.438 14.524 -22.136 1.906
-164.030 -30.201 -146.723 2.005
-42.808 -102.480 32.002 2.120
36.892 -124.075 196.506 1.975
-58.163 -94.117 116.905 2.102
-25.499 -33.779 -131.600 1.941
-152.274 27.715 -126.650 1.887
162.646 -75.615 -8.867 1.977
-5.047 -129.801 -78.184 2.119
-169.784 94.194 102.944 1.719
-198.247 -60.147 154.215 2.086
121.093 -101.746 -82.438 1.980
-74.530 -71.414 -38.780 2.057
-140.938 49.995 114.200 1.987
-168.332 41.107 102.394 2.064
122.215 -28.343 -148.494 1.955
125.399 185.573 116.320 2.045
-104.441 -162.339 -167.038 2.001
178.201 163.351 34.979 1.891
203.553 -9.164 25.647 2.038
100.411 26.012 6.487 2.027
-108.705 -7.597 -65.043 1.987
-8.927 -47.842 38.886 1.844
21.840 -181.589 -144.843 2.012
-20.569 -150.460 163.022 2.036
27.486 -157.491 33.269 2.083
183.292 92.834 -159.787 2.000
-33.387 123.298 29.607 2.035
33.704 111.127 -28.142 2.066
92.375 37.191 -3.578 2.209
-139.001 80.597 28.419 2.170
82.455 87.620 -154.475 2.093
176.065 -98.472 -113.950 2.162
162.997 104.998 138.074 1.789
63.319 -137.773 126.779 1.866
83.317 52.993 28.488 2.108
17.738 -53.581 -54.983 2.099
-39.439 -168.179 -3.177 2.067
17.262 -44.162 -152.237 1.950
197.955 -125.243 -199.367 2.044
136.428 19.916 188.597 1.798
29.969 -11.120 -166.556 1.911
-41.505 -49.492 -57.724 1.952
212.532 52.788 -120.067 1.968
35.793 -1.984 197.741 1.954
-4.361 79.820 183.764 1.929
57.822 167.566 -180.092 2.072
87.024 -84.201 9.557 1.988
-137.282 81.017 -186.031 1.951
36.656 -185.786 -53.046 2.241
113.829 172.132 -187.137 2.049
57.743 61.046 60.683 2.046
-134.694 174.323 148.429 2.117
-57.466 -58.551 -47.424 1.954
161.441 100.110 -124.663 2.046
202.548 -51.539 -101.502 2.102
20.594 -166.946 157.451 2.029
106.349 -143.918 -153.346 1.885
138.325 166.888 -162.531 1.808
85.702 -126.992 5.743 1.943
147.195 172.891 -105.389 1.966
90.443 -77.383 -140.478 1.999
192.032 -75.286 -49.015 1.889
-120.758 155.387 -54.121 1.961
165.302 160.476 144.992 2.009
-21.726 -116.559 127.941 2.095
5.752 -183.871 57.315 2.019
-146.270 -184.739 145.449 1.860
-213.188 -148.242 -27.474 2.093
94.955 -82.325 -196.188 2.203
138.421 -138.551 177.217 1.996
213.240 -10.671 -55.058 2.121
205.116 108.311 139.250 1.972
203.782 -93.404 -182.212 2.091
124.677 100.449 -59.397 1.978
75.359 -17.784 -184.202 1.780
113.824 -11.527 -2.861 2.281
-42.544 -79.881 -46.790 2.056
14.057 -72.156 -106.776 2.154
-70.645 108.519 178.707 1.933
-86.093 109.344 -89.671 1.902
34.102 49.986 35.637 1.966
-89.893 -71.418 -115.634 2.121
-55.187 -139.812 -48.877 2.045
50.837 76.414 163.247 1.977
-26.886 93.569 1.792 2.053
-81.090 182.923 162.805 1.948
-50.542 -6.225 -151.413 1.888
-9.504 175.943 140.929 2.039
-123.028 -78.502 146.246 1.918
15.758 144.686 -134.024 2.031
192.116 -107.315 -32.526 1.914
58.737 22.754 -4.835 1.952
-85.773 80.544 -33.850 2.051
176.713 41.079 80.425 2.008
104.718 99.242 -110.279 2.016
-170.699 -106.171 79.302 1.881
-128.712 -49.716 -141.016 1.936
117.405 -137.790 -16.811 1.839
128.542 69.011 45.375 1.897
71.102 172.389 73.334 2.207
218.831 24.241 -128.143 2.123
169.168 -25.730 156.266 1.993
-200.327 -141.295 -153.780 1.963
221.140 103.515 118.904 1.947
-164.686 140.716 157.673 2.075
-46.925 1.127 -63.289 2.159
160.787 126.875 -85.757 1.984
-159.705 -59.091 -94.778 2.170
-133.327 -97.368 -78.846 1.800
127.288 -72.651 -32.348 1.964
175.983 94.921 -51.621 2.241
185.116 84.570 40.913 1.849
-175.637 -66.640 124.229 2.050
168.898 53.099 -28.945 2.078
-79.354 -71.896 27.566 2.063
97.046 189.520 165.868 2.134
-138.604 -185.481 19.698 1.871
-81.124 26.515 172.593 1.949
145.097 -33.938 29.236 2.002
-157.245 -2.151 -135.764 1.992
-38.547 -182.539 -159.039 2.037
-159.931 -171.228 79.457 2.015
74.007 12.685 -31.592 2.025
71.148 181.740 -26.060 2.002
-14.832 123.927 108.683 1.929
-68.320 -182.185 51.346 1.918
112.722 38.204 -175.873 1.971
160.608 -77.962 101.225 1.975
-93.988 -41.057 165.898 2.097
-202.692 -178.914 43.073 1.951
-173.071 -81.060 -56.124 1.886
-175.001 78.569 -85.611 2.090
212.917 -167.968 190.528 1.963
220.684 -128.125 -174.764 2.214
136.468 188.691 84.946 2.034
127.198 -164.543 -28.561 2.067
187.902 117.295 -54.776 1.995
-86.517 13.544 -182.932 1.878
-127.506 99.441 -183.636 1.946
-121.083 160.595 32.612 2.037
-58.502 -77.795 76.594 1.873
180.366 -75.840 109.217 2.007
68.677 147.931 66.660 2.225
-215.484 -170.815 74.711 2.100
86.163 17.289 -99.361 1.867
224.409 113.481 127.595 1.827
65.527 -114.690 -130.863 2.106
116.212 -147.112 14.765 2.025
136.431 72.379 133.174 2.133
-144.004 -175.428 19.537 1.882
203.034 52.283 -4.192 2.160
48.014 -146.314 -194.370 1.984
68.614 -143.514 19.604 2.028
-102.199 174.565 94.326 1.943
164.860 126.217 102.590 2.158
163.911 -46.219 30.045 2.127
56.072 70.506 -164.377 1.831
-211.840 89.055 -86.153 2.047
224.236 106.027 -3.570 1.868
137.761 75.208 -139.045 2.021
164.596 85.210 -84.637 2.020
211.210 -184.937 52.516 2.043
199.465 72.165 -180.792 1.955
-104.824 -144.053 -7.628 2.067
-59.579 -133.065 -26.772 2.155
-82.576 158.566 69.298 2.093
90.528 5.254 7.944 2.030
-18.605 95.997 16.841 2.245
213.893 -50.797 52.805 1.795
27.748 98.966 -189.435 1.702
172.475 65.039 -38.325 2.097
-192.050 175.880 190.249 2.055
114.153 5.867 -62.790 1.986
-37.602 156.901 45.587 2.113
197.501 183.914 -78.429 2.080
15.152 -99.069 69.102 1.884
192.756 -97.957 -127.588 2.064
-88.943 23.551 82.646 1.954
104.948 38.439 -138.293 2.019
97.893 22.093 93.575 2.028
-76.369 -181.253 -159.769 1.930
41.149 84.486 -198.933 1.888
-208.766 -98.452 -184.220 1.745
-153.184 57.313 -19.493 2.088
-103.398 131.638 -196.960 1.903
219.292 117.993 160.261 2.044
136.344 -87.381 -185.426 2.024
-56.669 92.504 170.835 1.896
-139.402 -120.928 199.709 1.931
-15.623 37.016 175.740 2.056
-145.558 -96.102 -10.573 2.003
-54.328 39.728 -157.355 1.951
-182.275 180.579 155.032 2.125
11.841 -23.138 121.015 2.081
-110.583 -62.530 89.195 2.002
-69.291 -49.642 -169.216 2.055
71.199 46.750 138.841 2.045
190.057 -169.585 -161.026 1.903
-172.051 -112.822 -83.350 1.977
1.980 27.817 -11.130 2.003
58.216 42.845 99.619 1.917
-26.402 -135.763 92.992 2.031
198.381 13.292 41.540 1.873
116.443 124.641 75.428 1.973
-223.227 73.657 145.844 2.085
200.520 -126.244 166.766 1.930
-183.529 -8.106 178.822 2.041
-69.569 63.245 -78.153 2.005
-140.878 4.375 177.828 1.973
20.700 -144.571 97.464 2.155
88.015 58.143 3.250 2.060
-209.488 -128.706 160.912 1.866
-200.081 -31.077 174.289 1.992
67.313 -58.745 -115.860 1.989
41.018 40.366 152.095 1.983
-121.232 -64.721 -104.730 2.018
-208.093 29.085 13.036 2.070
47.708 -171.093 45.713 2.072
-57.078 121.624 -188.874 1.923
194.141 64.637 -18.053 1.784
1.724 131.538 -21.399 1.990
-34.234 172.295 153.172 1.955
126.813 153.665 11.229 2.036
33.474 -89.897 -141.459 2.141
-192.842 -135.310 -106.401 2.000
71.151 24.079 129.116 2.012
-45.189 167.955 -4.542 2.181
-75.964 -40.242 -51.198 2.099
145.273 -43.600 -181.976 1.981
100.622 90.324 72.721 2.124
214.375 -144.367 134.160 2.025
28.430 -27.673 -83.296 1.996
105.628 114.721 104.239 2.030
-28.509 35.853 -96.433 1.998
22.192 17.674 148.798 1.953
-120.006 79.113 119.331 2.138
-8.628 158.970 133.720 1.909
-12.500 57.694 173.169 1.998
17.258 -134.579 174.347 2.185
-47.845 188.754 75.092 2.092
-62.753 91.966 144.747 1.859
206.308 182.395 181.958 1.968
-29.347 163.550 180.096 2.116
-217.443 -51.459 128.003 1.983
-148.233 -142.990 -124.267 2.102
70.262 163.570 -121.328 1.998
191.796 -103.661 -92.090 2.106
73.545 188.648 -53.720 1.800
-136.434 0.028 153.150 1.900
127.539 112.884 -193.289 1.908
-25.622 41.991 -56.883 1.945
-175.391 -115.254 86.108 1.861
-74.690 172.701 14.921 2.101
-29.715 189.078 -193.939 1.995
-146.127 -142.495 114.018 1.973
200.079 -36.286 6.123 2.070
-128.737 -30.765 95.584 1.886
111.225 -110.792 -152.969 1.965
-88.948 -17.775 -138.684 1.953
23.963 119.493 -197.784 1.963
-192.522 172.439 176.550 1.998
-140.712 -10.107 -110.154 1.881
-111.413 75.748 91.954 2.123
5.887 123.147 73.997 1.899
106.624 -166.222 -163.225 1.920
-143.243 72.505 -109.690 1.894
170.394 136.682 111.728 2.094
-168.096 139.707 -181.469 2.049
-202.516 184.671 52.400 2.039
-65.379 -64.637 -68.603 1.968
-183.567 -30.577 19.587 1.942
120.070 -37.837 -93.422 2.020
207.384 -85.655 176.683 1.858
64.487 -65.749 -168.981 2.063
-118.192 169.077 -107.064 1.973
-37.950 -164.453 -167.279 1.842
-135.092 -170.421 -146.658 2.027
-3.322 0.856 -83.600 2.010
114.349 -100.902 -108.543 1.883
21.347 -43.283 187.308 2.125
-166.640 166.755 -98.032 2.124
127.585 -160.286 87.896 1.992
-96.129 36.219 -197.353 1.946
75.723 -161.150 72.189 2.119
137.935 -93.525 75.456 2.054
143.126 -117.284 -160.591 1.954
215.816 42.937 -27.613 1.992
-45.542 171.318 -166.450 1.867
-31.978 -189.292 -23.876 2.054
-2.926 -112.740 -133.369 2.047
85.978 -30.099 -169.514 2.070
-43.304 129.507 -34.810 1.953
1.496 -6.118 134.949 2.093
-163.259 -75.920 -51.356 2.126
-204.306 165.772 90.526 1.879
-116.762 44.992 -115.998 2.049
31.293 -102.757 -132.841 1.870
-136.745 -101.434 96.684 1.925
58.946 148.931 -33.756 1.855
161.493 -121.468 117.860 2.043
-111.571 -2.752 -118.984 1.931
115.986 -98.754 52.022 2.008
-34.065 143.208 59.694 1.972
122.272 -133.383 88.579 2.080
127.541 60.087 164.874 2.042
-144.081 43.242 72.936 2.036
-55.241 -132.858 196.714 1.787
-95.796 147.690 39.683 1.954
106.253 136.843 -50.646 1.958
-47.684 -79.062 -185.685 1.867
4.037 -29.506 -1.324 2.101
2.723 -38.531 -186.687 2.222
130.703 -158.587 62.715 1.951
63.962 162.053 79.436 2.087
72.597 -1.686 -20.188 1.951
-139.647 85.901 67.759 1.779
-133.091 85.247 -161.065 2.233
-142.957 27.509 -83.420 2.042
-141.807 -170.175 48.196 2.047
-87.667 122.608 -131.382 1.813
-66.667 -80.180 123.275 1.997
176.187 184.538 70.576 1.870
202.837 104.245 -46.069 1.995
45.989 -141.390 30.839 2.045
-74.173 -91.409 -3.977 1.857
-104.681 -183.865 110.926 2.056
-197.601 -91.482 -97.412 1.931
212.402 62.427 -44.032 1.973
-122.165 69.547 182.850 1.959
168.604 146.569 190.954 2.001
114.954 -105.662 8.268 1.942
-222.128 -23.857 -82.617 2.139
-173.433 -20.287 145.127 2.087
-168.034 -91.655 166.943 1.739
114.634 -29.804 111.724 2.006
-57.433 90.397 99.130 1.917
106.116 -174.555 -25.598 2.131
-133.177 162.724 -111.801 2.093
21.296 -169.831 -47.160 2.117
-8.431 183.717 161.606 1.956
-157.395 -54.466 -132.081 2.008
201.749 -145.138 60.607 1.862
-80.187 41.295 2.174 2.039
-11.345 -178.182 185.671 2.065
131.339 62.950 20.519 1.984
67.037 -145.759 120.167 2.040
-30.509 -86.453 88.605 2.092
-144.765 -178.465 97.122 1.956
-133.332 -144.835 -198.018 2.003
-188.502 -123.187 -185.537 2.042
-129.440 15.440 -71.265 1.900
203.731 17.134 -70.774 2.069
-79.746 -87.272 -199.547 1.924
88.007 -137.640 -22.899 2.046
-113.584 150.067 140.198 2.007
90.799 50.776 -167.079 2.169
126.033 -124.307 51.161 1.981
118.794 -143.788 43.000 1.974
90.193 165.075 -48.960 1.988
-121.870 -73.497 84.545 1.932
109.057 -112.346 139.143 2.077
76.200 89.139 180.514 1.765
-164.868 -26.342 -197.047 2.018
-35.943 151.791 -77.818 2.028
-224.769 14.647 -156.161 1.905
82.831 -124.209 -29.617 2.057
99.367 184.835 -124.551 1.957
-69.326 -48.547 -127.363 1.888
117.439 -64.126 82.687 1.962
8.136 -18.163 75.184 1.939
74.199 3.370 94.869 1.944
112.591 -79.083 60.842 1.819
38.630 93.308 -24.147 1.790
152.198 -154.684 -120.194 2.022
-108.046 -70.283 -140.389 2.086
-215.783 160.784 -113.357 2.104
-54.121 75.923 -93.760 2.223
13.387 -66.670 52.743 2.150
104.353 -49.896 -122.354 2.131
-19.782 -37.144 2.063 2.071
197.476 -59.215 -11.928 2.073
94.652 116.228 -13.229 1.990
-121.890 -92.192 -179.346 2.089
57.011 -162.061 -13.206 1.903
-165.070 -49.129 105.941 2.039
-163.235 116.709 82.175 2.142
-20.350 -187.455 -52.027 2.146
205.787 108.516 -171.718 1.944
55.988 -56.698 160.834 2.008
-45.221 151.275 -45.809 1.889
-103.213 84.525 -28.292 2.111
-117.845 164.590 197.926 1.970
-107.002 184.512 -197.448 2.226
-80.324 59.626 198.422 2.030
-159.837 35.526 177.555 1.921
-205.989 51.020 5.325 2.073
-155.814 56.668 70.636 2.103
-160.961 -186.740 -157.429 2.093
-103.667 118.980 -58.097 1.965
-101.034 -6.952 84.457 2.049
-93.272 -140.824 143.014 1.906
-3.096 -0.686 165.946 1.907
-184.663 28.514 -137.242 1.878
-222.008 -63.207 -134.974 1.956
58.457 85.050 178.569 2.123
31.726 163.752 -47.118 2.040
-129.449 19.616 143.273 2.058
-21.018 -6.823 37.152 1.959
-206.934 -10.841 77.737 1.860
-21.658 -182.874 157.716 1.977
155.539 28.708 38.780 2.071
-184.131 -79.957 -106.809 2.116
-18.579 -172.180 111.149 2.134
-165.337 -142.117 -115.709 2.183
96.445 75.987 -37.322 2.026
-135.197 -63.647 56.280 1.990
-71.693 140.041 152.524 2.060
11.729 28.105 -144.022 2.147
1.703 -162.295 121.430 2.007
20.499 108.364 -26.895 1.819
-172.106 43.291 -167.087 2.044
17.350 -29.572 -44.188 1.959
224.465 82.942 -22.330 2.002
-197.763 10.279 3.069 1.922
92.936 -133.344 -2.403 1.927
15.356 -186.608 179.563 1.820
165.433 -172.890 -71.535 2.027
-218.407 -29.108 -24.853 2.082
-61.073 -75.377 -116.130 1.931
-30.534 -54.610 -139.699 2.056
-149.632 -124.022 141.853 2.191
221.261 -27.283 157.811 1.972
161.465 46.855 -81.223 1.968
-92.639 92.829 -182.909 1.944
-128.472 154.493 3.623 1.924
-218.334 174.973 -110.830 1.935
42.416 -186.183 123.356 1.890
-34.950 139.219 82.599 2.065
-33.349 -141.730 114.405 2.016
4.089 -133.072 -24.245 2.018
112.527 37.610 52.133 1.921
-204.715 -172.698 34.505 2.169
153.399 -165.802 -162.071 1.974
142.022 177.472 -20.064 2.020
-101.362 -29.572 162.907 2.088
-91.701 -177.563 85.124 2.047
-37.842 -67.162 -63.805 2.021
-184.468 74.225 23.516 2.025
6.547 -116.310 167.653 1.961
-136.387 -22.179 -53.339 1.954
-100.548 -114.936 -43.580 2.138
151.862 140.329 -65.202 2.020
101.330 133.674 67.439 2.054
127.461 104.928 -46.593 1.997
-3.137 -31.306 -145.946 2.052
-168.512 -189.835 -165.391 2.070
-222.797 57.451 -149.470 2.083
-132.136 127.717 77.886 1.901
-77.642 152.388 -81.984 2.053
139.309 -88.691 -96.220 1.976
-129.127 -122.075 107.760 1.935
-53.693 -3.596 -6.823 1.995
-48.163 -134.074 -111.113 2.028
153.821 83.447 -76.361 1.845
34.863 -176.118 -23.773 2.094
37.150 28.729 -50.845 2.161
147.062 34.774 -61.429 2.037
133.315 130.956 53.590 2.036
89.275 26.151 5.841 1.833
41.132 -15.909 39.426 1.966
-150.114 47.018 100.128 1.990
-86.313 -56.519 115.042 2.014
-22.781 89.790 198.546 1.899
28.312 -8.334 -90.200 2.035
-209.178 77.188 141.300 2.041
123.402 146.643 -41.849 2.113
63.790 -7.536 130.040 1.968
-60.366 172.629 -178.188 1.865
-163.236 -151.357 -6.518 2.054
103.466 -182.703 -136.465 1.885
222.441 50.386 -41.490 1.911
-177.285 -119.404 -119.692 2.002
-113.662 -67.000 21.304 1.874
99.855 99.460 173.950 1.914
166.291 19.625 2.169 2.161
-222.092 5.613 13.291 2.129
-87.410 55.850 -97.663 2.002
-212.079 -168.587 -117.536 2.182
89.076 82.487 -101.558 1.936
68.634 125.860 113.873 1.875
170.196 -182.115 -80.020 2.058
14.856 28.414 106.900 1.985
-146.222 51.342 196.429 2.116
-20.048 -54.200 70.889 2.099
-8.300 -145.028 -58.081 2.070
122.003 53.477 182.764 2.115
-156.337 177.964 178.441 1.868
70.384 90.814 -45.047 2.118
159.080 172.773 129.400 1.945
-182.894 82.071 51.285 1.970
-2.545 38.903 -199.706 1.990
-41.123 124.125 151.873 2.009
21.521 -47.376 -181.712 2.056
-145.864 -148.894 -164.854 1.939
39.403 -35.844 60.484 1.930
-195.330 -140.502 164.168 1.968
-59.626 -14.277 19.898 2.021
-219.349 82.089 -125.311 1.975
221.366 -11.726 -79.451 1.996
160.505 -10.763 108.449 1.967
-182.912 -25.321 136.289 2.059
-121.995 91.958 -38.601 1.821
75.620 -109.603 -130.082 2.015
127.250 112.894 141.000 2.008
138.972 -41.856 -36.518 2.059
-201.068 26.728 6.480 1.882
-42.910 -37.316 -12.182 1.982
155.946 -73.295 -122.024 1.997
84.152 -169.404 -106.357 1.961
58.452 -78.544 -162.216 1.920
37.730 -166.950 -191.929 1.878
-145.299 -130.405 -0.924 2.121
65.896 -88.345 -72.945 2.108
-18.251 156.281 108.846 2.087
84.878 -152.436 -194.160 1.824
-99.768 -86.235 -104.681 1.960
90.524 87.127 86.100 1.832
89.536 -0.925 -124.623 1.897
-209.667 96.968 -86.628 2.022
33.106 -154.062 175.862 1.816
152.658 -22.869 -129.213 1.902
106.480 3.465 170.012 2.050
-1.532 -124.050 -190.933 2.010
