76.435 68.333 -35.264 2.172
18.853 140.329 -79.370 1.982
174.936 155.893 70.884 1.999
119.099 -153.722 68.073 1.998
-89.794 -106.178 131.290 2.124
72.516 -140.074 107.161 1.903
169.347 -182.896 180.913 2.133
132.455 20.400 -161.519 2.119
-175.185 13.165 27.730 2.087
-158.300 97.945 -110.921 1.933
-216.380 96.511 -13.494 1.937
100.046 142.354 120.506 1.979
156.749 -87.908 -45.448 2.136
158.860 76.846 52.909 2.022
45.939 -52.228 161.645 1.918
-51.315 136.622 97.795 2.077
-152.825 14.948 -12.889 2.136
122.701 -61.879 -151.864 2.145
-131.832 121.033 21.803 1.914
-39.337 42.201 -30.867 1.952
139.227 160.536 136.204 2.176
184.270 -163.673 -16.173 2.106
202.994 -161.087 -31.245 2.036
30.594 85.952 -111.029 1.966
-6.963 18.864 103.573 1.944
150.281 -116.841 -73.389 1.904
-138.939 -135.638 113.093 2.023
28.709 -143.553 41.555 1.922
-43.372 -24.083 -121.776 2.114
-73.009 48.785 114.671 1.894
-189.105 162.136 -131.512 1.839
3.075 49.190 57.929 1.980
162.923 57.661 -54.672 2.064
38.407 141.792 -183.357 2.158
-66.317 38.548 99.118 1.989
-24.579 47.053 -87.066 2.043
-54.569 -163.673 93.801 1.905
-145.422 86.597 -2.203 2.030
99.845 -135.657 -150.519 1.993
-81.386 -135.199 -109.689 2.144
47.572 102.037 133.488 1.941
-132.731 -105.360 175.411 1.802
-124.223 12.406 -92.425 2.145
2.180 11.575 69.029 2.086
159.742 141.327 91.015 1.888
-42.736 -120.697 90.791 2.074
-98.718 73.842 62.088 2.014
-8.695 65.746 184.499 2.030
-49.187 96.651 -148.360 2.099
-87.394 -165.830 167.700 2.033
106.029 100.165 -60.358 1.982
209.558 -52.407 -60.590 2.202
216.084 28.184 35.942 1.913
82.529 -23.010 -121.151 2.027
0.294 -124.215 -37.403 1.958
-120.482 67.541 -57.919 1.828
175.445 134.194 156.342 2.021
-22.677 -64.513 79.703 1.866
173.901 -57.757 10.761 2.063
54.614 13.131 3.465 2.045
131.191 11.151 -195.319 1.837
-43.165 -176.465 -126.857 2.219
-15.666 42.192 54.217 1.897
102.495 -3.268 15.289 2.100
105.776 69.075 59.415 1.884
100.638 73.950 -197.598 1.924
74.399 50.381 -106.937 2.079
168.959 -1.960 -13.793 2.137
16.643 -83.245 142.717 2.020
-166.776 114.515 -29.680 2.195
-112.483 183.025 27.099 1.785
55.591 102.122 -49.106 2.039
-86.944 -106.593 11.279 1.879
-43.877 -35.723 65.220 2.112
50.742 -11.464 -4.735 2.055
-128.866 -85.976 18.716 1.994
-224.795 -113.220 -8.122 1.823
-193.265 -39.615 -57.800 1.946
218.030 61.519 -69.566 1.900
-119.454 -156.788 186.875 1.951
188.123 63.369 -36.808 1.949
154.626 -105.025 -148.784 1.898
-151.327 29.113 -176.342 1.859
-117.370 12.206 60.230 2.096
-152.352 -175.421 -154.548 1.898
-195.295 -80.099 -17.386 1.895
-142.406 113.626 14.671 1.861
167.380 157.544 -58.334 1.968
-142.207 160.026 -155.846 2.041
-159.688 59.931 145.689 2.015
-174.823 184.015 29.001 2.016
-194.226 -79.726 -95.972 2.040
73.206 64.527 -193.808 1.922
173.373 -115.850 -62.979 1.822
152.530 -13.773 7.086 2.189
-133.896 109.724 -168.075 2.160
56.380 38.664 157.937 2.097
-6.113 -74.730 179.564 2.055
-135.794 132.085 18.259 2.031
-140.975 -163.156 163.747 1.995
16.432 -1.099 -198.372 1.921
-157.623 -131.077 -111.030 1.780
-5.577 -158.290 -101.368 2.105
49.169 -110.470 68.689 2.039
105.606 -61.180 -34.130 2.247
114.519 -41.960 -169.153 2.086
-25.285 111.302 -43.596 1.852
-70.180 34.397 -99.274 1.955
-167.481 51.092 -17.319 1.866
130.653 -77.633 85.418 2.056
30.749 -120.353 -56.131 2.050
5.694 122.128 19.352 1.904
-129.509 84.261 22.759 1.977
-20.184 -113.800 -110.573 2.083
-109.885 -9.839 -106.917 2.115
91.277 -111.990 110.086 2.103
-110.579 181.416 41.509 2.077
152.575 114.779 104.288 2.144
-103.170 124.932 161.261 1.736
-14.386 -165.960 73.074 2.218
203.642 -37.139 143.643 1.970
121.231 92.829 196.456 2.032
-153.623 -35.882 -20.625 2.006
204.597 87.055 198.366 1.853
-85.869 54.122 108.146 2.058
28.074 -186.980 1.031 2.030
80.456 29.456 189.337 1.964
-111.501 -22.402 138.404 2.037
-94.125 -175.645 2.530 2.000
84.309 -34.138 -100.883 1.962
131.552 179.877 27.592 2.094
-28.148 -155.953 108.813 2.073
4.626 11.933 156.012 1.980
-213.555 -164.671 161.580 2.074
-40.964 -16.594 -61.406 2.094
-133.055 -170.317 -48.933 2.038
-33.069 179.407 65.055 2.038
128.116 143.907 -162.673 1.902
183.795 -60.870 110.306 2.043
-178.783 160.122 29.780 2.034
-147.865 -47.192 109.767 2.010
-154.352 111.550 176.955 2.037
210.503 -45.240 -47.333 2.134
-142.034 17.002 57.698 1.915
-12.944 114.776 184.250 2.048
26.681 165.633 52.476 2.012
195.198 173.580 -9.016 2.157
110.012 135.059 135.326 1.897
-42.257 -188.446 -99.624 2.102
86.128 -172.156 187.905 1.947
-19.763 -28.197 100.266 2.065
-185.053 48.506 162.889 2.114
152.707 -110.378 0.028 2.044
23.541 -88.795 49.777 1.903
117.468 -113.398 3.746 2.013
119.736 -41.190 -15.657 2.150
134.685 115.056 -8.358 2.050
-1.326 -48.568 90.202 2.112
86.046 96.069 193.757 1.974
172.903 183.124 -137.544 2.039
-42.513 9.059 152.024 1.961
-152.936 80.038 -89.339 2.003
-44.236 -160.417 87.964 2.096
-12.197 -74.289 -89.960 2.140
-203.342 160.765 186.428 1.897
93.823 130.388 -23.038 1.810
-143.353 130.999 -132.275 2.092
87.823 -135.168 -130.429 1.936
-78.444 77.282 -115.504 2.070
98.833 141.660 68.232 2.015
70.719 -137.656 -137.287 1.874
-38.043 178.814 183.753 2.045
-158.157 93.796 34.446 2.210
-194.468 -16.035 40.972 1.912
-81.830 -18.775 -40.835 2.017
-133.270 -64.540 -59.399 1.993
179.876 129.264 -36.597 2.255
-75.230 -27.298 -155.977 1.906
-17.488 103.791 -94.062 1.994
-185.301 -102.374 55.389 1.802
-46.750 -175.374 124.820 2.003
20.410 6.257 -180.417 1.898
35.402 182.179 2.293 2.231
66.502 -127.848 -20.703 2.060
-83.558 -7.352 -117.011 1.967
-31.834 103.507 -81.307 1.946
-181.532 136.249 182.622 1.994
90.607 -74.253 114.971 2.084
-44.784 59.917 158.544 1.990
111.490 -178.759 52.303 1.997
126.958 10.888 31.088 2.006
-214.724 32.478 -6.129 2.006
138.219 -149.546 122.380 1.876
85.131 132.160 133.286 2.015
79.131 -128.979 -136.449 1.962
-201.468 -5.873 136.518 2.194
202.108 -15.024 -79.612 2.018
-88.746 -141.013 182.818 2.053
-121.891 149.616 -101.428 2.041
-120.433 -47.029 -115.096 1.957
64.793 -47.036 -76.619 1.794
172.464 -176.989 159.532 2.230
-13.051 40.343 -11.575 2.006
-165.390 189.521 -31.984 1.953
-223.424 -80.334 182.001 2.136
-148.104 -158.379 98.229 1.957
167.899 151.212 26.080 2.006
-80.665 -25.559 34.613 1.807
-175.867 -45.400 -181.318 1.868
212.328 75.701 80.458 2.148
130.355 23.040 132.974 2.070
-170.698 129.183 142.497 1.945
81.519 130.167 16.419 2.019
-143.890 -149.234 76.849 2.025
-153.561 186.070 -132.517 1.805
-56.601 -30.583 -92.460 2.045
128.711 -92.603 35.931 2.034
53.213 1.616 -169.398 2.006
220.499 -118.062 -100.986 2.107
-61.719 -178.102 -42.134 2.095
110.230 -159.878 156.594 2.048
-43.047 18.117 -25.956 2.090
-183.072 169.955 -75.288 1.982
-164.956 -134.594 -34.852 2.060
-120.479 -155.986 119.438 2.162
103.815 122.834 -4.697 1.844
-9.940 169.084 120.616 1.783
123.858 -63.459 182.494 2.037
97.130 -171.193 39.050 1.986
-224.066 -69.010 130.463 1.924
-204.028 4.172 80.302 1.956
-187.425 -69.938 70.348 2.045
179.301 26.242 -139.445 1.949
-24.767 7.674 -42.653 1.854
-86.070 -18.059 -0.199 1.960
49.209 -100.452 30.898 1.963
218.115 111.539 -81.618 1.935
133.017 -33.130 -170.916 2.137
90.785 -96.794 53.106 1.889
193.674 86.618 -128.972 1.961
-219.298 105.417 96.956 2.040
156.594 26.230 144.147 1.985
218.358 -40.141 12.723 2.119
135.570 -176.809 112.723 1.913
-176.075 107.385 -111.793 1.963
-27.131 -172.586 -1.089 1.809
-118.366 34.033 -130.966 1.953
-35.848 127.772 -148.272 1.949
158.249 -179.652 -15.975 2.038
146.891 -28.676 -63.940 2.000
-50.146 -3.111 104.308 2.074
91.362 -155.345 143.960 1.903
215.945 37.718 -45.229 1.990
111.671 86.119 -91.071 2.040
-40.212 65.147 34.346 1.971
-47.968 -6.670 199.795 2.078
214.989 -96.995 -39.170 2.030
-157.230 -1.104 -41.611 1.816
148.797 -125.246 -88.886 1.984
48.115 144.600 53.388 1.959
-95.805 -65.153 115.785 1.958
-76.397 -21.891 100.282 2.031
182.593 -156.874 -56.001 1.972
124.619 -21.847 145.544 2.005
-84.622 -189.374 100.623 2.064
31.389 -107.441 156.720 1.984
183.838 -182.615 -39.504 2.152
-209.750 -133.138 -192.805 1.770
-59.485 -17.503 113.793 1.970
152.153 125.931 -40.246 1.942
8.239 4.190 -2.225 2.165
-68.470 4.770 30.351 1.909
-20.246 -8.696 -100.144 1.939
190.125 64.208 125.467 1.878
131.666 173.072 90.392 1.914
183.143 -116.267 7.668 1.745
-20.988 153.855 -36.250 2.015
151.127 -133.619 -34.763 1.991
41.507 70.878 -165.599 1.972
-63.853 58.997 -95.183 1.962
115.685 52.682 -121.101 2.044
194.476 20.298 -178.423 2.080
-143.478 -1.511 -152.051 1.853
-74.998 120.886 -13.913 2.188
-78.760 57.297 -160.676 1.976
-193.822 -84.302 179.492 2.114
31.238 146.978 -48.148 1.777
0.657 -122.147 171.506 2.046
18.228 -145.501 42.513 2.020
-64.374 75.876 -157.232 2.134
131.462 92.976 43.621 2.118
27.207 137.806 47.255 2.074
-135.794 -160.355 47.962 2.322
-45.012 -131.030 147.145 2.098
157.461 27.764 47.701 2.102
134.322 -90.335 106.896 2.040
196.634 56.369 -153.250 2.029
140.397 103.662 13.000 2.155
13.224 155.575 16.594 1.922
-119.076 -92.639 44.026 2.094
-69.388 136.000 -129.438 1.990
203.848 145.180 -100.590 2.016
-140.018 92.117 -196.788 2.071
-111.607 80.812 118.386 2.240
-81.533 -74.143 -94.660 1.892
-112.635 165.557 -8.609 2.195
191.748 131.274 72.832 1.966
-53.606 -25.049 -77.275 1.990
72.491 172.794 14.873 2.154
-140.761 62.514 -165.916 2.133
-39.691 -153.638 -123.939 2.046
83.870 121.031 37.486 1.774
50.984 -169.456 38.653 2.085
-56.992 7.612 -191.183 1.979
-105.308 -109.716 25.997 1.910
-194.374 -53.617 11.040 1.900
176.085 59.392 36.298 1.864
118.733 -123.488 70.539 1.868
-146.415 183.545 -37.000 1.964
-155.714 34.362 107.516 1.989
22.567 -148.625 21.035 2.280
117.368 -94.367 -91.738 1.763
211.239 -112.182 20.203 2.082
142.645 -132.892 129.004 2.130
-123.544 143.284 169.676 2.025
-151.146 -29.579 -107.498 2.218
-65.345 -99.799 -18.878 2.027
115.679 -137.689 -75.732 2.104
-131.890 115.327 145.156 1.991
-188.587 -72.019 -113.814 2.049
-147.080 -42.370 -185.966 1.866
210.413 -165.088 -76.772 2.046
-60.854 108.937 63.304 1.942
-224.785 -128.228 -8.857 1.877
194.697 -92.293 36.232 1.947
-208.907 114.365 -61.579 2.148
71.998 -15.756 -199.574 2.212
-99.120 157.992 -41.250 1.972
-57.836 70.381 -197.758 1.942
-170.956 -95.134 187.776 1.964
-218.301 -82.242 -151.099 1.947
183.753 135.004 -171.124 1.994
109.239 -187.243 152.499 1.957
175.955 143.891 -182.907 1.965
-38.798 -42.159 23.788 1.978
-194.506 -74.988 -82.178 2.145
-18.670 171.449 182.003 2.075
145.773 62.845 -132.432 2.131
22.634 -179.074 -164.268 2.050
157.104 106.097 -35.858 1.918
-76.873 117.831 -160.113 2.203
-13.143 -117.014 47.113 1.928
18.923 51.459 -28.966 1.921
-68.753 -32.416 26.771 2.087
-100.240 -77.908 -5.189 2.033
138.683 124.603 12.180 1.861
-187.757 -25.797 -59.262 2.150
-206.931 50.072 184.541 2.123
-205.147 109.327 166.117 1.946
78.572 51.703 68.569 2.060
-36.050 -146.541 -10.732 2.005
169.548 -162.873 160.832 2.004
-29.657 -43.042 163.783 1.937
80.810 -185.550 -112.518 2.009
199.474 -152.998 31.903 1.945
-48.444 80.123 -0.554 1.957
156.501 -118.938 24.160 2.206
-166.362 2.626 150.897 2.087
-216.339 65.075 -88.669 2.030
222.316 -47.797 -84.679 1.903
192.971 50.275 115.028 1.926
-51.186 -124.902 163.847 2.065
217.079 -123.954 27.732 1.946
-197.946 -47.776 -118.950 2.027
22.271 181.693 185.645 1.889
86.057 -19.773 185.930 1.899
-164.163 45.633 -190.152 2.081
82.810 -16.484 -182.270 2.109
202.042 -20.012 73.651 1.994
-71.482 -127.134 -96.424 2.057
130.955 52.652 168.099 1.977
22.492 175.995 199.680 2.069
-219.670 -24.254 -48.885 1.986
-167.916 -19.661 -46.209 1.924
67.422 55.533 -147.171 2.113
8.860 167.741 172.826 2.190
188.964 -56.973 184.790 1.975
-215.632 162.571 -6.748 2.206
-117.014 126.840 -160.706 1.943
-43.463 135.827 -65.324 1.824
37.791 81.705 -38.182 2.058
-184.832 -87.424 73.692 2.139
-37.582 120.814 -73.464 2.051
138.536 -63.158 75.283 1.777
-112.491 -5.487 66.481 1.830
121.648 -6.062 -30.630 1.946
-193.055 -74.837 -172.998 2.084
-111.432 -102.666 124.667 1.879
146.399 153.950 -136.344 1.921
-63.051 -148.970 184.106 2.025
146.454 172.475 51.744 2.200
-23.330 17.488 34.688 1.945
-23.210 -39.436 147.331 2.101
-135.959 123.504 174.449 1.961
-49.161 167.905 22.515 1.884
85.839 93.653 -91.972 1.953
68.421 85.705 85.082 2.218
188.654 73.452 -93.188 2.041
-52.928 32.908 184.284 2.088
-114.493 -77.635 76.812 1.973
50.392 -30.985 20.184 2.172
27.052 -31.185 -40.489 2.039
101.165 -119.073 -82.096 2.029
162.956 89.922 79.187 2.099
-114.779 90.330 -96.354 2.039
199.017 20.864 -170.695 1.819
95.277 63.325 43.972 1.920
-213.662 133.469 -187.530 1.997
-107.545 -47.042 -88.650 1.951
-166.670 -147.084 -53.347 1.945
48.831 -129.112 -194.208 2.097
75.277 135.860 197.089 1.976
-71.759 60.526 175.808 1.895
-205.233 104.098 106.275 2.023
53.830 -70.836 100.197 1.873
-61.792 -178.225 -0.139 2.069
-164.358 -177.469 -105.828 2.112
86.206 -16.360 -122.633 2.055
212.598 98.108 -150.028 2.002
136.200 127.219 186.699 2.012
-73.042 156.137 -26.641 2.014
128.896 -19.878 -82.193 2.022
-70.223 32.790 -64.861 2.019
74.889 -155.213 -21.952 1.971
67.568 -114.629 -129.028 2.048
143.830 -142.712 25.811 1.972
-76.736 -74.570 174.087 2.077
-27.006 -41.087 -128.284 1.929
21.281 -11.156 -156.663 1.986
205.836 148.714 73.881 1.934
-73.930 -126.741 -133.946 1.962
-150.900 81.983 195.783 2.120
-150.910 73.847 -45.882 1.818
-59.038 -112.610 125.537 2.037
-216.949 123.219 21.987 1.852
124.698 189.719 -48.719 2.057
201.434 174.665 -31.405 1.865
-206.466 49.655 -89.692 1.995
-125.470 -3.776 -127.503 1.968
81.411 48.700 -100.888 1.977
188.183 142.685 100.277 1.980
161.937 128.249 -80.440 1.838
-50.404 -58.042 181.032 1.886
-8.259 145.128 -42.380 1.950
-121.169 34.881 -160.327 1.998
-220.482 -126.525 -32.225 2.110
-196.102 -100.009 54.649 1.961
-17.130 -27.444 25.262 2.019
-11.456 -149.141 132.932 1.990
128.481 -108.741 -17.938 1.948
128.193 129.831 166.162 1.877
-58.110 -52.957 -17.536 2.038
58.090 157.383 -176.464 1.942
-72.564 58.028 147.827 2.034
-140.465 -89.302 -173.326 2.116
-21.128 185.482 91.579 2.039
210.529 -1.449 178.361 2.131
134.445 -35.849 -107.557 2.001
-195.558 -170.950 -193.481 1.957
72.487 -171.423 14.343 1.904
-44.122 -163.051 13.010 1.966
192.543 32.139 -15.618 1.784
-132.244 120.522 -112.832 2.053
-77.591 136.230 6.359 2.085
205.754 -159.314 -166.216 2.050
-56.299 -92.917 -39.146 1.878
-21.526 -79.829 -1.674 2.112
134.086 87.805 32.300 2.150
24.633 159.112 -67.258 2.156
15.995 -55.452 64.791 1.842
-37.898 -32.913 95.644 1.966
-3.554 45.787 -127.265 2.135
202.998 -96.145 69.349 1.994
-10.369 84.126 -17.450 2.041
123.065 -133.095 156.571 1.975
-199.380 -98.193 13.549 1.841
-99.225 -134.499 186.567 1.963
-48.336 -122.303 61.171 1.858
96.774 153.873 138.547 2.046
-122.696 170.200 -93.854 1.875
-13.136 -151.461 -55.527 2.031
86.902 60.499 187.860 2.087
163.167 -105.047 145.301 2.111
164.598 -28.865 -17.972 2.122
207.513 174.453 75.470 2.166
-20.450 -174.667 190.482 1.941
-173.954 175.170 -119.724 1.915
28.925 148.475 -183.902 1.927
113.407 -143.132 55.145 2.054
-219.879 169.327 -50.829 2.003
73.399 -8.073 -196.969 2.137
-29.637 152.002 1.926 2.022
199.106 173.144 -90.216 2.043
109.007 179.994 -13.631 1.994
129.692 48.089 -86.997 1.801
-25.295 86.136 50.653 2.055
43.058 -147.808 93.800 2.028
133.109 42.096 -81.124 1.887
-100.187 -57.816 -16.532 1.937
206.067 -27.849 109.732 1.849
-135.079 -106.088 187.556 1.907
-164.182 48.325 12.695 1.885
-105.055 188.157 143.504 2.006
79.604 -118.848 -23.146 1.866
148.194 126.951 -191.972 2.016
-68.459 19.460 18.186 2.051
222.583 30.328 119.827 2.142
-110.106 183.180 -112.112 1.916
-148.709 30.471 -64.464 1.858
-192.820 -142.813 -73.634 1.871
117.704 57.067 163.018 1.989
5.778 -49.915 151.648 2.127
-134.259 121.670 -162.598 2.064
-182.287 143.886 -129.660 2.248
39.177 69.447 133.050 2.087
-216.314 145.700 185.165 2.142
-30.221 -165.420 -85.702 1.967
42.437 138.322 65.310 2.060
-131.746 -52.303 115.825 2.030
-47.422 -96.073 -170.377 1.986
-67.324 184.797 -82.149 2.030
-69.235 -75.141 -20.157 2.116
-193.251 -12.398 8.823 1.792
-161.411 -120.590 116.442 1.971
-149.899 -147.550 -58.565 1.694
-123.790 14.704 6.871 1.843
206.155 3.173 144.227 1.828
-165.528 -104.420 39.515 2.035
-220.275 72.527 0.613 1.911
-56.961 73.915 120.922 2.075
164.001 141.557 -131.714 1.953
58.351 -167.181 -11.599 1.961
-192.831 138.306 -56.095 2.151
212.073 -173.288 36.297 2.039
-128.808 61.686 23.613 1.997
-87.047 -89.223 155.731 1.898
189.891 -93.152 -31.426 2.006
-162.741 -93.464 -158.235 1.936
-35.064 -188.319 -197.765 2.059
127.432 -86.875 68.497 2.142
-183.028 163.375 131.637 1.871
-211.134 48.971 -19.094 1.847
-196.218 189.870 -65.789 2.033
202.176 -98.610 -179.745 2.030
72.347 163.833 158.679 2.193
-16.967 169.967 -109.600 2.076
160.640 -16.284 -79.735 1.941
-38.213 10.521 178.697 2.019
-99.094 -61.591 133.624 1.921
-123.869 -164.171 -95.486 2.032
176.033 -58.137 -193.026 2.070
-44.185 129.522 112.579 1.914
-164.209 -3.157 141.855 2.129
182.479 -150.618 -132.908 2.021
-197.373 168.497 16.681 2.038
-209.684 32.335 -16.664 2.050
-214.201 46.692 70.647 2.148
83.181 -124.535 3.256 1.906
109.097 133.354 -156.961 2.033
51.933 -45.022 -134.004 1.963
-14.522 74.003 19.779 1.977
15.126 -115.643 -7.506 2.135
-123.466 -46.021 115.827 2.105
-135.037 -65.289 101.805 1.849
-162.005 -75.221 18.861 1.939
-159.702 -87.815 155.651 2.022
-148.392 -147.673 64.574 1.946
-92.702 43.312 97.626 1.957
-27.189 34.233 92.899 2.015
-16.676 -120.228 -163.050 1.822
-35.485 93.332 -64.432 2.008
-74.621 -56.064 -125.046 1.997
-223.315 -2.981 -125.780 2.031
-4.868 -4.931 19.066 1.862
-186.835 -93.315 -153.981 2.080
-206.588 -120.806 -82.974 1.847
4.744 -139.272 -136.703 1.981
32.864 -168.201 -41.989 1.998
150.461 69.247 -168.291 1.977
-21.126 77.600 43.525 2.076
-221.183 -134.387 -113.289 2.028
-4.683 -67.639 116.748 1.994
-122.427 -55.509 120.713 1.813
-46.651 -175.555 164.596 1.999
-162.522 -91.544 -46.676 1.959
-0.017 21.979 -170.857 1.889
1.001 20.168 31.064 2.094
-218.331 -62.500 173.496 2.052
109.604 -91.460 179.359 2.010
-19.986 115.418 -31.801 1.909
55.996 -82.224 -134.513 2.003
-179.776 119.643 -40.603 2.279
106.537 140.169 17.393 1.970
15.629 96.139 154.878 1.893
-89.300 -96.583 72.398 2.136
14.796 124.354 120.702 1.904
-10.293 62.528 81.149 2.013
-78.396 33.260 47.259 1.962
-74.510 -131.333 -16.673 2.003
-183.591 -11.202 -137.580 2.106
-97.452 57.783 47.353 2.038
64.650 177.635 -68.541 2.264
-99.411 161.774 140.219 2.051
-97.549 -85.460 168.133 2.076
173.307 29.584 -114.267 2.008
-104.508 -98.005 14.203 1.944
129.785 -78.718 178.316 2.021
-204.000 -54.222 42.168 2.158
0.612 117.866 -23.932 2.022
-215.030 -24.377 -121.194 2.003
67.270 -140.032 66.576 2.012
-152.194 -122.540 -48.867 2.177
-205.564 87.796 71.255 1.919
201.431 -35.651 66.501 1.970
-90.029 -4.668 143.001 1.886
117.949 -76.843 6.559 2.103
23.586 29.616 60.938 1.922
156.066 -178.011 27.266 2.125
191.716 86.396 -43.985 2.069
195.205 -146.615 -179.768 2.042
-98.548 14.729 138.912 1.961
46.142 153.010 127.507 2.123
41.380 171.899 -133.934 1.986
13.874 -41.515 -145.231 1.940
-10.071 -139.941 46.732 2.033
-209.866 110.882 -95.816 1.908
-24.772 -30.160 117.789 2.100
-107.007 -13.821 -90.003 2.033
118.043 -100.601 -151.190 2.041
-125.299 114.304 -28.614 2.111
-20.984 135.748 -45.823 2.037
152.891 -169.270 -5.613 1.989
-191.536 -131.746 -193.045 2.081
200.819 24.954 -72.709 1.980
198.438 -46.088 -142.909 1.947
155.500 -181.187 -170.157 1.907
213.933 -61.536 -71.142 2.135
69.473 -129.470 176.548 1.879
67.025 -143.856 78.044 2.021
58.780 157.067 111.207 1.976
124.861 48.875 198.181 2.127
17.859 -102.581 -81.386 2.142
-138.785 121.320 -9.114 1.930
-212.113 145.281 -154.381 1.921
12.969 -95.193 -129.040 1.933
-183.199 119.732 -16.392 2.090
-170.363 -133.040 -39.276 2.037
10.951 -59.415 135.707 1.997
78.962 -143.982 177.082 2.193
81.957 -14.307 -35.030 1.940
-71.706 90.217 -55.891 1.918
-7.988 -19.375 -151.322 1.929
-11.549 -11.613 -14.520 2.118
43.807 -45.356 77.646 2.019
130.145 121.056 -112.330 1.773
113.564 83.280 -79.569 1.982
20.711 78.334 36.603 2.072
-188.592 -165.301 -66.178 2.022
198.916 140.629 198.180 1.914
35.955 -160.452 -18.621 1.892
-204.609 38.455 -71.451 1.948
9.049 -136.141 -175.692 1.958
113.816 -61.285 -171.654 2.045
-201.499 18.156 -69.559 2.038
-79.889 -24.074 -158.914 2.037
198.104 71.866 38.898 2.026
-51.263 22.343 -86.575 2.013
-204.466 72.417 -153.647 2.004
-151.070 -161.078 -185.850 1.767
12.998 -91.482 -149.319 2.012
158.317 -168.543 173.705 1.883
70.550 63.885 137.573 2.283
219.818 94.327 -92.647 2.105
-105.108 171.397 -139.521 1.959
-142.779 52.639 89.278 1.951
163.997 -13.003 129.179 2.201
96.200 -82.234 19.256 1.979
143.278 -148.150 171.187 1.942
-206.918 -10.122 -54.912 2.183
202.059 80.944 -158.107 2.062
188.954 -6.539 -127.664 1.995
6.546 -3.817 -23.472 2.007
164.036 -65.784 -153.699 1.938
61.791 172.577 -29.757 1.986
-135.293 93.904 -117.110 1.916
-176.553 -129.131 39.206 1.980
148.936 177.388 137.599 2.044
-51.767 -38.655 -10.648 1.906
86.380 -162.108 -147.632 2.034
-162.119 -122.902 -77.647 2.161
162.162 132.606 120.163 1.874
103.558 -50.590 31.378 2.100
151.560 83.784 -25.623 1.877
4.349 51.698 -55.492 1.901
-59.678 80.587 100.106 2.135
205.255 -107.960 -182.009 2.005
-26.204 -56.722 58.176 2.136
113.096 125.861 21.458 1.991
-175.638 -8.202 150.815 1.953
-172.558 -175.228 -127.079 2.055
-177.562 -1.019 35.872 1.943
-146.455 117.243 89.258 2.054
72.761 -78.652 -0.378 1.966
-208.337 -175.310 -84.205 1.924
-205.445 -114.789 -97.262 1.974
-136.256 178.157 147.469 1.919
123.897 -106.963 -6.839 1.937
-37.488 -42.140 -156.875 1.844
-185.558 -104.939 -65.575 1.987
85.831 100.633 39.135 1.985
-174.062 -157.424 17.724 1.950
72.781 -142.281 -177.990 2.230
20.380 17.607 107.638 2.088
89.557 18.232 -180.760 1.941
-52.686 -98.680 53.382 2.234
-207.638 -141.911 25.780 1.955
-178.070 -35.757 78.475 2.127
158.157 -131.067 109.794 1.883
-153.535 -90.992 34.742 2.041
6.357 -153.349 -81.558 1.969
43.360 -126.636 -81.856 1.941
-12.387 -26.674 159.558 2.013
134.264 187.297 -162.411 1.952
90.779 -137.667 -24.414 2.036
-216.171 -44.086 4.541 1.895
73.026 -189.194 -71.983 1.993
-185.615 -165.218 176.609 1.787
140.364 -25.057 -150.827 1.940
105.015 -80.093 -135.445 2.024
206.970 -168.327 59.004 1.964
198.533 -169.136 -16.768 1.996
-103.429 38.570 -97.671 2.050
-81.904 124.033 -64.174 2.033
21.551 -160.003 2.049 1.848
-29.391 -133.211 13.891 2.009
-148.618 -153.183 91.185 2.049
-39.763 126.397 -63.063 1.949
-7.371 17.422 181.693 1.901
-188.636 107.019 -33.227 1.974
140.076 -172.657 137.019 2.072
208.025 -104.950 92.445 1.916
75.799 108.742 -92.325 2.023
15.541 135.510 -149.632 1.823
-115.343 -128.205 -95.132 2.001
-151.922 -56.925 129.476 1.806
-188.069 -120.965 -103.145 2.133
-171.886 109.508 -161.416 1.912
-49.005 137.368 182.157 1.951
-194.988 -137.127 -142.529 1.940
-124.508 -171.580 17.996 1.999
207.264 -34.730 11.467 1.882
-1.063 123.993 -42.074 2.201
-136.850 -117.554 -24.370 1.964
-89.143 60.690 69.166 2.083
-186.711 -14.152 -12.693 2.038
-149.012 -49.364 153.059 1.878
204.559 121.574 177.832 1.771
33.624 -33.098 -141.036 1.917
-90.023 127.272 -93.428 1.990
-144.310 -97.640 -73.315 1.854
-63.749 -83.719 -33.316 1.934
-203.687 -180.736 -108.214 1.999
-99.561 104.858 -107.732 2.009
-44.133 -45.619 91.504 1.996
26.697 119.460 -196.539 1.926
205.799 55.212 -179.117 1.924
194.886 -107.108 74.517 2.011
116.089 -4.788 127.325 1.835
-88.165 -184.550 138.095 1.972
132.754 -15.999 -165.272 1.799
-111.728 -116.838 -96.149 1.876
193.961 -77.043 -62.031 1.947
-85.738 30.160 -44.583 1.899
105.907 112.774 177.270 1.933
213.099 40.369 -102.307 2.049
82.006 126.976 -40.690 2.057
-88.154 82.996 -79.336 2.011
105.666 6.431 -176.223 1.895
194.213 102.314 -153.525 2.159
166.943 20.750 154.001 2.053
201.659 12.746 -135.865 1.979
-107.129 -7.966 79.378 1.835
201.668 181.566 167.362 1.987
117.036 -90.938 -10.876 2.020
-66.272 -122.250 163.833 1.988
159.761 -146.924 -0.121 1.830
-170.467 36.952 -141.555 1.989
30.487 -19.621 -22.960 1.862
186.854 98.445 186.615 2.048
-58.519 -98.434 -28.750 2.039
-68.215 91.916 -135.782 2.108
49.138 37.430 105.525 1.956
-73.754 -107.206 137.166 2.065
216.508 115.681 -174.767 2.130
-223.481 -63.088 183.399 1.968
-103.490 58.408 181.722 2.071
-184.875 151.615 -40.673 1.868
-202.602 -17.555 42.192 1.906
46.240 -78.358 5.956 2.000
82.901 -10.278 -121.024 1.993
199.258 34.309 -124.365 2.153
-18.639 -1.232 -132.539 1.983
-202.268 -58.880 -7.670 1.880
139.624 12.903 -117.987 2.030
136.945 12.318 -126.515 2.087
-204.121 -52.830 91.345 2.170
-52.639 -145.375 78.994 2.041
4.824 -113.919 158.471 1.962
205.531 57.995 172.621 1.944
153.499 -138.476 -98.058 2.069
221.736 139.543 1.949 1.898
-38.410 -125.125 -12.586 1.945
16.082 -13.457 191.639 1.821
-152.501 53.436 -149.918 2.060
-141.706 128.635 -76.595 2.040
-110.106 -72.598 49.316 2.037
-29.419 -4.158 14.634 1.882
-75.513 112.548 -18.122 2.117
9.001 50.569 120.558 2.070
85.539 -41.848 -112.076 1.980
-182.263 -181.176 -94.415 2.008
-196.577 -103.981 -65.412 1.806
168.440 153.236 45.728 2.184
62.303 -77.817 22.174 1.871
208.764 -148.127 -196.042 1.924
62.007 33.964 38.714 1.848
79.867 13.349 -77.828 2.187
208.812 152.250 146.845 1.845
-114.275 38.315 115.375 2.058
89.979 1.563 143.538 1.707
-91.348 -24.181 56.507 1.950
-109.775 7.372 -21.648 1.991
-162.156 -30.074 -69.008 1.929
184.234 -146.427 13.030 2.007
-51.959 5.418 -83.106 2.111
114.442 67.709 -52.751 2.070
-181.052 -187.814 -99.900 2.001
-14.804 -33.465 -184.790 2.009
6.857 118.183 6.340 1.833
-115.586 92.742 -138.400 2.081
-3.293 -187.098 178.953 2.090
78.558 128.050 -3.045 1.953
193.233 71.492 121.938 1.722
217.984 -66.269 -134.873 2.132
54.754 -143.686 -41.528 2.155
-26.026 -61.027 -24.384 2.098
-88.415 -57.152 -98.133 2.135
-112.812 -21.152 144.845 1.986
214.125 -77.210 76.148 1.959
-164.448 -9.525 -119.566 2.010
-198.640 84.458 18.720 1.877
164.967 -173.012 130.276 1.981
28.936 119.400 -94.614 2.069
47.855 -189.906 -42.353 2.099
-45.778 118.040 -177.168 2.021
142.116 94.295 71.842 2.124
-130.454 48.933 149.697 2.099
44.741 55.335 136.050 2.011
72.003 3.751 71.803 1.808
190.830 24.104 -99.352 1.983
13.491 141.940 -45.884 1.932
7.106 -123.001 -18.950 1.868
-41.388 -137.380 80.035 2.199
-11.319 75.434 -193.621 2.049
-119.496 -97.226 170.766 2.158
182.501 -147.901 194.472 1.961
-222.072 179.802 -159.840 1.963
-195.835 69.666 0.032 2.055
200.614 76.844 62.173 1.795
-83.552 13.458 -140.216 2.009
-9.528 -44.660 108.979 1.904
-52.030 144.129 79.256 2.053
90.560 5.549 92.259 1.925
32.533 -180.600 -16.670 2.047
72.832 161.583 -189.704 2.118
19.271 83.057 25.761 1.945
-214.400 153.134 38.252 2.184
-198.117 36.797 -31.842 2.035
67.563 -115.741 55.919 2.004
128.271 -95.159 38.834 1.870
110.337 22.944 -110.107 2.041
-70.370 -114.137 -38.797 2.204
21.589 -45.764 -157.768 2.120
-142.934 116.634 180.822 1.951
114.188 72.382 198.825 1.972
5.175 -107.318 141.881 2.011
167.784 173.611 -29.804 2.081
-90.854 -122.328 195.595 2.091
90.020 55.246 -46.919 2.011
-45.913 118.299 -30.200 1.993
-149.258 -82.856 73.359 2.025
1.559 -188.327 -26.723 2.032
-25.930 -86.307 -98.451 1.989
-149.324 -151.797 -77.278 1.956
-159.449 -156.392 17.390 1.967
-10.868 -97.994 -116.100 2.098
52.680 -26.158 -111.711 2.028
-114.769 -67.055 2.886 2.031
36.620 83.108 -174.712 2.026
170.856 103.044 -95.695 2.175
-83.814 -108.648 198.147 2.175
177.234 9.404 30.979 1.980
-12.243 177.800 165.736 2.138
41.298 -173.603 107.892 1.963
-119.546 71.446 -168.981 1.983
-154.825 -124.976 153.580 2.118
-60.932 -7.723 -35.124 1.964
-92.384 106.212 65.040 2.111
-1.249 6.841 -146.916 2.102
-73.609 150.996 -90.654 2.059
-78.381 -182.371 77.813 2.082
114.263 -138.789 -148.383 1.892
-51.537 20.650 -78.204 2.137
90.880 -6.769 -41.038 1.991
-109.069 -77.756 55.696 2.032
-179.899 6.053 30.548 1.821
217.214 -113.071 72.739 2.002
71.207 -143.271 -171.178 2.048
56.524 24.146 67.947 1.896
-45.481 -93.484 116.829 2.078
-49.584 -174.836 74.588 2.047
204.443 -6.076 -109.170 1.909
-204.925 93.576 -12.762 1.980
1.804 110.303 -84.235 2.005
44.778 -124.575 -113.028 2.265
-59.826 -51.816 76.605 2.170
106.325 50.697 -113.549 1.788
-189.095 170.239 -58.164 1.941
183.733 -70.320 5.410 2.171
85.102 167.208 196.911 2.196
189.393 105.293 -122.884 2.023
-27.115 136.218 153.670 2.114
-5.277 -29.067 2.270 1.986
-4.080 166.978 167.532 2.158
6.115 -185.048 193.499 1.953
15.278 -53.152 -63.658 2.096
184.612 180.755 -148.114 2.033
-137.644 -39.324 62.536 2.081
-103.396 7.963 6.246 1.937
-3.306 -146.755 -96.558 2.268
150.651 158.573 -171.390 2.185
-63.636 104.214 180.159 2.158
-58.831 -150.885 160.385 1.950
-61.018 -119.285 -13.689 2.006
-78.943 -21.532 0.430 2.107
119.053 -32.596 72.216 2.104
82.250 110.245 63.402 1.948
8.805 1.787 198.975 1.850
182.038 154.446 -51.512 1.881
-121.535 179.385 139.533 1.778
203.135 100.309 -160.206 2.097
-19.694 -141.428 10.201 1.917
186.160 -33.322 -157.139 2.073
198.853 140.499 37.206 1.986
-62.778 168.726 43.733 2.032
87.866 141.094 145.540 2.010
160.155 128.549 34.658 2.006
-81.478 138.697 -84.069 2.103
106.121 125.072 82.793 1.984
89.365 -186.340 -122.103 1.980
53.942 32.563 95.352 1.931
-0.425 -40.259 88.310 2.137
-39.411 -145.824 -182.798 1.884
177.058 -29.909 26.565 1.915
-145.111 -45.676 -77.739 2.038
141.083 -62.775 -171.956 2.091
-51.310 121.063 -146.368 1.954
48.206 -166.112 -145.815 2.069
-206.111 165.042 78.738 1.922
90.185 37.646 120.546 2.006
9.373 172.212 128.134 1.808
-162.118 28.528 168.704 1.879
-189.671 177.386 -132.928 2.142
32.649 -77.107 -153.822 2.096
-3.962 10.327 122.769 1.997
193.771 -94.253 -130.601 1.802
-131.374 115.621 -9.460 2.027
-204.683 -16.500 35.297 1.856
48.076 31.495 -124.546 1.960
133.137 136.576 -59.795 1.796
158.789 -143.580 -17.555 2.014
64.232 -71.274 -138.793 1.855
95.292 -24.881 46.736 1.903
209.497 102.774 -56.714 2.014
17.241 -39.719 -167.714 2.103
14.837 -43.735 -140.263 1.994
-200.759 -117.017 184.250 2.058
-22.754 1.307 -199.999 2.064
89.111 45.085 -116.432 1.829
-93.643 -41.355 -1.341 2.048
