147.499 8.641 197.238 2.039
114.414 107.357 194.045 1.917
120.386 -70.362 -192.384 1.843
-96.940 3.435 195.464 2.049
-50.624 -37.648 -185.741 2.024
-96.759 25.311 -122.667 2.244
98.832 54.993 152.817 1.960
89.276 78.893 38.589 2.080
104.478 146.100 51.312 1.993
116.141 32.555 -149.343 1.924
106.724 170.311 182.294 2.049
-100.483 -57.437 115.653 2.039
-190.413 -112.653 86.294 2.168
113.719 139.759 112.347 2.168
127.181 71.386 -42.151 1.899
-161.943 59.602 -152.848 1.935
-57.699 168.914 65.685 1.975
222.717 108.037 80.161 1.909
-109.215 -45.202 -0.779 1.960
13.327 -189.091 -82.931 1.814
76.560 186.476 109.368 1.845
31.129 -29.526 -10.131 1.998
-151.318 -109.969 196.233 2.105
-122.844 -23.073 59.560 1.977
12.729 -153.647 74.879 2.155
-191.743 -130.597 122.117 1.964
150.789 61.075 -195.653 2.027
-86.031 -85.582 10.189 2.131
-124.351 -83.427 180.901 2.182
49.514 -183.547 88.998 2.011
222.583 -118.200 -61.610 2.024
114.432 101.686 -68.897 1.995
133.380 -176.558 128.168 2.002
-155.272 128.301 -60.726 2.131
-114.415 30.838 -78.532 1.854
-67.966 -189.211 -97.914 2.135
135.276 62.146 144.161 1.919
-49.834 170.071 139.014 1.960
-88.340 157.591 52.700 2.009
-35.898 -81.084 26.188 1.940
33.104 24.563 193.056 2.080
-37.600 -42.341 -77.294 2.218
65.093 162.675 -47.699 2.066
-163.469 117.789 49.142 2.025
4.374 43.099 1.406 1.905
-115.442 4.175 163.479 1.944
-87.462 -122.714 -58.405 2.046
-59.876 149.562 102.610 1.930
146.476 153.270 137.040 2.043
151.025 -62.122 -193.271 2.091
170.677 32.494 -59.128 1.907
-203.965 102.527 -114.441 1.804
-68.805 -35.349 137.025 2.006
-204.996 153.830 176.383 2.120
-9.947 47.508 -198.815 1.943
34.349 -23.444 -55.984 2.256
106.894 -56.154 -198.681 1.975
92.717 122.241 -62.939 1.874
46.161 90.051 -2.225 1.959
-63.170 -184.354 39.391 2.041
-163.245 -51.130 119.526 1.846
-130.839 41.706 -144.804 1.938
-136.873 -0.165 -49.600 1.976
-14.296 -152.594 -72.298 1.971
-121.903 -111.790 -101.153 1.959
-146.687 -63.459 180.185 2.070
96.724 134.181 186.350 2.103
161.104 -156.229 61.098 1.947
207.595 -165.911 -174.165 2.001
216.913 -126.276 -117.871 1.895
-163.035 -66.874 17.844 2.029
163.643 -120.444 46.513 2.060
-135.285 -146.338 152.251 2.047
84.946 168.049 -108.508 2.002
-5.802 174.312 106.984 1.920
224.429 165.108 160.478 2.021
221.698 0.751 138.033 2.023
-210.863 65.857 -32.878 1.922
224.539 152.174 185.679 2.052
-65.476 102.391 54.848 1.883
58.343 76.469 -65.098 2.158
168.963 41.989 -174.147 2.023
208.424 -91.812 180.535 2.075
203.043 -59.963 -60.745 2.078
-107.202 -176.489 164.949 2.057
19.358 -18.697 -115.640 2.166
221.467 -107.343 -89.933 2.065
-220.391 -33.281 -188.363 1.985
25.616 74.756 -164.336 2.018
75.928 98.348 -76.405 2.129
-5.499 105.407 3.807 2.090
190.650 -152.209 157.980 1.912
-196.606 86.368 165.002 2.017
-25.017 -151.515 46.598 2.083
-160.179 -16.765 -101.647 1.838
-114.010 -162.982 -136.334 1.971
-138.887 104.176 -69.665 1.991
-23.540 36.816 106.296 2.081
73.466 137.583 -47.095 2.002
-96.526 122.395 80.069 2.325
159.829 -139.993 -74.542 2.118
-10.624 -109.898 -116.414 2.089
135.745 -75.779 -154.762 1.994
-1.118 56.998 84.163 1.938
56.134 18.944 -85.863 2.130
161.207 -9.672 -165.482 1.884
0.833 -39.542 75.540 1.853
-144.588 -84.727 -89.166 1.962
110.178 89.177 -94.761 2.148
112.470 118.616 37.176 1.886
-132.011 -13.613 -74.642 1.986
96.366 -129.493 -129.061 2.063
-134.136 -56.683 186.347 2.140
106.264 -4.243 66.358 2.040
167.913 14.359 29.745 1.963
-78.369 12.338 -130.656 1.938
98.410 74.075 73.886 1.941
104.079 90.800 169.002 2.102
72.659 143.372 -109.846 1.886
-66.326 154.211 77.102 1.864
205.723 126.983 -114.428 1.891
-200.100 -167.799 143.318 1.917
-153.372 -4.569 -196.396 1.905
114.246 143.608 120.113 1.877
125.130 -10.288 138.807 2.074
104.122 -103.878 -93.716 2.082
154.280 24.762 -96.739 1.886
-141.163 24.321 -144.115 2.137
-168.410 -50.958 97.974 1.893
-155.074 113.926 -60.689 2.015
12.128 91.506 -139.437 2.019
-102.819 -105.895 177.741 2.186
137.224 -123.034 132.309 2.123
-191.923 128.191 -61.441 2.006
210.452 -135.278 57.872 1.945
98.901 152.873 -41.872 1.926
214.835 186.288 41.859 1.943
86.538 160.437 148.798 1.927
-35.254 -72.882 122.650 1.991
-167.263 -50.936 187.820 1.724
199.521 35.078 -13.792 1.903
-212.972 80.749 105.304 2.028
-44.800 115.905 32.720 1.877
166.935 -145.296 57.374 2.149
-180.490 13.779 -168.113 1.882
-84.335 -156.959 78.368 2.089
-222.624 128.386 35.387 2.268
38.406 6.432 195.416 2.117
-203.280 113.820 167.996 1.905
160.611 -106.195 -9.859 1.970
-31.023 8.596 112.089 2.023
-175.441 -12.083 68.343 2.009
21.267 147.885 -150.388 2.015
186.230 155.027 10.313 2.119
211.747 -4.711 -11.898 2.084
-159.864 -59.693 163.358 1.910
3.143 154.969 -8.194 1.999
-214.676 -29.666 -134.243 2.158
24.054 136.856 199.482 2.185
-106.676 -20.510 67.563 1.977
173.793 -47.642 47.762 2.074
-8.647 -88.492 -42.342 2.112
-140.172 67.975 187.512 2.079
147.024 102.954 178.464 1.972
149.817 123.717 85.983 2.338
-111.985 140.642 -125.250 1.966
-127.845 62.674 -166.020 2.017
129.179 53.845 -39.145 2.062
-14.086 72.118 -156.202 2.090
81.899 8.436 -129.435 1.994
-35.414 53.289 -15.999 2.055
37.508 80.304 19.640 1.969
-74.991 60.214 89.458 1.900
-190.822 -36.659 -65.911 2.007
196.119 15.772 123.700 1.998
135.756 70.247 -199.195 1.895
-29.999 57.841 -185.120 1.925
0.648 130.226 171.173 1.993
-53.428 178.193 6.005 1.867
-187.504 118.935 -73.914 2.084
-42.717 82.215 -69.512 2.098
104.857 -82.273 128.443 1.933
179.509 -159.187 -45.789 2.037
18.587 101.191 -103.173 1.869
-96.836 -150.771 -54.994 2.106
-207.261 76.163 -118.477 2.172
-10.638 19.103 198.533 1.977
31.864 72.987 -181.983 1.945
193.239 138.258 -102.279 2.144
67.473 -15.279 -64.052 1.913
67.429 -83.412 80.576 2.071
129.139 -18.983 -177.991 1.946
152.805 149.800 -130.836 2.114
165.040 121.668 -35.179 1.867
6.251 -70.179 -171.184 2.055
2.521 -94.721 -47.148 1.994
50.311 -102.882 -146.188 2.025
-125.716 32.488 4.391 2.056
-2.332 118.193 166.669 1.869
-74.294 106.672 -93.555 1.917
211.651 32.724 93.166 2.074
-113.465 51.515 173.810 1.939
-3.983 116.355 -52.675 2.093
91.735 101.903 168.942 2.034
130.669 -43.177 76.776 1.863
-93.709 -17.862 39.310 1.981
-210.171 -35.211 134.287 2.013
-22.257 49.056 10.539 2.064
166.960 116.563 -132.966 1.962
-172.017 119.553 132.160 2.010
-190.921 150.954 -22.980 1.970
-20.025 -47.652 -181.990 1.978
-183.986 29.220 38.854 1.833
210.541 113.273 -57.292 2.042
-90.140 -63.184 -99.384 1.993
-49.359 42.454 23.780 1.965
-81.908 -19.121 -84.037 1.931
64.967 -44.493 128.585 1.977
-163.781 -187.035 -184.937 2.052
16.000 -51.400 112.669 1.941
-174.620 118.832 -13.059 1.893
-23.444 -69.184 175.849 2.175
196.597 -50.234 -51.554 1.909
-179.474 -0.958 -155.746 2.031
129.876 132.926 22.127 1.944
123.487 119.048 -146.951 1.946
124.228 118.319 191.738 2.197
118.783 -158.414 -170.304 1.913
-100.381 -14.280 -161.186 1.929
30.583 -88.145 192.854 1.948
124.172 26.771 62.625 1.917
-222.677 143.952 28.954 2.043
111.672 91.779 -175.696 1.889
68.936 32.075 1.781 1.931
-222.944 -151.084 25.173 2.032
-119.302 -106.267 -136.262 1.929
194.342 -169.870 128.478 1.885
-195.062 -31.807 -86.167 2.090
56.894 96.406 -43.179 2.105
-8.870 146.704 -40.643 2.069
-175.687 184.029 133.700 1.917
-42.560 -187.126 156.744 1.940
-113.174 8.849 199.683 2.069
220.101 129.619 -48.320 2.041
-154.823 16.141 -150.077 2.045
184.370 -108.796 -132.919 1.871
139.569 -17.876 68.429 1.959
-35.758 127.465 187.554 2.010
-51.642 -186.909 70.708 2.004
-174.827 90.856 -47.156 1.959
33.234 -158.316 -109.396 1.904
92.675 159.878 119.890 1.881
-81.552 -65.683 51.379 2.057
-217.414 64.560 62.578 2.007
-95.953 41.630 97.920 2.066
29.532 69.631 -139.500 2.044
95.939 34.410 -87.032 1.964
-137.695 99.080 -36.719 2.093
102.463 -74.019 66.084 1.866
175.705 -34.045 -95.465 2.056
-206.952 -152.810 162.536 2.001
156.230 149.546 40.157 1.933
173.665 -182.955 107.367 2.109
-126.600 -166.417 -153.770 1.824
116.286 -14.319 101.492 2.040
29.589 -160.066 164.489 2.189
-89.201 -51.423 -193.151 1.871
-182.947 84.672 -176.877 2.060
105.416 -154.716 -5.010 2.034
-67.782 -37.910 138.323 1.912
37.190 150.408 146.722 2.066
-205.413 -85.593 177.293 1.984
-30.282 51.701 -152.270 2.112
-35.946 -19.251 122.986 2.124
198.725 43.113 73.796 2.144
27.116 134.474 98.836 2.083
-25.966 -0.140 -87.274 1.989
-119.560 27.768 90.467 1.909
88.535 -104.713 19.284 1.940
205.807 142.856 -172.235 2.004
17.376 171.415 -171.204 1.851
177.484 164.193 -87.395 1.957
120.132 -135.161 96.209 1.976
57.396 10.513 17.688 2.090
142.713 -3.931 -38.076 2.138
188.621 -150.928 165.747 1.970
-9.010 74.184 24.542 2.072
-47.872 -78.066 -125.383 2.015
-50.831 -74.700 -137.890 1.939
-42.416 -188.139 -16.559 1.899
-79.385 -91.922 -188.463 2.146
-148.888 114.563 15.183 2.128
-198.275 -44.251 120.769 2.026
-34.383 118.261 -41.010 1.865
125.476 -165.935 161.386 1.987
48.890 -180.266 -43.414 1.836
108.900 -62.470 -124.819 1.872
-179.737 -28.281 176.754 1.882
-106.430 -162.555 65.725 1.907
-41.301 -169.507 -148.880 2.103
72.243 -153.411 40.458 2.075
91.139 181.244 117.214 2.021
69.839 -97.560 -167.484 1.967
-180.866 -62.340 17.541 1.986
136.658 42.961 -21.939 1.995
-71.034 33.958 156.467 1.931
98.122 -38.150 153.217 2.006
133.367 25.049 105.192 2.054
203.668 -12.407 -33.295 1.834
179.698 -133.741 -85.438 2.122
-78.371 187.316 -162.841 1.907
-109.257 -183.773 161.230 1.999
119.710 -96.426 -114.136 2.062
-4.152 69.105 64.818 2.120
173.753 -132.383 -89.264 2.007
-60.972 85.742 -56.150 2.079
-177.249 35.467 57.662 2.138
-140.899 -167.539 7.087 1.956
149.723 -152.709 -66.070 2.019
200.422 60.779 62.144 1.928
155.912 -111.023 127.733 2.053
109.196 -90.643 158.321 1.864
186.908 -3.220 -51.407 1.947
222.253 -7.574 190.437 1.991
201.929 -67.812 35.729 2.015
35.949 -15.516 -185.006 1.772
140.358 48.445 -15.962 1.937
-76.377 48.384 20.021 1.865
204.052 34.055 -116.437 2.045
104.971 73.599 64.519 2.085
40.181 141.020 134.689 1.922
-138.592 3.367 -147.724 2.042
142.088 21.133 -168.869 1.978
-126.654 176.677 -34.416 2.220
161.698 -126.930 -175.938 2.116
-122.766 -23.432 -115.639 2.030
-121.826 44.899 164.903 1.981
63.769 -40.245 -133.534 2.096
70.554 -70.565 85.015 1.847
108.580 -179.194 122.040 1.934
-121.269 88.809 -0.350 2.051
-217.500 189.859 -77.881 2.128
-165.669 0.370 143.666 2.021
22.119 187.325 20.044 2.055
57.507 167.466 -21.955 1.953
-33.728 -189.401 -21.076 1.922
-70.065 -157.805 -32.783 2.008
83.853 45.863 187.962 1.852
-67.966 29.432 181.688 2.037
-158.844 -140.647 -4.538 1.871
-74.280 159.238 -78.586 1.990
209.874 174.558 -166.675 2.024
97.554 84.730 112.827 2.034
10.876 16.185 151.178 2.066
-147.247 -170.082 -190.689 2.096
-159.785 -166.857 -56.934 2.025
144.874 -5.695 29.222 2.008
-172.364 -59.525 174.330 1.855
190.090 -144.972 0.466 1.945
71.076 -49.302 -170.839 2.103
212.298 -15.913 108.653 1.978
71.788 94.602 -152.270 1.988
24.353 66.395 184.752 1.920
134.345 -54.343 46.771 1.864
42.350 103.105 -91.361 2.107
181.894 155.375 -184.838 2.017
160.083 -11.741 25.681 1.870
207.328 163.586 90.941 1.960
-63.505 -84.948 -195.297 1.937
205.130 -162.470 6.213 1.966
-56.123 -128.111 36.709 2.019
-36.178 0.889 -165.795 2.205
-210.346 124.590 -145.281 1.982
181.611 -12.337 82.905 2.110
-32.147 -73.575 41.735 1.796
84.464 -168.294 6.744 2.074
-39.994 162.605 42.822 2.002
-3.076 101.163 194.083 1.872
13.794 -182.237 -166.247 1.878
-0.350 -120.067 11.790 2.048
119.955 108.529 -121.445 2.074
64.121 -17.827 -165.867 2.112
-12.160 -184.626 16.064 2.033
18.694 -181.595 6.946 2.038
174.924 123.861 1.506 2.021
30.317 84.255 -10.203 2.034
198.270 135.195 197.328 2.107
-100.148 23.031 167.002 1.917
150.075 -184.327 148.125 1.892
-97.595 95.313 7.180 2.052
-86.264 105.977 -53.476 2.198
-151.233 11.150 -178.047 1.862
156.739 -112.112 177.172 1.952
145.651 -82.651 -191.001 2.036
130.290 122.137 194.266 2.069
-215.099 49.201 82.449 1.902
-208.500 113.473 161.672 1.873
-172.997 -178.955 78.639 2.085
-101.228 116.239 -10.826 2.088
67.092 150.465 139.869 1.733
111.914 -3.471 -185.590 2.113
216.632 -25.151 -94.109 2.047
-100.674 -1.308 -81.697 1.849
-184.167 73.342 -178.065 1.979
-140.749 153.610 195.245 1.863
154.470 138.593 169.854 2.190
165.211 -188.648 -157.974 1.921
-89.380 103.166 -67.880 2.039
134.557 -187.807 145.314 1.970
-134.115 -169.778 -28.163 1.966
-42.975 -45.526 192.781 2.005
125.293 -95.072 151.814 1.957
217.090 184.743 38.776 2.035
66.238 39.094 -199.728 2.036
-167.034 109.162 7.095 2.063
200.720 -5.098 87.956 1.929
39.085 55.998 138.536 2.200
78.366 155.277 189.805 2.000
58.393 -68.390 56.196 1.792
62.441 18.272 187.431 2.064
-143.614 -165.504 120.200 1.870
-99.815 182.939 -83.692 1.905
94.993 -186.817 -87.452 2.067
134.497 -138.625 86.840 2.000
-197.536 -86.961 18.390 2.102
30.511 -127.193 -183.387 1.887
-134.265 107.041 -47.405 1.977
92.113 -19.028 21.246 2.009
-40.744 100.996 -184.648 1.878
-69.897 180.384 -172.447 1.938
-167.688 35.052 -130.741 2.055
-152.653 178.493 -187.272 1.929
140.514 -92.464 81.721 1.955
-92.670 65.511 -139.774 2.067
-190.626 152.127 -84.653 2.090
13.651 111.288 -124.757 2.016
179.989 107.385 -66.369 2.012
-144.960 19.967 -109.885 2.087
65.687 48.934 -167.099 1.993
-181.992 -105.743 192.880 1.916
166.837 -149.791 -97.781 2.136
-38.153 -87.492 155.708 1.992
-140.024 -173.197 83.227 1.930
-123.330 -114.913 -7.447 2.075
-55.555 -105.102 139.082 2.056
116.450 -53.173 154.360 1.946
-150.442 -67.983 175.110 2.078
88.152 100.950 -82.014 2.182
198.516 76.493 170.802 1.991
-222.976 -64.135 -16.301 2.242
212.292 -93.596 -147.795 2.177
-143.043 75.260 -37.286 2.090
68.616 57.069 -180.696 2.119
-71.502 -104.596 -132.639 1.984
-38.610 5.800 -173.423 2.180
-109.462 146.286 -80.698 1.922
-14.053 115.945 144.777 1.943
9.513 -165.725 178.652 2.119
209.551 -15.463 76.846 1.870
110.163 97.104 174.211 2.001
128.184 64.970 101.977 1.972
33.077 -9.309 63.238 2.076
110.406 -54.367 -60.281 1.799
-8.219 -139.145 80.567 2.028
197.699 -101.378 67.807 2.015
216.079 172.297 31.677 2.046
133.147 -28.909 178.254 1.924
-20.675 187.167 -104.324 1.930
-22.038 -138.279 8.349 1.970
-52.256 -103.505 20.573 1.926
199.514 -42.186 -137.128 2.095
-134.809 -84.189 -60.745 2.070
-29.249 176.355 155.811 2.154
50.057 -103.205 -126.794 2.087
50.088 -158.810 183.037 1.951
76.772 -82.959 -120.215 1.858
-22.302 54.707 93.730 1.966
-65.010 -186.548 -156.746 2.094
-32.256 -161.951 -63.616 2.098
190.351 -0.090 -199.998 1.940
36.368 161.200 -113.837 2.193
24.980 115.325 -90.373 2.168
-151.395 42.249 -172.130 1.945
88.381 17.433 71.312 2.004
-114.967 172.342 12.858 2.062
182.075 -41.645 -37.274 1.943
-86.820 148.191 9.827 2.111
0.809 -85.273 183.860 1.998
-33.676 56.000 142.205 1.888
-59.139 125.918 -40.171 2.020
68.313 -52.453 -78.954 2.153
-160.986 64.119 158.844 2.063
-158.606 47.519 199.342 2.034
-145.848 88.092 94.545 1.979
-44.058 -170.945 -164.627 2.250
-189.786 -8.187 -98.401 1.994
143.451 -162.102 -165.480 2.149
-22.242 -47.850 45.078 1.991
-152.200 27.697 169.662 1.990
18.214 -24.715 -67.676 2.079
112.458 45.622 -86.088 1.775
-155.798 16.018 178.763 1.946
210.719 -135.875 96.426 2.177
165.724 58.806 -145.986 2.100
59.094 61.918 -126.814 2.089
-59.150 170.617 -14.330 1.839
-84.625 155.661 -18.711 1.825
-7.915 44.492 51.934 1.938
118.726 185.606 -5.304 1.920
-79.303 170.450 -9.762 1.861
-32.574 -179.376 35.438 1.936
84.921 -158.575 -106.000 2.010
196.830 -182.412 195.591 2.022
153.725 105.989 -6.300 2.002
-114.882 138.261 9.953 1.854
71.127 -0.563 76.835 2.111
-82.922 32.972 -127.668 1.999
168.242 -159.849 20.739 2.169
-23.498 -143.565 -36.227 2.040
1.851 95.833 54.213 1.989
-156.726 -1.066 161.241 2.210
200.069 9.968 -110.222 2.156
-101.937 -149.841 117.067 2.043
142.393 102.030 -15.844 2.279
-196.220 119.245 194.644 1.881
22.933 134.600 -123.961 2.113
-159.705 -45.157 -11.828 2.069
-101.779 161.614 69.839 2.048
-11.775 93.035 -164.458 2.178
-195.752 89.744 171.777 2.069
-144.355 -1.647 -195.834 2.090
41.778 17.045 17.898 2.030
194.030 132.723 177.460 2.135
-36.931 -176.143 87.958 2.108
190.852 -51.693 -190.917 1.944
-52.924 -111.349 -49.943 2.031
-117.057 -129.029 -160.422 2.078
85.005 -112.869 -122.987 1.927
-49.684 -145.632 -129.272 1.793
97.278 165.109 -170.216 2.141
-30.569 184.585 -103.322 2.086
-62.179 30.256 127.164 2.174
160.741 -27.606 54.931 2.054
24.310 110.359 -125.230 2.122
-171.489 14.808 -160.809 1.840
-168.719 59.928 185.940 1.879
86.095 37.049 -184.927 1.956
182.243 -88.726 139.575 1.761
-86.399 -91.865 -184.988 1.890
51.087 -76.070 1.833 1.953
113.255 37.670 40.974 1.801
140.860 -28.183 -57.980 1.940
-164.780 68.326 51.046 1.920
188.376 120.591 -76.873 1.966
-106.728 94.381 -40.571 2.036
-64.786 90.007 -9.715 1.991
-115.864 -57.184 -191.243 2.002
-53.547 58.922 13.128 1.984
66.441 -45.969 -14.013 1.990
-6.952 -116.266 -112.132 2.088
208.376 -130.508 156.967 1.936
-37.471 -132.218 121.989 1.954
-113.328 -78.487 -187.239 2.100
139.148 -187.295 104.787 1.971
-197.726 57.470 64.836 1.957
64.658 136.985 -27.562 2.134
224.313 -8.799 -141.892 2.000
11.054 -154.513 -102.327 2.072
-8.514 -140.217 -113.772 1.927
80.334 -22.527 104.794 1.938
132.897 -96.357 92.202 1.815
20.040 181.128 -94.793 1.867
14.480 -30.666 30.900 2.003
148.842 -74.541 79.689 1.874
187.972 -141.999 -8.505 2.089
32.933 -79.056 151.665 1.974
68.343 -60.759 88.312 2.076
-92.680 -104.124 17.844 1.998
56.841 -11.780 -198.625 2.051
118.820 6.899 -45.335 1.968
25.890 81.375 61.315 1.901
-96.839 -40.884 35.095 2.244
-89.432 -145.095 68.665 1.968
112.237 78.854 153.311 2.007
-185.967 -35.723 -89.735 2.031
100.991 65.470 94.646 2.212
-73.593 144.044 0.617 2.113
115.650 -5.440 -7.200 1.883
-214.329 -51.437 -48.770 1.977
-45.358 24.898 47.072 1.913
-10.479 116.179 -83.964 1.961
-0.881 168.240 -58.466 1.936
-57.354 38.699 -111.731 2.100
-85.885 -76.852 -169.118 1.923
220.645 185.700 -186.574 1.875
158.889 -13.347 78.364 2.066
-138.604 -99.297 -34.621 2.042
43.347 -46.283 -191.813 2.114
-43.497 -52.530 -154.587 1.935
47.161 71.489 -77.703 2.105
195.438 121.591 162.811 1.811
-174.419 -16.798 -21.602 2.112
16.141 -2.173 102.598 1.996
-1.197 -173.099 45.657 2.033
-137.403 6.389 77.483 1.895
-223.989 -155.608 -117.162 2.106
165.842 -179.431 176.742 1.798
171.678 -152.521 51.881 2.158
199.944 -3.512 64.102 1.967
-212.547 4.387 -108.227 2.047
-47.180 -71.114 129.269 1.988
20.083 157.196 -87.963 2.086
-32.610 -168.879 166.219 1.816
-144.801 -134.360 41.264 2.070
56.485 -172.458 27.698 1.983
136.442 141.995 -65.024 2.015
-169.198 41.443 30.890 1.945
189.399 -122.923 -37.701 1.945
-140.676 169.733 139.665 2.013
-177.387 -50.488 -76.082 2.038
198.836 -151.100 180.922 1.927
93.307 112.587 -156.080 1.883
-167.579 103.111 93.771 2.155
-208.710 105.828 131.490 2.065
54.899 -58.569 182.675 1.888
-36.927 2.729 -164.761 2.084
12.593 187.038 -161.398 1.849
-95.815 82.584 83.474 2.080
125.938 77.720 80.832 2.032
-11.216 73.015 -173.728 1.946
194.620 54.894 -22.867 1.884
15.981 -46.549 22.701 1.975
184.496 -127.361 31.158 2.059
-29.878 182.039 -29.104 1.887
-67.888 -145.545 -176.423 2.048
-27.547 -27.894 108.065 1.916
-7.807 124.893 122.241 1.961
-124.253 96.205 -114.228 2.120
109.493 123.732 -172.413 2.202
169.976 -152.306 64.089 1.968
-11.864 153.462 85.515 1.922
-189.471 -132.211 -139.075 1.872
-6.420 -159.384 132.727 2.140
61.316 112.793 -59.490 1.881
210.724 33.753 -111.627 1.933
105.381 -57.434 -69.696 2.005
-163.501 -83.977 -32.823 2.021
202.799 154.484 50.800 1.839
-91.155 66.084 -50.770 1.918
35.035 119.666 -59.521 2.037
166.571 108.989 -49.252 2.135
65.384 26.584 -68.527 2.058
-70.813 28.697 -192.747 1.858
176.937 -42.355 80.522 1.981
200.232 -175.535 -7.625 1.973
-122.398 43.895 -46.795 2.031
36.407 -107.998 177.552 2.036
221.653 -144.333 139.954 1.964
-185.281 -50.557 -178.708 1.895
-83.147 172.589 139.605 1.974
-200.448 56.263 88.790 2.054
-138.332 -113.892 169.533 2.009
206.012 -171.270 -172.802 2.204
-145.780 99.895 22.679 1.996
-174.719 -5.879 2.463 2.087
171.041 -135.381 -181.208 2.013
103.158 -48.233 -47.654 2.099
108.157 94.252 79.766 2.094
-193.473 156.917 177.729 1.993
-183.973 45.147 122.814 1.919
116.532 -74.866 99.175 2.036
-140.081 -132.541 -55.180 2.093
-14.171 72.671 -124.512 2.065
110.468 -171.018 128.634 1.848
181.123 27.334 18.689 2.097
-130.666 146.944 174.933 1.893
-62.642 142.143 129.143 1.889
-97.126 113.175 -64.381 1.904
-67.315 96.352 85.142 2.077
58.438 -103.317 32.867 1.957
-71.776 -183.359 -159.068 2.102
116.667 64.020 -41.222 2.194
-191.697 66.600 -37.173 1.808
-128.279 -28.214 3.246 2.052
54.549 -82.855 -66.363 1.986
-151.639 96.861 -91.892 2.090
25.422 -91.770 124.604 2.059
-4.664 -150.317 -83.140 1.901
217.298 168.171 31.792 2.018
89.746 24.494 -127.945 2.144
215.488 161.402 75.096 2.080
-43.475 -70.828 82.811 1.759
-66.195 93.056 113.535 1.922
-206.486 95.709 -127.663 1.950
-52.761 -56.177 113.384 2.107
36.567 106.791 80.547 1.927
199.052 4.136 65.428 1.913
1.882 185.688 84.827 2.026
91.567 -4.931 -85.855 2.152
61.927 127.169 -180.963 2.045
-127.211 -127.039 171.365 2.058
20.049 -5.371 -196.354 2.021
-168.889 175.004 167.197 2.174
-140.363 -129.229 -48.603 1.993
167.584 -169.892 -122.659 1.865
121.092 16.138 -194.401 1.985
-34.067 149.411 166.586 1.852
-31.976 -67.870 192.225 2.182
201.564 -182.219 118.835 1.866
134.053 -138.799 194.544 1.968
61.547 166.778 -164.845 1.849
-180.936 142.502 92.356 2.144
-48.025 -51.206 -41.024 2.026
-162.844 -107.290 -170.242 2.046
192.155 23.724 -98.262 1.812
-196.162 -119.168 -120.872 1.906
-202.080 105.895 152.827 1.925
176.094 173.918 68.221 1.892
17.810 -23.563 -97.662 1.875
-65.470 -107.417 2.246 2.125
-179.589 149.240 123.898 2.056
22.470 -189.991 7.965 1.917
107.581 133.197 -131.744 1.825
175.956 -188.518 102.111 2.009
99.075 -10.463 -69.172 2.088
-40.352 132.953 181.859 1.968
12.210 118.266 17.038 1.979
44.101 -56.846 -118.016 2.232
111.863 -25.289 -24.341 2.030
112.245 -174.645 198.833 1.984
-151.473 -42.571 131.417 1.931
-30.328 -29.787 -161.919 2.098
104.414 -127.935 30.381 2.224
168.330 1.266 -76.656 1.999
-21.170 22.282 -174.170 2.050
-134.567 -184.706 -118.562 2.043
100.442 -188.322 52.745 1.900
-153.239 91.203 -4.145 2.075
-25.701 163.594 116.777 1.979
-10.472 106.720 21.434 1.872
-159.277 0.538 -128.642 1.974
-146.778 121.246 175.475 1.759
-201.509 24.400 -100.307 2.099
85.049 7.718 -100.820 1.921
-206.111 -155.925 -154.877 2.050
21.538 9.364 -96.864 2.000
-106.046 -64.216 -144.733 1.893
-69.148 -165.871 -20.329 1.923
-75.121 -88.819 83.689 1.983
-185.812 116.052 -179.615 2.105
-218.698 4.978 32.813 2.074
-60.927 -51.931 2.929 1.951
-156.868 9.397 -111.721 1.810
-3.765 -132.587 96.457 1.840
-185.771 -98.411 -119.236 2.022
1.055 155.984 -196.941 1.992
-101.853 -138.391 144.997 1.920
-60.223 -99.146 -135.860 1.896
173.564 99.391 -32.200 1.913
-41.602 -186.400 -132.730 1.857
93.592 135.140 -86.873 1.979
-97.685 162.627 64.861 2.033
-5.933 -6.626 -40.823 2.018
-79.022 178.597 58.940 2.042
136.270 -11.354 157.435 2.027
-29.107 157.944 173.867 2.090
10.667 131.463 -144.145 1.861
74.927 134.832 60.356 2.009
-119.058 -111.239 -131.567 2.075
-40.959 -164.249 -97.380 1.911
46.346 -104.726 -196.176 1.895
117.811 71.017 96.308 1.860
-38.721 94.147 69.764 1.817
5.736 141.007 31.595 2.010
178.236 -35.462 -2.642 2.201
-175.634 20.200 -135.221 2.120
-27.922 -59.247 146.287 2.010
180.130 166.899 -80.388 2.103
-173.500 -112.097 114.748 1.907
48.452 -89.544 160.699 2.002
-7.452 109.832 -117.948 1.963
118.267 -29.520 38.743 1.951
-43.086 160.625 79.930 1.978
96.885 102.492 -50.941 1.977
-64.344 -152.853 -170.027 2.002
-145.154 -153.597 142.067 2.026
-183.091 -139.312 199.827 1.986
-16.672 91.419 112.131 1.845
86.926 90.527 16.278 1.959
-84.628 120.405 -113.533 1.882
47.477 -128.794 197.955 1.944
100.834 -38.571 99.004 2.022
183.495 16.370 91.650 1.976
15.825 143.590 -13.231 1.970
152.515 155.944 150.737 2.004
-22.050 94.872 -172.332 2.016
-138.375 46.307 113.334 2.059
-1.723 165.855 -24.487 2.090
94.885 99.692 -12.779 2.067
200.142 112.638 -121.283 2.037
-22.375 125.923 -40.470 2.028
-108.461 -103.543 -145.772 2.047
74.534 2.849 107.585 2.045
-10.905 166.218 77.493 1.962
-84.597 172.267 -18.847 2.096
-18.352 128.484 -142.255 2.011
28.929 88.320 -15.820 1.920
83.168 -55.956 128.850 1.999
47.304 60.615 186.372 2.030
32.423 166.143 -14.717 2.139
-169.714 153.474 36.851 2.091
70.651 87.360 38.996 2.057
209.833 -13.262 16.716 1.961
136.233 152.196 -180.645 1.972
-132.245 88.752 175.336 1.830
8.932 56.749 37.408 2.051
-22.037 -78.576 107.076 2.178
-118.802 132.152 -38.689 2.091
-108.226 -94.341 10.848 1.907
50.428 -188.712 66.838 2.144
-57.234 127.324 -87.819 1.915
-191.377 179.167 158.526 1.952
-205.178 186.976 -58.258 2.204
206.464 -123.271 -106.584 2.230
-76.603 -6.715 -34.027 1.868
118.376 -181.604 17.512 2.168
209.121 -65.596 -87.870 2.102
83.535 -64.398 -44.022 1.962
43.583 -189.110 165.568 2.090
160.267 149.745 -55.491 2.068
-159.164 -144.607 -130.092 2.178
149.349 20.201 -60.788 1.930
133.227 -77.224 -80.365 2.108
-138.863 -157.321 -163.594 1.970
194.072 -1.912 187.575 1.970
112.896 25.395 79.415 1.952
42.806 -40.845 -133.460 2.131
163.443 -67.609 78.481 1.911
29.966 -30.224 -49.627 1.836
-166.241 97.172 91.212 2.044
93.573 111.651 0.685 2.257
161.505 188.658 40.062 2.202
-221.885 -128.723 121.077 1.874
43.719 -47.996 -79.429 2.055
-210.187 50.365 -44.290 2.041
-122.759 130.585 -5.418 1.952
125.311 128.937 -81.154 2.057
-183.334 73.312 133.842 2.042
-76.745 100.085 -106.617 1.854
220.286 112.533 40.954 2.036
87.589 -115.003 137.853 1.988
108.676 -120.684 -75.065 2.038
-121.388 168.392 84.278 1.957
97.408 -46.993 73.283 2.163
41.539 -122.387 105.937 1.977
28.486 -167.444 -117.215 2.050
4.343 102.789 -168.798 1.909
-96.766 -118.087 133.771 1.811
-37.912 -10.189 43.133 1.939
-165.539 -171.839 80.821 2.039
-65.219 -86.776 58.233 1.955
154.290 129.719 150.372 2.124
-69.056 -50.832 12.024 1.957
-39.492 6.611 -131.906 2.014
-138.743 51.082 172.167 1.973
20.810 -132.012 121.700 1.985
124.248 -16.048 -118.731 1.938
2.028 -63.077 24.052 2.221
-129.755 -11.268 -2.958 1.924
0.256 -135.881 -47.245 2.156
-96.673 156.004 117.165 2.223
107.243 167.278 -103.969 2.182
-198.867 172.635 -132.000 2.125
-118.397 -68.429 100.696 1.943
-214.792 -101.664 51.214 1.933
196.313 -125.949 -100.040 1.951
89.227 -136.545 198.231 1.969
166.333 -117.304 -94.880 1.911
149.587 -186.705 -1.504 1.949
-115.184 -107.849 -10.368 1.989
112.720 107.521 -34.946 1.879
180.819 -129.199 -75.330 1.859
97.233 58.726 23.180 2.038
-18.988 -158.867 -122.117 1.918
-56.205 -103.764 -191.903 2.060
-138.371 -180.491 -126.723 1.787
50.218 151.268 -79.530 1.922
103.603 110.035 -24.979 1.980
-63.151 -132.109 -163.427 2.103
60.805 57.557 159.469 1.969
103.224 -177.915 -120.127 1.859
122.533 110.633 -143.148 2.032
-125.281 104.041 94.595 2.017
-126.309 164.903 -129.570 1.993
-181.459 -102.498 -164.269 1.950
-217.388 -177.192 107.347 2.118
180.227 -66.593 157.100 1.827
-214.556 -25.820 178.124 2.064
122.222 -166.087 197.638 1.920
187.825 -76.520 -17.720 2.074
-42.633 100.289 158.416 2.152
64.500 -44.547 -61.018 2.170
-177.024 141.336 173.976 2.029
26.542 -179.547 -117.875 2.084
9.821 -137.720 90.141 2.017
-26.263 118.070 -96.227 2.146
-146.802 -41.074 199.197 2.031
-36.766 101.681 -46.883 1.935
0.892 -18.051 49.406 1.812
194.572 55.411 -20.501 1.823
-209.570 59.698 146.659 1.825
-152.941 112.459 -84.909 1.886
-0.808 136.670 -158.796 2.009
-210.521 137.977 35.632 1.924
-161.299 116.473 30.968 2.148
157.102 5.496 -157.564 2.066
-159.552 -123.442 -158.740 2.024
61.338 -52.959 -98.845 2.016
-124.659 177.964 -178.159 1.957
25.998 -166.181 115.801 2.047
117.889 -172.591 75.071 1.933
206.448 -146.012 94.791 1.961
29.599 -108.580 -131.220 2.046
-105.670 -97.092 -156.077 1.898
164.749 66.840 51.183 2.067
88.144 179.573 -136.853 2.186
182.135 -166.636 57.211 1.900
135.686 76.206 107.857 2.162
-62.605 35.859 85.362 1.960
109.317 -145.208 -50.016 2.069
197.802 -22.767 -135.396 2.229
-158.488 2.079 -69.707 2.140
-196.006 -162.433 -176.719 1.774
-126.211 -61.081 58.041 1.980
47.729 -185.112 -54.692 2.137
-60.215 83.002 123.214 2.155
18.450 130.797 -148.046 2.120
-175.028 54.813 -182.382 2.158
-195.903 150.793 17.714 2.013
-112.523 127.823 -28.778 2.072
-128.494 -145.805 -139.408 1.914
99.663 178.626 146.103 2.011
-87.448 -174.333 -188.094 1.798
-193.610 -44.304 -76.797 2.031
-200.539 -53.845 -156.878 1.871
-2.952 -103.098 118.207 1.943
-99.710 -43.303 88.108 2.146
24.680 -36.863 -119.532 1.759
-187.053 135.660 -96.944 1.787
114.487 3.676 134.653 2.119
53.694 183.046 149.837 2.159
-180.746 18.368 -117.519 2.172
-141.829 60.527 -169.010 2.035
42.137 162.216 138.675 2.037
-134.920 -41.706 -81.870 2.116
-164.655 163.411 -149.595 1.957
51.889 57.318 140.392 1.830
-59.554 159.111 -163.949 2.162
132.278 -156.358 -53.888 1.925
-19.965 150.213 79.749 1.895
132.023 19.060 -74.058 2.024
-217.297 -2.695 -157.155 1.916
10.196 -167.351 3.046 2.076
212.033 16.036 58.335 1.917
10.596 62.761 187.828 2.063
164.609 -7.322 131.290 2.128
54.362 -58.050 180.501 2.014
-205.137 120.653 86.966 1.890
-224.656 140.924 -61.854 2.008
94.071 -71.560 -50.597 1.992
-207.383 21.016 -139.914 2.194
-200.258 -171.768 115.177 1.860
32.749 131.207 3.438 2.003
147.274 -18.538 -92.212 1.924
-25.172 34.264 186.821 1.959
178.755 104.403 -70.097 2.104
-213.743 93.002 31.654 2.055
-13.246 -165.949 -81.335 2.097
198.576 2.782 -14.535 1.793
-20.839 67.640 183.442 1.868
-92.376 168.108 67.442 1.940
-169.955 188.502 -83.520 2.151
-161.027 -31.192 -103.045 1.942
101.101 -101.969 8.925 1.981
-69.349 -22.316 51.526 1.981
-94.426 17.416 136.364 2.109
-60.230 177.846 -146.938 2.085
180.615 -51.536 169.535 2.008
-221.184 17.241 -154.465 2.025
189.213 -22.040 190.849 1.970
-115.315 -153.984 -7.492 1.879
-6.953 131.468 111.777 2.107
41.263 165.035 -58.899 2.053
54.174 65.394 62.747 1.864
38.228 103.007 169.325 1.929
110.395 -153.903 114.231 2.007
213.439 -26.747 -3.044 2.111
26.620 -187.382 -119.988 1.964
43.981 133.907 192.020 1.994
111.274 -3.607 -15.671 2.002
