-196.263 125.529 178.747 1.954
-144.923 144.869 77.748 1.971
-63.546 -56.209 154.751 2.125
-49.083 33.997 130.735 1.833
71.226 -116.374 5.311 2.058
5.257 -178.807 -47.466 2.030
78.315 -21.119 -142.451 1.872
-169.025 34.850 197.777 2.005
-126.102 -55.856 -108.048 2.054
-103.481 -182.142 21.342 1.963
5.970 10.491 46.305 2.202
-63.949 134.353 143.652 1.963
-69.266 -62.522 -118.692 1.966
-56.825 39.589 -100.700 2.054
-181.611 4.187 139.693 1.896
190.273 129.060 114.551 2.091
134.068 -57.654 -23.911 2.147
-212.295 38.145 108.862 2.132
-194.304 -9.519 103.950 2.062
194.905 9.344 -133.225 2.026
49.618 -155.251 41.044 2.045
151.086 -92.205 -162.737 2.163
193.595 51.627 71.684 2.122
64.930 -7.630 -29.854 1.916
-121.950 -149.770 166.726 1.891
-47.810 -114.380 -64.727 1.975
-44.922 74.737 2.727 1.998
178.965 152.421 23.780 2.029
196.024 132.145 -69.143 2.025
-140.539 -150.106 -136.102 2.125
57.628 -80.163 -175.882 1.888
19.783 38.753 -148.463 1.928
182.032 106.048 35.313 1.748
180.495 79.870 -192.498 2.142
-136.197 20.083 -185.162 1.996
-99.336 165.739 -15.852 2.091
-5.025 100.812 -77.088 2.041
-172.216 -3.450 -150.187 1.925
82.110 -142.580 -100.168 2.051
-36.170 160.717 -120.311 1.972
-57.835 -4.949 22.241 1.873
-145.487 88.743 110.433 1.981
-216.747 -75.412 49.989 2.260
176.106 -52.885 -31.015 2.045
37.298 171.994 -196.992 2.021
-89.730 -85.519 174.033 1.904
-92.028 -129.987 15.920 2.095
-165.085 -14.829 -100.784 1.812
4.987 29.408 38.634 2.071
159.847 186.301 184.938 1.871
185.760 52.686 -154.702 2.137
179.048 -86.068 -64.140 2.071
31.145 159.194 -45.881 2.170
-59.415 -34.118 -57.632 1.910
-126.062 126.501 -21.198 1.847
31.054 37.457 23.085 1.993
-147.560 -162.232 -17.315 1.968
-207.789 -102.271 28.614 1.889
-71.039 92.162 24.625 1.983
-119.513 -0.318 -29.685 1.952
129.378 165.078 -122.784 2.005
94.128 -5.021 111.188 2.134
204.637 -187.962 -87.886 2.138
-169.334 35.109 -99.867 1.907
67.930 163.951 -39.294 1.894
-131.873 62.454 -164.857 1.858
-185.978 101.474 -2.481 2.067
-81.698 -139.613 -17.986 1.998
179.717 -71.854 -119.115 2.017
-135.662 94.779 -20.883 1.931
-160.593 167.413 122.434 1.920
-53.692 5.393 -161.523 2.013
-78.398 -9.374 -30.531 2.009
-155.766 135.000 -121.728 2.105
-22.488 -104.983 94.463 1.999
25.976 117.369 5.437 1.861
-160.154 -75.672 78.579 1.971
-95.856 163.654 -22.165 1.961
0.557 -97.950 -75.502 1.818
125.683 -28.678 -68.827 1.807
197.685 10.681 -119.105 2.131
94.294 -77.581 -126.370 2.015
-105.555 -116.478 -76.234 2.033
93.341 176.224 180.325 1.986
-46.799 168.260 166.398 2.082
126.396 63.897 -163.714 1.930
-73.227 -2.217 -116.976 2.003
-217.270 -36.581 76.358 1.951
-200.166 -88.648 73.172 1.877
52.732 11.836 75.794 2.013
20.462 -153.013 118.657 1.902
200.846 -94.145 -120.343 2.031
-60.209 -69.209 82.782 2.014
-32.591 -81.499 -161.963 1.980
-47.500 -6.860 -99.062 2.091
145.060 105.019 182.029 1.908
-132.994 61.815 -199.610 2.050
-97.429 178.100 -59.305 1.902
85.183 185.249 -167.994 1.917
-168.434 -132.254 187.229 2.064
89.954 -95.840 155.470 2.112
-15.457 16.798 5.588 1.917
152.797 150.117 -102.942 1.941
-131.213 128.414 -21.857 1.869
133.270 141.821 -141.690 2.052
-63.372 70.973 33.475 1.891
25.991 -144.309 75.234 2.122
-37.937 -144.128 34.125 2.052
-99.822 -114.203 -126.843 1.990
-133.468 128.242 189.761 2.013
-11.234 7.252 108.215 1.941
-174.012 -75.988 157.361 2.077
-54.860 -69.156 -36.816 1.833
191.535 100.438 -54.099 1.923
163.852 -39.473 -120.382 2.034
-221.872 -104.988 -38.342 2.070
-143.698 -47.879 -116.905 2.019
130.200 -171.034 -96.850 2.030
-26.049 -138.955 -152.366 2.019
-12.380 -16.457 -76.807 2.015
-67.875 101.734 -78.241 2.067
-196.714 52.247 -154.106 2.169
-174.368 -128.742 166.430 2.046
219.221 -119.375 38.756 2.142
-165.104 -118.359 -180.515 2.045
155.506 -63.771 3.807 2.039
57.061 65.278 122.808 2.091
99.784 178.589 -173.676 1.922
106.591 -121.275 -74.763 2.022
148.190 137.972 -153.719 2.010
156.932 -47.978 161.543 1.873
-39.810 142.686 -48.730 2.118
70.671 -151.389 -55.957 2.065
-28.506 48.215 -77.734 2.016
-132.766 -162.911 -29.748 2.176
121.669 -77.724 -119.018 2.035
51.206 37.529 -145.570 1.972
-149.021 40.144 -123.854 2.061
-99.948 -40.783 183.584 2.061
171.116 -186.090 -11.655 2.028
176.467 -167.557 -113.849 1.883
201.870 -7.122 0.761 1.969
-47.425 -5.499 196.288 1.846
-128.812 44.937 62.321 2.070
54.544 73.956 -43.789 1.903
-33.279 -140.337 -158.107 1.827
56.432 65.274 25.227 2.027
-58.087 -41.187 93.116 1.879
187.016 70.772 -172.344 1.925
180.785 -12.838 54.702 2.139
-204.955 20.207 -194.270 2.142
108.482 -19.506 20.800 2.000
-14.509 144.695 -65.197 1.894
-78.843 -16.780 -62.613 1.851
1.940 132.683 177.581 2.098
172.420 -170.711 24.918 1.858
86.565 180.982 -11.905 1.706
-120.827 171.213 -117.117 1.819
19.853 -36.414 126.581 2.129
-49.348 143.240 -179.048 2.038
-53.133 149.782 -32.863 1.918
-145.751 1.694 -115.816 1.970
-43.526 -44.174 163.523 1.928
-182.618 -152.302 134.818 2.054
154.178 31.505 43.054 1.929
-148.042 31.880 -185.523 2.003
215.987 -37.395 -9.956 2.063
-98.675 127.057 -152.476 1.946
104.316 134.618 -103.180 2.022
-55.273 146.951 -99.690 1.907
-36.311 -44.552 36.285 2.247
-114.304 16.352 181.804 1.993
133.725 1.103 114.395 2.012
198.058 5.106 158.980 1.976
5.830 -165.580 -52.940 1.944
34.007 -16.686 187.111 1.998
-139.705 -70.758 -156.855 1.979
172.000 96.725 -118.188 2.118
163.579 106.859 9.030 2.038
161.987 70.009 129.074 1.949
47.265 44.478 151.880 1.891
29.808 91.485 -47.453 1.978
-26.566 161.781 28.400 2.168
173.587 -136.938 36.106 2.038
-202.754 -98.943 -157.720 1.865
-121.084 -187.112 -12.661 2.027
45.867 165.096 142.857 1.920
-58.076 -27.861 -148.373 1.872
-127.278 172.384 120.067 2.047
164.749 -123.508 95.000 1.854
-176.973 -169.758 67.020 1.863
-28.052 98.269 159.785 1.989
-182.546 -16.222 120.372 1.939
-197.562 151.630 -36.643 1.848
31.379 -127.660 -114.674 1.947
-152.652 -52.049 163.238 1.997
129.406 -169.708 3.323 1.786
-94.472 -35.888 17.743 2.090
66.304 180.020 82.377 2.036
-139.228 -14.584 -57.754 1.905
-191.789 -19.817 155.011 1.876
-141.424 -116.597 -69.194 1.845
-73.096 -20.706 -87.251 2.128
-151.167 -152.631 -185.646 2.054
129.049 167.656 141.827 2.170
154.328 -27.312 -165.890 1.943
97.592 -84.017 -157.743 1.978
-222.901 135.188 90.113 1.774
135.076 47.472 -50.406 2.005
104.514 86.831 29.734 2.066
185.493 -64.091 -104.413 1.941
190.167 13.032 -192.999 1.943
-193.261 106.764 -180.667 1.921
-8.582 -94.879 35.392 2.015
-224.236 -20.483 -82.575 2.106
2.383 100.712 -184.179 1.934
-174.948 -42.737 88.319 2.019
25.415 -149.484 43.183 1.951
86.423 -58.917 -102.564 2.118
-2.118 -12.222 25.254 2.044
95.005 -104.882 9.524 1.799
-186.938 -78.619 -29.094 2.218
-123.916 -79.190 -58.572 1.866
-174.849 161.249 158.801 1.978
192.208 -48.225 98.081 2.061
-22.301 -43.036 -65.215 2.155
-207.318 -114.492 18.878 1.775
224.843 -20.142 10.926 1.919
42.240 -129.127 123.929 2.142
-156.515 109.361 -37.519 2.024
-94.113 179.469 79.926 2.211
41.158 164.602 -177.242 1.900
164.021 -58.560 87.480 2.039
96.588 -173.989 -168.928 1.885
168.968 -186.706 -128.553 1.990
46.107 -116.475 16.284 1.986
161.245 -119.524 94.407 1.848
-39.397 -82.705 -40.779 2.017
-198.619 117.322 -40.726 1.922
-160.157 127.540 -197.809 1.992
-119.850 10.951 175.934 1.911
-106.168 20.766 159.376 1.731
-159.095 -28.899 -34.258 1.938
143.394 142.721 156.138 1.978
84.790 40.502 -138.214 2.039
-51.397 -121.843 57.076 2.017
151.736 -150.660 -144.414 1.999
123.164 -8.501 -181.039 1.962
66.961 46.710 -26.592 1.944
61.174 13.369 166.850 1.885
-201.945 -70.773 173.218 1.900
-61.923 166.522 86.776 2.080
140.745 49.223 -12.888 2.088
-201.407 173.522 -123.067 1.993
-2.445 137.510 -53.848 1.819
91.038 10.772 -166.234 1.936
-22.356 39.128 172.462 2.021
184.918 -77.173 -58.769 1.950
-73.182 52.456 -20.374 2.074
-204.295 139.359 136.789 1.983
118.702 32.993 -104.145 1.911
-179.423 -168.787 114.288 2.107
44.995 -139.519 -83.242 2.032
66.128 -142.009 -29.372 1.936
167.033 123.510 -188.771 1.933
-32.132 148.963 140.299 2.217
169.112 83.963 87.212 1.975
218.446 -94.613 -193.563 2.118
-115.550 -63.625 112.122 1.976
-121.205 111.803 -100.108 1.852
168.262 111.746 21.805 2.100
-192.784 67.091 -67.596 2.078
33.798 75.717 -36.457 1.913
39.789 -26.607 -37.203 1.900
108.643 -9.229 141.679 1.943
185.593 52.590 -29.746 2.172
-93.559 148.931 -164.011 2.100
-31.301 123.789 -23.728 1.956
100.513 173.082 170.711 2.153
-86.443 -46.159 -132.295 2.102
49.423 91.881 143.340 1.954
-223.879 174.779 -77.189 2.111
-40.847 96.013 59.925 1.962
147.892 177.272 58.963 1.933
-164.446 -172.259 17.855 2.141
53.792 -53.847 13.987 1.930
2.859 -59.729 -57.361 1.913
-0.232 110.899 191.650 1.967
186.211 -143.479 -193.556 2.010
-213.415 -87.375 81.160 1.946
81.947 72.550 98.530 2.012
-103.365 -105.003 -174.771 2.055
-26.019 -175.519 -71.065 2.065
-172.653 56.853 -183.765 2.059
-55.414 85.800 53.266 2.000
-96.893 118.640 -146.341 2.054
-169.991 -170.019 136.725 2.114
-135.659 -179.363 1.151 1.969
130.753 32.262 190.380 2.103
85.489 -178.434 -124.156 2.050
48.080 146.419 191.370 1.957
-116.281 -5.248 -177.059 2.006
97.884 174.232 11.743 2.072
-19.675 135.075 -199.402 1.965
-172.757 -98.957 -57.679 1.918
25.832 131.488 98.642 1.972
197.245 -173.725 -122.059 2.055
-167.267 37.950 -92.813 1.904
-86.503 42.904 -176.325 2.095
189.009 103.708 9.461 2.044
119.076 -127.468 -71.435 1.886
172.432 -167.021 -4.853 1.943
149.195 82.661 167.123 2.043
66.675 -7.266 117.044 2.006
-196.245 92.015 65.143 2.161
223.426 74.937 39.787 1.897
201.831 186.619 -152.370 1.959
59.101 77.028 -197.396 1.883
-197.457 -187.560 178.780 1.849
165.305 139.660 -46.592 1.972
183.845 184.208 105.088 1.831
-130.044 183.878 -36.493 1.978
-172.692 -141.527 2.369 2.035
-73.259 -188.914 137.286 1.960
10.208 -106.169 -52.772 2.010
43.034 -70.374 24.291 1.938
-85.950 -61.352 -52.595 1.948
181.343 -140.790 -140.876 2.082
119.659 137.271 29.683 1.954
-34.939 50.171 140.608 1.934
206.875 -118.926 29.211 2.091
-136.781 -141.672 -188.242 2.082
-22.549 76.859 -8.286 2.144
-161.327 43.928 -63.232 2.050
153.144 133.864 -118.126 1.963
-29.213 -101.356 -58.809 2.078
-76.546 -150.501 1.042 1.945
-28.696 6.471 43.559 1.982
-20.237 85.899 -167.341 1.897
45.508 -88.098 -136.747 1.994
-88.326 -92.624 62.994 1.941
-213.828 63.475 23.539 1.894
74.074 72.244 78.952 1.954
-87.564 -5.693 -124.477 1.846
-187.120 164.562 -110.358 2.006
-75.043 64.830 174.296 2.004
54.859 94.922 -165.535 1.877
118.624 21.260 -11.606 2.228
-186.137 154.203 160.664 2.074
212.509 -119.723 14.082 2.208
-67.161 51.957 194.478 2.005
-49.958 -160.574 120.896 2.017
161.827 -85.823 -167.715 2.054
-67.433 82.434 -143.884 2.074
198.921 -62.868 31.632 2.072
107.269 41.767 -57.808 1.945
172.967 -31.980 -49.471 1.866
187.401 -91.561 -170.556 1.784
-103.156 151.177 110.415 1.970
128.574 64.244 -38.801 2.194
11.604 161.775 -92.528 2.041
73.984 -86.578 137.094 2.038
177.237 -96.337 29.860 2.049
-14.322 -93.989 109.599 1.876
22.734 4.145 140.480 2.021
-49.538 95.957 117.601 1.965
165.535 -4.240 -174.470 1.748
-60.352 -151.005 -147.626 2.065
-221.875 -30.409 -57.374 2.024
116.247 -142.406 160.468 2.078
-132.603 146.947 -116.324 1.927
-110.456 -1.281 -133.138 1.950
-144.360 -129.022 -109.768 2.134
-177.789 41.142 -107.929 1.794
-208.567 156.009 -36.563 1.952
-180.984 -174.846 162.642 1.983
93.835 -176.483 -162.570 1.825
-58.132 74.359 41.664 1.900
-26.308 137.641 58.279 1.816
37.153 130.560 89.258 1.984
-173.670 -96.902 -119.578 1.884
-207.003 15.212 -95.085 2.059
-150.757 102.038 -192.268 2.029
-172.559 5.955 117.995 1.959
41.186 -64.430 59.291 1.965
-199.856 111.489 -3.503 1.979
-19.687 45.833 -77.741 2.131
-177.383 -69.541 -60.897 1.994
10.903 -185.265 102.141 2.233
147.723 -23.143 144.030 2.039
61.619 -46.306 -160.374 2.103
-130.507 -105.824 174.340 1.954
-142.277 96.868 51.942 2.004
112.115 -160.143 -87.317 2.089
56.783 7.539 129.097 2.039
-49.886 -145.951 131.868 2.066
-134.786 25.535 82.806 1.932
77.388 -188.507 142.126 1.942
-65.686 172.138 -190.090 1.961
216.321 182.628 -60.831 1.983
-213.541 186.326 3.022 1.998
-186.031 28.302 -188.628 1.924
94.227 -180.777 63.073 2.029
-218.561 116.649 -19.051 2.102
-216.899 -114.046 -25.518 2.026
-41.254 -146.524 -68.694 1.970
8.948 -39.944 -150.352 2.096
-222.574 -5.671 -120.654 2.036
69.345 2.314 -9.626 2.132
71.887 110.563 115.151 2.211
-27.680 3.514 125.143 2.052
-58.103 29.294 -64.961 2.103
122.853 -92.703 -39.494 2.123
24.712 -168.032 16.571 2.120
181.459 -72.325 135.329 2.056
180.593 -127.203 63.386 1.899
150.725 -75.224 22.804 1.847
-52.258 24.068 -193.333 2.029
96.460 -1.288 -160.386 2.009
166.785 -39.343 -13.735 2.020
-90.100 117.830 171.253 2.074
70.968 -125.453 145.038 2.028
-219.157 -127.641 -75.127 2.181
-84.178 104.046 199.025 2.018
45.185 12.803 -171.993 1.943
193.765 167.414 -151.264 2.012
122.576 1.573 -146.478 1.897
-125.927 73.518 84.129 1.987
-114.454 -155.259 -115.101 2.066
-54.200 75.771 -9.776 1.861
125.256 157.482 -120.410 2.047
191.206 146.609 -76.605 2.039
-38.509 -128.208 -194.821 1.895
-84.379 -175.059 -163.843 1.794
-5.329 128.701 -51.914 1.918
73.401 161.274 149.404 1.946
-103.397 19.473 80.061 1.835
89.800 40.436 14.965 2.118
162.511 137.256 -104.565 2.135
-30.819 170.257 83.785 1.864
187.934 -109.289 94.143 2.141
29.302 -92.807 145.554 1.966
-65.855 -77.028 -94.031 2.027
166.790 -91.693 -91.503 2.045
-89.742 43.258 -15.508 2.061
-18.019 118.810 175.002 1.963
101.115 -132.188 149.478 1.933
-158.369 -142.069 106.724 2.129
216.086 -28.052 -160.134 1.954
223.903 -25.421 84.566 2.083
-53.540 28.505 160.628 1.998
219.734 -63.905 156.607 1.830
-124.243 -48.784 -134.507 2.108
89.743 166.660 -7.042 1.975
186.061 -105.502 -78.309 2.027
75.351 -132.960 -190.718 1.968
211.339 8.137 20.750 2.079
-39.479 -187.642 -144.558 2.076
-48.637 173.473 87.757 2.168
-223.318 -136.328 -79.106 1.985
30.219 133.082 -51.683 1.848
-73.573 42.606 19.707 1.972
-15.935 -91.536 12.340 2.013
145.980 -164.876 153.009 1.977
-139.418 118.445 143.108 2.018
-196.420 77.459 173.573 1.915
103.718 125.279 -73.900 1.915
-158.722 -176.418 20.683 2.065
184.818 114.927 -144.712 1.974
-110.199 -122.732 -51.976 1.945
-169.489 -106.897 41.385 1.799
91.118 46.530 102.582 1.903
-130.619 -91.231 76.461 2.101
-7.527 -163.656 27.451 1.991
9.051 -177.127 -91.840 1.992
131.669 121.608 -42.385 1.884
-219.022 -133.916 173.628 1.934
-126.521 31.323 -17.093 2.083
-31.866 54.199 -71.010 1.968
187.867 43.951 -55.632 2.073
-169.750 -11.079 -27.694 1.934
16.330 -4.483 98.728 2.014
50.110 -29.311 -103.160 2.161
56.953 -68.121 -140.120 1.802
155.866 49.817 167.569 1.963
-166.812 -124.149 192.752 2.002
2.420 -63.345 -53.772 2.132
71.615 -142.001 104.871 2.100
-220.827 150.499 153.814 2.003
-140.953 -144.949 12.942 2.093
-198.176 73.800 -149.708 1.749
5.914 -158.082 100.117 1.911
58.631 -16.767 154.130 1.760
106.379 -25.300 -73.456 2.107
-169.411 147.674 -147.521 2.070
-47.481 60.148 -128.353 1.945
-4.102 -85.811 49.224 1.744
-131.252 -79.701 87.683 1.876
122.503 -21.439 -13.381 2.120
106.931 56.661 -186.792 1.975
97.325 178.711 -21.294 2.115
174.074 -36.457 124.299 2.006
188.134 -80.176 -133.038 2.097
-3.890 130.847 78.827 2.058
106.111 173.079 -20.790 2.182
76.777 -19.364 99.025 1.887
108.337 -64.228 -107.972 2.115
-100.749 -48.625 -196.756 1.992
76.345 -139.327 16.506 2.198
198.967 148.768 -22.056 2.109
53.091 -124.781 37.192 2.014
-86.333 58.721 57.234 2.205
207.566 76.645 -24.869 1.899
-224.111 -85.317 189.310 2.142
36.102 65.552 -165.120 1.903
78.703 75.279 -6.366 1.925
135.318 16.459 -168.856 2.006
2.799 82.690 -168.406 2.019
-96.625 -161.237 130.926 2.039
208.786 68.428 78.819 1.997
-31.015 11.982 -163.267 1.719
-91.608 -95.146 -181.580 2.139
-178.666 44.816 -93.645 2.082
109.394 -26.785 52.947 1.880
-14.582 -46.088 83.073 1.841
170.512 -68.592 -174.013 1.920
-164.761 -55.932 -64.495 1.759
-1.629 183.793 2.337 1.839
218.427 18.718 -173.928 1.978
-56.210 -99.340 -3.424 1.952
-98.241 -146.629 -22.933 1.894
-167.052 80.491 -2.670 2.083
-97.700 -82.581 -125.804 2.068
-135.016 -91.286 1.474 2.040
93.242 -166.084 70.696 1.956
-161.936 -6.291 -119.408 2.023
50.623 -150.960 -124.832 2.083
128.003 20.893 190.132 1.888
-129.124 -172.458 -198.167 2.079
-91.280 182.316 170.936 1.835
-117.971 -41.282 44.814 1.884
-124.451 40.965 52.465 2.074
67.098 -152.134 -50.407 2.024
141.008 -170.979 163.248 2.106
-194.947 -30.702 197.349 2.105
-154.425 157.075 -82.649 1.998
142.554 64.437 -67.692 2.137
223.567 -48.929 168.269 2.045
23.926 -180.569 19.574 2.101
166.250 92.500 -60.810 1.899
-150.887 82.981 -148.004 2.248
-223.616 126.706 15.556 1.885
-33.085 6.900 -31.731 1.867
-55.103 -158.333 106.082 1.910
-41.198 -75.086 -64.850 2.156
-25.888 164.677 -198.296 1.865
-29.101 154.487 113.874 2.018
-222.796 1.073 133.610 2.121
73.643 -63.447 -98.628 1.868
77.760 76.452 128.538 1.894
88.180 -25.260 -28.137 2.090
-202.924 -176.103 117.766 2.159
0.127 -125.705 74.662 2.078
165.462 -161.552 -51.206 1.922
-153.201 152.785 -74.612 2.048
181.352 -35.203 -111.669 1.900
-16.248 -100.062 -24.831 2.028
-15.885 17.439 -116.315 2.091
110.826 147.754 88.628 2.111
-20.442 -121.022 -39.676 2.116
27.024 27.708 137.182 1.813
53.549 -163.571 172.958 1.853
151.482 -28.122 83.336 2.151
-18.897 163.109 -46.108 2.256
-128.713 104.218 -25.064 1.959
15.167 -160.201 -108.170 2.122
37.401 -28.395 80.656 1.929
87.185 84.379 -178.555 1.936
-7.882 -142.891 -31.633 1.964
95.022 -159.571 54.887 2.036
123.611 61.508 -179.192 1.998
-33.938 -175.305 -108.976 2.089
-159.662 55.529 154.978 1.919
-149.215 -168.128 170.364 2.120
224.451 -15.442 42.168 1.914
173.945 46.204 69.295 1.920
149.267 -140.930 21.769 1.889
26.425 -114.674 -79.698 2.028
180.877 -25.465 147.041 2.098
167.563 -145.863 148.278 2.008
68.374 125.250 63.930 1.993
-51.208 -130.783 198.095 1.865
159.614 -43.219 -164.638 1.986
-58.668 148.029 78.822 1.971
-17.268 41.101 95.222 2.081
48.018 117.568 -72.720 1.994
98.047 -163.605 88.646 2.042
40.243 -148.335 165.339 2.027
8.254 -65.780 -185.577 2.010
-52.650 74.870 -144.055 1.970
45.184 126.990 113.865 2.035
115.067 146.498 143.673 2.094
-223.365 157.505 174.109 2.126
-198.184 82.664 -193.166 2.001
98.403 76.306 -134.187 1.955
-193.988 29.779 -105.927 2.147
53.286 -121.014 184.438 2.018
210.261 47.047 52.010 1.943
50.276 -65.728 -93.502 2.000
221.620 -84.218 -91.776 2.055
198.480 -45.245 -104.819 2.208
150.395 134.712 94.467 2.060
-217.316 -139.073 -71.493 2.059
46.234 123.017 -33.799 2.065
14.655 144.214 -181.480 2.073
-206.638 -0.573 21.082 2.162
-71.965 -154.888 -5.954 2.012
-55.903 -150.553 86.307 1.982
-132.314 -12.501 125.687 2.059
154.610 -94.980 137.119 1.965
78.744 85.079 135.220 1.920
69.948 104.313 39.703 2.080
219.186 108.722 147.279 1.903
-33.549 168.465 -108.615 1.919
68.130 115.994 -162.573 2.353
145.794 93.711 146.860 2.101
-150.590 29.810 135.791 1.892
70.552 57.596 -137.182 1.983
8.452 -145.787 -129.805 1.918
-3.834 168.532 128.825 2.201
-32.758 125.133 75.329 2.004
-167.843 177.580 -142.547 1.970
-163.743 -51.912 -197.368 1.903
214.262 -69.241 72.692 2.070
95.030 38.245 160.622 2.022
219.782 119.389 46.940 1.846
53.221 -138.189 97.086 2.141
59.650 -91.738 -41.809 2.023
53.182 63.149 -119.658 1.953
181.124 80.178 185.211 1.857
59.281 66.317 84.452 2.192
143.447 59.900 63.372 2.031
218.794 -142.609 -163.518 1.949
216.044 54.049 155.890 1.834
-112.977 68.659 109.244 1.953
60.173 97.478 183.721 2.086
24.164 -130.456 52.992 2.152
-118.113 -105.909 54.481 1.859
-32.418 177.148 -23.769 1.901
20.143 -60.987 54.997 1.924
171.247 112.972 -44.175 1.880
57.276 -121.143 96.248 2.138
146.952 -154.047 -148.837 2.057
-172.508 -113.661 -41.708 2.083
62.200 -12.720 -174.740 2.139
105.644 -148.665 -112.431 1.964
-99.421 38.816 -157.901 1.956
41.931 0.427 173.634 2.005
126.835 -87.207 17.806 2.120
-56.835 123.516 -101.307 1.916
-40.938 -21.039 -150.262 1.961
128.187 -74.393 136.943 2.013
-174.769 61.707 88.181 2.145
104.332 23.614 -126.094 1.954
-208.753 157.961 -189.813 1.868
159.688 48.247 -155.910 1.869
56.400 -7.702 -76.650 2.099
28.895 -168.911 14.682 1.885
-55.274 85.355 -80.522 1.898
-21.834 -100.191 199.075 1.929
105.615 23.823 -78.402 1.893
-84.703 -68.507 166.671 1.911
-45.995 54.891 127.249 1.908
30.586 18.717 83.135 2.077
131.447 89.368 198.617 1.910
-20.219 55.453 22.612 1.810
-54.797 109.702 187.416 2.133
-178.789 154.975 22.856 1.885
-164.578 -39.393 94.345 1.952
2.385 163.913 -93.710 2.016
100.179 17.532 -83.239 1.862
78.807 150.173 -55.630 2.007
-138.209 -176.242 74.777 2.001
-17.704 93.262 49.975 1.833
-152.988 63.588 186.641 2.116
-161.663 50.420 -83.735 2.117
56.886 -80.586 34.428 1.938
149.042 17.917 -148.595 2.060
111.204 -37.875 -196.644 1.789
61.090 -25.519 -181.023 2.011
68.341 68.490 80.230 1.968
96.628 83.386 -92.054 2.138
-55.647 -77.327 74.896 1.964
-117.630 15.997 -22.878 2.141
213.526 127.057 -148.386 2.124
-5.001 -39.691 149.642 1.857
-173.934 70.245 109.698 2.062
51.505 -148.874 89.741 1.882
112.877 97.618 -33.469 2.091
101.254 -35.315 20.197 1.958
19.889 -154.051 -62.154 1.971
-49.418 -21.246 41.864 2.185
2.404 16.749 175.184 1.936
-105.256 -136.490 -79.250 1.935
-113.698 -38.103 -98.097 2.075
-202.004 -49.874 -167.703 1.944
118.721 -51.755 -13.390 1.952
-15.143 145.658 -197.961 1.960
81.189 160.932 167.621 2.095
26.899 4.652 -144.929 1.886
-18.894 102.872 11.919 2.005
-78.747 145.861 89.652 1.941
-34.399 -143.263 67.457 1.938
-77.681 100.149 -20.231 2.047
-40.784 151.143 -26.660 1.996
204.549 -109.042 14.786 2.037
-58.139 27.513 -117.653 2.105
205.729 64.686 -9.033 2.100
169.360 94.413 32.279 2.068
-166.333 50.536 16.775 1.946
-10.764 188.955 150.519 2.038
-41.740 41.538 69.739 1.951
91.433 -32.179 12.103 1.856
-182.462 35.307 -32.057 2.069
120.023 -20.127 39.002 2.049
-42.429 -43.259 21.541 2.006
178.534 36.504 150.308 1.955
-73.496 -35.349 -167.962 1.918
-114.353 -155.062 31.619 2.035
-181.475 6.690 159.913 2.047
157.948 37.498 95.179 2.046
151.457 17.217 -142.180 1.963
46.544 179.247 -88.830 2.000
7.701 -32.588 -199.482 1.910
53.774 -2.428 158.286 1.964
70.179 -1.570 7.607 1.941
2.649 109.493 -114.394 1.987
-139.070 79.232 195.965 1.982
101.125 58.971 62.276 1.794
-32.556 -89.544 168.354 1.963
-11.039 55.158 177.732 1.935
171.746 127.661 31.444 1.894
166.755 137.072 -197.705 1.979
222.515 12.568 -42.340 1.926
75.606 40.008 -116.073 2.030
209.828 21.157 -34.291 2.096
-187.252 82.894 -137.426 2.010
153.975 130.685 -148.196 1.849
112.676 -142.619 -5.190 2.001
-0.203 -102.406 -91.893 1.919
-103.099 -141.225 138.641 2.008
41.624 25.836 -162.202 2.080
-135.492 -25.265 53.762 2.172
65.930 -41.866 196.085 2.062
110.398 90.018 -156.470 2.042
111.998 -119.148 31.085 2.075
28.918 -162.170 140.668 2.116
171.943 -110.545 -122.397 2.007
210.674 -78.112 -2.035 1.820
198.559 51.957 -54.633 1.968
79.314 -75.963 37.852 2.046
-196.793 -130.148 173.905 2.061
212.100 -129.439 -120.844 1.927
-187.593 -133.626 -140.163 2.049
-202.588 55.070 46.135 1.840
-155.215 176.816 89.865 1.987
-46.446 -68.067 165.735 2.097
-50.402 41.731 -180.672 2.070
200.969 82.504 -45.906 1.877
-39.019 111.111 31.273 2.058
179.942 48.398 -71.302 1.963
-81.849 -93.581 -168.366 1.957
-166.004 15.643 -91.231 1.869
-67.158 -175.992 110.013 1.969
-1.186 66.895 -174.964 1.891
10.326 34.546 137.557 1.884
4.886 115.442 -161.995 1.934
-178.328 50.306 -58.325 1.924
51.450 -85.970 129.970 2.292
207.040 29.268 18.586 2.008
-29.411 -172.953 167.845 2.061
-75.938 21.471 197.922 2.040
-192.075 20.797 18.186 1.931
6.080 41.594 156.703 1.787
-10.523 161.835 181.835 1.898
111.311 121.322 92.808 2.032
123.324 -56.678 -139.178 1.993
18.436 30.992 125.815 2.105
91.496 54.554 152.743 2.234
178.899 -0.286 -147.002 1.913
170.039 -139.473 144.510 1.934
80.891 -19.664 12.311 1.984
-37.079 110.328 102.125 2.016
-48.797 92.245 186.117 2.055
-105.607 -109.591 -106.968 2.194
3.250 8.241 -109.652 2.055
133.781 -181.218 -168.263 2.085
-34.324 178.297 138.452 1.978
-187.557 -111.335 105.984 1.962
137.398 180.552 48.283 1.949
11.871 154.625 -33.068 1.982
51.604 -146.696 -27.219 2.091
-42.690 -133.764 -118.033 1.831
21.272 -123.267 -13.770 2.152
-59.463 -153.583 131.556 2.139
-16.402 106.627 192.628 2.100
44.672 150.885 110.234 1.999
-38.616 -80.789 192.574 1.969
81.324 74.390 -8.009 2.017
96.340 9.794 105.127 2.039
-101.851 187.042 26.375 1.914
-114.426 -91.211 -85.030 1.834
-24.191 110.379 -93.609 2.070
3.987 162.302 -4.778 2.040
215.450 -44.932 144.417 1.854
-132.904 -47.132 100.817 2.033
193.506 144.646 186.759 1.988
134.643 90.414 147.833 2.092
138.808 -63.027 -33.472 2.107
-116.836 117.559 -71.871 1.994
-107.337 -81.343 163.481 2.159
-91.518 -83.173 -170.541 1.869
-55.204 -150.777 -190.104 1.833
-54.644 -102.416 -75.743 1.773
-101.809 185.241 -19.916 2.160
-50.171 37.510 102.354 2.035
103.113 137.521 88.234 2.084
157.310 -165.371 148.217 2.047
-169.626 -175.957 155.276 1.960
-148.488 -35.992 106.943 1.947
-140.753 41.777 173.003 1.974
207.170 128.297 -56.920 2.030
-4.973 -37.854 150.487 2.039
149.995 141.148 -176.500 1.995
-189.958 -103.748 104.912 2.185
-190.459 -19.141 -160.609 1.990
208.018 -129.369 -192.369 1.889
-190.415 57.442 37.554 2.043
106.081 130.369 58.650 1.982
93.349 181.111 44.497 2.134
21.635 -18.234 112.807 2.016
-93.575 -147.174 173.856 1.982
85.643 111.028 7.298 1.838
-206.924 161.858 -115.218 1.920
-146.101 -103.596 -102.815 2.089
175.356 98.689 -22.699 2.028
180.313 130.541 -199.052 2.166
-3.350 -69.893 62.506 2.020
-27.259 107.697 154.821 2.028
84.636 -147.100 149.811 1.919
-111.514 98.913 -50.618 2.073
-201.356 112.807 48.315 1.982
-195.019 -1.255 162.283 1.772
67.705 158.367 100.781 2.143
42.223 -155.725 -57.816 2.136
132.176 140.664 -139.976 1.807
-72.120 -122.707 -31.052 1.917
82.408 -181.085 -179.393 2.124
-163.853 -158.665 85.203 1.757
-34.046 -126.066 28.048 2.005
68.221 -55.646 191.150 2.076
-26.058 -98.311 -104.010 1.871
198.860 -122.724 -175.713 1.907
-199.362 4.122 -51.439 1.959
130.438 -103.836 -73.388 1.881
-27.876 -75.414 -34.518 2.139
47.192 -2.930 49.899 2.053
-106.265 121.082 166.825 1.826
-21.741 -106.896 176.568 2.059
50.750 -3.462 -32.126 2.060
140.461 -64.459 -178.717 1.825
68.672 98.482 -185.472 2.065
89.072 -88.082 199.365 1.934
101.682 128.423 183.165 1.860
-106.132 -69.570 1.023 1.959
-187.878 183.993 -143.451 1.838
36.719 -99.823 -179.380 2.208
-42.855 -95.570 29.012 2.089
135.702 131.574 43.715 1.964
-214.573 -65.669 178.541 2.077
-86.479 -37.831 13.635 1.904
187.981 -177.183 -113.759 2.010
-72.673 1.703 31.567 1.914
-33.961 156.631 21.699 2.090
205.847 64.132 -48.656 1.969
92.425 41.687 -33.770 2.044
102.988 -42.959 108.085 2.033
77.776 171.202 146.583 2.071
166.300 -120.259 156.675 1.897
-80.009 161.845 -3.753 2.053
36.676 -59.180 -152.518 1.772
219.295 34.052 -69.497 2.179
72.795 -156.372 -140.312 2.012
-101.109 -8.485 -51.621 2.153
213.187 -159.079 -190.512 2.013
213.706 16.629 51.075 1.832
-150.291 189.252 -156.493 1.946
-56.904 150.228 -137.172 1.930
-106.591 -53.337 105.954 2.133
189.883 -176.497 -4.806 1.958
-201.414 -90.476 4.111 2.092
-45.194 58.028 111.319 1.929
173.543 -179.005 -37.505 1.985
-57.098 89.051 195.330 1.860
165.737 -20.694 -58.534 2.164
21.956 -44.033 -107.280 1.964
11.396 -140.081 52.665 2.022
-174.631 147.617 42.136 2.123
95.158 53.873 44.187 2.107
-178.999 -6.222 -145.069 2.093
114.434 -40.398 -92.212 2.060
216.979 157.702 47.128 1.830
-222.984 7.360 -92.964 1.970
-65.762 72.113 -14.292 2.170
168.812 182.621 -147.770 1.935
-209.285 -128.921 47.645 2.085
-201.999 171.908 111.056 1.895
72.571 99.306 148.427 1.907
49.513 151.716 -186.407 1.971
53.189 -74.014 -191.278 1.988
-63.880 -79.968 -100.294 1.935
20.851 -140.359 -142.628 1.773
2.901 -188.693 -80.932 1.879
-45.783 -186.488 33.250 1.929
-132.396 14.300 -115.116 1.919
157.281 -146.728 198.610 2.117
122.804 -164.021 82.384 1.962
109.768 59.334 -57.315 2.070
178.864 133.716 -150.850 2.074
-150.784 -8.714 53.520 1.964
222.080 130.511 63.710 1.898
85.537 -186.497 -4.874 2.036
-198.161 139.434 106.898 2.016
-80.135 -19.805 8.615 2.060
-90.470 -24.207 -72.478 2.004
152.636 -182.494 -185.794 1.952
2.744 38.487 182.396 2.140
-101.492 133.292 -101.335 1.745
-48.103 -185.223 178.285 2.242
41.792 68.115 -38.343 2.075
126.326 3.380 26.982 1.971
181.672 37.545 111.259 1.973
170.220 -111.627 -43.798 1.978
15.781 -107.876 -181.998 2.027
-6.368 111.348 -125.523 2.116
210.953 107.805 9.440 2.144
-195.995 172.272 -98.003 1.862
-29.400 64.355 58.764 2.136
151.586 106.340 -196.338 1.794
50.277 105.090 -58.708 1.986
173.523 163.556 168.625 1.995
-130.068 -159.281 60.368 2.092
-115.587 -189.765 142.080 2.012
-189.347 -170.306 -71.143 2.017
142.428 -162.686 -46.606 2.007
88.317 -101.668 -161.140 1.977
85.062 124.221 -85.737 2.045
-41.536 131.251 197.563 2.048
206.728 12.624 34.240 2.004
106.531 163.135 -156.926 1.943
122.070 105.519 -114.466 1.838
-223.935 -117.338 130.707 1.965
-223.619 137.992 68.926 2.090
188.076 180.912 -6.027 1.981
108.258 40.489 -39.075 1.900
137.254 -138.771 -85.389 2.160
-94.530 97.548 -107.989 2.179
144.218 -46.802 -54.558 1.997
-63.400 -84.110 36.584 2.188
-63.063 -97.735 -171.351 2.093
-214.645 18.895 -34.562 1.901
-16.929 -149.670 -111.995 1.997
-126.762 7.808 152.133 2.233
109.269 181.384 -78.740 1.869
-13.928 -83.072 8.251 2.029
-162.611 -112.528 -115.503 2.060
56.582 125.078 -174.383 1.855
47.440 -5.363 43.880 1.933
-114.170 13.267 -12.146 2.089
-84.747 -133.055 -111.234 1.887
-29.003 -55.906 -173.206 2.105
207.196 -42.399 146.010 2.005
-84.642 19.756 -87.438 2.302
-114.162 -91.940 -149.884 2.102
151.682 -99.345 103.566 2.135
-161.427 -183.309 -167.148 1.988
77.720 180.831 -62.757 2.134
-58.075 125.061 63.058 2.036
25.491 74.273 -179.660 2.013
146.895 99.824 -134.039 1.891
38.751 -86.532 192.048 1.923
-64.115 61.190 -158.530 1.972
-51.476 94.765 -5.082 1.806
52.933 -14.287 -120.787 1.967
-181.621 -112.498 -13.895 2.179
111.159 78.359 180.869 1.964
166.171 -38.745 -113.098 1.916
194.022 -152.019 22.254 2.116
-5.794 14.867 90.755 1.914
-119.662 -13.950 -129.432 1.995
