-33.481 -48.402 115.846 1.884
164.990 40.183 116.690 2.035
56.839 32.355 130.414 2.040
-142.251 -172.060 -7.555 2.060
134.780 61.762 184.055 2.059
-20.212 -86.862 7.585 2.064
118.886 -95.271 -141.009 2.082
-193.461 184.134 84.060 1.882
-144.596 26.153 169.210 2.085
95.585 -47.040 68.883 1.884
-209.718 1.781 -126.991 1.837
73.468 7.920 113.969 2.035
72.216 122.241 123.941 2.072
-82.036 -49.150 -25.943 1.883
-210.048 164.413 46.091 1.756
117.070 -124.139 -172.744 2.306
-214.057 184.442 -79.171 1.842
222.062 45.809 -189.270 2.002
202.769 140.240 43.161 1.953
210.550 120.127 48.512 2.193
-8.860 -153.345 14.795 2.029
42.372 -19.563 -135.247 2.011
100.547 18.253 -156.755 2.039
-17.445 169.155 -155.706 2.084
-209.701 4.315 -137.096 1.964
14.786 -28.940 81.115 2.034
163.527 0.870 179.670 1.801
133.752 -174.687 19.449 1.772
172.529 -102.030 68.752 2.001
-161.522 68.255 -143.378 2.077
-38.517 159.166 -67.834 2.041
148.750 -118.292 167.505 2.016
-129.294 149.183 75.351 1.992
189.735 106.933 88.776 2.109
-164.751 -92.245 -159.019 2.074
-85.935 46.832 -157.793 2.152
173.310 117.971 87.823 1.961
-193.310 -136.649 128.372 2.062
-119.753 70.126 -67.290 1.976
98.808 -109.096 -36.267 2.073
191.951 153.832 -78.507 1.943
52.469 -84.172 96.319 1.940
107.743 128.895 16.378 2.130
-79.940 112.278 97.665 1.864
38.402 -137.881 132.492 1.881
136.856 91.227 -104.419 2.225
6.293 64.287 -189.121 2.016
-221.283 -10.894 -5.339 1.921
-50.074 -8.546 -195.646 2.138
-207.590 170.136 -23.613 1.915
94.930 -25.044 124.888 2.005
136.356 -130.780 -199.356 1.893
-4.901 5.517 -144.609 1.965
129.114 61.707 174.822 2.178
-13.104 -116.458 40.877 1.884
-12.189 -39.278 -137.522 2.081
-140.943 123.523 -129.897 1.947
127.626 107.467 77.740 2.076
-191.500 -38.330 65.218 1.875
105.546 25.830 -83.347 1.959
-190.689 89.845 158.387 1.986
94.654 -157.171 154.457 1.951
-93.677 130.767 82.749 1.953
-189.121 -162.265 40.149 2.150
69.175 29.273 115.565 2.035
126.289 185.307 188.406 1.983
147.833 -99.017 -181.516 2.015
-216.741 -6.501 72.978 1.896
-141.790 45.837 -176.269 2.031
191.648 -187.595 81.387 1.911
1.813 -134.403 84.083 2.109
130.059 103.197 -27.712 1.959
-22.216 -10.032 -0.828 2.045
-171.372 -106.191 -135.553 2.087
72.247 -115.563 44.118 1.973
195.594 -174.817 -112.398 2.022
-121.485 47.095 186.145 1.819
175.124 -170.283 -127.556 2.045
-110.449 -164.566 142.812 1.855
-30.548 35.873 26.494 2.008
12.740 68.410 -73.712 2.105
-41.464 46.973 -188.354 1.999
-125.384 -32.461 -177.052 2.044
169.563 97.864 -132.546 1.797
-128.539 -166.968 141.378 1.952
126.198 -53.649 -142.499 1.956
33.823 -127.900 -87.766 2.012
3.933 141.412 -133.903 2.240
-141.269 21.819 -143.499 1.883
-11.852 25.790 -110.356 1.831
81.813 16.219 -123.758 2.106
-224.843 -98.258 99.577 2.062
84.756 115.346 196.404 1.905
60.634 136.496 199.112 2.174
185.040 -76.277 -70.000 1.972
-166.649 -129.469 130.345 1.983
-132.120 -127.154 182.494 1.895
-101.053 -46.966 54.256 1.985
114.854 -112.778 -180.570 2.058
-55.770 118.239 -146.771 1.998
-7.990 -121.967 -106.054 1.995
-94.699 -21.958 -194.827 1.999
-8.986 -5.337 91.133 2.003
-147.365 182.342 -72.148 2.080
-35.018 53.589 54.511 2.122
84.240 100.037 38.640 2.039
169.695 174.568 -80.879 1.994
-0.525 162.543 18.727 1.936
40.801 -18.838 36.019 1.947
76.240 -95.623 129.872 1.780
21.130 60.691 128.794 2.063
76.548 28.518 -112.293 1.997
143.443 -130.205 -90.551 2.004
188.611 -179.868 88.289 2.026
-181.646 -151.937 -159.732 1.874
43.793 12.688 173.199 1.822
-110.850 63.892 -39.486 1.973
-150.792 -89.905 7.731 2.094
-121.066 106.907 -16.325 1.989
18.038 167.262 158.464 1.779
10.773 136.682 -63.109 1.993
-192.687 -145.426 175.948 1.938
17.394 61.423 -160.042 2.132
192.273 -158.742 -69.844 1.990
-56.015 86.055 71.175 2.264
215.113 80.795 167.808 1.904
93.676 143.168 0.288 2.006
102.182 -84.038 -106.366 1.995
221.569 31.100 175.862 1.846
30.038 69.617 192.318 2.005
-0.265 129.716 2.441 2.062
160.880 -121.576 142.128 1.996
-34.441 117.343 189.023 2.017
-99.125 -152.129 31.664 1.872
29.914 0.894 0.205 1.856
87.459 35.521 -84.542 2.052
-201.888 120.489 -153.101 2.135
119.050 -122.179 -39.291 2.033
-164.402 124.667 71.911 2.194
215.609 -107.063 20.504 1.989
58.424 109.521 -158.098 2.069
6.917 187.837 2.382 2.264
-70.032 -147.199 -153.506 1.988
69.832 31.904 -194.354 2.148
-174.661 28.404 -96.235 1.871
-96.331 -104.709 -44.117 1.864
206.835 -153.665 -63.828 1.914
-220.056 80.465 -89.017 1.887
67.812 13.219 35.088 2.165
62.903 -127.189 -116.330 2.096
17.815 -75.688 164.946 2.122
3.179 -183.143 -103.668 2.031
129.504 29.221 -150.449 1.855
-161.014 16.360 3.699 1.776
-49.697 117.886 -135.094 2.117
204.706 176.858 -50.621 1.855
-217.181 148.219 61.280 1.832
-166.209 -157.717 177.766 1.955
-46.250 31.859 -80.260 2.052
51.225 -75.903 71.167 1.865
103.528 -118.480 63.758 2.113
77.687 106.186 79.113 2.034
168.686 117.953 68.222 2.191
-88.596 -78.560 179.717 1.897
-37.963 97.169 -130.507 1.978
-222.034 133.580 162.351 1.835
-89.674 168.123 -187.513 2.100
-84.102 -74.432 15.995 2.245
-123.810 -24.050 -47.868 1.902
33.428 127.751 -41.275 2.021
34.328 18.529 119.504 2.052
-110.011 -86.152 35.127 1.818
-210.162 73.537 108.150 2.155
-24.419 48.700 -164.055 1.943
-28.082 83.979 -31.947 1.959
144.354 43.148 -154.488 1.942
88.054 -179.506 -98.844 1.892
39.867 -172.898 176.135 1.948
148.428 -78.067 -28.901 2.139
203.657 -112.361 -26.985 1.917
162.136 -111.514 34.722 2.142
-6.969 62.028 183.257 2.041
61.734 -112.233 -184.323 2.127
-76.363 -83.665 -43.248 1.970
-193.701 20.854 190.868 1.836
14.060 -74.136 -91.652 2.020
113.057 38.995 96.840 2.046
-6.143 -130.949 -137.959 2.025
-87.742 53.382 -80.327 1.899
-83.002 -139.387 -21.093 2.073
91.461 12.277 -26.204 1.985
16.924 16.667 -109.103 2.199
-79.249 5.771 90.719 1.951
-162.934 77.360 -127.183 1.819
163.383 97.461 29.539 1.855
96.114 145.818 107.633 2.025
220.979 92.320 -126.919 1.817
53.029 -125.049 -117.076 1.907
108.234 50.671 65.953 1.861
-220.791 -19.712 158.005 1.922
-222.213 -9.142 185.357 1.855
75.253 -161.615 7.642 2.061
-39.865 17.263 156.202 1.849
138.685 -101.174 -80.138 2.154
-2.606 -64.345 57.977 1.939
-136.324 174.236 -113.113 2.030
99.058 100.242 -191.050 2.071
-125.110 -96.100 -24.486 2.158
-206.303 146.287 65.081 2.070
115.343 -79.779 -149.089 2.074
-1.879 -165.596 -141.289 1.965
186.574 -40.104 -32.305 2.002
214.592 -114.219 -35.632 2.114
-108.008 93.817 -186.588 2.082
-52.621 -48.583 -119.203 2.260
-141.768 -55.910 -0.942 2.135
-103.439 -166.024 -162.855 1.929
-98.112 -52.826 -153.389 1.952
-126.818 -157.963 157.091 2.153
54.745 56.762 99.324 2.056
38.360 -177.805 117.352 2.098
171.220 -157.222 -189.376 1.874
141.369 -45.475 174.105 2.059
-151.373 21.575 63.923 1.996
-220.736 -19.234 157.858 1.938
185.854 -177.421 99.743 1.917
207.705 -77.296 144.933 2.031
155.473 72.189 189.169 2.080
211.984 63.251 61.676 2.029
-8.489 -120.413 -106.408 2.074
110.120 7.008 -172.190 2.111
97.704 68.137 -181.169 2.027
67.588 -159.834 -89.974 2.134
-0.947 182.599 48.237 1.957
170.443 45.010 -33.787 2.132
55.865 -166.796 -4.648 2.025
3.584 -103.341 -10.802 2.064
-15.695 111.354 -69.491 2.180
-158.282 92.017 -26.609 1.805
170.644 -123.451 47.788 1.879
-206.271 -158.553 87.370 1.926
217.000 46.475 47.532 1.847
92.695 76.351 99.203 2.156
6.768 -157.173 108.019 1.959
-110.595 -184.002 121.075 2.008
170.093 88.319 -11.431 2.041
-5.884 -14.340 -98.482 1.872
6.877 -55.444 48.751 2.179
36.033 -66.407 52.792 1.986
21.386 -38.536 -70.653 1.881
147.978 21.885 14.378 1.917
103.310 -118.233 33.733 2.187
-140.322 24.439 87.032 1.978
45.817 -24.454 51.897 1.944
-4.163 -90.422 -68.647 2.053
-195.494 76.911 -115.347 2.140
-222.298 -3.927 162.151 1.887
0.100 134.430 105.342 1.876
-105.470 -27.462 -68.576 2.124
112.182 -173.977 -156.071 2.103
12.975 -8.512 -154.833 1.859
45.565 -47.411 -165.989 2.137
-89.163 180.498 142.759 1.820
120.229 -163.118 155.939 1.983
71.705 130.412 72.239 2.153
216.895 42.785 106.207 1.885
53.404 81.354 -158.217 2.013
83.147 -118.943 -162.329 2.009
-55.057 -93.011 -116.232 1.975
-85.208 -72.128 109.146 1.914
13.479 16.524 188.768 1.936
-85.367 -18.822 30.472 1.882
-171.905 -169.176 -21.432 2.045
7.891 26.714 -175.460 2.031
-140.582 -61.248 -87.406 1.865
-169.118 70.594 0.731 1.993
20.899 47.418 -46.523 2.052
90.270 -111.208 -42.049 2.012
-179.582 -1.389 143.230 2.066
123.640 -54.001 117.629 1.980
-187.832 147.686 183.726 1.991
92.022 189.619 -50.457 1.866
-223.584 78.799 149.577 2.030
-48.850 187.644 -190.360 1.901
-72.653 143.403 61.578 2.058
164.075 74.156 -36.693 2.161
78.988 -22.721 119.788 1.959
31.596 -55.109 -59.615 1.894
-175.761 -77.423 181.778 1.891
140.427 95.844 -175.319 2.195
90.170 114.263 -146.352 1.969
-51.032 70.945 110.059 1.941
104.593 73.971 54.721 2.012
-34.124 60.626 -30.186 1.958
14.632 159.572 -54.629 1.933
74.794 104.047 -144.648 2.172
-68.365 -7.478 59.973 2.178
29.484 132.419 107.870 2.120
-103.361 -42.096 -183.763 1.841
212.224 -124.925 170.681 2.100
-107.664 -38.724 -81.163 1.970
-181.373 -78.130 179.785 2.224
-100.904 -34.692 123.394 2.092
-48.477 32.003 77.798 1.974
118.244 42.332 62.620 2.240
-91.251 19.401 -140.443 1.904
-71.428 91.848 147.323 2.093
188.311 -74.734 180.686 1.966
-134.923 -91.760 -3.650 2.106
-19.414 181.642 -132.045 2.108
102.622 82.291 -26.035 1.933
-153.247 -125.762 -186.868 2.146
47.509 90.481 -41.379 2.025
-11.888 143.059 -12.739 2.046
48.687 61.406 148.333 2.018
-191.859 -148.356 171.908 2.049
196.828 144.013 -175.781 2.002
-21.436 -110.816 -20.632 2.223
150.665 167.060 128.202 2.023
146.066 -62.522 -77.365 1.919
-11.704 119.552 -109.769 1.988
-40.495 -110.468 7.756 1.904
-111.913 155.821 -99.351 1.901
185.321 -120.716 -141.201 2.043
64.245 -127.069 181.055 1.782
158.863 113.387 197.024 1.910
23.841 75.524 -67.639 1.844
113.448 -137.596 -118.377 2.076
-77.602 -92.724 81.159 2.025
81.323 87.131 160.327 1.938
-175.554 3.312 -42.804 2.107
-89.435 -58.280 139.050 1.850
8.692 -127.469 -140.376 1.891
133.092 -67.276 -109.929 1.857
-131.982 -126.814 194.703 2.088
148.954 -40.353 -41.729 2.081
40.534 -51.384 -68.209 1.977
97.689 13.020 -64.511 1.956
-8.786 112.413 -84.282 2.144
160.868 22.734 -116.497 1.801
212.978 1.130 38.132 1.827
-179.418 -41.129 -178.087 1.973
45.200 -140.381 69.848 1.995
-110.480 25.945 -41.118 1.909
-23.304 65.945 -160.395 2.022
216.566 -160.958 -183.459 2.012
-99.666 97.833 133.985 2.039
210.814 108.291 164.953 2.081
23.061 -80.784 195.529 1.876
-212.684 162.848 -102.357 2.053
-95.533 31.293 -94.753 1.827
-71.489 -182.206 89.698 2.019
124.201 30.260 -19.907 2.203
177.371 10.966 30.079 2.062
101.715 -63.192 120.420 1.892
160.780 -59.325 -68.328 1.831
-28.078 179.002 195.662 1.927
162.204 -110.862 132.410 1.971
150.127 23.471 63.884 1.883
-140.705 -104.576 157.643 2.198
-76.794 -183.315 120.099 1.790
25.696 120.208 96.970 2.104
194.771 58.907 20.545 1.956
-163.622 -15.995 39.630 1.919
-137.780 130.077 124.915 1.955
-209.931 -63.691 150.825 1.926
-79.707 -92.787 82.213 2.056
-115.745 -62.364 -43.061 2.099
-104.545 8.884 37.251 1.899
195.546 14.273 -32.925 1.997
68.537 15.431 47.547 2.104
7.949 124.874 66.913 2.087
-162.840 -56.580 -87.029 1.932
99.020 -179.305 -47.693 1.981
195.353 70.203 -157.012 2.005
-129.579 -136.757 -195.406 2.060
-109.295 -146.081 184.169 1.959
111.177 -35.902 192.929 1.686
-78.603 19.814 -189.991 2.071
-180.514 -185.148 37.865 1.874
161.291 2.815 88.829 1.958
-50.702 -32.245 -147.605 2.042
-215.098 176.779 -189.401 2.088
73.394 -72.200 -145.613 1.854
97.788 -27.874 185.741 2.116
-182.877 -164.818 -15.096 2.110
-195.271 12.733 -117.964 1.920
44.367 -48.783 -125.493 1.952
96.894 66.774 -123.807 1.963
-26.345 110.776 144.427 1.997
-113.442 81.300 32.684 1.926
-12.616 -141.007 92.944 1.873
-26.837 -30.928 136.607 1.985
-207.889 40.076 -15.638 1.961
-199.897 -43.788 177.159 1.978
-200.981 -92.347 -23.238 1.894
17.820 -163.208 193.458 2.007
-41.370 53.464 -86.090 1.950
-68.947 61.354 32.878 2.078
103.888 -40.565 -25.342 2.122
135.128 -139.308 104.235 1.852
156.875 -144.898 -143.051 1.889
-1.888 79.219 46.724 1.921
-113.749 2.871 56.568 1.954
-13.068 -28.456 50.595 2.031
-177.821 1.932 92.256 2.096
61.789 26.122 -145.104 2.096
47.459 72.811 -44.606 2.070
8.834 -4.413 -133.654 2.113
-56.548 144.974 98.881 1.933
38.727 -71.595 179.027 2.127
-217.407 -165.205 -174.370 2.110
-37.233 31.640 -86.664 1.999
11.810 -129.447 -1.457 2.096
136.872 138.235 -195.793 2.170
179.618 2.646 -130.415 2.106
25.607 -83.111 85.354 2.012
164.131 41.479 111.669 1.974
-172.995 -106.201 150.596 2.129
-55.374 -34.100 46.748 1.844
113.429 188.254 105.485 1.789
-68.599 -67.837 -82.171 1.965
164.609 -71.318 40.576 2.076
147.951 120.460 -44.444 1.840
9.654 102.490 76.635 2.014
167.538 -177.455 11.871 1.920
179.622 11.528 -105.232 2.040
50.818 -106.757 154.991 1.889
63.800 -139.787 148.272 2.021
-107.770 139.911 62.235 2.101
50.105 -43.313 116.863 1.977
-207.900 -95.187 94.968 1.975
157.630 -5.996 36.695 1.875
-196.272 130.512 160.460 2.118
6.550 105.189 -168.508 2.036
208.099 -187.534 104.703 1.807
-198.860 -57.589 -160.980 1.907
60.411 166.379 -52.673 1.932
125.305 -163.719 -140.445 1.990
154.651 93.929 193.375 2.072
120.036 -140.510 -15.220 1.954
-150.873 -18.643 -76.998 2.003
61.220 -86.878 60.559 1.882
-70.292 -40.078 148.609 2.084
-203.530 71.211 153.033 2.031
-17.670 25.565 149.457 2.034
50.180 -52.038 -11.295 1.903
126.966 -158.971 -142.241 1.873
26.860 29.471 150.124 1.916
126.745 -27.296 -12.053 2.053
161.684 -113.518 -4.895 2.012
-202.787 -65.205 30.822 2.016
103.838 33.076 -53.355 2.150
20.912 23.007 -153.042 1.809
87.865 -10.189 124.549 1.803
188.827 -183.274 -32.393 2.189
119.056 12.688 -168.838 1.894
24.515 -137.464 116.310 2.062
127.192 -100.114 -165.797 1.830
-1.736 -143.269 131.291 1.944
-181.582 133.462 15.929 2.044
-13.624 -7.841 -51.692 1.865
-30.357 46.878 45.793 2.055
92.345 177.344 65.404 2.027
-94.145 -64.013 121.425 2.195
-100.133 -45.755 86.939 1.865
207.680 110.472 186.369 1.932
-32.943 -159.232 197.221 2.000
-72.651 -82.572 -28.970 1.957
130.155 -118.924 -137.977 1.837
-73.472 -44.007 -102.394 2.001
-169.699 134.122 -14.050 1.984
107.748 -150.923 172.991 2.014
-93.277 60.452 47.662 2.030
42.661 130.423 -76.221 2.187
135.302 29.701 -159.135 2.086
44.784 -164.428 14.512 2.092
-220.064 171.848 -133.972 1.922
-217.557 -2.115 117.887 1.955
-179.344 -114.284 -117.694 2.115
58.244 3.394 -7.492 2.087
135.184 130.999 45.842 1.865
147.073 135.636 -50.399 1.954
174.326 134.554 40.507 1.941
-68.477 153.300 14.265 1.955
180.563 -52.931 176.168 1.843
153.698 179.801 -71.777 1.934
81.785 32.575 112.525 1.884
-132.372 -31.066 -82.299 2.191
199.622 73.491 -114.306 1.877
180.607 70.844 -43.185 1.915
-32.175 -143.616 -157.126 1.937
-60.077 137.449 82.005 1.999
-82.408 71.633 171.111 2.111
1.441 178.941 110.360 2.112
-13.843 49.587 155.130 2.005
-168.287 158.526 171.619 1.942
174.915 3.139 159.462 1.917
212.991 98.079 142.313 1.962
116.709 -48.580 198.236 2.005
87.558 -54.557 -58.854 2.031
-218.137 7.114 -44.107 1.959
-52.663 181.141 36.086 1.927
35.927 141.202 -37.113 2.101
176.324 61.521 178.598 1.795
200.028 -72.876 -22.285 2.035
174.566 -6.205 68.444 2.000
-93.945 152.058 -134.859 1.891
24.506 -185.131 195.220 1.932
95.465 -18.190 130.480 2.148
206.755 -43.253 -95.485 2.063
113.806 -12.879 94.225 1.859
93.688 -164.388 76.771 2.163
89.525 -70.787 -23.828 2.036
-134.525 -35.376 164.417 2.022
160.386 160.747 -190.213 1.931
107.613 -106.186 -120.974 1.986
80.948 117.184 -39.539 1.936
194.721 -157.483 71.042 2.024
180.352 62.660 -44.179 1.901
-96.802 182.506 134.033 1.943
156.898 -123.293 -191.981 2.110
158.821 21.627 -124.200 1.957
-143.872 -31.858 -163.707 1.901
-144.934 138.627 5.005 1.824
-174.752 54.550 -128.517 2.049
2.323 14.002 -72.109 1.996
16.395 93.330 130.690 1.860
193.956 163.225 -191.385 2.081
104.372 168.996 -105.343 1.882
-59.511 164.262 44.657 1.987
99.358 -43.533 150.509 2.076
-42.547 148.746 184.850 2.026
-99.862 111.923 -101.754 2.036
-207.621 -151.462 -109.871 1.879
-135.676 -130.866 -144.546 1.930
177.683 184.347 -178.522 1.858
-195.253 -187.915 -164.433 2.046
-192.145 81.771 -89.104 1.920
62.607 60.611 64.936 1.889
-55.441 -110.135 -136.063 1.979
181.832 -180.924 -102.499 1.960
124.080 -174.173 -12.733 2.037
193.376 13.234 -112.081 1.970
-192.692 24.295 -154.264 2.018
156.653 -144.480 -19.810 2.038
86.442 -95.981 115.887 2.099
191.355 31.847 80.371 2.072
137.661 39.422 -32.602 1.942
-115.288 74.334 -45.446 1.859
-106.082 -145.438 61.076 2.006
-189.760 -19.519 -99.595 2.073
106.000 60.309 -7.535 1.867
-102.184 8.842 129.208 2.084
15.115 -155.687 140.915 2.107
59.172 167.786 -185.151 1.891
173.369 180.728 108.156 1.781
166.617 164.964 -160.709 2.040
-215.235 -27.888 53.123 2.039
176.739 -60.216 -149.207 1.869
-127.471 -39.591 164.625 2.161
-180.969 8.779 -192.868 1.911
-126.507 -115.309 165.831 2.086
41.353 -69.385 60.438 2.075
-48.821 12.994 -118.413 1.844
-194.577 51.307 -52.337 1.923
204.502 171.251 -25.448 1.993
88.082 163.362 -176.158 2.000
-18.867 -101.830 -26.918 1.910
-48.722 -17.773 -78.618 1.916
206.511 178.247 -42.298 2.036
-215.980 -32.612 -139.537 2.006
-92.860 58.233 18.225 2.033
164.860 -23.051 -111.367 1.858
-60.555 162.928 -66.482 1.805
-117.613 22.580 -94.205 1.889
39.553 -0.364 146.998 1.897
43.588 104.327 22.294 1.962
-11.327 93.184 -140.937 2.004
-25.794 -74.844 107.945 1.891
7.450 -14.790 2.270 1.886
205.040 24.035 -120.093 1.989
-202.815 -58.963 -150.616 2.009
-1.764 -48.181 64.219 1.954
-51.265 79.883 15.952 1.909
32.188 39.328 16.089 2.134
-160.922 -49.909 75.702 1.932
20.649 119.382 129.572 1.949
-111.157 163.330 151.673 2.034
-124.400 -16.382 -55.396 2.017
-16.065 -158.244 0.012 2.040
-148.520 174.619 -96.346 2.221
-91.421 -114.396 -79.259 1.866
25.524 -73.791 -136.546 2.036
-222.413 16.523 32.530 1.881
81.496 151.396 186.695 2.109
186.379 77.148 159.057 1.902
-159.021 -187.797 -148.444 1.978
-75.116 103.628 -97.453 1.955
89.278 -26.821 -133.319 2.038
19.409 -158.192 116.986 2.110
14.386 150.639 111.470 1.910
-182.420 136.669 0.796 1.844
-103.692 175.273 197.740 1.924
-38.652 -109.328 -177.580 1.999
-178.954 -79.507 161.429 2.139
223.307 -153.679 -165.740 2.020
-38.240 86.805 -95.892 1.949
-155.819 -41.789 -133.949 2.045
21.011 -45.429 184.881 2.060
-116.833 -85.013 -43.945 2.018
-6.476 -113.891 79.478 2.024
140.219 -153.408 -176.414 1.969
-55.576 139.945 -46.650 2.041
-66.124 -148.323 63.462 2.084
-155.198 3.428 80.980 2.148
182.917 121.495 -130.259 1.962
98.212 -37.868 -41.554 1.973
8.357 -15.569 -130.062 1.962
-98.376 -102.002 -48.069 1.999
140.706 -177.330 -150.602 1.936
-104.585 -6.003 -174.028 2.041
-59.735 148.271 -88.778 2.141
-15.053 -164.373 -132.228 1.863
-145.083 -167.030 141.273 1.967
-167.415 134.658 150.600 1.974
59.289 -103.910 -162.672 2.047
-158.380 100.313 -19.456 1.924
197.052 41.465 -89.541 1.916
33.329 65.817 79.312 1.995
26.474 30.047 184.274 1.997
-146.094 67.090 141.644 1.878
1.656 -29.090 151.072 2.005
-74.263 -122.454 9.341 1.993
-98.515 -1.551 0.297 2.221
-105.527 -117.710 -170.294 2.007
111.570 -1.709 -150.876 2.017
-74.692 -115.224 -30.957 1.848
-160.677 -161.952 -160.185 1.839
193.915 -108.827 -3.439 1.779
-40.751 -81.251 57.874 2.121
-169.995 37.313 -60.499 1.862
-181.432 63.066 38.099 1.949
-80.521 161.144 -23.542 2.116
-223.815 -25.926 121.049 1.975
-152.416 -84.735 -146.201 2.162
-172.983 177.259 115.656 2.010
-86.151 139.440 -95.571 1.994
-184.540 32.964 -196.629 1.989
79.202 67.320 -55.268 1.999
41.413 -31.962 196.452 2.023
9.772 -0.858 -69.198 2.104
-151.854 186.323 -32.045 2.054
98.402 -29.619 163.288 2.051
158.902 -158.098 -89.357 2.017
-196.541 -34.890 -68.743 2.157
-120.881 -56.739 -61.981 2.010
-6.858 141.083 -171.953 2.071
168.743 -141.363 73.638 1.935
85.327 -103.769 -108.072 2.235
-57.554 45.913 -164.087 1.998
120.069 -58.489 32.891 1.811
-165.972 144.115 -126.329 2.052
-142.534 -82.690 97.842 2.110
101.597 83.315 -81.868 2.012
77.165 133.840 166.241 1.981
-27.935 -177.535 -27.360 2.041
-210.160 163.261 -125.004 1.838
-97.042 182.745 -64.740 2.006
207.555 22.980 -61.560 2.042
-47.766 61.233 -111.914 2.006
-51.685 -124.236 -0.322 1.871
-186.186 39.506 -193.656 2.018
206.788 -25.703 -35.897 2.244
85.338 176.403 100.532 1.910
139.883 11.898 102.745 1.986
-74.403 -158.650 -21.198 1.884
148.034 -113.946 137.306 2.096
132.017 -42.593 58.644 2.069
-53.714 -64.500 157.158 2.014
123.692 121.794 164.184 1.975
-78.891 124.373 131.635 1.909
-70.161 21.821 -143.038 1.960
-61.465 119.727 129.127 1.923
-6.759 -110.737 -165.868 1.977
217.077 45.880 4.988 2.096
-146.082 -15.929 -45.235 1.831
75.878 -113.222 76.848 2.055
18.005 -36.408 -136.573 1.949
163.379 122.627 -169.401 1.933
29.302 -57.787 -112.705 2.095
215.839 40.977 -144.524 2.019
204.289 168.531 13.724 2.014
-159.874 -102.461 38.711 2.080
147.850 -188.976 89.730 1.877
75.609 -181.175 129.042 1.950
-109.464 99.275 130.096 2.130
-69.950 -113.119 -28.567 2.000
-145.002 -47.741 135.262 2.013
173.173 117.229 -137.915 2.054
-9.530 -75.576 167.705 2.029
-98.410 123.736 148.354 1.881
-150.901 69.679 -59.517 2.042
106.517 -56.870 -87.915 1.901
-180.958 -88.485 -18.845 2.048
-148.422 -15.670 111.216 1.890
171.290 -24.746 -131.443 2.043
-35.156 -179.407 -53.597 2.072
194.343 141.587 21.187 2.036
77.963 118.553 51.845 1.989
205.014 154.976 22.613 1.945
102.559 -152.929 -7.104 1.913
187.802 -159.672 153.200 1.975
73.239 28.162 -14.829 2.045
164.430 177.632 -13.441 2.026
95.860 128.630 129.631 2.008
-163.856 -103.723 170.066 1.995
82.114 9.917 127.086 2.038
-117.530 -152.494 110.378 1.973
-11.186 129.978 -2.809 2.028
40.626 -119.993 81.313 2.148
-14.369 68.970 -124.317 2.009
149.341 -66.788 177.671 2.023
-77.183 -161.343 -57.157 1.905
-182.444 181.585 -113.627 2.041
-137.046 114.454 -37.450 2.017
197.208 -64.707 58.467 1.861
69.838 -19.173 36.902 1.894
-193.415 37.661 -33.803 1.952
20.250 150.129 -182.147 2.053
80.379 15.504 -68.465 2.119
129.977 157.983 -50.614 1.916
-195.367 -72.416 -48.060 2.064
-153.889 -79.885 -46.764 2.026
72.870 -152.106 98.835 1.869
220.742 -36.189 79.776 1.729
146.109 -151.013 140.713 1.927
-22.885 -54.871 -26.057 2.161
22.892 178.715 -78.563 2.039
-180.051 46.460 8.362 1.872
172.606 -137.275 79.252 2.021
-108.936 94.126 100.137 2.051
121.084 -46.678 -166.414 2.064
-59.831 -100.964 126.101 1.908
117.319 -35.157 33.411 1.997
54.103 -27.086 12.323 2.154
-203.965 106.161 -14.707 1.825
37.664 8.531 1.525 1.972
4.860 34.309 -13.890 2.042
-140.026 -119.472 39.997 1.853
-19.288 -20.306 6.322 1.948
-212.374 -104.023 -140.402 1.956
130.203 45.407 0.767 1.995
-218.520 -126.124 -88.680 2.088
55.706 -94.446 71.484 2.012
206.030 -125.502 -55.763 2.063
-196.033 37.939 149.199 1.806
190.603 182.273 91.984 1.978
-93.226 172.222 -127.341 2.196
-136.223 24.102 -140.382 1.992
-8.321 51.441 -178.011 2.161
198.489 -43.366 173.407 2.085
-207.437 23.699 61.291 1.835
12.786 162.651 16.368 1.913
77.065 114.354 -16.705 1.995
142.758 102.947 -197.866 2.017
-155.949 -172.748 0.149 1.951
-188.113 43.756 108.363 2.031
84.010 36.360 154.297 1.880
224.975 28.917 -183.757 2.194
-110.352 -60.254 176.134 1.793
-81.389 -181.288 192.011 2.027
96.451 -136.561 -163.447 1.926
-151.634 -112.388 -68.679 2.256
125.928 77.743 -182.411 1.874
-163.383 -100.726 -180.577 2.032
34.756 9.631 -13.791 1.984
-74.369 172.337 -68.535 1.995
-11.796 35.143 -103.988 1.753
60.563 -158.923 -24.750 2.006
191.772 -179.453 135.759 1.971
-45.587 64.472 51.936 2.154
-120.855 9.911 60.588 2.090
107.458 23.314 153.975 1.938
81.733 -150.204 -192.557 1.857
37.014 34.041 -120.871 2.075
-83.638 -151.083 -160.513 2.147
-137.508 -85.416 121.166 2.180
6.743 -95.247 142.944 2.103
152.884 -81.839 -191.669 2.116
139.738 -147.230 -183.053 2.038
110.483 -167.020 -100.834 2.240
-154.799 -37.863 -50.647 1.975
2.183 100.138 76.964 2.007
79.836 -43.798 131.959 1.938
4.282 164.521 46.331 2.067
98.951 108.777 -163.490 2.021
106.068 36.208 99.111 1.881
-193.567 -23.445 46.747 1.868
-29.043 47.349 -26.704 1.763
-209.342 -101.076 -163.143 2.041
76.932 60.172 -144.257 2.144
150.896 73.834 140.999 1.905
-155.073 21.992 -10.230 1.897
-81.486 -24.796 -131.260 1.969
124.852 -7.054 -157.045 2.189
-67.570 -158.264 -0.793 2.019
189.708 189.792 131.726 2.027
-69.744 -60.943 -149.908 2.161
-206.132 -78.408 68.392 1.833
14.172 110.168 -195.589 1.879
-197.235 -28.770 182.486 1.956
-211.955 188.377 -61.423 1.911
-36.524 170.665 -151.592 1.887
38.706 95.040 134.916 1.940
-107.785 -4.750 -179.105 2.148
191.033 180.670 -115.733 1.814
71.891 -183.792 121.662 1.947
-110.062 -16.231 104.043 2.122
-37.934 59.317 -83.999 2.039
165.314 -156.334 107.136 1.972
220.573 -31.631 -191.405 1.966
-199.962 76.642 -105.346 2.084
79.984 75.196 -26.102 2.063
158.250 -123.730 189.865 1.872
43.773 -28.334 123.656 1.868
205.717 35.266 -59.318 1.925
177.592 -138.893 149.681 1.940
-130.288 83.477 0.265 2.077
-207.404 110.561 161.341 2.094
-51.663 102.081 174.773 2.041
-163.085 -149.396 86.622 2.008
-184.027 124.978 -37.119 2.059
133.940 -72.435 -18.557 1.908
171.360 -58.598 -196.547 1.995
14.652 -126.385 -117.500 1.865
-7.047 -152.662 -24.702 2.001
-75.487 132.898 -106.903 1.917
-103.569 31.611 -135.629 1.964
73.004 11.874 -41.535 1.888
-222.522 -71.418 -145.896 1.941
105.655 -94.425 -134.539 2.099
26.449 131.085 29.124 1.884
222.397 -168.617 -66.423 1.937
-17.093 20.997 134.581 2.019
-29.537 -111.903 -133.689 2.028
-46.964 -44.780 67.894 1.961
-222.049 101.921 155.190 1.823
-109.484 135.177 -28.412 2.095
139.470 -22.944 -89.055 2.213
-34.161 -64.210 -15.900 1.965
-170.497 3.095 198.033 2.031
-74.317 -18.233 -130.990 1.933
-20.553 160.793 35.626 2.014
149.170 188.858 -44.836 2.021
-168.701 165.384 172.167 1.815
185.392 181.335 -189.251 1.801
-23.841 180.043 176.692 1.889
167.980 175.043 172.796 2.085
51.270 -63.756 117.011 1.907
-28.736 187.046 -121.104 2.086
119.840 -15.455 91.517 1.976
-82.091 131.542 -75.830 1.956
113.040 -21.871 -145.366 2.068
-224.604 7.429 170.945 1.995
52.686 -173.854 2.104 2.114
31.088 159.713 -56.746 2.171
77.957 -141.210 114.631 1.959
-16.212 -157.296 -191.378 1.890
-169.079 113.830 -129.091 1.865
130.301 -17.645 132.073 1.979
-55.150 39.411 -27.338 2.011
-120.098 -29.633 -158.811 1.927
-175.782 63.073 160.271 2.078
-213.414 184.703 13.893 1.843
12.725 -47.967 -23.335 1.935
-95.769 -54.142 -95.098 2.023
-136.083 -157.319 -196.209 1.865
100.778 82.044 129.783 2.008
122.266 19.426 167.794 2.062
221.122 -127.771 -143.367 1.880
-145.147 94.755 -24.982 1.963
-26.997 -152.770 171.855 1.975
-218.554 11.572 155.927 2.072
159.022 185.124 -157.390 1.970
1.123 140.901 -43.385 1.921
-207.694 116.072 -181.986 2.094
163.865 -181.509 -24.908 1.889
146.750 182.139 -9.641 1.911
-120.849 -115.568 117.052 1.948
-147.663 117.547 -49.571 1.978
-121.530 -50.962 -77.721 2.032
191.425 50.268 -4.801 1.925
-51.860 -156.658 120.550 2.001
-207.229 -73.207 -43.152 2.010
-29.384 -18.350 150.868 1.997
-10.932 147.599 -162.372 1.925
49.125 -36.219 42.474 1.823
189.654 -5.457 198.308 2.228
-23.749 115.197 147.927 1.878
185.073 162.513 73.578 2.199
-141.781 -99.493 -23.096 1.957
205.698 169.689 43.352 2.095
-13.843 179.536 -45.332 1.961
-70.130 -24.528 37.860 2.009
15.507 148.792 117.131 1.722
37.156 -80.812 68.603 1.771
-12.467 -179.123 -157.170 1.923
-28.271 -101.666 146.846 2.201
-42.286 -32.070 -191.840 2.139
118.847 103.412 -127.999 1.871
-1.920 85.455 116.575 1.901
-122.173 2.968 162.503 2.145
-64.398 -84.967 -165.848 2.133
91.660 -82.778 -55.937 2.065
-203.396 9.464 -2.691 2.021
-219.820 168.341 -156.464 2.092
121.559 43.845 -94.586 2.091
-157.286 -165.129 25.344 2.091
43.602 37.169 66.710 1.796
173.824 -184.196 29.253 1.785
46.427 -127.292 29.397 1.831
-18.663 48.691 -20.876 2.037
-84.718 -13.950 -61.534 1.899
-130.480 -77.973 17.638 2.217
142.543 -167.116 42.058 2.052
-129.697 -63.085 82.126 2.012
112.770 -104.877 35.150 1.926
36.426 -104.578 16.481 2.092
52.974 55.842 -111.258 1.993
-25.554 11.530 76.200 2.073
189.120 16.611 -123.761 2.007
-74.942 28.784 143.603 2.011
176.974 -189.153 -155.098 1.898
-83.840 138.476 -99.539 2.163
144.348 176.115 169.896 2.038
207.350 -148.173 -138.488 2.056
211.300 183.501 -73.412 2.099
-223.883 -100.976 191.856 1.945
141.884 48.004 -155.566 2.063
-4.462 -34.032 -19.766 2.006
128.184 -161.268 -113.066 2.000
-49.840 43.009 51.079 1.932
-161.366 -129.005 -104.033 2.092
108.612 -164.472 75.747 1.858
-35.349 -172.074 -168.150 1.964
31.265 71.199 53.648 2.125
-2.641 -182.710 -184.744 1.975
28.537 -45.951 -151.921 1.996
151.752 -34.456 -90.626 1.923
-18.726 40.312 -164.436 1.853
173.693 -124.953 40.088 2.036
2.809 -65.387 119.866 2.038
188.164 34.019 55.772 1.846
185.099 -187.613 167.017 2.147
-124.511 -8.716 -90.269 1.951
-194.514 -128.076 -145.849 1.920
131.005 -122.235 -57.012 1.905
-51.099 46.735 164.138 1.897
-106.133 137.825 68.435 1.890
-48.876 42.331 40.072 1.996
-220.267 186.860 180.961 1.974
-167.422 5.699 43.010 1.934
140.710 -140.691 -17.970 2.103
158.666 -158.976 -146.010 2.181
15.683 -59.040 -1.508 1.974
-36.083 137.868 -154.915 2.018
214.833 -66.619 118.951 2.011
18.520 -32.392 166.819 1.728
105.671 -127.842 -64.893 2.072
-111.424 70.102 106.139 1.859
-78.459 -75.730 194.186 2.112
-92.839 -74.096 78.683 2.153
179.185 -38.961 -89.734 2.101
0.504 43.652 148.808 1.914
62.451 -182.831 14.036 1.950
141.792 106.472 191.718 1.968
-39.252 164.109 -42.100 2.133
144.655 15.029 -26.654 1.785
-11.822 169.910 168.723 2.056
-29.110 -56.783 81.746 2.332
13.051 120.960 22.692 2.054
106.518 -107.267 185.019 1.979
-186.621 -53.604 -44.298 1.977
-222.640 3.308 115.666 2.195
142.776 65.703 -26.672 2.041
81.573 88.980 132.299 1.962
-124.207 -7.494 -177.807 2.038
55.346 -180.117 89.542 1.964
-176.496 -11.157 51.380 1.978
215.838 31.785 161.628 1.821
83.049 -0.168 57.656 2.102
-176.913 172.671 117.163 2.093
131.407 101.506 197.152 1.937
-112.914 132.840 159.966 2.089
-206.184 -97.111 -97.585 2.112
124.287 92.600 174.141 1.953
-33.036 -14.706 170.117 1.829
-87.096 -108.517 -96.174 2.130
144.957 121.586 -16.251 2.100
