46.740 128.256 164.339 2.081
-143.636 20.905 0.439 1.908
-212.230 157.279 153.310 1.973
-144.161 -18.717 -48.763 2.032
168.876 135.464 -44.053 2.129
-214.877 74.270 -139.167 2.134
-178.709 68.665 14.113 1.855
33.064 -160.450 -140.924 1.813
160.639 136.479 157.850 2.090
62.010 -122.271 -114.109 1.857
-87.098 135.458 189.080 2.034
-202.018 -184.759 83.999 1.973
-209.450 78.875 -117.765 1.884
-193.499 103.965 -146.139 2.211
-174.018 146.836 -86.019 1.965
135.378 21.828 156.716 1.913
-108.623 178.958 47.209 1.948
-204.465 113.139 -98.729 1.847
-7.884 161.780 79.925 1.807
-146.100 -46.559 193.180 2.007
-155.641 110.336 41.306 2.050
-191.495 -52.666 77.263 2.000
-214.841 128.284 -95.456 2.180
95.311 -168.741 -20.774 1.959
-171.856 -159.819 -1.033 1.871
1.295 -77.670 -39.253 1.905
-0.997 -11.119 -149.039 1.936
-90.779 42.716 132.451 1.843
-26.396 91.711 -136.335 1.889
-187.101 -79.416 -187.818 1.874
-137.077 -28.852 -118.864 1.941
189.489 130.755 178.992 1.876
-71.542 102.369 36.620 2.075
-12.888 -81.512 -186.068 1.976
156.601 -2.918 -33.534 1.982
193.022 -98.368 174.070 2.027
163.229 -65.005 -72.464 2.154
-154.251 -40.536 17.936 1.824
-114.824 -26.629 119.628 1.869
-198.147 69.004 52.796 2.048
-214.437 -36.251 -18.784 2.007
-207.138 -77.461 -177.708 1.890
-15.129 -24.442 -147.784 2.091
115.790 -173.294 -189.445 1.962
-184.459 8.038 81.930 2.137
-87.396 139.785 -198.398 2.076
181.788 30.774 -87.201 2.113
101.743 22.735 -127.095 1.939
94.979 -14.198 -127.076 2.183
34.843 -180.416 -92.420 2.149
-218.874 -84.776 199.884 1.865
165.276 -128.446 -172.556 2.004
78.624 -112.101 -113.020 1.920
132.631 -163.178 100.829 2.105
115.269 -89.137 -182.708 1.998
195.385 -174.705 141.981 1.964
-60.510 -115.644 14.053 2.002
-44.942 -148.401 -6.647 1.955
-86.129 187.641 198.102 1.863
-74.820 -73.427 93.779 2.095
10.858 126.856 -97.278 1.924
42.620 172.130 172.369 2.113
-107.486 -8.775 189.501 1.842
-154.608 154.925 -147.080 2.072
-63.212 -142.556 189.164 2.039
37.670 22.667 -173.117 2.058
-1.936 47.859 47.213 2.045
-195.781 111.254 -60.907 2.195
198.269 -27.628 102.603 2.199
73.424 -117.208 -129.891 1.935
96.578 109.148 -188.977 2.014
47.319 169.678 -23.298 1.936
220.683 21.493 -167.787 2.120
-43.326 56.545 50.431 1.989
219.715 -16.761 -57.814 1.937
208.140 -72.223 96.087 2.086
117.750 88.733 -127.931 2.147
198.452 61.215 -56.009 2.210
-221.942 79.110 172.597 1.938
-223.122 53.595 17.446 2.067
104.274 138.230 101.138 2.034
-160.503 187.817 -19.180 1.874
-121.019 -1.134 -190.361 1.997
132.107 69.983 -151.871 1.874
159.741 -142.125 182.295 1.900
133.977 134.296 14.199 2.030
-135.449 -181.996 -62.637 2.051
-160.334 91.322 86.424 2.031
196.220 -34.760 -52.337 2.011
209.713 -11.748 168.280 2.036
-207.067 -11.615 195.014 2.134
199.757 -60.875 24.066 1.997
-192.376 -2.924 -80.056 2.170
97.776 -52.801 -159.371 1.991
15.621 -41.644 -96.426 1.987
-21.558 18.967 -13.505 2.114
-220.480 135.346 171.466 1.989
1.458 27.697 25.731 2.097
196.897 148.593 193.205 2.028
-134.404 -61.917 3.153 2.019
130.807 -40.315 -38.079 2.181
-167.369 -151.786 10.019 1.984
-13.326 167.941 -43.532 1.926
-123.274 -147.349 -22.191 2.116
189.558 100.291 -72.402 1.873
-159.915 -94.876 -34.761 2.012
215.965 -130.438 84.718 2.044
135.121 -138.074 120.575 2.117
89.345 -30.985 92.061 1.974
-139.149 8.310 -73.852 2.050
10.752 -151.103 -49.016 2.048
199.060 -14.706 -127.107 2.022
-224.333 80.509 -171.390 1.995
-67.655 -155.497 -10.795 2.068
222.972 20.178 166.057 2.123
-74.200 -88.994 93.882 1.923
-182.088 -113.294 65.294 1.911
-41.926 -166.598 -95.810 2.069
188.453 142.714 179.149 2.125
200.694 -167.612 114.058 2.069
-119.582 104.294 20.546 2.076
155.873 -75.596 170.677 2.075
140.521 -47.271 -152.217 1.789
-63.668 -140.699 46.798 1.977
-18.306 -127.525 44.902 2.187
-167.754 -44.900 -81.564 2.034
-177.018 118.451 -97.350 1.988
175.829 -170.064 136.219 1.807
-49.272 -110.489 -165.981 2.150
116.686 67.101 -121.726 2.014
-38.945 -17.251 -15.554 1.810
-176.636 -98.196 -108.205 1.979
-91.971 -173.862 57.871 1.886
37.049 -44.393 -93.593 1.866
-14.579 149.317 129.604 2.040
-66.542 -47.972 -167.013 2.003
191.930 -118.859 -133.855 1.975
-196.815 -75.082 0.820 2.054
39.744 -36.409 87.392 2.095
-24.398 -103.735 -143.655 1.905
-217.412 -0.416 -110.385 2.034
65.169 103.668 -162.926 1.864
115.690 3.611 181.742 2.051
-93.696 -181.805 0.659 2.014
161.041 185.298 152.072 1.987
-177.482 -74.455 6.788 1.992
88.427 -164.952 -11.115 2.004
-197.357 66.155 -162.083 1.947
130.589 122.459 -47.038 1.945
120.766 70.914 -150.887 2.000
123.192 24.245 -139.780 1.966
-210.434 -133.822 111.118 1.950
35.948 111.407 161.589 2.023
213.001 15.920 66.120 2.136
-130.340 34.598 -73.949 1.997
106.214 -126.695 -30.887 1.933
186.946 -140.836 131.168 2.174
108.810 177.164 -34.710 1.960
-199.833 109.255 -37.584 1.992
188.662 29.372 -158.997 2.085
-26.682 -181.499 15.917 1.939
125.385 -67.223 105.703 1.992
-21.976 -71.943 54.752 1.860
-110.123 168.370 163.677 2.104
-193.037 37.240 -175.108 2.080
107.465 20.467 79.039 2.148
-30.531 -182.394 107.159 2.045
-118.432 -8.446 -61.411 2.003
49.439 188.120 -75.544 1.940
80.948 -110.268 132.052 1.810
-107.535 140.453 -164.417 2.043
84.566 164.787 130.500 2.113
-44.871 52.829 31.186 2.050
201.377 -45.438 94.706 1.991
206.788 56.167 -174.501 2.031
-154.307 24.639 -175.377 1.965
-34.429 152.501 15.400 1.911
-74.015 -189.922 80.154 1.999
61.280 -178.583 -195.056 1.961
-179.295 -160.145 -41.844 1.894
136.121 110.479 88.710 2.096
-174.757 131.495 47.723 1.925
91.705 -167.963 184.808 1.888
-116.946 -35.766 -168.866 2.092
-169.995 71.641 -17.443 2.198
196.536 22.335 -66.879 2.008
34.422 -83.846 76.249 2.106
183.435 -107.108 -1.677 2.083
-64.288 -171.547 -21.859 2.055
171.160 -48.521 -137.035 2.083
2.861 156.399 -182.375 1.944
-173.636 64.071 163.823 2.043
188.711 -64.320 144.795 2.083
71.801 -134.241 9.428 2.182
-31.876 156.048 -27.884 1.924
-14.689 -79.401 165.894 2.011
201.040 39.423 196.085 2.009
-118.570 125.845 -38.049 2.051
52.898 94.101 90.289 1.976
137.626 94.929 -58.876 1.931
-125.456 105.019 78.495 2.068
-6.585 -126.942 -174.776 2.067
-150.706 8.057 -72.114 2.028
213.720 -126.867 56.998 1.904
80.515 124.504 128.032 2.039
-95.691 86.408 -26.610 2.083
-141.148 -101.735 -82.221 1.997
-111.860 -21.200 62.737 1.969
155.144 94.066 -49.423 1.945
11.450 -113.323 81.757 1.950
-2.508 122.320 87.393 1.870
-33.593 -15.708 66.610 1.932
-196.273 131.267 120.797 1.927
120.901 133.148 -71.892 2.068
36.376 77.787 38.893 2.076
79.448 -148.254 96.941 1.923
206.062 135.683 14.024 1.911
187.477 -52.728 5.742 1.819
-49.985 48.959 49.993 2.031
-208.151 97.647 -70.699 2.132
-33.555 184.334 -98.228 2.074
-102.419 -26.580 13.720 1.943
142.172 -181.914 179.865 2.088
121.526 -27.901 189.483 1.987
-100.567 -109.401 -125.192 2.081
214.835 -142.939 3.059 1.897
7.418 27.295 -125.464 1.963
96.224 107.826 32.650 1.914
-27.473 101.537 86.577 2.064
37.974 -125.534 186.228 1.830
-178.185 86.357 51.938 2.104
-222.214 164.542 148.795 2.217
121.536 39.233 -188.486 1.982
-104.882 146.120 -94.374 2.002
-184.116 -124.177 -90.244 1.816
130.216 142.630 198.761 2.059
-49.384 -158.939 70.866 1.908
102.288 40.397 162.511 2.247
23.228 77.291 100.374 2.003
-69.772 -76.257 117.768 2.105
63.976 79.876 4.552 1.933
-122.212 124.383 -155.207 1.887
97.959 -58.845 -16.455 2.062
-60.150 -55.228 168.617 2.140
197.115 104.603 -126.894 2.121
-39.919 186.883 168.343 1.992
-132.080 153.735 -138.170 2.112
-174.552 47.178 -83.714 2.111
48.308 -85.480 -95.838 2.057
132.505 97.317 -131.751 2.049
-173.643 -156.283 -27.854 1.988
-165.229 22.104 197.728 2.041
-104.142 -3.449 -199.929 1.969
-163.649 72.141 -60.096 2.137
220.705 176.708 -69.841 2.080
-115.226 122.397 -195.161 1.967
223.847 -120.482 2.237 2.034
13.550 -97.864 113.138 1.966
62.568 101.092 87.817 1.802
-68.287 21.610 -20.220 2.131
-60.149 101.135 7.015 2.201
41.205 176.593 114.946 2.151
162.828 182.815 25.533 1.852
-166.662 69.344 166.000 2.080
138.951 -10.727 -17.903 2.105
219.512 42.565 70.554 1.921
82.188 -141.148 -133.900 1.930
137.055 26.460 153.740 1.751
114.188 -23.239 118.179 1.960
-48.458 66.080 -136.395 2.151
-47.223 -90.548 -63.877 1.981
-3.091 -177.803 17.960 2.110
184.766 29.275 -9.476 2.072
51.568 38.916 -47.762 1.927
79.751 113.865 27.295 1.851
-193.032 28.996 -177.745 1.936
-166.225 -58.439 -185.536 2.053
97.641 159.424 -110.041 1.960
194.857 139.127 -96.311 2.066
85.461 -125.250 192.703 1.938
-69.239 -13.843 -128.736 2.077
-98.623 72.945 133.909 1.877
-79.222 28.097 179.959 2.025
214.320 70.010 56.600 2.118
210.620 -44.667 -63.477 2.064
117.927 136.716 -135.343 2.219
-18.245 47.627 -32.466 2.174
-125.977 -66.658 -188.163 2.167
180.284 73.186 -42.614 2.069
-148.194 166.996 78.070 2.131
53.824 99.642 -74.434 1.874
52.184 -41.223 -10.135 1.953
46.876 -174.198 196.684 2.028
-37.658 -56.805 148.312 1.918
-180.268 142.662 22.618 2.129
173.864 -74.275 -146.315 2.119
90.298 -139.404 144.951 1.966
-141.792 -105.001 177.926 2.008
-216.254 52.312 21.140 2.031
10.331 -56.177 -64.874 1.855
-162.503 -11.196 56.118 2.081
177.717 42.614 -92.224 1.924
124.233 32.176 -123.017 1.746
-150.496 1.703 184.502 1.966
-180.112 -117.482 -194.015 1.946
51.484 127.927 139.981 2.003
-212.654 46.664 -81.806 2.165
-49.730 -102.505 18.108 1.824
175.024 178.392 -66.911 2.097
116.724 -132.080 -109.622 2.009
-175.632 -49.820 137.393 1.862
215.421 -136.652 15.992 2.017
40.418 -116.833 -59.794 1.774
-79.419 172.141 -81.822 1.946
10.044 -90.320 69.590 2.037
116.419 -146.745 143.935 2.058
-189.578 -42.008 3.082 2.022
119.296 -35.632 -168.037 2.113
52.435 27.635 -102.045 1.862
118.183 -136.956 84.765 2.001
-161.914 141.243 84.712 1.981
139.825 -161.929 56.032 2.142
139.534 -69.742 142.390 1.922
86.840 -49.894 83.196 2.040
6.751 182.926 -144.181 2.185
-44.940 -189.986 49.381 1.930
-178.804 -119.419 135.654 1.865
195.093 170.212 -112.944 2.180
-170.652 -76.031 -16.166 1.960
18.013 129.957 -79.229 1.951
-203.671 74.563 -27.804 2.020
209.769 30.543 179.542 1.921
-218.377 -112.522 5.723 1.942
-27.513 -112.596 -185.529 2.140
223.616 23.817 103.780 2.082
-165.192 184.447 -93.611 1.725
111.359 -25.679 15.499 1.875
-13.410 167.697 58.238 2.033
-31.632 44.606 189.953 1.959
115.937 124.643 -0.725 2.264
-81.336 -55.941 -32.021 1.993
95.112 -53.628 92.943 1.948
9.193 20.905 91.221 2.041
163.451 -99.736 62.173 1.999
-130.670 -36.759 13.428 2.036
-200.622 102.671 51.010 2.098
49.134 129.869 -12.129 1.843
-33.510 181.111 110.493 2.116
74.306 121.913 63.206 2.012
-112.753 73.227 109.026 2.116
167.307 -43.587 91.541 2.027
-191.848 98.234 39.090 2.094
176.623 -30.346 161.885 1.952
177.488 -174.039 -145.517 1.996
34.778 30.779 115.752 2.055
61.216 78.700 181.500 1.989
-155.819 51.413 -19.463 1.841
-159.200 -113.621 -169.817 2.064
194.752 88.960 39.316 2.176
104.684 42.710 177.367 2.055
216.233 98.209 197.417 2.012
81.988 -81.404 183.655 2.067
-92.347 -104.435 -60.124 1.938
-29.818 -149.806 -97.719 1.874
72.471 -67.065 -42.677 1.922
147.201 -56.497 176.493 1.899
-70.464 -184.890 -28.886 1.889
-161.452 42.225 -128.640 1.968
37.498 -134.268 -79.554 1.910
176.833 106.162 -24.204 2.077
155.507 150.981 16.151 2.053
-52.969 147.397 29.603 1.929
125.183 -151.779 -51.878 1.886
36.883 -164.684 21.047 2.040
-154.095 30.830 153.937 2.134
73.426 -105.235 43.106 1.862
-73.432 129.629 165.297 2.011
82.878 -117.595 25.307 1.941
161.502 -105.386 -19.339 2.046
103.087 100.413 48.556 1.975
-116.138 -38.627 83.726 1.965
-31.303 179.055 -152.331 2.010
-3.508 90.689 -31.114 1.990
45.862 -189.545 15.134 1.803
-158.751 69.005 -6.006 1.877
31.249 -83.439 -76.033 2.136
-170.942 -18.435 -199.797 2.008
-193.308 101.247 -25.173 2.129
84.818 -77.418 26.291 2.035
-213.419 168.400 -155.097 1.978
86.791 -37.918 -123.314 1.968
-43.512 -130.592 20.638 2.086
59.327 -20.023 -165.845 2.112
-154.801 95.647 125.029 2.102
-144.297 120.334 195.686 1.931
173.695 167.414 -14.564 2.022
-80.804 87.517 -108.533 2.127
-84.012 -66.926 -130.322 1.880
-188.515 -29.426 127.171 2.167
47.808 96.668 42.196 2.075
-54.666 -129.818 -34.940 2.158
0.688 154.710 20.378 1.916
213.164 -93.401 -79.199 2.089
-52.051 -171.427 -20.997 1.898
-215.028 141.891 -30.717 2.113
99.677 141.174 162.776 2.039
-223.540 -174.138 -21.259 1.990
-206.821 52.238 43.463 1.969
33.826 -8.485 -0.796 1.985
30.911 99.994 -120.345 2.006
181.250 -111.328 -108.104 1.984
91.175 -62.503 -78.499 1.994
-113.627 -19.175 185.687 2.114
28.028 13.183 112.580 1.932
-76.652 -49.411 171.257 2.034
149.216 44.233 63.689 1.964
1.327 -124.274 -26.909 2.193
36.620 178.548 -131.554 1.833
191.563 117.931 -83.443 1.888
140.489 -72.819 -95.806 1.962
223.977 189.434 33.719 1.955
154.636 156.685 122.339 2.112
-88.247 -156.674 36.310 1.948
173.917 -44.931 183.939 1.940
-171.636 -173.313 28.782 1.978
-109.939 99.073 -170.128 1.897
-128.978 22.110 85.835 2.016
-30.754 -117.549 73.530 2.192
114.704 83.924 168.005 2.037
-223.425 -156.384 89.976 2.009
154.999 -5.431 -70.513 2.110
165.938 -49.188 193.539 2.111
-32.473 -170.818 167.419 1.871
-120.669 95.266 -146.161 2.030
7.272 -127.063 141.869 2.078
111.240 108.748 186.791 1.990
-207.335 -101.225 117.541 2.001
208.279 55.675 -165.241 1.927
82.340 48.863 55.775 2.043
89.854 0.981 -147.775 1.938
-119.129 -79.296 62.308 1.841
-149.352 140.428 -38.194 1.780
-121.167 117.068 -19.313 1.951
-166.495 149.287 -35.812 1.864
150.690 108.369 150.938 1.938
-204.239 -161.992 -156.826 2.004
-50.074 -143.622 140.493 2.108
153.204 -5.291 92.450 2.150
-173.280 11.322 -36.279 1.852
-140.131 -46.629 46.140 2.009
154.183 -148.572 -137.692 1.800
-77.746 189.423 36.444 1.981
-147.706 18.510 -75.696 2.019
213.246 86.212 78.410 1.887
181.606 -124.211 149.699 1.981
198.018 -86.582 14.796 2.199
80.890 -162.310 -149.224 2.042
-136.056 100.972 -192.312 2.178
-82.585 49.221 -13.235 2.037
-219.306 -120.391 63.324 2.002
-96.299 116.910 144.634 1.752
-216.333 42.153 -52.233 1.832
35.596 85.146 -68.400 2.092
163.230 189.531 137.903 1.889
210.088 185.168 -165.993 2.042
-190.459 156.080 72.554 2.044
67.208 -83.307 -186.152 2.141
67.421 -22.146 138.889 2.128
192.032 91.586 64.152 1.903
-161.974 -42.721 -73.267 1.923
184.571 153.261 -145.478 2.062
-63.430 -0.712 -91.942 1.873
211.859 -137.488 131.414 2.132
-112.925 69.036 153.270 1.933
-141.740 40.749 176.480 2.039
-80.854 -62.167 -19.539 1.983
-96.522 130.047 119.383 2.051
-30.882 -63.938 143.050 1.876
136.746 24.739 152.566 2.017
-125.255 -174.409 -29.410 1.856
-33.329 77.391 42.411 2.079
198.455 127.518 79.182 2.088
-158.722 -72.867 24.974 1.930
-40.413 -1.677 138.585 2.008
-189.203 -57.518 -180.679 1.921
9.785 186.687 -138.434 1.943
222.910 23.698 -16.987 2.052
89.556 -60.276 143.567 1.759
122.831 67.118 4.840 2.025
-5.089 -74.932 -172.357 2.065
-124.447 124.082 -171.325 1.992
-145.157 -33.018 -146.636 2.013
-220.672 -90.501 -95.287 1.870
-177.002 -47.931 -0.564 1.755
-98.577 -86.991 8.237 1.994
-130.165 -2.979 -42.528 1.736
-208.754 -63.882 -186.711 2.051
-85.396 62.404 -173.569 1.822
106.371 -152.741 -164.758 1.993
-224.757 127.307 5.637 1.848
121.227 107.515 107.475 1.897
19.656 174.319 -86.122 1.984
-215.389 71.120 28.396 1.877
107.968 -63.321 -58.878 1.805
-168.787 143.142 -11.323 1.865
13.139 20.453 80.063 2.161
-153.599 170.923 -151.468 2.028
-220.851 -74.632 -136.658 2.023
-143.839 131.871 53.523 1.852
-121.610 -176.220 -34.925 2.158
-177.227 86.328 -49.026 1.960
-39.923 140.322 -49.588 2.146
-212.088 -145.267 45.976 1.908
-107.233 -113.324 26.975 1.963
-11.135 130.749 197.701 2.021
201.129 -147.550 174.947 1.995
-129.718 -92.619 -173.377 1.969
1.736 -171.588 46.942 2.037
-23.089 67.416 -152.680 1.969
-176.817 -148.997 -7.944 1.871
130.472 -112.810 -155.987 2.100
17.781 152.978 -67.522 1.950
40.251 36.444 -56.608 2.119
202.612 40.695 -64.769 2.112
179.540 124.776 -118.244 1.913
5.644 88.705 -42.474 1.917
53.737 67.923 -100.055 1.891
-182.365 175.654 85.619 2.020
143.479 -43.279 126.274 1.960
178.792 165.725 79.953 2.052
-220.823 169.551 48.997 1.853
-77.949 72.282 167.893 2.035
-154.607 -137.557 -80.975 2.045
-28.492 -40.797 34.729 1.959
213.439 -3.412 -143.086 2.139
172.712 -28.863 75.623 1.888
-97.841 -164.780 55.467 1.897
-139.441 86.691 -91.389 1.997
98.108 -77.829 -65.240 1.937
-37.054 61.460 157.087 2.001
113.372 53.554 -42.142 2.144
158.508 -75.499 -154.739 2.017
206.874 178.338 -123.372 1.960
191.916 131.594 162.311 1.947
167.190 -62.580 80.152 1.824
51.425 -4.111 -111.267 1.963
186.404 126.609 -102.202 1.877
139.959 -8.014 -44.749 2.075
-34.838 125.738 -147.896 2.027
102.288 96.027 44.779 1.989
-198.321 7.597 166.560 2.040
128.440 28.471 -7.999 2.111
91.214 -79.804 -47.739 1.898
-162.323 -22.795 165.651 1.893
94.085 61.753 -146.962 1.782
178.001 160.681 38.391 2.056
-2.860 -180.432 -4.549 1.887
162.621 -67.111 131.383 2.137
65.005 -184.668 46.949 2.088
163.100 -11.124 180.002 1.995
171.783 176.018 151.940 2.018
128.270 -102.959 -110.799 1.972
111.195 145.887 -48.095 1.922
203.125 124.216 111.841 2.144
-58.148 35.290 31.367 1.985
-99.859 -135.096 -70.083 2.067
-71.344 100.901 -53.459 1.954
142.664 121.288 1.495 2.007
48.128 145.579 -193.213 1.834
-29.672 27.252 100.302 1.926
167.361 -10.988 -164.526 1.984
12.735 124.573 -158.527 2.058
204.091 -49.410 94.182 2.073
-224.403 -84.360 -94.454 2.050
-139.999 -88.839 -25.853 2.058
223.892 -158.386 147.436 2.071
41.827 -132.495 100.351 2.087
-100.816 94.348 -157.375 2.146
215.721 -30.680 45.012 1.912
-202.636 53.055 -24.929 1.975
-81.018 -53.846 59.917 2.085
-20.792 97.447 13.203 1.967
-191.867 122.195 35.030 1.994
140.080 141.047 -184.777 1.850
182.729 -92.863 14.769 2.051
-195.785 -92.645 -47.768 1.934
154.940 -154.635 -31.595 1.989
-199.211 -182.493 148.719 2.020
-201.725 -128.852 -156.359 1.839
206.887 -128.968 177.360 1.961
207.572 181.783 194.650 2.036
168.468 -17.051 96.474 2.129
195.004 34.668 -4.989 1.981
42.479 -164.039 192.849 1.999
71.966 114.269 -170.170 2.079
-169.958 40.799 129.847 1.918
-156.358 -62.680 -111.705 1.882
-194.051 -55.476 -188.644 2.093
-220.993 -54.257 92.591 1.907
15.959 -187.749 -73.637 1.839
140.536 -69.011 133.219 2.018
116.314 -32.568 -160.594 2.090
-22.027 185.968 190.208 2.153
-48.628 78.156 70.199 1.903
-135.716 -13.284 -160.970 1.880
168.093 -173.831 -56.084 1.933
207.350 153.838 27.477 2.134
-140.045 92.197 31.894 1.843
60.422 -152.309 -97.878 2.085
-156.014 75.295 -90.020 1.857
165.016 -75.320 -80.708 2.056
-199.852 171.748 -95.733 1.947
195.190 100.851 164.613 1.954
-146.934 165.727 49.276 1.945
-154.894 10.918 115.013 2.186
205.411 -1.340 -163.517 2.038
198.032 -147.156 16.808 1.997
-176.489 -2.048 112.700 1.987
164.810 -101.133 -21.415 2.052
-223.078 49.537 195.314 2.036
152.003 -40.634 -8.182 2.067
80.983 -64.358 154.071 2.088
-44.137 -162.992 154.561 2.109
-27.014 126.210 199.369 1.916
-10.644 10.801 95.220 1.863
111.338 50.535 -74.891 2.202
-76.477 77.022 1.966 1.929
-37.299 -90.196 -0.016 1.937
145.912 -28.374 -95.080 2.100
27.946 -49.629 -98.791 2.038
23.241 -185.785 -184.311 2.003
219.047 -55.123 -130.629 2.110
113.123 -106.831 -198.779 1.946
-210.681 101.412 -125.768 2.076
-208.752 -110.031 -56.397 2.111
201.394 102.251 -178.822 1.941
8.920 29.432 56.300 2.041
14.356 100.443 -33.241 1.868
148.001 -95.449 190.733 2.006
84.832 100.959 -77.341 2.032
91.473 -32.611 -48.294 2.101
130.603 126.476 -94.751 1.975
-89.162 117.018 118.519 1.882
-67.888 -111.000 -182.148 2.047
122.576 -20.680 13.619 1.826
-132.172 5.049 -23.163 2.055
-223.855 -93.806 -61.700 1.924
-104.621 79.438 -162.618 1.867
-215.562 -50.984 151.786 2.060
148.350 -107.923 28.340 2.090
192.516 -142.813 -57.923 1.855
7.025 4.361 13.173 1.783
37.119 182.064 58.186 1.844
143.235 136.708 75.958 1.877
89.932 155.617 26.229 2.033
5.153 46.476 94.997 1.907
92.200 140.980 -58.622 2.223
94.235 141.389 -186.343 1.979
-128.926 183.010 114.844 2.014
-128.194 0.847 54.845 2.113
-111.413 -129.428 -49.060 1.929
-47.073 144.439 -171.301 2.022
196.053 95.189 -72.123 2.247
-62.332 -122.712 -125.721 1.941
39.960 47.271 -97.678 2.015
111.927 176.418 -124.588 2.102
-214.283 115.167 -23.180 2.016
-80.188 106.143 -141.215 2.035
170.460 -8.421 -100.860 1.843
-188.414 -170.412 54.579 2.054
173.331 148.595 -119.397 1.941
214.146 177.264 -49.573 2.049
91.164 -44.380 140.255 1.896
-159.681 -121.584 122.205 2.037
-193.757 143.876 -194.377 1.910
-9.460 123.535 29.390 1.916
-125.764 104.030 -142.203 2.026
59.962 132.179 -109.445 1.901
-162.680 179.552 -185.282 2.149
135.296 -75.477 -120.936 1.947
109.733 84.381 -14.070 2.110
69.382 132.332 -190.999 1.828
121.791 -58.825 -87.916 2.044
-68.731 5.770 41.604 1.753
118.357 69.088 -55.985 2.006
-186.447 -5.911 -183.776 1.995
141.126 96.014 151.382 2.146
144.881 -9.771 25.780 2.103
65.954 9.628 -101.009 2.090
154.360 -178.389 -106.553 1.844
212.379 -44.809 -141.622 2.161
69.607 156.646 -8.402 2.046
-6.534 176.851 -5.481 2.019
-153.475 -31.751 185.402 2.063
132.275 -169.276 -121.263 2.035
166.356 -129.557 7.339 1.891
-81.853 4.084 88.248 1.944
-60.968 -59.843 54.116 1.968
-4.014 48.389 -136.858 1.879
190.117 117.129 -138.662 2.038
24.124 -19.762 121.912 1.966
-202.012 24.235 179.762 2.003
171.710 158.211 -162.710 2.111
74.504 67.968 -90.325 2.106
56.969 -110.305 -38.834 2.133
-12.759 42.550 83.826 1.978
23.728 -43.773 -57.410 1.894
-17.677 -153.198 -80.548 1.967
41.536 -149.263 81.343 2.170
159.929 -4.053 -53.611 2.143
201.377 98.496 -16.062 1.999
104.057 -97.063 134.244 1.987
-199.352 -72.447 -6.796 2.036
91.986 -60.870 -160.712 2.026
178.234 -56.264 148.635 2.073
-108.051 48.191 169.758 1.959
54.944 -135.157 -64.669 2.061
96.508 -31.567 7.971 1.799
-69.459 185.556 68.443 2.103
132.549 87.364 172.857 1.960
-115.316 -102.443 -37.107 2.046
29.125 28.504 68.978 1.794
-100.330 -147.218 -170.104 1.866
109.822 -70.283 21.847 2.013
206.989 -76.200 90.763 1.958
-56.472 -177.731 134.353 1.931
84.028 24.726 -81.651 2.025
185.813 29.045 -127.044 2.075
124.018 178.461 -197.648 1.792
-37.367 -54.008 33.112 2.306
130.802 106.351 194.874 2.002
130.582 -70.752 -83.827 1.912
-139.247 6.842 -168.640 2.077
19.261 86.802 186.331 1.931
76.385 -33.170 -2.600 1.963
210.862 86.164 -147.976 1.943
-167.835 139.244 -180.938 2.102
-143.721 176.802 -123.162 1.954
150.717 166.346 -16.831 2.108
130.148 16.620 -42.105 1.832
-51.316 164.518 -100.261 1.988
49.825 134.567 99.543 1.877
-3.849 -37.980 -13.863 1.881
91.511 169.925 -126.839 1.905
-67.236 -125.165 7.709 2.043
-150.195 163.609 -147.298 2.171
-208.515 162.410 19.571 1.971
-5.616 138.856 -179.788 1.919
-180.995 99.449 191.786 1.999
-213.256 -150.024 -14.547 2.135
83.337 -43.093 115.800 2.012
-200.562 151.318 38.923 2.017
75.905 122.327 32.289 2.107
-63.920 -188.799 162.579 1.929
195.222 163.229 -182.756 1.933
-184.571 -187.260 10.636 2.044
185.309 126.054 163.858 1.936
-119.446 170.912 -86.158 2.169
76.008 -46.962 2.410 2.047
95.884 122.311 -24.157 1.830
101.802 -75.938 173.637 1.883
-158.027 109.152 178.073 1.916
-58.130 -18.347 -195.533 1.893
-25.831 131.536 -16.130 1.839
37.498 96.220 -9.994 1.962
183.433 -36.693 -144.453 1.897
-175.313 116.560 175.657 1.949
183.103 -61.183 123.267 1.951
221.121 -116.959 -72.850 2.032
-137.078 120.601 38.369 2.045
91.766 -28.400 170.489 2.215
-202.200 -184.143 -20.750 1.950
47.963 68.167 148.493 2.076
219.159 71.885 -148.243 2.077
-212.884 27.272 -139.935 1.833
-98.692 130.812 -111.955 2.006
-92.040 -65.327 196.197 1.930
-15.940 66.813 -56.695 1.933
182.837 107.436 179.930 2.196
-206.250 -114.307 -131.003 2.129
-99.337 44.987 -90.429 1.877
-73.604 10.478 64.984 1.866
-3.196 156.887 -17.171 1.978
-210.856 -1.843 158.300 1.960
144.106 150.333 -182.330 1.901
-43.856 -43.132 -103.018 1.887
-42.163 75.421 -84.571 2.025
169.785 -144.701 -194.981 2.064
17.653 30.763 -26.496 1.977
151.217 16.085 101.897 1.744
83.348 73.592 173.870 1.995
223.779 -40.500 8.747 1.928
133.527 -14.606 91.771 1.894
-58.090 6.462 -49.260 1.954
212.050 -170.209 -74.031 2.096
188.697 -180.274 164.104 2.111
20.946 75.731 7.287 2.096
-115.538 -95.666 -145.929 2.051
-224.703 111.059 -136.849 1.903
-196.329 30.526 -163.116 2.113
-188.563 -21.099 -45.781 2.182
161.878 -169.428 -131.707 2.124
-90.149 113.659 -24.461 1.897
-151.642 -170.832 -61.915 2.087
-28.856 33.738 -78.868 2.059
-43.978 -9.692 -126.053 1.999
-56.850 -140.555 93.132 2.168
-150.552 13.744 -51.018 2.136
-185.276 -5.799 -86.371 1.996
-138.455 91.312 -117.463 1.913
-102.631 95.276 -66.083 2.001
-192.280 132.932 -122.288 1.978
-129.842 67.200 -52.922 2.051
-141.867 173.901 37.774 1.912
-211.043 -97.149 -40.940 2.061
-58.364 -85.263 -50.511 1.941
182.937 50.563 184.984 1.881
44.136 -135.688 -159.735 1.965
-72.156 -1.683 -149.806 1.995
-171.900 -10.015 -93.538 2.008
-82.538 1.259 49.925 2.068
81.868 152.106 83.667 1.968
11.696 65.912 -46.726 1.824
-197.091 -129.372 183.653 2.064
29.914 185.655 72.778 2.084
48.196 4.683 -66.473 1.912
133.172 -175.339 -73.412 2.093
-161.288 147.929 2.607 2.011
49.421 107.376 -152.500 1.972
124.182 -60.270 23.993 1.966
45.749 101.818 183.065 2.069
-7.062 65.161 -117.774 2.056
160.881 33.971 -176.675 1.897
211.989 88.845 -197.193 2.083
170.396 183.929 -68.797 1.854
43.588 -84.263 -55.012 1.876
29.620 -61.824 -121.609 1.856
123.880 61.953 119.502 1.907
-1.584 153.952 -129.709 1.865
72.195 -122.033 -18.892 2.072
-54.428 -34.103 -70.014 1.846
-73.683 -119.915 20.638 2.003
144.745 9.169 -175.776 1.920
212.146 37.852 102.073 2.013
84.124 -111.902 -1.545 2.016
40.427 39.485 -184.127 2.092
206.724 118.549 -150.010 1.938
-211.403 -43.424 -73.162 2.059
-83.973 155.993 41.494 1.901
214.399 156.443 147.344 2.085
120.549 -47.775 -135.371 2.004
204.554 -148.878 143.063 2.038
213.772 185.231 -144.489 1.781
185.706 109.486 59.327 2.002
-124.329 32.679 54.970 2.095
79.727 -3.650 -154.348 1.994
34.246 -121.661 27.224 1.819
-152.812 -48.458 161.858 2.202
-67.740 -150.026 31.855 1.891
-81.241 146.719 -187.516 2.087
-194.419 -168.395 -59.425 2.140
-156.590 146.030 -122.308 1.890
-93.728 33.030 127.529 1.828
-7.120 118.754 -160.050 1.988
156.167 33.216 25.083 2.142
90.105 89.406 -87.456 2.025
112.530 -64.319 179.165 1.882
85.390 69.269 -47.833 1.926
161.222 -159.701 -5.897 1.984
-134.853 79.883 160.485 2.096
130.375 -145.445 -138.172 2.036
213.370 22.142 45.685 1.921
182.972 93.078 97.540 1.987
-192.884 52.596 178.212 2.087
-205.906 68.091 -66.026 2.011
-211.417 37.102 -103.412 1.911
-154.951 -58.541 48.235 1.895
-147.709 33.052 114.072 2.228
-56.779 -87.973 -188.688 1.961
-35.403 113.288 -61.519 1.810
16.923 -98.685 -159.523 2.191
204.703 173.858 -96.149 2.038
-159.935 39.574 41.170 2.087
4.390 -40.215 -126.999 2.105
35.802 149.598 -132.448 1.938
-104.047 -101.547 86.092 2.013
-168.526 77.586 -156.904 1.924
43.994 37.277 -118.087 2.092
171.207 62.255 5.310 1.934
-55.967 -156.094 58.214 2.022
-23.088 136.690 -166.343 1.917
101.832 -89.829 -60.852 1.923
112.755 -13.533 129.487 2.066
204.219 57.154 101.046 1.894
-167.720 -57.352 -125.331 2.027
-169.209 -67.510 -199.495 2.047
-12.697 -79.979 64.497 2.066
-202.881 -77.665 -108.945 1.969
-8.859 30.512 77.969 2.129
-4.629 12.867 -144.606 1.992
-61.459 178.527 -17.674 1.997
222.829 14.791 94.382 1.975
163.961 -189.963 -165.268 2.114
-73.519 -107.727 150.476 1.870
-18.523 -72.037 -82.691 1.929
-1.698 -65.977 -87.829 1.919
175.893 -53.089 168.275 2.119
57.797 -11.042 -5.379 2.096
-222.190 -98.139 155.270 1.971
178.773 -122.577 -193.341 2.092
-119.636 24.936 -54.808 1.829
-111.360 98.222 -10.548 2.009
145.005 -158.011 40.946 2.051
201.555 -22.591 132.513 2.068
22.190 108.884 92.903 1.996
-165.145 -11.957 -145.744 1.997
77.759 105.937 -81.429 2.218
-89.466 -138.009 -179.624 1.820
-162.597 86.711 -155.272 1.952
21.892 24.662 190.013 2.175
113.504 -6.091 142.809 1.897
-176.119 -9.591 133.439 2.047
83.079 -119.695 -164.932 1.993
-116.645 -34.847 -72.290 2.063
-26.650 29.010 -119.520 2.131
-139.739 -89.122 74.994 2.019
-6.386 16.924 -94.591 1.873
28.229 -134.941 -185.288 2.041
15.814 27.644 15.405 1.834
-79.671 -1.151 99.620 1.863
181.155 115.175 -36.270 2.082
-87.173 31.782 -33.037 2.035
-5.539 -179.216 138.161 2.205
-13.280 80.227 30.772 1.994
211.973 168.157 69.122 1.946
6.171 172.485 -142.344 1.903
-60.032 -110.349 -199.532 2.078
75.279 21.167 41.537 1.985
169.292 44.468 23.394 2.094
-120.488 -56.016 49.103 2.080
15.415 -162.511 161.853 1.920
-5.288 -10.787 10.613 2.113
166.283 121.052 143.158 2.038
168.725 37.130 -104.948 2.069
196.853 -91.831 139.825 1.991
75.985 180.614 -181.743 1.831
-164.738 -163.082 72.984 2.090
213.654 -17.525 88.202 1.927
193.101 184.705 178.115 1.891
-172.359 58.929 -196.483 1.974
-155.171 -84.802 -66.650 2.049
-149.476 160.771 95.397 2.046
-209.460 17.824 -121.096 1.979
14.028 187.294 -117.659 1.904
59.105 -116.226 24.289 1.930
118.033 -93.592 109.583 2.145
-86.990 -29.813 52.148 1.897
-36.957 42.848 -171.411 1.897
77.236 141.187 111.215 2.036
204.035 31.937 -125.901 2.015
168.938 -79.158 -131.599 2.052
121.255 150.578 -44.740 1.972
34.828 -103.685 108.783 1.938
12.189 -122.376 -27.677 1.939
144.923 -99.221 -170.989 2.069
-152.823 149.708 173.776 1.884
104.893 -2.347 161.896 2.064
-188.100 -42.757 188.201 1.894
-131.540 -55.238 -146.352 2.006
-120.566 10.291 -173.727 2.054
49.519 130.916 172.439 1.914
-87.338 -59.641 -53.229 2.050
-194.439 -10.377 -82.951 2.018
-224.633 182.557 -7.476 1.880
115.073 105.339 -111.831 1.739
134.436 -71.191 -83.167 1.919
11.125 13.077 49.999 1.939
37.529 33.760 -178.735 2.009
-42.315 -181.780 139.014 2.085
-123.595 -188.186 114.455 1.899
-21.943 106.050 98.513 1.947
6.847 -140.518 184.911 2.057
2.072 -3.100 -193.457 1.977
-186.500 87.177 -131.823 1.919
-127.441 -124.536 -2.915 2.003
-190.055 138.403 -139.394 1.876
-29.122 -147.565 -119.866 2.102
92.811 -21.643 62.665 2.060
63.229 40.455 87.643 1.909
211.018 -64.559 -197.044 2.128
-186.587 76.665 27.837 1.983
125.401 -46.564 -121.088 1.998
136.028 109.957 -32.022 2.145
216.059 -121.404 -24.356 2.055
-38.777 -148.041 73.912 2.042
85.010 -71.555 104.979 1.885
-128.072 -59.423 162.970 2.051
18.642 162.837 137.259 1.914
-41.029 -99.291 -77.641 1.885
77.004 5.520 -74.529 2.075
