109.636 -47.270 2.294 2.021
-29.643 -83.888 -149.051 1.909
105.413 129.369 -11.010 2.040
-67.385 67.790 -160.735 2.255
103.684 188.713 76.556 1.953
-194.274 -58.720 -31.762 1.961
-130.184 -174.198 133.595 1.900
173.712 -172.797 -117.303 2.020
179.853 -70.321 50.041 1.987
106.199 -85.401 -169.124 2.037
-127.815 18.390 -14.877 2.029
-137.959 79.498 -13.872 1.989
-76.523 103.900 -34.816 2.089
-173.064 79.547 62.963 1.875
171.635 40.574 -161.390 1.941
-61.487 -119.676 44.763 2.087
173.393 -155.684 185.226 2.032
223.661 13.032 -119.419 2.239
75.574 -36.882 -155.617 1.841
90.482 -167.536 155.752 1.932
150.851 -44.752 -32.306 1.940
213.669 178.987 -107.980 1.945
147.482 93.682 -46.759 2.117
211.539 8.969 -121.589 2.075
-167.664 57.096 -195.143 2.066
-124.508 -80.557 -182.283 1.957
-191.325 -51.064 77.505 1.911
12.127 61.409 66.404 1.797
39.820 49.789 -157.029 2.105
-45.609 -152.114 139.487 1.949
-76.776 -42.056 9.281 1.980
-62.766 67.861 193.758 1.821
-218.453 129.659 -51.559 1.750
-221.608 -43.564 133.816 1.990
160.417 127.523 -85.877 2.117
56.123 -51.278 -54.678 1.776
105.584 -186.569 -141.781 1.955
196.146 23.449 77.640 1.912
194.609 -16.232 5.929 1.869
-13.557 -95.035 45.267 1.880
-24.351 -182.061 -29.246 1.952
211.550 -173.668 -98.925 1.983
-124.126 -188.887 -153.116 2.043
-132.353 -168.951 -98.885 1.896
69.775 -165.748 110.051 2.008
-150.438 -139.031 -115.961 1.996
-109.986 -74.767 88.200 2.012
144.677 -148.600 73.319 2.064
-116.798 -121.921 -55.656 1.944
166.514 3.365 -193.625 2.016
-19.526 17.153 68.824 2.047
-50.497 -35.960 147.933 1.991
6.027 -71.986 182.285 2.039
35.358 -122.423 55.866 1.984
-2.380 -176.004 -59.561 2.066
-87.887 -61.497 -51.864 1.940
143.139 18.086 95.059 1.900
146.324 125.668 154.657 2.053
-32.582 170.499 -157.796 1.970
11.753 -50.454 192.379 2.148
-167.815 157.531 -25.488 1.989
142.455 -113.718 118.783 1.957
-119.133 -47.458 -29.921 1.777
-70.202 -122.123 80.315 1.848
65.859 175.820 -147.693 2.043
-111.183 162.132 199.591 1.997
-57.610 47.628 -199.345 2.054
-105.648 -173.037 171.865 2.059
-221.929 13.334 -151.047 2.069
154.236 162.764 42.110 2.116
-20.854 -52.691 52.542 1.919
-92.538 128.310 164.307 2.039
57.611 -124.503 30.606 1.956
96.937 -19.690 -145.956 2.115
-154.647 -63.946 189.929 1.744
0.772 100.400 166.278 1.841
37.562 -129.332 16.797 2.046
-158.079 147.467 -176.411 1.951
-217.733 -90.800 -28.108 2.060
49.201 -30.674 13.399 1.968
-110.004 -155.904 116.328 2.067
-45.547 65.419 13.528 1.941
51.276 -159.904 24.803 1.932
-126.360 -1.027 -23.893 2.032
109.620 -34.522 197.391 2.007
-127.785 113.416 74.726 2.134
8.838 -142.965 -68.266 2.019
145.891 124.337 -57.600 2.099
23.111 128.344 -116.411 2.064
-18.515 65.262 -161.811 1.941
-150.553 50.309 -199.787 1.877
136.292 23.398 -166.836 1.997
123.949 -106.156 155.219 1.946
-35.850 23.740 -101.778 2.118
79.076 -34.500 70.301 2.001
46.542 -39.333 69.743 1.831
192.831 -131.878 174.949 1.912
163.576 42.694 90.552 1.989
-206.407 -22.966 54.225 2.069
-162.254 132.518 195.962 2.165
174.271 -58.146 97.825 2.051
34.559 41.257 -154.279 2.127
96.076 130.161 -189.236 2.048
76.238 112.620 51.745 1.987
-21.471 -178.921 -67.885 1.861
120.896 -70.562 -5.599 1.941
-24.564 172.566 -15.955 1.988
52.474 -170.752 -112.531 1.926
-110.306 -166.969 171.437 1.912
-119.113 -83.122 192.474 1.966
-81.427 139.917 -104.596 1.910
-64.897 124.800 167.902 1.806
-72.025 -21.658 -145.520 1.911
139.767 98.294 -179.433 1.934
74.862 -151.134 -142.582 2.008
-56.540 -61.296 -2.712 1.957
-41.481 -57.392 -102.120 1.968
183.450 1.151 -83.924 2.109
123.956 -162.146 9.977 2.092
-52.449 -100.058 98.048 2.007
96.375 -124.712 141.224 2.188
-55.149 -128.179 45.900 1.887
-22.399 64.506 76.028 1.819
224.728 25.415 -64.263 1.974
84.328 83.439 40.426 2.067
-76.927 81.049 48.405 1.955
-37.159 106.026 -93.312 1.926
-187.212 -163.396 -8.753 1.955
-154.172 -72.542 153.407 2.107
-154.358 155.483 19.128 1.901
-100.230 90.093 112.639 2.003
-130.148 -127.038 136.244 1.950
-209.218 -165.514 196.979 1.988
-209.921 184.240 84.523 1.993
117.816 -181.166 191.956 1.985
24.778 -135.466 -184.181 2.014
-96.951 -109.179 -170.479 2.038
85.694 11.320 -29.186 2.042
-150.710 -76.438 -148.331 2.056
209.841 -37.661 78.652 1.952
-180.090 60.169 -166.350 2.025
-76.187 176.519 -35.263 2.040
202.883 129.810 88.045 1.964
224.174 -64.247 149.106 2.018
153.761 97.368 10.199 2.158
-190.710 -164.830 -196.620 1.922
182.466 -179.584 -93.821 1.974
-120.983 -58.683 69.011 1.879
222.207 -186.146 54.688 2.006
-160.787 -118.313 -119.255 1.999
-141.504 125.619 91.032 2.095
-126.099 129.991 27.261 1.931
165.286 60.305 -86.616 1.965
-20.228 20.848 21.553 1.902
139.519 56.123 -71.448 1.866
-156.863 -156.973 -19.654 1.903
-68.187 -46.087 -144.332 1.922
69.955 -52.851 35.237 2.062
-30.972 12.292 -103.365 1.922
-173.357 -74.456 118.043 2.088
116.919 -137.886 -106.669 1.962
-211.306 162.719 149.022 2.034
59.854 98.524 92.040 2.081
151.361 151.082 -133.582 1.945
-118.281 8.861 -5.309 2.100
224.190 110.713 117.450 1.922
-205.081 -97.852 190.524 2.125
-86.704 -166.954 -148.172 1.940
148.513 -119.401 100.567 1.932
-153.640 184.544 -55.708 1.807
80.709 182.119 -101.319 1.993
56.775 188.186 179.258 2.061
-20.456 -66.334 -48.656 2.079
-51.382 -93.996 -93.045 2.012
224.147 -172.423 -170.768 2.080
192.733 127.199 -3.136 2.081
-22.971 84.485 -118.783 2.021
64.749 124.333 164.288 1.971
223.338 -162.619 -198.508 1.980
-81.472 97.685 118.740 2.069
81.406 178.287 76.263 2.083
-148.617 110.224 170.810 1.996
74.530 -90.718 -129.236 2.171
-92.822 -92.276 95.345 1.987
-170.644 -53.600 -93.004 2.012
198.622 -79.582 -13.341 1.929
-165.730 -128.345 -95.576 2.014
216.372 -170.598 -174.638 2.012
209.413 103.689 -56.803 1.956
-5.211 -117.408 78.568 1.948
123.469 64.176 -163.788 2.018
207.937 53.191 -165.209 2.076
31.405 167.538 182.523 2.085
219.878 121.364 -114.796 1.940
72.701 56.256 -189.245 2.105
123.843 143.199 -75.062 1.894
-150.052 7.273 130.251 2.097
-29.198 -47.836 62.331 1.918
-143.605 19.301 -10.151 1.904
96.225 -52.178 153.016 1.933
3.279 106.402 144.481 2.015
135.164 -76.079 153.680 1.902
-160.503 7.791 -181.747 1.999
-91.601 120.263 144.926 2.088
86.320 8.909 12.837 2.041
48.521 66.026 -158.285 1.975
213.899 -53.014 54.580 2.142
-86.807 40.253 -110.844 2.032
45.240 -10.631 43.439 1.995
92.101 -129.098 -6.794 2.022
-29.412 -52.151 -0.458 1.943
-183.273 181.166 188.763 1.907
222.845 -150.616 198.071 1.911
102.459 107.352 108.770 2.078
63.363 -39.147 116.837 2.032
-102.046 -118.711 -199.997 2.044
-47.070 -186.943 170.302 2.078
-49.461 -122.629 -168.572 2.017
54.655 -14.962 31.350 1.853
-110.157 -33.802 171.659 1.970
-55.153 -69.110 63.835 1.938
139.282 -47.883 50.996 2.026
-219.812 116.624 137.393 1.871
106.865 -87.115 153.260 1.916
-102.646 103.910 90.614 1.937
172.375 -83.219 3.732 1.961
22.066 -131.933 -136.899 1.956
-102.657 -143.039 111.755 2.044
5.585 50.668 190.549 1.985
23.786 -91.441 -170.470 2.062
-52.604 100.752 -16.535 1.954
119.859 -133.609 -182.288 1.880
74.390 -26.528 -39.915 1.882
43.906 -163.733 127.848 1.869
-213.711 3.815 -15.644 2.081
120.710 186.351 -43.307 2.087
-107.764 -22.836 -83.765 2.087
-172.488 98.923 -172.674 1.861
204.294 -4.902 -65.321 2.131
-202.881 -121.563 -50.402 2.114
146.248 40.375 -194.498 2.188
46.830 -122.829 -195.365 2.070
177.316 -123.738 6.026 2.030
-108.682 47.891 121.480 1.809
169.565 44.713 -89.916 2.093
192.736 -0.101 7.651 1.944
-194.347 169.654 -169.264 1.904
109.772 61.297 -143.020 2.003
59.245 -133.460 59.780 2.057
220.124 -146.954 -133.051 1.945
117.425 130.558 -39.335 2.086
-207.627 53.300 -49.130 1.864
-42.834 -162.632 -195.320 1.865
118.083 34.041 93.852 2.048
22.004 168.160 -161.388 2.077
55.645 -17.268 76.987 1.857
187.353 92.585 59.195 1.845
-149.917 29.318 -48.105 2.144
146.841 -136.211 -61.727 1.954
108.270 73.685 175.775 1.973
-85.276 -109.840 -58.779 1.969
157.906 -30.959 -121.745 2.047
132.313 -15.701 -197.341 1.849
-217.233 183.794 91.631 2.103
-130.092 71.261 38.778 2.045
-182.097 -18.704 190.294 2.005
204.363 -28.488 150.058 1.839
-50.854 -55.731 103.042 2.038
17.617 99.575 -36.285 2.036
0.514 -135.071 -190.551 1.962
-120.674 41.831 -114.139 1.994
186.341 41.566 4.459 1.933
-35.016 -178.598 -126.841 2.020
148.590 104.626 -177.116 1.898
204.030 100.949 144.378 1.929
-35.966 -176.348 -168.139 1.997
-16.104 -158.372 134.119 2.028
113.863 37.971 179.624 1.862
-205.804 142.033 32.953 1.962
213.939 -106.035 165.540 1.936
-107.107 -184.394 199.463 2.115
128.496 99.136 56.906 1.916
-171.868 96.463 99.438 2.058
-143.470 -35.046 -1.872 1.895
163.350 45.981 -86.231 1.809
50.886 158.890 -127.486 1.952
131.926 -167.978 196.369 1.890
-145.145 143.194 102.347 1.926
-84.750 -61.285 -93.375 2.148
83.293 179.802 45.860 1.907
5.347 109.077 79.769 2.040
-149.243 -30.874 143.852 2.122
-103.807 124.239 -43.088 1.921
57.965 -151.594 100.587 1.928
-208.030 79.190 -110.986 2.214
188.719 34.191 154.098 2.190
-110.090 156.440 -113.092 1.933
114.620 83.100 17.114 1.880
182.701 -65.290 141.235 1.964
210.529 -30.379 55.833 2.111
-79.242 -61.438 11.869 1.984
-40.920 -144.935 -37.138 1.806
-94.965 -114.570 -71.571 2.001
58.361 -144.570 197.227 2.154
-119.171 45.702 27.884 2.005
-152.305 -68.563 115.092 1.799
106.869 166.178 102.715 1.838
93.622 -176.958 -199.253 1.998
124.823 19.978 -106.016 2.046
-16.602 -16.392 176.382 2.110
104.410 -10.217 -58.633 2.055
-193.031 -179.869 -185.679 1.881
21.261 178.297 159.947 2.088
205.099 37.448 -178.846 2.184
72.502 -157.431 -93.806 2.034
82.541 -141.347 105.219 1.956
178.911 112.374 0.936 2.131
-3.695 -130.564 104.984 1.964
-211.494 -136.206 -4.364 1.830
-185.966 -173.912 40.658 2.176
-126.281 -102.304 188.931 2.054
-125.334 77.486 -20.154 1.969
145.158 -145.746 -0.003 2.059
45.672 113.304 -70.978 2.071
-207.557 92.852 -182.039 2.278
-62.978 3.289 -152.842 2.017
113.924 -119.409 -105.851 1.982
-13.696 187.358 71.933 2.054
144.623 107.407 -147.849 1.984
49.410 119.368 119.775 2.052
167.709 104.196 44.857 1.842
-48.051 -114.009 -90.903 2.017
198.277 125.694 48.742 1.878
-149.684 -41.585 46.603 2.033
-3.888 -127.863 -31.146 2.081
-26.142 115.107 -122.263 1.812
161.535 44.338 48.891 1.935
-126.873 179.460 96.177 2.045
-168.667 131.011 52.944 1.849
224.970 -125.727 -156.813 1.892
163.540 64.020 153.309 1.908
106.325 91.393 -27.228 2.000
-170.750 -131.611 130.495 2.021
79.254 5.308 0.989 1.895
-191.437 5.246 -85.172 2.066
-106.671 -134.237 192.314 1.863
-155.918 100.060 -84.635 2.190
-127.923 -12.039 -84.750 1.764
-64.708 -188.813 116.031 1.953
-193.664 0.885 62.916 2.007
202.921 -131.367 136.250 1.959
76.772 118.961 -180.042 2.013
-88.184 64.421 -1.635 1.903
170.437 -42.584 152.719 1.859
150.089 138.469 10.361 1.918
12.847 115.859 -40.295 1.949
71.536 169.413 -152.191 2.072
150.311 151.245 -82.570 1.902
52.219 76.734 147.809 1.884
54.362 -163.198 108.068 1.934
-132.866 -124.786 151.640 2.007
6.816 69.690 -106.971 2.046
183.621 -92.489 116.598 1.973
-215.777 -48.854 114.412 2.042
168.171 -47.384 -107.102 1.995
66.154 -20.371 192.608 1.915
129.489 -73.657 36.233 2.185
-40.774 -34.243 -38.051 1.790
5.271 97.703 85.487 1.941
-213.460 46.283 11.986 1.885
161.732 162.377 59.643 1.819
96.285 31.767 58.273 1.986
30.066 -112.948 18.307 2.014
-100.206 81.164 122.822 2.135
-54.923 -147.553 -89.392 2.105
142.800 155.151 -75.936 1.995
-11.476 167.061 87.646 2.150
157.153 98.106 -125.213 2.085
223.738 63.722 -82.183 1.981
182.539 46.306 -18.517 2.081
-130.210 -175.229 -116.620 1.932
169.826 39.486 -151.167 1.837
-219.008 -145.213 161.972 2.010
35.781 -110.162 -115.229 1.748
113.187 -21.897 -119.289 1.984
-73.079 -133.682 -9.964 2.125
189.148 166.750 -6.249 2.008
-159.657 -90.624 149.734 1.927
224.106 -111.837 125.682 1.932
-113.028 159.361 -10.970 2.030
78.618 -169.607 143.171 2.126
87.848 -123.364 159.680 2.108
167.354 -120.326 -42.656 2.086
-24.002 65.991 -71.273 2.140
101.818 29.871 113.662 2.085
-203.320 19.421 -154.621 2.151
-59.698 -84.104 104.255 1.995
-11.990 28.813 76.680 1.955
-223.401 -143.911 130.392 1.991
208.818 101.486 -175.257 2.029
12.503 -169.416 106.549 1.845
-175.684 144.420 -70.354 1.958
57.762 -100.601 15.308 2.084
-132.805 -112.805 150.968 1.892
-83.769 43.597 -11.571 1.843
98.508 56.648 190.070 2.010
131.447 169.454 -171.640 2.065
-2.725 -164.312 140.865 1.928
20.265 40.761 -23.176 1.896
188.360 -174.198 99.593 1.901
-18.090 -170.645 -104.930 2.067
116.548 -176.129 -152.400 1.848
174.796 -124.210 117.837 1.698
190.864 -133.266 -190.427 2.007
117.956 55.791 -147.721 1.940
180.303 -0.146 -128.227 1.739
147.549 -20.701 -181.703 2.064
145.089 46.902 73.968 2.154
113.293 38.654 183.902 2.042
-66.795 182.564 7.113 1.972
70.013 -110.266 76.724 1.845
27.969 -4.079 -125.870 1.967
-4.776 114.301 2.822 2.034
-185.176 -180.877 -112.838 1.908
-123.512 -15.014 79.125 1.992
-100.651 155.432 -164.612 2.104
-214.650 -130.441 -118.100 1.732
149.661 72.505 -29.290 1.840
96.977 125.506 142.288 1.960
-124.032 168.796 83.879 1.942
-173.562 139.315 -165.976 2.086
75.829 -76.550 -82.498 2.081
217.255 105.978 9.378 1.971
-218.313 151.764 54.880 1.940
-131.849 179.548 -123.302 2.043
31.074 127.651 -46.435 2.110
-21.574 -101.270 -173.144 2.026
-184.949 -174.943 91.844 2.107
-125.222 -93.570 -164.887 1.795
170.578 44.704 -132.035 2.004
-111.076 -31.169 -179.976 2.058
170.099 113.748 143.910 1.743
97.805 -166.282 -148.966 2.186
-207.671 40.910 -0.773 2.152
-222.306 92.699 133.270 1.952
-15.095 -49.006 140.204 1.852
-185.543 150.812 -172.763 2.072
206.371 153.653 99.516 1.879
-194.955 91.832 185.078 2.057
-220.017 91.232 33.740 2.058
124.097 -31.741 151.377 2.057
180.009 -56.160 -132.712 1.889
33.292 -181.166 187.731 1.901
-92.156 73.973 199.975 1.879
-14.058 -78.437 74.294 1.992
-23.727 126.470 -141.469 2.023
84.664 -2.923 -95.360 1.866
-205.551 129.577 -155.386 2.026
-178.214 83.829 167.182 1.909
22.516 -137.267 -115.946 2.129
82.632 -23.866 -160.950 2.000
-91.404 42.749 -147.658 1.917
-26.419 90.498 -11.908 2.017
214.802 -128.840 -81.734 2.142
6.003 -18.323 64.099 1.771
62.418 -125.150 61.113 2.122
193.208 169.562 164.610 1.927
60.301 -88.890 -76.698 1.920
-5.126 -40.705 -55.751 1.999
193.800 145.877 18.174 1.937
-221.094 70.519 188.563 2.236
-41.416 54.006 -26.785 2.107
-42.301 128.936 101.300 2.141
-174.516 115.636 124.610 1.935
-156.720 -79.918 33.532 1.915
-108.424 -117.546 -166.179 1.876
85.588 163.691 177.764 2.080
51.325 -178.071 -85.124 2.010
-146.288 -76.088 -31.943 1.825
-93.893 54.307 41.498 1.790
203.826 27.052 -41.200 1.848
-29.163 33.266 -169.871 2.180
217.317 94.095 -99.389 1.970
179.446 -39.554 -135.599 1.944
56.260 17.719 3.510 2.006
-138.728 173.916 0.961 2.058
-202.688 132.271 -132.765 1.829
222.059 -176.388 48.470 2.111
-219.353 60.568 -0.946 1.928
77.020 48.689 -74.099 2.150
-110.893 -54.275 -89.595 1.861
-160.954 -120.821 133.986 2.278
221.832 -97.506 27.734 2.019
-108.886 24.604 38.663 1.983
210.954 116.844 -9.106 1.954
188.506 157.802 169.605 2.016
0.483 71.523 88.012 1.974
54.345 -116.912 -196.284 2.082
-161.522 24.275 84.831 2.074
-72.098 46.600 -194.379 1.976
179.081 -32.976 158.691 2.121
62.926 47.985 74.590 1.854
-165.336 86.010 -13.296 2.011
-159.992 120.625 -186.419 1.965
145.630 -165.933 72.127 2.008
-180.400 -133.893 -90.973 1.977
-175.509 69.412 190.286 2.116
86.150 -17.709 18.217 2.055
199.584 143.939 60.081 1.882
-139.931 -12.352 154.524 1.828
56.180 -3.977 132.860 2.079
-115.780 186.836 139.265 2.065
-141.206 -102.011 -153.083 1.906
-151.898 -103.799 155.278 1.918
-193.736 -33.845 -130.708 1.971
221.830 -75.691 -99.266 1.949
-214.737 180.085 -106.371 2.009
138.275 177.540 32.849 2.121
-15.977 22.811 39.536 1.950
124.429 115.242 30.680 2.043
-41.094 7.751 74.201 2.150
-13.575 59.974 16.434 2.148
-63.822 -174.550 -111.893 1.991
-219.847 -28.343 142.288 1.913
-206.046 -40.126 -106.523 2.072
54.830 -117.234 -1.876 2.000
34.129 168.787 -147.113 1.978
113.652 -145.277 -133.188 1.916
-197.335 -51.092 100.261 1.854
-116.481 -108.463 -32.339 2.082
125.719 -28.776 -128.322 1.734
12.186 -91.976 176.978 2.051
221.652 76.041 -39.091 1.928
-31.348 -72.667 -108.424 2.051
177.395 174.575 125.686 2.034
-204.593 -59.683 -67.135 2.065
-189.819 20.182 -185.860 1.975
-2.741 -126.861 80.118 1.980
-92.708 -52.207 -109.883 2.198
-116.248 -160.356 172.752 1.837
128.458 0.407 72.413 1.982
108.048 176.543 174.510 1.858
-165.951 -23.713 -37.549 1.841
179.982 98.096 -123.055 1.780
-167.849 -143.322 -108.243 2.131
210.461 -102.563 -181.106 2.115
-31.105 118.406 81.180 2.078
-170.845 -85.283 26.106 1.849
-19.196 -154.649 -108.361 2.078
-59.485 -73.846 3.998 2.210
-139.228 -43.946 156.213 1.936
134.304 65.690 199.171 1.854
165.953 -101.203 155.857 2.003
11.409 72.173 128.882 1.801
-104.386 101.411 -89.185 2.055
12.159 -148.797 156.561 1.966
-213.346 -22.599 85.676 2.120
149.326 -19.573 114.071 2.016
207.610 -93.226 60.824 1.946
-126.765 -172.624 -56.271 1.983
-109.376 -114.200 56.744 2.082
-54.192 111.506 -18.886 2.121
-157.247 22.428 52.153 2.005
153.837 176.930 -44.775 2.134
26.080 152.571 118.271 2.052
39.639 -166.344 -121.508 1.911
-51.911 83.313 -72.983 1.919
-64.298 -100.019 -66.548 1.942
-144.823 -96.853 64.695 1.982
-182.312 -50.150 -48.953 1.921
-15.364 152.157 -28.648 1.986
77.037 -165.547 -156.784 2.040
177.592 -116.041 164.752 1.963
-172.159 -31.014 77.545 1.979
-95.857 -57.529 147.172 2.014
103.735 145.682 -169.240 1.978
-51.791 80.739 60.582 2.159
129.864 6.223 -182.943 1.910
32.632 77.349 34.903 2.086
-78.513 131.675 48.061 2.061
163.615 -132.171 73.717 2.002
-62.404 79.653 -156.564 2.238
2.669 186.076 -27.751 2.042
-27.431 -156.395 60.458 2.007
-98.132 -87.228 164.410 2.004
65.013 -73.135 86.495 2.129
-40.835 -96.322 119.538 2.021
-128.451 42.092 53.591 1.860
-39.108 -148.565 -198.464 1.952
161.289 -57.921 -95.735 1.969
134.199 92.693 93.191 2.040
139.906 65.744 41.856 1.926
119.407 9.528 35.574 1.793
111.464 -114.077 -88.444 2.053
-70.590 143.995 -116.735 2.046
-208.060 -24.391 193.554 2.026
1.911 -87.490 83.710 2.060
32.641 -50.275 -10.152 2.046
-137.655 -81.386 -21.329 2.053
-100.027 64.181 -107.833 2.031
130.747 -53.574 126.860 2.068
154.576 -138.032 -66.901 2.045
-157.443 -9.237 -94.098 2.166
-207.584 -188.097 -99.724 2.044
-38.423 166.519 -47.320 2.060
109.466 -20.524 -165.706 2.143
46.478 -167.365 -80.226 1.928
-8.272 63.000 -142.990 1.910
29.068 61.913 94.686 2.088
-36.884 13.244 198.274 2.019
-61.888 60.110 -159.579 1.738
58.173 -8.094 -78.940 2.013
69.495 -169.858 163.323 2.036
138.981 -96.499 -67.763 2.050
185.298 40.114 181.518 1.972
-57.941 -50.729 180.763 2.103
-53.672 -74.572 128.062 2.160
-142.158 -1.000 76.512 2.082
-160.111 55.897 -100.087 2.040
27.618 -179.761 27.774 1.930
191.188 -169.156 -19.734 1.998
-38.666 33.722 -195.409 2.192
170.122 150.523 -96.598 1.912
200.012 -164.000 154.453 1.982
-172.962 188.833 -11.759 1.983
-130.311 161.290 80.301 2.140
-108.031 -125.672 -5.681 1.840
-142.908 -21.967 107.492 2.062
200.541 167.399 -66.517 1.952
46.551 84.533 148.079 2.030
37.798 -101.568 -14.567 1.806
135.942 112.549 158.337 2.116
-0.457 61.914 137.930 2.004
193.706 -111.273 -198.518 2.023
-173.275 -66.847 192.741 2.096
-4.519 172.612 178.240 2.034
180.171 -88.458 49.099 1.995
-104.730 89.272 -58.227 2.100
-151.902 1.855 -85.232 1.896
-79.712 137.586 148.547 1.934
38.389 56.135 28.432 1.918
-53.998 90.126 84.513 2.122
-52.885 171.960 2.794 1.944
64.056 96.999 -72.928 2.041
60.778 -59.810 -51.859 1.856
-78.740 -169.452 -52.547 2.005
192.187 91.403 137.787 1.938
128.435 111.441 70.133 1.936
117.806 -0.530 -4.109 1.960
-29.435 44.224 -154.651 2.013
-216.363 149.127 -52.129 2.051
96.094 105.146 199.374 1.979
40.086 173.135 77.178 1.861
49.848 117.094 121.054 1.845
78.334 -60.220 -160.213 1.939
93.477 127.869 -163.002 2.180
78.782 128.852 118.495 1.848
185.072 -9.861 106.297 2.094
-53.394 94.269 47.248 2.037
-170.261 -155.085 96.307 1.978
153.790 52.258 15.557 2.178
128.960 -60.563 -39.118 1.985
127.882 -160.841 -43.920 1.857
-11.900 166.399 -181.869 2.046
33.363 0.164 -134.918 2.097
-0.521 -144.656 148.904 1.983
-131.720 -176.657 -176.783 2.012
-198.570 138.811 144.911 2.002
-27.039 -9.919 116.498 1.907
100.619 140.392 172.554 1.902
-140.700 -175.488 45.613 2.010
-84.960 40.727 53.944 1.778
-188.906 -25.113 132.814 1.984
-171.904 -134.532 -27.259 2.025
128.372 125.726 -195.631 2.003
174.186 32.360 83.789 1.868
-19.835 -160.129 -75.842 1.857
42.753 99.326 2.164 2.057
166.228 69.597 95.111 1.976
217.119 -153.369 108.259 2.147
26.700 118.208 194.814 2.078
121.152 -130.070 3.619 1.858
-53.730 114.130 -177.432 2.146
-207.856 -95.374 -136.155 1.914
157.034 87.211 -134.474 1.882
43.152 -74.726 57.001 1.904
65.416 -63.091 68.372 2.003
-33.713 -23.180 -191.827 1.979
-15.625 -15.350 -163.017 2.069
111.854 75.311 1.493 1.889
-129.406 -26.250 117.395 1.995
76.371 -81.513 169.238 2.123
58.750 128.497 2.275 1.894
21.000 -95.680 136.662 2.106
179.091 71.571 -12.661 2.057
42.268 83.591 118.108 2.039
-214.439 22.142 64.206 1.991
156.823 -131.943 -63.579 2.085
136.616 94.780 -111.053 2.113
-86.866 174.691 127.128 1.959
-204.987 156.332 -11.126 2.111
-67.401 -173.294 -13.043 2.034
170.471 -71.719 -27.792 2.210
113.765 -51.946 -24.796 2.088
22.444 -15.399 -2.087 1.926
93.782 -0.446 -149.867 2.040
70.841 89.765 170.656 2.047
-167.794 183.821 -77.074 2.019
16.014 74.676 -114.914 2.000
209.100 66.889 51.234 1.976
-48.407 -183.328 154.530 1.974
-186.747 -112.130 -51.808 1.914
-110.873 -178.102 -36.653 2.019
-11.600 99.567 -111.250 1.867
-191.564 42.141 -7.167 2.150
-88.025 123.768 146.065 1.895
-142.995 112.799 -1.851 1.996
47.942 -154.231 -77.466 1.817
-17.706 84.856 10.343 1.945
127.769 69.757 -39.452 1.951
197.633 -5.150 42.061 2.093
-60.805 -27.183 -26.634 2.026
190.124 27.388 43.113 1.943
150.921 67.473 -60.492 2.130
-215.116 -74.322 -58.028 1.962
-119.627 2.379 163.008 1.791
-16.398 -109.124 -10.564 1.977
-178.187 18.420 8.793 1.912
152.332 -127.199 41.234 2.130
7.997 120.234 -104.183 2.010
-205.164 65.467 20.600 2.155
-17.024 71.983 -134.860 2.057
157.202 -23.528 -130.211 2.036
-213.158 -179.305 67.489 2.011
-220.988 -127.260 130.340 1.923
10.347 146.033 -55.514 1.934
-148.578 8.943 -171.010 2.013
109.940 68.465 -170.955 1.998
-132.584 84.947 -14.197 1.845
-77.487 116.159 142.536 1.997
108.120 -169.624 -44.829 1.978
102.118 138.755 144.837 2.033
177.003 -149.369 71.875 1.972
188.206 -94.832 -33.973 1.895
-93.397 -52.021 4.916 2.225
211.681 139.239 22.769 2.001
158.267 108.252 142.157 1.866
-201.398 160.456 169.901 2.023
209.513 -86.760 125.390 2.107
-26.822 -150.228 -158.592 1.911
122.646 71.539 22.918 2.031
-76.662 51.349 18.634 2.073
-210.840 88.015 -0.929 2.240
-179.137 -93.863 149.437 2.003
-2.096 -116.137 51.918 2.044
-77.746 -166.257 -78.496 1.975
-53.597 -180.799 -110.752 2.126
212.815 15.362 46.132 2.020
-106.549 -16.041 57.504 2.120
-208.748 -150.328 -71.497 2.067
172.127 -67.801 -134.343 2.201
160.467 -165.766 135.952 1.901
163.958 -165.172 91.096 2.127
-153.167 137.894 189.900 2.087
47.656 -51.096 -111.092 2.017
156.419 106.215 121.215 2.041
219.795 -102.732 103.706 2.025
-58.765 132.633 -176.581 2.141
-209.711 -45.739 44.408 1.938
-94.363 -68.256 147.687 1.875
3.290 91.694 -73.405 2.024
32.927 -144.431 -16.893 2.084
-41.580 -68.746 -48.852 2.255
175.414 -22.666 133.833 1.998
-89.739 108.335 129.845 2.136
-211.020 -159.534 185.525 2.096
170.554 -128.172 14.612 2.004
156.203 29.274 -167.191 2.029
10.191 -74.150 -191.434 2.076
71.030 -110.601 -104.942 2.021
-143.071 -89.857 -79.865 1.902
140.400 -13.592 22.328 1.916
184.262 45.888 53.036 1.915
135.700 -148.437 -112.653 2.013
167.939 -125.079 -58.692 2.043
-163.614 -93.563 -110.103 1.982
-38.103 80.516 87.058 1.956
21.559 84.073 -62.193 1.863
-147.131 152.395 75.610 1.967
-123.104 -57.649 119.187 1.951
26.266 158.867 -113.448 2.044
69.233 16.157 -86.732 2.055
162.916 -53.335 121.919 1.994
50.745 -59.862 61.905 1.920
-180.673 40.125 -187.733 1.883
39.981 186.497 -112.887 2.103
-168.530 -120.237 -129.393 2.046
185.090 54.569 179.823 1.982
-148.657 122.086 141.543 1.944
54.310 98.958 99.890 2.013
-210.759 65.059 109.911 2.075
59.218 -58.723 -180.354 1.964
-115.975 159.511 -115.936 2.035
119.271 -50.653 -171.916 2.091
77.705 152.503 121.039 1.949
35.622 50.267 23.389 1.894
36.434 71.043 -145.694 1.934
-182.944 -46.974 80.048 2.000
188.171 19.668 149.325 2.102
1.444 -162.230 40.978 2.003
23.330 -115.191 169.557 1.931
151.714 8.898 -145.613 1.822
57.857 147.278 192.707 2.081
-105.052 -84.070 -76.291 1.852
-15.632 62.945 8.859 2.144
11.991 -179.337 -198.016 2.188
66.142 148.303 -187.638 1.911
205.600 154.788 -92.030 1.910
93.897 -9.490 -151.696 1.963
168.123 9.466 -91.555 1.742
-53.295 84.204 -147.143 2.006
207.666 146.592 -194.360 1.834
155.119 -5.984 -195.913 2.013
84.707 103.249 -59.922 2.115
-162.479 111.595 45.096 1.854
26.286 183.886 -103.104 1.873
45.099 57.589 -3.739 2.032
-214.421 158.724 -168.631 2.044
85.061 138.643 -193.459 1.859
57.244 157.720 -191.603 1.995
10.722 58.332 -25.902 2.006
148.954 -4.611 164.531 1.955
94.339 -4.769 193.727 1.824
82.217 -123.396 -107.244 1.965
-88.515 -117.678 17.158 1.777
-134.748 -146.626 -110.702 1.758
-45.404 -2.219 169.994 2.147
53.770 179.988 136.547 2.154
-176.831 -49.037 -1.391 2.041
-6.512 -112.202 -15.145 2.011
185.023 148.586 -21.214 1.953
-110.169 95.767 -131.091 2.085
119.238 -172.552 104.499 1.867
93.636 -182.950 135.379 2.016
-112.640 -108.484 92.338 1.935
52.725 148.481 -26.768 1.998
105.492 101.721 181.623 1.896
207.147 171.996 -19.047 2.018
128.264 56.027 -34.290 1.974
131.513 178.208 151.856 1.938
179.363 182.199 -127.296 1.950
139.446 -160.934 -32.415 2.016
180.798 112.470 126.607 1.891
-2.594 120.307 -148.858 2.097
124.470 -144.576 195.818 1.920
-64.420 163.123 81.205 1.857
-9.689 -76.831 -129.061 1.804
111.781 -154.073 131.230 2.030
-110.499 -142.621 144.105 1.820
136.841 13.033 -73.684 2.152
184.334 30.298 -52.671 2.064
108.265 -91.088 -64.838 2.035
-132.139 51.527 -107.555 1.931
-212.532 -94.965 33.560 1.956
-12.531 30.857 97.013 2.060
150.051 14.941 125.264 2.194
3.111 -173.041 -28.959 1.892
90.537 -122.393 -151.897 1.841
8.329 5.916 162.586 2.147
-39.115 -188.301 -164.575 2.089
151.896 -60.044 13.388 1.918
-71.175 104.144 -62.001 1.989
-69.251 117.583 20.767 2.113
-177.643 29.379 96.621 2.078
-64.693 169.520 -55.489 2.035
-87.629 -0.669 -130.552 1.950
183.056 -33.678 -128.161 2.161
-66.383 83.789 -1.138 1.888
-119.585 -34.737 -90.078 1.744
-206.879 173.986 -127.342 2.195
151.588 87.420 90.871 1.863
179.784 111.546 5.079 2.133
-49.225 181.708 134.516 2.176
-154.835 171.009 -51.378 1.962
177.973 13.077 165.838 2.194
200.535 65.485 -75.863 1.982
-163.942 -12.505 -87.313 1.981
-18.581 168.500 175.796 1.936
138.159 36.139 -89.793 2.069
-187.548 4.065 -180.837 1.941
42.233 -25.585 -145.641 2.090
-165.063 19.536 176.264 2.076
131.793 -162.637 62.251 1.864
-4.615 -44.334 25.351 2.041
-152.134 10.879 73.732 2.041
-205.725 53.081 68.906 1.931
-92.118 -53.269 -124.697 1.971
170.242 36.028 -37.010 1.956
33.276 183.884 -192.153 1.909
177.243 -144.953 -99.803 2.167
130.048 -129.322 111.014 2.040
-84.244 -182.586 178.188 2.094
30.773 -187.476 16.807 2.149
-65.256 23.421 22.311 2.005
-221.403 24.955 44.771 1.998
-72.883 -189.720 -134.174 2.121
86.658 130.120 51.875 2.090
9.091 141.614 -131.152 1.820
101.911 53.723 154.366 2.048
107.161 96.429 68.829 2.056
111.562 172.877 -188.391 2.018
113.858 124.463 184.935 1.988
31.948 56.228 -89.476 2.015
171.363 -39.756 127.550 2.181
223.710 14.536 -96.485 2.003
-168.323 -57.176 -83.532 2.228
69.081 0.174 7.160 1.951
-196.919 -114.759 -96.443 2.054
-7.231 -72.443 148.979 1.946
-72.946 139.487 -33.690 1.923
-120.906 43.379 -92.449 1.933
-9.155 164.668 15.744 2.020
38.952 -164.086 -2.732 2.007
-34.344 -80.304 22.830 1.949
145.017 -62.210 -199.839 1.967
-186.450 119.402 -122.095 1.910
193.684 -175.189 -164.221 1.950
-197.996 13.717 -44.413 2.018
-111.814 23.923 -191.939 2.105
185.660 109.645 15.923 1.920
-211.795 -160.192 175.799 1.876
57.747 -34.758 -176.222 2.063
224.254 -3.334 -111.809 1.850
53.593 -186.502 -47.193 2.139
136.445 166.807 -53.496 1.926
142.630 48.409 79.125 1.909
-60.062 -185.760 180.671 1.941
19.241 154.575 -184.571 1.969
25.936 34.565 -168.854 1.920
62.598 42.199 -31.616 1.936
74.837 -160.064 -68.167 2.073
218.100 59.739 15.416 1.994
133.630 -97.272 -101.042 2.105
8.883 -31.679 -144.972 1.892
-42.385 182.077 -24.585 2.011
94.291 -104.421 -190.959 1.986
-21.859 30.817 187.889 2.062
-54.417 -12.744 -172.167 1.849
-44.035 178.534 107.249 1.987
-199.898 -78.383 6.363 2.095
-103.917 5.701 67.560 1.895
-172.261 76.574 82.791 1.876
-104.986 160.701 -121.040 2.084
82.536 -30.921 138.279 1.860
-70.655 32.859 100.071 1.981
180.101 1.294 -97.288 2.051
-162.265 -13.469 0.791 2.135
-47.201 -69.274 -116.336 2.024
-44.371 -102.586 166.493 2.063
-39.102 -106.149 104.629 2.051
-99.699 -105.766 -197.155 2.062
223.037 -106.639 40.879 2.143
-43.729 75.266 -33.270 2.041
-186.299 60.577 -11.051 1.852
104.348 30.930 196.050 2.046
-42.690 141.831 -38.184 1.949
105.775 -16.772 -185.375 2.011
-82.688 61.712 28.205 1.947
-181.954 -123.556 137.027 2.132
-84.413 -137.602 -18.296 2.141
-157.345 58.123 -107.174 1.784
211.128 -173.346 4.322 1.989
-126.275 55.620 -52.317 1.966
-159.231 -103.011 125.477 1.833
-86.844 -110.184 -12.657 1.950
169.742 -38.260 152.391 2.019
121.747 30.883 160.020 1.946
-44.282 58.372 -160.686 1.926
-208.400 -64.237 -123.014 1.988
-63.553 -98.724 -148.830 2.052
117.431 126.114 -123.247 2.014
185.520 161.885 135.544 1.992
-31.038 9.690 117.991 1.839
163.057 49.211 129.030 1.928
-85.081 23.092 -47.403 1.888
120.827 149.351 0.987 1.854
-181.278 85.288 -89.144 1.914
16.159 -90.316 124.948 1.999
21.426 47.496 148.295 1.880
-41.664 62.186 162.257 1.856
-8.109 -7.142 -160.955 1.977
29.038 -63.811 15.762 2.067
2.265 -125.680 44.243 1.891
209.757 161.746 93.710 1.987
0.346 46.855 125.195 2.002
-120.860 -98.669 -30.662 2.232
114.490 -26.486 -137.920 2.041
-155.109 49.656 15.379 2.010
-97.687 -41.768 52.650 2.105
114.373 -6.649 -101.634 1.851
