59.018 -15.459 -6.309 1.992
-35.535 139.206 89.875 1.855
-81.663 155.348 57.419 1.911
163.303 80.593 -198.301 1.844
-85.863 58.487 101.517 2.030
-152.253 -22.408 175.415 1.977
-104.373 53.711 199.038 1.920
-186.972 160.501 -13.586 2.066
150.072 -114.713 -46.001 1.880
-32.978 113.982 -11.489 1.939
103.131 -75.161 152.137 1.875
34.636 74.572 59.944 1.900
67.047 -37.179 99.831 1.945
65.654 -130.270 130.353 1.878
-201.232 -175.339 -47.742 1.853
-152.187 -122.088 199.886 2.007
-60.806 -18.376 -133.891 1.993
-143.281 -57.911 -56.721 2.183
108.041 157.580 171.553 2.199
56.884 -115.976 158.140 1.918
7.230 -11.302 -173.331 1.946
153.276 -187.441 -41.485 2.078
-149.676 -49.804 -174.894 1.948
28.303 -22.189 9.562 1.985
134.380 -90.184 164.506 1.956
-164.074 14.723 -43.177 1.993
150.598 11.206 145.608 2.063
187.305 -90.907 -21.734 2.085
3.939 162.087 -147.573 2.077
-173.484 -34.299 76.900 1.874
-68.106 -32.712 -174.860 1.964
-91.788 -129.898 -23.490 2.252
8.923 -165.210 188.002 1.929
16.439 -150.552 152.652 2.003
-140.859 -33.245 -182.794 1.949
-203.616 -34.295 177.371 2.095
-0.950 -16.809 22.422 2.042
-127.151 -156.913 95.324 1.960
166.164 162.202 -28.230 2.067
-54.498 -107.192 -177.257 1.919
70.086 -119.253 93.007 1.868
-77.473 152.376 -43.909 1.940
-19.839 143.568 -73.479 1.740
-149.168 -69.755 147.916 2.140
-111.588 23.159 180.045 2.080
59.218 -107.285 -106.624 1.949
-7.407 -45.784 47.772 2.002
-76.390 34.523 -79.337 1.911
-10.563 150.495 -41.593 1.923
-182.301 -61.578 -141.144 2.145
-136.168 -98.134 50.500 2.130
106.843 133.093 86.203 1.988
86.290 33.612 -54.431 1.938
77.603 8.167 -10.588 2.023
223.014 138.792 188.600 2.076
152.561 -22.998 35.202 2.242
-110.104 -77.738 28.766 2.061
2.280 -96.622 174.791 1.980
212.508 169.374 -32.133 1.777
-69.807 -127.812 -100.208 2.122
-131.913 62.198 31.850 1.993
4.191 100.858 -9.375 1.911
-199.033 -36.084 -146.959 2.055
1.947 91.572 -9.888 2.182
5.108 143.495 92.381 2.024
1.121 96.996 -42.232 1.847
-184.793 57.152 117.427 1.935
73.507 -90.142 40.731 2.120
-38.890 -166.001 0.761 2.139
-15.009 98.130 162.874 2.062
-194.881 -54.305 75.979 1.977
216.133 49.470 -199.782 2.198
85.141 -114.802 190.974 1.928
-7.932 -53.184 184.396 1.838
-103.368 62.949 56.245 2.087
-40.492 -127.130 -84.692 2.022
-183.620 188.726 146.449 2.009
-25.227 -160.413 -81.983 1.951
-73.456 -22.301 -181.590 2.218
-222.677 -159.561 -174.501 1.975
84.735 30.752 23.129 1.882
-100.482 117.344 -183.126 1.993
32.234 40.920 -105.552 1.916
169.486 -137.618 2.002 2.087
-153.980 106.614 -135.355 1.847
-195.205 -8.818 140.699 2.098
-89.260 31.744 -67.422 2.049
-51.028 -41.635 75.144 2.091
162.414 -111.262 111.163 1.855
-154.231 126.717 47.671 2.010
-203.609 176.272 88.858 2.013
49.152 105.074 96.279 1.964
116.839 95.982 198.409 2.019
101.596 79.882 -45.651 1.871
103.364 -160.587 -124.876 2.020
217.151 17.151 -65.090 1.982
-1.158 63.534 -56.885 1.987
161.841 65.756 151.619 2.061
103.717 32.145 -118.385 1.996
51.293 142.594 -88.991 1.878
48.841 60.300 -24.128 1.927
-118.367 181.324 -105.188 2.100
16.374 165.475 45.859 2.102
167.418 151.188 -135.263 1.956
53.952 178.445 19.185 2.029
33.041 -150.192 -184.044 2.098
161.834 130.334 -53.051 1.876
68.151 4.691 -105.386 1.884
-74.341 179.471 69.662 1.980
194.577 187.522 3.429 2.011
-20.686 -177.098 -70.249 1.969
62.649 -77.841 -112.702 2.016
167.907 8.244 -197.992 2.162
170.902 -100.700 -109.033 2.005
-210.185 -141.226 198.986 1.871
-51.243 -148.530 -8.427 1.979
25.194 81.799 -49.845 1.975
-56.651 131.733 160.323 1.848
174.023 -167.043 -12.219 1.995
-224.563 -9.010 50.905 1.971
-26.249 83.887 -145.543 1.966
135.604 182.809 -21.691 1.965
117.327 32.737 12.620 1.922
-51.527 -98.796 113.368 2.104
-70.555 112.198 146.078 1.826
-132.163 -127.013 -61.000 2.057
-113.041 150.391 -178.607 2.191
43.780 86.636 58.329 2.098
-166.186 -157.806 87.143 2.034
190.010 141.821 158.720 1.995
-132.522 -100.278 192.661 2.141
-88.341 135.091 -57.924 1.822
-78.703 68.796 -127.284 1.936
-51.890 -122.498 115.986 1.959
149.795 125.702 -175.850 1.953
164.186 -115.439 26.326 1.881
-97.653 -4.939 -104.168 2.124
1.847 -66.863 164.831 2.040
-199.670 -155.251 159.930 1.823
-104.440 -86.555 -37.415 1.922
217.919 -103.142 -105.431 1.945
26.904 33.036 -184.791 1.909
139.429 -145.628 131.812 1.934
213.842 143.075 85.026 1.996
214.781 112.226 80.446 1.969
109.449 148.821 -64.216 2.089
67.432 123.816 -64.723 2.095
13.136 98.053 114.202 1.950
-113.768 96.297 25.916 2.074
-129.378 -108.389 -58.060 1.936
-204.532 120.918 -19.116 2.044
-183.099 -31.558 -65.014 1.879
95.975 -171.090 -52.060 2.045
89.717 167.852 93.807 2.093
-92.158 40.913 189.759 1.817
178.021 -150.966 -84.607 1.853
-40.962 188.422 -97.564 2.203
-177.511 120.934 -105.174 2.207
175.692 71.760 21.898 1.841
20.713 174.218 -85.402 1.919
-82.006 41.628 83.330 1.888
56.926 -109.721 18.731 2.091
-181.023 -165.707 51.894 1.825
-213.917 -122.081 42.286 2.038
-147.069 43.283 -110.172 2.037
115.763 28.774 -139.885 1.933
-89.476 45.583 -7.236 1.981
215.382 -10.285 -0.816 1.941
-22.689 82.687 -68.966 2.104
-202.158 118.819 42.018 2.002
-188.608 5.332 18.225 2.177
224.509 -34.720 -120.549 1.974
36.005 -50.042 -43.698 2.136
152.475 126.605 130.453 2.039
221.368 -66.769 134.508 2.073
68.951 115.063 -54.662 1.927
95.252 -5.904 147.781 2.069
57.021 -102.821 126.033 2.131
-91.029 -91.758 99.162 1.960
167.426 -121.111 -196.927 2.124
-37.585 173.915 124.773 1.840
207.782 41.967 -31.031 2.067
-202.007 55.295 -168.761 1.898
47.506 -0.627 194.767 2.106
73.303 -182.639 32.503 2.178
-85.201 116.484 189.390 1.993
199.335 -85.889 -16.491 1.847
-185.131 -120.611 -45.340 2.077
-154.155 40.340 -75.769 2.219
-172.798 -95.453 -147.465 1.882
72.309 -30.456 -135.267 2.007
124.723 -181.703 -141.740 1.830
-68.448 -136.916 154.217 2.013
-9.763 83.352 -134.186 2.007
57.950 170.264 166.676 2.154
-219.988 -83.980 102.098 2.135
-38.940 -99.797 81.542 2.035
171.680 -78.166 -196.015 1.955
-152.262 21.818 -186.139 2.044
-54.724 -187.766 -29.924 2.024
-106.768 8.387 84.303 2.000
-35.430 -69.511 23.744 2.080
58.148 -10.360 -137.728 2.000
-145.017 64.203 -152.437 1.948
175.021 147.711 -17.263 2.082
-175.757 -184.602 37.698 2.061
-178.655 -144.037 -184.031 2.007
-152.969 140.593 10.875 1.768
-186.492 -187.963 -103.148 2.115
-119.593 -186.548 10.082 1.986
-144.868 -150.183 34.611 1.975
-100.768 65.936 72.835 1.863
-20.951 -35.801 -75.574 2.019
194.152 19.124 8.448 1.932
207.349 12.418 101.067 1.885
-150.525 -75.076 -137.569 1.931
-169.868 -178.091 105.440 2.033
29.013 108.583 152.759 2.095
50.269 -41.005 -16.973 2.040
-11.061 -154.807 56.693 2.169
-2.625 40.568 103.077 2.046
-114.226 -65.735 131.603 2.174
88.341 -58.739 122.392 1.893
-217.021 6.631 -40.634 1.918
149.541 -142.120 -108.289 1.981
205.747 95.669 -21.148 1.918
14.889 148.398 49.965 2.082
38.546 -34.316 10.419 2.001
3.262 -73.745 -136.826 1.961
-0.576 -46.743 -33.999 1.832
145.302 70.310 153.420 1.989
-21.029 -85.818 -56.904 2.073
-115.804 -133.118 130.142 1.982
65.023 182.421 -146.852 1.889
182.906 21.983 -104.585 2.096
-162.465 -77.555 77.085 2.082
-194.991 55.522 -13.381 2.189
211.385 -2.422 177.234 2.007
217.104 26.169 131.648 1.919
-152.373 2.578 14.583 2.202
46.546 -10.309 163.029 2.149
-24.089 125.011 -95.557 1.999
-44.302 -166.638 -168.025 1.868
26.179 -40.365 107.739 1.940
-138.151 -2.734 -190.629 2.078
97.524 -169.505 192.426 2.107
-179.946 48.077 -105.927 2.088
-63.590 -33.265 191.534 2.137
88.437 -146.343 176.855 1.945
-132.761 188.785 -153.449 2.026
107.683 132.974 126.091 2.021
181.900 109.059 -91.060 1.896
-218.033 -128.951 -75.173 2.160
-97.342 -2.492 -146.724 1.928
-23.449 -186.934 -124.005 2.093
200.147 -172.407 -124.746 2.082
170.868 -85.416 -197.683 1.908
-155.769 -56.291 -36.986 1.880
-78.163 -168.873 80.497 1.982
20.492 -117.115 -23.036 1.860
59.186 -48.843 58.713 1.947
-213.374 -88.431 -75.376 2.049
-179.864 -18.032 2.216 2.172
109.873 101.643 166.026 2.233
111.751 101.614 149.491 1.931
83.442 -101.741 -122.238 1.946
89.899 -73.183 -79.520 1.789
1.706 -179.875 -186.514 1.879
-114.287 -178.685 183.462 2.036
-28.512 -14.149 -190.920 1.903
57.860 143.257 -161.685 2.006
-185.061 139.141 -171.994 2.084
-220.171 64.693 77.317 1.943
131.835 -176.033 81.271 2.008
84.411 57.755 -71.730 1.886
-85.374 -6.252 -34.033 2.042
72.064 -97.039 -33.716 1.883
-107.460 -65.103 197.883 2.037
-0.785 -93.131 -85.199 2.042
-65.050 -112.217 -188.213 1.917
-132.534 -143.195 -29.793 1.936
-191.544 -177.176 12.361 2.033
-193.525 -64.036 164.466 2.112
175.538 36.531 181.014 1.859
70.498 -155.771 -57.322 1.963
-177.156 -106.174 146.246 1.992
25.168 155.573 170.632 1.938
19.598 62.170 125.728 1.897
84.862 135.949 -66.900 2.095
-74.948 -102.298 195.919 2.067
74.461 -177.212 112.283 2.014
-59.795 6.383 -63.079 2.025
-48.102 38.988 -52.513 2.056
-159.628 -124.469 -114.212 2.037
10.112 113.744 -175.816 2.131
166.723 -115.550 -120.951 1.947
100.300 21.726 -78.742 1.847
-186.225 -114.446 152.562 1.747
-27.137 1.478 -45.300 2.038
-105.393 -77.158 68.136 1.991
-165.363 156.251 -83.843 1.966
-85.937 -138.898 176.334 2.109
-120.704 -110.136 56.130 2.138
139.737 85.385 57.811 1.868
203.640 -68.916 151.077 2.046
121.411 138.648 143.623 2.042
119.407 32.432 -65.098 1.862
126.870 73.258 -20.087 1.935
32.347 -86.506 141.660 2.048
-20.604 -117.742 8.004 2.131
56.190 -141.239 91.345 1.899
211.058 125.440 194.902 1.969
42.603 163.656 -44.247 2.257
-42.669 -136.575 -185.104 1.974
-44.323 61.245 29.735 2.133
179.115 165.565 -167.215 1.918
-49.975 -23.854 105.492 1.984
-98.925 -31.561 -63.401 1.890
-197.867 179.069 2.819 2.069
-158.295 -83.633 109.535 2.034
-210.033 68.096 172.953 1.872
-207.295 117.889 62.781 2.008
103.510 -184.944 -188.683 1.880
-143.600 -93.781 137.259 1.854
-16.299 62.206 105.572 1.916
196.110 151.059 -45.717 1.897
-7.260 18.727 -155.884 1.852
-46.785 -18.123 11.450 1.933
-211.314 -91.532 -76.150 2.027
-132.692 173.929 -3.445 1.913
-39.834 60.177 44.663 2.068
218.451 -132.462 87.504 1.983
-163.663 130.481 46.515 1.881
19.842 -66.466 25.501 2.144
-201.006 187.853 136.382 1.896
182.145 128.036 -82.131 2.008
-89.654 92.914 -116.970 2.101
152.555 51.790 -167.781 1.991
-220.816 126.498 170.983 1.911
71.121 32.089 -77.230 2.177
130.616 -80.990 78.711 1.925
190.649 -87.891 -12.294 2.106
145.548 -180.064 101.883 1.870
-51.928 153.200 -106.969 1.924
198.875 -9.174 -50.574 2.067
75.025 174.368 96.284 1.826
-159.616 -118.283 131.485 1.970
74.825 -42.025 43.299 2.090
155.059 -22.489 -68.322 2.079
-53.604 176.080 -198.144 1.980
102.919 17.787 -61.707 2.106
-190.308 10.390 186.687 2.006
-217.677 -80.770 127.829 2.140
-100.514 -69.125 -158.190 1.974
56.847 -176.383 -177.782 1.980
18.261 -48.304 64.166 2.118
30.993 90.771 -61.364 1.832
100.812 87.078 33.027 1.895
52.882 80.116 -195.140 1.878
-13.002 80.381 -162.095 2.012
-210.713 187.182 199.243 1.967
-216.593 111.349 -183.811 1.867
85.687 -22.636 167.076 2.004
-100.217 88.402 -45.740 2.005
58.010 103.007 52.301 1.990
-119.182 -127.443 -156.278 1.873
-45.647 -87.551 187.357 2.091
-179.827 -111.524 184.265 1.798
-19.651 61.592 -90.269 2.111
-141.326 48.476 -22.952 2.095
11.074 109.821 -162.121 2.044
154.508 44.482 -126.590 2.107
164.105 186.110 161.763 2.120
-83.148 -40.889 109.720 2.035
140.349 -146.168 163.681 2.103
-72.363 116.010 75.042 2.055
-213.246 38.848 112.343 2.024
-224.903 141.935 133.548 1.746
29.511 -129.441 -175.717 2.036
88.037 43.991 -62.407 2.072
43.354 -64.530 104.414 2.136
0.669 -180.396 -101.011 1.972
221.744 73.794 115.061 1.943
-213.298 146.368 -139.609 1.875
-219.526 -180.246 114.680 2.070
-198.116 141.724 -121.906 1.948
154.212 -30.263 -156.857 2.000
80.852 -66.937 34.529 2.083
-123.112 -134.233 -159.905 1.970
-48.520 -19.782 153.134 2.018
92.653 54.937 -1.161 1.921
-184.740 76.748 137.497 2.004
-176.263 -2.450 2.947 2.008
-163.410 141.137 -195.882 2.095
52.695 33.259 51.948 2.036
210.466 -146.805 40.160 1.953
11.364 38.542 194.625 1.837
179.623 12.139 42.508 1.863
166.810 -168.209 -92.127 1.935
-64.673 77.071 107.576 1.932
56.028 104.509 -29.533 2.033
-213.133 -6.759 -127.714 2.181
26.699 -33.875 36.470 1.973
165.801 -48.524 165.859 1.927
-20.337 -96.992 -45.337 1.981
205.415 -112.839 167.895 2.216
40.895 -89.280 -65.875 2.082
-113.684 -73.539 -39.340 2.002
145.903 167.730 166.938 2.083
5.404 168.411 -61.124 1.922
7.350 26.732 -194.668 1.887
147.041 96.332 28.945 2.080
91.297 126.347 79.127 1.886
60.344 -60.787 15.124 1.982
-108.891 -20.756 125.467 1.826
-139.134 -75.037 62.953 2.061
165.840 54.695 20.119 2.040
-43.232 59.752 35.862 1.871
114.347 -39.056 26.221 1.943
211.318 79.311 147.914 2.065
117.057 118.408 93.459 1.989
-93.555 168.788 -101.566 2.032
102.149 -27.639 10.343 2.175
-51.180 -64.927 188.313 1.783
14.000 -117.435 -21.234 2.167
97.856 -163.197 -21.815 2.168
-136.422 98.905 57.521 1.999
-176.292 -6.070 13.200 2.137
128.673 72.858 109.906 2.034
182.675 -37.702 -77.203 1.928
66.826 21.728 7.141 1.962
129.126 -41.333 -102.416 2.045
62.150 108.941 89.324 2.082
-50.596 -45.038 115.091 1.862
-33.314 50.919 -87.969 1.839
-167.824 -64.280 -59.431 2.121
35.050 -73.738 -60.758 1.836
-187.178 -162.423 -141.501 1.990
-116.010 121.526 -87.073 1.945
179.774 -120.887 -56.220 2.003
28.168 120.377 174.286 1.949
144.479 113.620 -33.348 1.909
-118.544 176.426 99.737 1.919
185.494 116.264 -195.664 2.089
38.400 -122.305 -61.989 2.068
71.523 -97.232 -33.820 1.952
-134.858 107.587 -152.884 2.078
45.332 158.219 161.732 2.022
39.305 92.967 -97.263 1.934
44.605 -103.728 96.371 2.145
76.988 -172.723 -79.137 1.952
-154.840 -121.971 -65.602 1.981
-66.397 124.687 37.224 1.944
-20.093 120.645 -122.824 1.948
-191.220 73.392 -93.587 1.952
30.073 -88.235 106.653 1.848
10.443 8.879 34.468 2.064
-126.030 -96.515 43.894 2.105
24.643 -62.212 78.242 2.140
-211.532 -158.684 -103.932 1.920
186.186 58.728 -42.158 2.007
-206.603 35.244 -136.836 2.040
-211.181 187.768 -39.405 1.956
134.293 63.168 199.182 2.064
-132.245 180.543 -156.665 2.040
-35.215 -16.296 -147.723 1.857
59.981 51.382 -60.664 1.751
54.107 162.384 -87.175 2.020
181.457 37.034 -12.268 1.957
47.627 -132.501 -165.033 1.895
-212.753 -130.426 52.230 1.922
-111.740 108.678 -70.458 1.866
-115.723 0.139 -174.959 2.010
176.545 16.615 79.194 2.121
-14.327 -37.256 51.209 2.024
-166.815 -167.975 28.917 2.155
-38.817 115.419 69.702 1.854
175.275 -17.725 -144.651 1.994
-2.956 17.220 7.676 2.209
17.433 24.975 -147.966 1.776
-124.063 146.988 42.693 1.990
147.058 89.646 -178.374 1.978
166.277 -15.550 -3.598 2.026
-55.983 -61.878 65.694 1.948
-162.423 95.914 167.433 1.903
-142.460 117.034 180.796 1.947
16.450 -8.512 35.842 2.011
-6.986 187.686 67.692 2.025
49.378 -45.738 -129.684 1.897
-197.834 22.382 134.405 1.936
-72.382 41.611 -8.017 2.063
12.816 129.737 -11.971 2.094
193.338 -171.936 198.260 1.839
-150.540 143.994 -139.992 1.930
52.280 -93.526 11.616 1.971
65.932 75.349 85.273 1.985
-170.819 -179.277 -186.185 2.131
-15.973 51.915 -195.287 1.989
-114.878 3.385 -168.848 2.151
-198.651 155.618 -152.861 1.879
-175.397 -2.192 167.142 1.874
-177.910 -27.439 175.496 1.875
-47.209 27.674 85.397 2.002
150.080 82.048 -24.071 1.887
-167.465 17.506 195.352 1.951
51.282 -171.276 -129.285 1.920
-32.222 165.222 -137.029 2.090
176.842 -110.251 87.513 2.049
-166.805 46.209 41.868 1.978
23.284 125.802 111.655 1.971
-14.449 61.246 109.125 2.113
46.707 -11.126 -57.342 2.243
175.286 101.856 -42.434 1.862
35.222 -71.478 134.062 2.003
-22.513 161.476 100.748 1.993
-201.162 59.049 146.997 2.073
39.748 -156.197 193.575 1.909
41.309 -22.429 -38.084 2.004
109.579 -189.054 -81.995 1.986
6.248 -68.791 -45.310 1.969
-222.473 -177.025 -196.275 2.101
141.344 43.336 -0.803 1.822
-15.625 -156.677 -25.648 1.976
-83.519 -8.782 -150.051 1.944
-13.222 -70.006 59.927 1.904
139.680 -31.749 -139.884 2.043
-126.902 -140.866 64.548 1.971
205.966 -56.678 81.987 1.962
-144.133 -123.683 167.942 1.935
-94.988 -123.494 100.757 2.032
-206.801 -54.292 -16.007 1.987
-124.496 112.834 -55.399 1.921
-205.338 49.670 161.214 1.890
134.082 -79.670 -98.747 1.955
-125.918 -179.958 -166.207 1.967
-57.782 50.230 -82.919 2.043
-202.622 -132.944 187.771 2.182
90.848 104.999 178.637 1.999
-198.483 136.073 -13.823 1.952
-39.151 43.236 71.452 2.062
5.534 -32.363 46.679 2.070
200.794 -107.008 -51.076 1.976
-64.658 117.307 -121.133 2.169
14.819 -30.540 -105.790 1.914
-104.657 154.220 -55.530 1.883
140.328 -186.856 77.309 1.981
-137.626 -32.297 71.491 1.986
-90.252 161.883 66.283 1.934
-76.518 17.718 -71.835 2.063
95.134 101.949 163.971 1.909
-73.325 -125.243 -128.190 2.067
73.161 162.040 113.025 2.099
-0.565 48.355 -157.246 2.037
-193.216 -116.075 -28.786 2.051
84.352 -105.160 184.223 2.107
199.719 -174.144 142.475 2.078
-0.189 -135.311 -1.391 1.991
96.166 139.534 -47.491 2.060
-214.163 13.136 37.441 2.060
159.546 -73.310 136.674 1.948
-61.330 -100.833 -97.204 2.071
-210.267 -116.514 123.021 1.852
21.294 -83.685 136.523 1.905
-80.234 -114.899 -5.557 1.909
121.504 -17.373 182.909 2.061
-9.208 29.470 -122.973 1.868
35.485 13.550 -59.058 1.959
-167.193 17.762 -166.404 1.967
-102.995 -157.334 -143.740 1.853
75.360 -61.305 199.519 1.983
185.345 85.450 46.185 2.031
-99.248 -86.760 67.814 2.006
-120.829 89.281 -37.104 1.881
-34.736 -189.089 148.905 1.975
191.874 123.378 157.393 2.030
117.325 113.715 67.108 2.040
107.789 143.675 27.917 2.067
-207.154 28.660 2.769 2.132
207.149 24.376 -147.328 2.114
133.067 -144.562 -2.718 1.888
-155.875 132.490 -118.312 1.904
21.693 -146.087 -31.191 1.894
169.505 -57.931 -35.908 2.108
-31.293 52.089 169.491 1.922
27.920 -177.158 -156.593 2.011
73.735 68.103 154.088 1.760
57.043 -161.849 -174.174 1.989
-163.857 166.734 -163.893 1.927
176.287 -30.235 -70.345 1.853
126.600 -75.190 -153.909 2.114
-180.110 -32.653 -147.246 2.017
-191.336 -171.820 104.797 2.047
112.531 -60.760 98.578 1.974
195.438 -70.751 86.889 1.993
-200.251 -111.984 190.461 1.978
-55.557 -73.328 153.498 1.878
-178.583 -148.148 21.296 2.119
-48.994 90.433 23.475 2.040
-110.723 151.570 156.906 2.017
94.984 -91.183 -55.741 1.858
127.218 -21.518 -71.688 2.060
189.680 -35.263 140.679 2.026
185.211 94.118 -4.528 2.025
42.229 134.424 12.701 2.029
164.513 -159.438 78.257 1.898
93.692 23.681 91.054 2.110
108.541 -45.455 -70.783 1.914
115.360 20.969 -52.810 2.167
-175.672 62.212 -60.596 1.992
108.555 -62.905 104.974 2.147
198.603 -124.543 166.988 2.090
43.954 103.038 -176.725 2.101
136.897 84.118 -6.159 1.980
-128.678 -98.857 -135.916 2.276
-224.864 -10.314 123.748 1.733
209.343 -113.917 -120.113 2.005
141.509 -38.435 153.015 2.016
-29.885 25.150 -197.593 1.907
42.901 -84.887 -41.578 1.912
71.180 122.296 -170.951 2.079
-161.277 -163.326 -83.165 2.114
-44.429 -136.283 138.706 2.177
148.840 141.204 149.148 2.096
200.616 -45.284 50.229 1.872
-20.942 -124.414 -113.916 1.889
0.607 57.527 88.768 2.182
183.863 -69.242 188.285 2.033
127.354 -147.297 -157.905 1.957
104.235 101.845 -21.089 2.055
35.194 -184.915 191.599 1.858
-69.966 53.663 55.329 1.994
87.327 -36.893 -157.861 1.970
31.649 96.660 -18.424 2.014
-59.740 25.388 -24.934 2.060
133.495 -36.938 172.963 2.114
127.703 67.686 47.935 2.010
-60.481 -173.378 128.033 1.912
126.715 31.930 180.805 1.890
16.496 4.385 72.931 1.996
-61.683 117.403 33.549 2.060
176.022 187.584 106.161 1.920
174.450 18.590 -59.715 1.909
-122.898 -110.803 -32.634 1.942
29.664 184.984 -185.521 2.039
-184.246 122.567 65.357 2.027
97.739 -151.691 44.123 1.857
131.973 -31.859 -199.250 1.804
143.421 -157.789 182.215 2.044
148.600 169.162 -143.005 1.911
-145.916 -165.176 -131.019 1.974
-147.652 -93.682 72.574 1.737
139.113 -12.867 -123.497 2.107
-141.948 134.562 -126.719 1.913
-2.643 -5.532 -111.479 1.855
90.766 34.915 -118.236 2.131
-165.207 114.867 120.869 1.804
43.255 169.565 -172.141 1.937
-128.143 166.517 -151.162 1.930
-76.162 -83.718 -162.501 1.796
194.452 164.678 69.162 2.030
209.690 -123.249 -127.966 2.064
197.494 -88.936 107.062 2.133
195.880 -3.802 15.353 2.085
-173.159 -70.167 -75.545 2.166
-208.831 -106.583 182.053 2.052
-127.411 9.532 64.877 2.004
201.030 102.740 187.065 1.863
-81.271 42.548 -65.615 1.901
114.993 100.769 -0.402 2.038
-198.488 -183.311 -152.774 2.015
197.866 -132.802 -3.373 2.118
99.927 101.219 93.037 2.006
-102.560 -92.352 20.005 2.273
152.422 18.023 58.605 1.945
186.927 -158.451 174.884 1.878
162.562 105.910 -36.746 1.925
81.230 33.263 146.638 2.038
128.657 -76.018 98.083 2.030
-9.112 -64.253 -69.485 2.035
-198.488 86.718 -35.282 1.926
52.396 -24.468 38.147 2.072
-125.485 -79.838 79.589 2.090
48.618 13.626 -57.397 1.948
-9.460 3.421 -28.161 1.979
23.824 -12.616 106.221 2.070
-68.984 -60.295 -19.486 2.020
-203.757 159.180 -135.341 1.871
-120.092 139.296 178.878 2.131
170.162 122.000 -138.429 2.090
143.481 50.799 -69.861 1.857
-113.380 107.803 117.186 1.909
-110.172 145.584 -198.416 2.040
97.749 79.633 185.014 1.937
42.102 -23.639 47.452 1.875
-196.407 -88.242 117.964 2.105
-49.566 -149.337 79.754 1.945
-203.391 181.863 137.759 2.090
-189.046 -161.553 164.281 2.028
112.900 125.948 -130.350 2.091
-6.787 -56.112 -191.197 1.948
-91.389 182.165 193.742 1.933
12.219 -22.138 -9.221 2.020
153.525 132.799 22.846 1.908
202.433 126.658 182.452 2.011
-93.568 161.196 161.934 2.031
127.381 112.742 -80.800 1.933
-224.556 -25.278 -100.012 1.949
-81.031 164.158 -119.977 2.129
-58.984 122.658 -10.425 1.975
116.246 -12.786 -164.789 1.882
97.916 -81.886 90.017 1.885
-10.051 71.823 -132.359 1.897
-30.079 156.951 104.872 1.772
0.765 94.391 -17.099 2.086
-100.263 89.235 45.158 1.954
150.734 37.443 125.810 1.969
61.068 -70.529 103.039 2.004
176.104 168.048 -144.759 1.991
189.891 146.047 -46.610 1.852
0.853 51.270 158.520 1.901
-105.419 19.184 98.485 1.992
-197.222 -150.958 163.759 2.038
171.918 64.462 -160.268 1.849
2.032 181.827 58.345 1.879
11.821 -21.650 -69.336 1.835
36.648 49.263 89.194 1.825
-15.342 75.321 -194.043 1.982
-112.493 -51.431 -42.766 1.938
200.355 189.497 6.052 1.980
171.272 -85.486 -161.589 2.067
181.902 -17.726 144.073 2.161
-154.458 79.820 151.422 2.045
-168.507 -149.905 123.690 2.012
-85.094 -108.978 10.121 2.213
183.248 74.511 -144.712 2.199
-92.681 14.565 -96.318 2.116
152.431 -156.422 -84.443 1.994
-87.107 155.067 115.411 2.133
220.170 -91.479 -70.446 2.078
-27.717 -165.794 86.738 2.259
42.063 54.559 24.058 2.120
-21.939 -32.596 -143.877 1.947
-48.377 -117.543 0.536 2.066
-18.152 64.251 93.325 1.797
150.784 -120.004 -102.452 2.057
158.138 -121.559 36.629 1.848
84.808 84.473 113.054 1.851
133.407 -77.939 8.266 1.916
-219.795 -13.807 192.091 2.062
208.775 15.528 -194.106 1.914
189.443 120.576 -42.586 1.965
100.461 172.133 -79.193 1.938
-101.381 -104.296 -106.292 1.843
-94.896 -174.239 -68.503 1.913
-146.792 66.151 -71.097 2.028
104.907 -33.590 -151.115 1.928
-13.986 111.445 87.083 1.890
175.162 111.733 77.802 2.102
-212.287 -155.417 168.950 2.157
115.137 56.230 -135.703 2.126
-201.837 -169.802 -53.678 1.944
115.847 -103.918 33.761 2.095
-116.205 130.593 50.400 1.749
-30.087 -68.226 90.558 1.877
-42.331 133.647 -130.049 2.102
-62.463 57.804 -19.472 1.803
177.319 64.546 38.500 1.896
187.306 60.617 -51.158 1.967
-93.384 60.720 68.626 2.123
25.752 -101.599 -125.962 2.079
1.456 -63.143 -148.276 2.099
160.952 -99.895 47.797 1.972
-39.975 71.713 -115.281 2.104
-218.517 1.161 68.655 2.010
33.583 162.320 91.461 1.815
-17.060 75.470 14.053 1.887
-24.284 -100.903 83.317 2.057
150.540 70.203 167.449 2.012
16.927 -80.448 -109.034 2.240
10.176 -162.305 186.605 1.980
28.305 89.211 -33.581 1.920
-135.423 170.956 -85.964 2.130
-156.269 -91.399 -3.115 1.891
7.599 110.587 -170.334 1.723
-211.754 174.415 -70.338 1.995
-56.253 -125.468 173.807 1.977
-13.532 6.831 -191.802 2.081
-220.407 -26.235 89.490 2.004
85.433 10.229 37.456 2.057
-48.735 135.113 -70.501 2.247
-81.228 -76.130 -70.952 1.899
-86.371 -98.494 -13.042 2.027
-51.859 126.720 -86.339 1.935
218.834 134.242 -71.609 1.900
67.793 128.710 -60.290 2.151
-219.223 -55.138 44.422 2.080
2.468 27.980 -63.230 1.965
-194.302 -74.668 115.439 1.978
146.241 -107.347 -164.130 1.917
92.327 -61.533 115.849 2.053
-167.729 -33.469 -102.454 2.062
16.322 14.124 -32.252 2.064
-200.957 125.581 107.822 2.000
40.424 189.339 -153.828 1.967
109.985 70.837 -0.149 1.974
103.125 -12.869 -74.878 2.019
-179.118 73.400 64.413 1.867
-65.966 -21.373 -123.344 1.993
-208.110 -23.707 -117.961 1.969
-48.578 -173.498 -88.614 2.039
-224.529 175.188 39.500 2.147
151.877 120.763 -119.372 2.020
-193.786 121.620 -102.359 1.674
-26.312 -11.971 195.510 1.919
-116.707 168.654 71.780 2.013
-216.427 -6.011 84.258 2.001
206.116 102.742 127.275 1.980
-107.817 144.808 -62.779 1.932
-163.870 -14.605 -189.146 1.970
-196.254 155.236 -96.930 2.031
-133.958 -39.979 140.460 1.938
-14.809 -168.752 -34.568 2.034
127.480 -75.221 101.222 2.126
-6.796 170.571 -178.550 2.060
-205.175 -124.860 -62.784 1.966
-176.390 -23.301 -122.473 2.063
-144.256 -98.726 -75.867 1.993
-109.218 170.266 -162.618 1.978
-112.124 -51.447 69.142 2.108
-217.882 116.939 197.401 2.026
95.818 119.113 -75.102 2.120
24.325 55.773 17.174 1.944
-169.303 59.881 -20.338 2.097
208.412 34.547 -98.137 1.911
116.058 -47.068 151.131 2.103
-167.651 -111.316 -109.851 2.052
47.009 129.978 59.219 2.064
159.696 -66.547 9.013 2.133
23.889 50.353 -197.053 2.034
169.385 -43.470 191.806 1.997
-5.126 -77.498 95.467 1.997
-42.201 -63.049 -131.045 2.073
114.060 77.753 -137.419 2.019
-76.761 -27.953 -22.381 2.009
-207.133 38.066 -195.898 2.066
-147.449 96.053 -160.383 2.042
-118.490 64.704 -51.001 2.108
-51.564 -26.787 -165.530 1.941
-2.873 -7.521 -140.222 2.169
24.971 80.901 46.263 1.990
162.298 -180.646 137.316 2.086
149.561 120.537 0.077 2.074
-113.893 44.593 -10.837 1.980
123.727 168.863 79.729 1.994
136.551 157.574 -137.603 2.179
-210.539 -33.116 -173.625 1.962
44.703 -99.220 81.600 1.959
-94.415 -139.677 199.084 2.241
168.336 4.845 -126.710 1.997
-196.392 133.221 170.422 1.717
161.267 141.676 -197.338 1.999
194.024 -96.270 -23.790 2.045
-108.982 83.410 166.501 2.146
32.591 55.832 -2.379 1.929
156.987 89.173 -115.718 2.185
136.844 -62.221 -148.483 1.986
106.790 131.941 196.178 1.984
9.373 89.820 -66.683 1.971
195.739 91.896 -175.610 1.869
-125.700 174.618 -23.060 1.989
-183.630 109.563 -51.837 2.041
1.014 -42.353 0.511 2.103
222.525 -111.988 -45.483 2.379
-221.510 36.390 41.664 1.946
202.414 92.845 -62.279 2.163
137.707 5.653 -77.275 2.074
47.377 118.659 77.414 1.963
54.858 133.592 86.060 1.985
-167.359 114.126 -92.903 1.947
176.823 -76.777 -174.288 2.017
184.172 28.347 109.190 1.885
183.024 -161.706 -82.243 2.039
143.748 -111.639 79.425 2.206
173.725 -115.989 -94.452 1.883
-56.826 -144.749 108.522 1.922
-90.536 58.105 35.903 1.913
87.854 14.582 138.230 1.998
179.024 -187.569 199.132 2.124
-116.319 172.806 53.484 2.051
-56.163 82.997 0.037 2.021
-18.398 -63.717 -85.683 1.875
-213.231 36.341 56.773 1.741
9.374 137.936 -124.287 2.069
-73.499 102.854 -120.141 1.878
-97.141 78.580 2.392 2.025
127.215 -120.732 130.012 1.867
96.287 150.702 65.717 1.872
81.705 -144.080 28.154 2.028
98.823 -183.466 169.483 2.045
83.778 -37.711 15.167 1.988
192.702 -87.472 -132.389 1.995
208.222 -14.986 96.142 1.951
-43.450 -108.329 40.149 1.970
10.974 162.081 170.987 1.979
62.700 55.571 113.127 2.011
-167.421 76.068 162.576 1.967
-162.817 -131.589 -102.221 1.947
159.702 -126.269 -46.514 2.094
36.529 -54.684 149.763 1.924
40.109 -24.359 -168.887 2.032
176.976 -106.252 -161.007 2.034
-2.442 -55.485 -56.190 2.055
-73.213 22.516 51.922 1.918
64.309 -90.709 -55.585 2.099
165.066 69.349 -100.350 1.933
103.540 129.629 95.606 2.019
-203.502 100.410 96.387 1.896
199.597 154.824 165.187 1.846
180.505 -21.814 -101.666 2.135
-95.226 10.770 59.847 1.872
17.870 73.353 -115.683 2.020
34.007 45.446 -24.861 2.131
131.788 -31.678 -47.869 2.045
137.228 24.182 -139.899 2.033
2.122 89.138 -8.793 1.934
-186.733 156.765 -173.667 2.066
117.290 -33.351 142.069 1.717
-62.410 78.162 31.805 1.900
-100.042 -43.507 135.050 2.000
-37.989 -12.733 -190.418 2.144
155.515 -68.760 164.311 2.172
102.238 77.570 111.142 2.047
9.634 -54.478 45.565 2.098
103.703 -123.388 -37.247 2.195
120.599 64.170 135.012 2.089
142.689 -182.625 -127.093 1.813
-68.529 108.017 -0.658 2.049
-32.379 -3.329 -33.039 1.940
182.432 118.863 90.846 1.938
-162.338 -89.306 9.545 1.979
85.348 -188.537 -190.186 2.028
46.172 165.042 55.418 1.998
2.535 147.762 60.443 1.972
8.494 -144.240 -44.104 2.012
167.851 173.087 125.202 1.931
-84.849 178.830 -147.178 1.986
-173.816 -97.658 -20.316 1.912
106.156 113.517 66.644 2.198
141.566 -145.484 -60.969 1.917
139.618 156.071 51.131 1.916
20.316 160.745 -102.904 1.984
-222.450 165.639 -146.967 1.966
-55.970 119.576 94.747 2.012
-34.478 99.113 -65.029 2.055
9.798 54.118 7.133 1.896
-50.446 -84.144 5.261 1.929
-59.997 58.860 193.896 1.955
-22.454 156.491 55.868 1.942
-2.288 59.869 107.444 2.026
43.657 -11.573 -21.286 2.171
155.111 -179.544 58.892 2.009
-180.253 -129.683 98.292 1.968
-188.728 -87.840 74.024 2.100
64.368 -35.557 18.651 1.983
78.273 -50.859 75.501 2.095
21.828 -105.678 -46.287 2.021
-101.691 142.797 -129.272 1.879
115.291 -0.307 179.085 1.930
13.121 -167.062 -108.957 2.068
-75.100 32.539 185.477 1.962
199.449 156.956 89.967 1.803
-15.988 85.879 -26.467 2.079
-206.512 8.336 -186.435 2.177
6.637 76.382 39.970 1.975
-33.112 159.545 -12.287 2.094
-116.807 118.080 -187.999 1.998
-206.364 -150.899 -20.020 1.998
-121.751 -167.723 9.516 2.134
-0.875 6.435 -175.913 2.015
-219.082 -164.774 109.390 2.033
-176.928 -20.263 17.113 2.070
209.199 12.889 144.943 1.851
59.140 -189.720 56.795 2.117
-139.399 117.285 -149.011 2.067
-118.924 166.080 -2.048 2.054
167.624 -67.596 20.030 1.975
36.811 164.594 143.542 1.945
-20.638 1.885 -57.841 1.971
-39.519 114.149 -186.108 1.904
103.667 13.203 6.786 2.040
-8.685 84.065 -71.681 2.160
208.468 -131.155 -163.307 1.952
78.526 84.347 76.546 2.129
224.202 -92.737 114.866 1.866
74.760 85.293 179.931 1.946
-187.421 145.895 -124.348 2.031
127.490 -101.025 13.935 1.935
109.681 79.547 -109.203 2.118
223.633 117.227 -169.981 2.171
-29.608 -170.572 68.758 1.986
