-65.580 181.232 -1.999 1.915
53.082 -34.065 -32.871 1.968
63.877 176.454 -158.215 2.118
44.848 -185.210 -162.816 1.732
56.423 -22.516 -22.375 1.855
129.783 18.308 105.195 2.139
16.222 87.569 76.160 1.978
145.745 132.594 72.065 1.985
-83.465 -168.552 40.872 1.980
76.480 134.565 184.995 1.929
206.226 -140.307 153.247 2.022
127.183 71.347 98.493 1.986
150.659 138.288 126.655 2.168
173.285 178.808 106.551 1.888
190.566 95.049 -162.422 2.006
-12.073 62.924 59.604 2.102
-34.885 90.863 -80.211 2.007
201.213 -68.482 152.833 1.970
133.394 155.668 20.341 1.905
136.589 -24.659 17.136 1.856
62.502 -108.843 -151.705 1.807
23.295 -84.225 -127.578 1.930
176.516 179.265 184.381 1.839
54.294 104.292 -86.176 2.148
-117.189 26.508 16.599 1.932
185.215 101.043 -165.831 1.870
-136.986 181.430 139.491 1.841
-3.177 180.411 143.251 2.106
-50.332 -170.211 -128.859 1.933
-60.260 -180.419 164.878 2.017
-145.494 -28.077 55.239 1.931
-75.433 -145.537 -138.921 1.988
-104.893 22.940 148.540 2.134
7.028 -154.546 45.685 1.932
133.827 121.449 -8.861 1.652
-144.169 -102.124 -155.301 1.994
-32.066 -42.622 -69.724 1.908
-159.828 133.965 59.127 1.942
100.121 -134.246 -145.701 2.051
-81.365 29.581 195.220 1.906
-66.414 128.060 -123.953 1.925
-56.665 -171.160 130.132 2.080
199.192 -172.131 50.582 2.064
112.452 -18.713 114.555 2.035
-74.729 84.290 -36.660 1.864
67.061 -29.693 -111.103 2.057
-214.926 -52.276 -156.376 2.014
20.786 -63.305 188.309 1.846
-36.727 -156.960 -21.598 2.011
-176.519 159.590 194.953 1.903
-122.691 -84.144 75.557 1.935
118.744 -8.574 -180.705 1.948
-117.934 169.954 62.520 2.150
-61.248 -170.901 -47.905 1.887
-184.615 74.904 -43.317 1.864
36.708 153.153 -138.197 2.122
0.926 101.757 -186.299 1.998
148.902 51.843 187.756 2.087
150.654 136.147 -173.840 1.924
-20.526 155.482 -51.557 1.987
-171.165 72.768 -126.288 1.951
-49.975 -63.994 -42.669 1.995
148.418 -149.713 63.781 2.150
81.811 38.623 -196.330 2.047
0.421 58.230 166.552 1.973
8.314 -46.521 -63.640 2.157
-185.174 144.596 -16.404 2.089
120.601 141.074 -104.726 1.928
-164.706 -189.424 -87.707 1.952
-18.440 11.289 114.014 2.084
57.299 -162.299 -176.816 1.996
97.793 84.488 144.410 1.823
151.404 -140.682 -197.570 2.078
-106.367 88.303 102.575 1.923
-29.103 -64.693 -143.720 1.925
-40.492 27.317 -26.072 1.926
219.349 -0.177 -120.463 2.144
12.546 -57.280 -73.720 1.995
-43.260 -15.989 6.841 1.890
222.787 -49.362 135.445 2.118
85.516 83.878 195.027 2.066
163.441 63.300 -39.200 1.927
9.806 33.407 -180.243 1.964
57.933 73.200 -56.524 2.184
22.455 -166.676 49.869 2.075
-21.388 65.369 105.060 1.982
-213.225 47.338 73.786 2.052
-114.780 73.507 130.838 2.269
-41.926 22.371 -51.334 1.870
140.779 181.288 -199.347 1.885
153.167 168.003 188.843 1.880
214.287 -115.931 60.180 2.203
-171.767 166.232 16.875 2.142
126.079 44.947 -198.432 1.978
195.657 84.275 -40.201 2.221
-33.699 -109.653 -64.051 1.855
-17.673 73.455 -159.104 1.910
-67.146 -52.405 150.844 2.128
132.064 103.075 -160.352 2.071
5.718 95.406 -130.355 2.068
148.069 109.323 -33.991 1.984
-119.102 -36.051 -75.824 1.971
95.563 -30.308 -146.528 1.978
-218.111 143.682 191.294 1.975
-180.947 -62.425 17.931 1.982
-166.491 -112.274 -66.141 2.141
-173.049 -38.909 144.399 2.189
-168.282 -10.501 15.353 1.903
-188.369 74.546 -0.888 2.115
2.306 23.218 11.054 2.011
214.872 -167.601 19.439 1.952
102.610 -61.635 -65.523 1.780
137.704 137.372 36.181 2.002
157.805 156.379 -107.678 1.875
-216.321 -4.633 -196.963 2.053
-171.250 -184.362 157.070 1.860
-0.936 -20.706 46.573 1.963
-205.143 -68.176 -78.617 1.909
1.781 133.817 -163.462 2.058
24.677 45.592 28.532 2.080
11.702 98.378 190.571 1.984
-222.192 -85.773 191.123 2.044
-208.847 171.166 -60.217 1.895
135.667 -144.353 159.863 2.058
-38.411 -136.996 105.579 2.019
-191.789 -49.513 125.744 2.010
-139.888 84.873 40.021 1.827
-114.347 155.819 -149.203 2.067
132.802 35.630 75.020 2.070
79.184 46.597 110.874 1.935
113.269 6.624 155.932 1.988
24.557 186.871 91.789 1.938
151.019 119.558 -135.511 2.043
-13.621 21.171 157.131 2.024
108.747 4.553 138.382 1.922
-59.181 -119.522 -142.413 1.869
132.809 149.585 63.476 2.038
-175.885 -76.775 22.351 1.927
-55.671 182.538 13.289 1.911
172.682 142.707 158.657 2.057
88.719 76.759 46.548 2.046
219.341 -87.729 -130.229 2.133
-6.154 -67.623 -49.479 2.084
-184.835 -189.377 160.216 1.962
-184.437 -61.611 -86.623 1.840
80.289 -46.925 55.920 2.083
94.005 144.296 -18.838 2.171
-38.405 119.382 78.008 2.055
-208.003 -136.443 87.186 2.156
-170.136 181.755 -19.336 1.853
155.991 -132.287 178.219 2.206
-11.285 149.169 -69.994 2.024
-76.196 -101.930 129.321 2.029
-76.152 -2.643 -65.806 2.137
-76.361 -66.576 54.192 1.977
202.883 14.911 -167.586 2.300
-178.187 143.075 88.515 1.944
206.221 -32.743 -110.516 1.974
-160.099 -48.477 -118.958 1.925
206.924 74.674 -0.096 2.080
139.901 -120.101 161.587 2.205
-223.203 17.127 -94.810 1.935
-15.725 -92.374 -3.824 1.999
-196.047 49.210 -137.534 2.069
-12.165 -174.885 110.576 1.971
-43.365 42.063 -188.983 2.101
-26.372 -133.117 131.305 2.037
156.452 -186.701 -5.884 2.047
-49.536 -170.487 145.429 2.101
-180.352 -32.890 20.169 2.014
-48.926 -114.826 -60.924 1.992
-198.360 -36.739 109.847 1.932
-89.236 -8.480 92.441 1.944
171.752 11.881 -93.064 1.963
-163.785 50.626 176.532 2.105
50.050 165.492 141.053 1.980
-170.547 82.336 -61.192 1.856
-173.717 -152.231 103.558 2.008
58.287 -28.030 42.506 1.884
191.111 142.043 -34.115 2.000
-85.509 -34.424 126.076 1.922
120.059 -188.637 13.023 2.026
-25.425 184.612 173.058 2.026
7.340 27.324 -162.455 1.920
22.495 50.141 -135.024 2.181
146.239 -159.297 56.370 2.192
200.033 91.888 -64.479 1.987
-126.397 58.403 -81.650 1.829
-87.378 -129.046 -154.995 1.937
89.212 160.404 -79.019 2.053
128.335 -180.501 142.629 1.942
199.372 -180.725 -63.832 2.100
-103.316 5.340 175.759 1.918
192.612 -88.053 168.615 2.103
81.560 -122.059 -91.264 2.171
-31.405 -23.221 -142.434 2.051
121.717 -133.749 129.695 2.004
-130.228 18.753 -169.392 2.060
-173.487 -36.440 -96.252 1.966
136.027 9.431 155.898 2.022
86.097 6.516 -194.650 1.880
-67.618 50.692 171.506 2.028
0.653 145.749 -80.190 1.875
27.677 68.388 -37.188 2.135
27.972 -49.822 108.945 1.924
120.697 -81.633 -58.522 1.996
106.861 -96.737 -108.762 2.225
-33.843 20.516 -138.739 2.131
-25.826 -51.429 -17.612 2.078
27.201 -111.189 -23.800 2.107
-17.671 177.793 -132.483 2.011
14.794 -175.930 88.387 2.093
159.744 41.247 127.394 2.061
92.958 29.412 61.587 1.951
-81.138 -32.760 -66.951 1.888
181.651 -110.676 141.150 2.160
165.640 -183.909 194.007 2.067
29.163 -176.589 154.236 2.108
-98.272 -93.274 128.219 1.995
-165.908 -107.342 188.236 1.892
-163.599 -134.985 -145.190 1.962
6.656 -104.704 -96.503 1.927
-110.934 48.961 95.077 2.008
-70.708 175.955 93.653 1.953
82.852 165.006 -143.547 1.924
-115.230 187.368 -111.661 1.954
186.471 45.553 -164.402 2.024
33.451 138.073 65.184 2.133
143.290 167.388 -148.803 2.111
56.585 172.770 183.321 2.040
62.869 57.595 -67.635 2.040
121.231 143.961 -195.693 1.932
-85.949 -103.465 -44.914 2.037
-128.189 78.413 -15.108 1.823
-220.386 132.520 -15.253 1.948
163.279 -73.909 -65.910 1.949
33.068 22.429 117.437 2.075
11.706 -116.057 -93.377 1.978
217.551 -4.795 -163.490 1.879
-56.940 -174.640 -20.082 1.880
206.465 120.359 -193.624 2.180
180.022 -82.126 67.676 2.035
153.170 -117.296 -48.096 2.117
-23.497 -14.874 154.416 1.983
-169.273 78.775 -95.073 1.762
3.734 103.469 -144.879 2.036
212.318 166.847 -158.421 1.993
124.795 -68.124 128.974 1.991
176.968 -88.498 25.223 2.022
94.801 -92.700 191.203 2.080
-139.036 51.110 -171.676 1.775
15.912 4.940 83.005 2.059
189.165 63.999 -113.195 1.809
-11.377 188.108 -35.024 2.058
-144.470 89.443 193.134 1.963
43.235 -151.520 170.836 2.089
-189.940 39.414 -169.011 1.936
193.281 28.579 -34.096 1.929
-4.767 -40.880 63.545 1.987
-23.421 -104.079 3.675 2.025
-74.082 167.246 61.760 2.060
51.531 -20.739 -85.511 1.982
-39.876 -180.240 -162.706 2.043
48.023 -169.890 54.427 1.889
63.085 9.441 41.110 2.157
115.307 -134.395 65.318 2.026
-149.804 -7.785 57.316 2.038
186.949 91.680 71.162 2.078
-154.548 1.185 -177.026 1.975
64.096 -65.179 -24.602 2.207
120.105 -32.675 179.496 2.000
-179.902 -135.251 103.387 2.015
26.628 142.930 -61.963 2.123
-97.348 -151.199 -100.904 1.951
151.010 -159.670 -65.146 1.883
-106.218 -34.169 -158.300 2.019
-180.034 -70.640 -72.944 2.055
-159.445 -10.628 -159.769 2.067
-79.319 4.702 159.251 2.229
-91.657 -3.473 51.771 1.974
-210.509 -63.161 -189.511 2.094
32.288 164.518 -32.635 1.946
-121.808 163.692 17.946 1.931
87.512 -0.789 84.894 2.001
188.858 131.336 102.062 1.977
-203.036 25.495 5.782 2.014
99.831 -28.356 -23.604 2.021
9.926 34.807 125.677 1.977
152.467 -76.845 -130.301 1.909
63.945 5.918 122.873 1.916
-214.176 109.125 165.718 2.096
-190.125 137.099 123.703 2.086
138.342 -103.620 -70.302 2.091
143.086 -89.711 -7.263 2.038
106.827 -43.928 -9.346 2.062
76.260 120.698 190.037 1.944
-4.557 108.575 -11.760 1.991
99.993 -125.537 77.342 1.995
-213.713 -45.834 161.427 1.975
-219.695 -12.404 -137.579 1.970
193.441 -3.678 -16.752 2.131
34.517 173.931 -110.477 1.742
-92.886 74.980 -144.403 2.080
30.989 141.436 -109.862 2.051
-7.524 129.463 -156.512 2.077
-117.757 100.912 180.683 1.983
173.943 -19.516 26.365 1.958
-54.059 -165.549 129.640 2.075
138.815 132.100 155.152 2.073
-17.749 113.882 33.120 1.944
154.000 14.304 22.733 2.142
120.760 148.131 131.796 2.093
43.299 60.454 -46.117 1.858
-98.016 30.964 -19.795 1.944
-0.580 -137.337 -98.874 1.881
-0.129 136.383 -129.707 1.971
163.076 51.833 -198.310 1.885
-143.664 -134.433 -129.001 2.101
-27.352 -148.293 194.286 1.928
24.666 144.312 -150.192 1.916
114.696 10.945 -170.478 2.106
42.258 21.857 72.303 1.921
-217.939 88.255 16.138 1.886
124.315 -60.234 -55.477 1.674
76.977 30.567 68.368 1.963
-195.544 -100.188 -74.244 1.900
87.779 -63.237 34.765 2.129
120.486 29.808 140.121 2.052
182.817 -59.846 -37.843 1.926
148.279 -44.796 2.253 1.908
-10.147 -103.130 176.607 1.932
-28.604 -134.805 -134.903 2.125
-49.913 -74.021 -34.749 2.177
-199.956 -151.762 -43.778 1.891
-104.153 -65.226 146.280 1.932
-164.398 -36.711 -9.747 1.815
79.371 -77.991 85.480 1.934
-44.285 -127.824 49.827 2.018
-189.339 142.233 190.005 1.993
-115.720 189.940 100.383 2.029
88.201 121.585 -43.186 2.160
53.120 -44.332 67.591 1.993
-74.172 78.126 -148.656 2.073
-221.514 123.337 25.487 1.898
81.986 -23.831 154.357 1.899
150.015 157.108 114.220 2.097
184.696 118.341 -6.134 2.031
-170.930 -94.764 -173.890 2.122
-16.273 98.000 137.503 2.066
27.553 -20.937 -72.293 1.858
141.258 129.982 4.249 1.956
-130.860 -23.480 163.025 2.026
-184.684 2.722 -163.284 2.083
-29.020 -87.464 85.580 1.966
-179.017 -98.667 -195.638 1.995
-174.973 -126.021 79.607 1.887
-68.497 81.078 35.186 1.988
107.531 99.404 -43.086 2.001
170.520 154.767 163.917 2.029
-219.666 -84.929 -8.741 1.999
-146.101 -102.335 -124.162 2.055
-139.039 43.001 -122.072 1.997
-186.244 -105.412 89.776 2.041
-223.984 -136.638 -116.198 2.122
33.972 178.551 180.245 1.846
-30.454 -21.843 -26.563 1.749
-73.801 -53.843 113.823 2.192
144.166 130.492 121.855 1.862
-131.053 167.057 87.939 2.096
-155.669 -47.085 196.786 1.958
176.718 -70.985 156.121 1.859
178.599 77.806 -65.616 1.855
37.020 136.890 -178.996 1.975
-203.478 69.753 123.176 1.859
79.990 137.201 159.477 2.028
-52.799 35.362 117.207 1.991
-177.061 106.352 -16.454 2.127
171.643 12.075 135.512 2.036
219.625 -105.487 -41.323 2.004
-13.820 18.128 194.035 1.959
14.397 52.222 -114.889 1.967
115.683 54.809 -147.918 1.911
-123.672 -14.115 -88.789 2.130
-93.032 142.512 -72.905 1.999
-188.177 46.179 -182.909 2.034
-220.260 -172.999 10.876 2.165
-39.197 75.886 -116.065 2.043
-100.740 -5.814 -116.365 2.151
-193.925 -164.362 67.572 2.000
-161.609 19.488 -167.187 1.932
-153.002 -183.881 138.707 1.954
-217.040 -166.205 -142.655 1.991
-170.047 146.496 -113.309 1.938
91.462 124.653 159.102 1.969
132.402 -82.277 8.971 2.192
162.930 -56.161 110.391 1.967
-21.079 166.442 108.847 2.039
110.843 136.842 -105.740 2.191
166.867 97.056 99.508 2.028
-47.134 -11.359 -174.357 2.099
104.588 81.394 -51.465 2.119
127.904 -130.622 -167.411 1.924
134.761 -17.490 -5.467 1.923
81.586 -87.864 179.549 2.109
-180.154 137.284 -31.801 2.076
-66.304 35.693 190.739 1.877
-30.584 95.180 151.814 1.982
27.634 69.729 -95.916 1.932
81.804 -99.533 92.647 1.945
-48.072 16.418 11.429 1.857
153.575 106.976 -106.163 1.949
-59.458 -169.506 -105.564 2.167
4.361 28.532 103.774 2.222
68.109 68.133 120.544 1.862
-19.775 -136.821 -144.440 2.138
-154.326 -75.962 76.491 1.961
163.322 -151.295 -127.586 1.884
-220.760 -16.039 199.669 2.092
-133.923 -64.629 -179.862 2.123
159.662 123.984 -100.069 2.019
-88.317 -45.105 168.135 2.145
69.168 10.399 154.849 1.903
-124.436 114.539 -78.772 1.868
10.397 -172.213 -16.828 1.887
-196.213 -25.834 76.494 1.769
131.726 111.142 -102.680 1.951
-214.413 88.349 127.131 1.889
71.103 14.146 11.162 2.048
182.371 17.457 64.510 1.991
81.324 -164.933 34.915 2.092
-159.821 80.348 17.736 2.020
-204.447 -52.345 -178.772 2.025
90.970 14.120 23.919 1.817
-197.962 -119.777 -50.715 2.025
95.251 45.045 -160.472 2.018
-161.355 -85.061 192.788 2.148
-50.533 -91.793 81.528 2.020
-158.679 -92.241 -133.216 1.969
-171.940 -49.534 52.201 2.107
196.060 -96.452 -35.523 1.940
-174.061 -92.942 9.758 2.076
-106.365 -78.852 66.559 2.021
51.645 -125.328 -140.183 1.957
-117.828 126.390 -80.543 1.878
37.842 -59.726 188.993 1.924
-135.285 129.445 96.255 1.927
-2.352 3.934 -53.456 1.985
-120.052 56.365 62.760 1.991
-166.778 -149.246 187.750 1.844
129.111 79.439 39.915 1.895
206.553 23.483 -130.811 2.053
-211.632 -130.411 -16.575 1.979
92.801 49.396 162.758 1.857
-186.417 109.814 167.063 1.967
206.269 120.605 -125.058 1.981
153.045 30.465 -123.835 1.904
-41.887 13.300 -49.641 2.071
-180.419 92.271 -136.626 2.075
-213.383 155.965 -87.355 1.968
-117.652 -28.995 -56.391 1.976
99.249 93.575 -86.322 1.875
74.930 79.498 -34.057 1.829
156.757 -139.754 -80.801 1.944
171.847 -2.465 33.551 1.882
-51.786 -76.962 148.210 2.046
-166.472 -124.405 -118.766 2.016
151.568 135.797 -22.446 2.170
132.567 44.696 -61.513 1.981
89.595 -144.884 -167.261 2.085
13.768 18.478 -76.438 2.023
142.043 74.432 152.226 1.782
-154.711 -176.293 -158.963 2.104
-205.344 -64.731 55.025 2.071
3.776 52.858 143.913 2.105
-64.336 -105.823 184.727 2.180
-105.691 -9.383 62.834 1.914
-27.120 -181.190 183.674 1.884
0.739 -37.013 -15.066 1.932
186.093 189.341 195.410 1.962
78.203 3.880 31.466 1.961
-58.306 107.722 156.823 2.070
-38.437 135.962 -128.488 1.943
-199.865 132.018 27.582 2.109
-93.043 -42.581 -150.633 1.983
-5.258 140.481 195.038 1.889
140.883 -6.253 -173.374 2.094
202.265 -130.365 63.486 1.919
212.081 -26.045 76.048 2.103
-211.907 135.950 51.084 2.063
207.891 -7.996 54.608 1.939
106.674 -75.667 104.515 2.105
-112.458 43.455 -70.564 2.095
75.340 117.690 -132.358 2.068
-101.685 73.919 -189.342 1.969
152.492 -81.463 10.234 1.968
70.827 -1.035 -132.869 1.945
79.035 -142.481 -56.505 1.923
-68.569 54.645 -199.057 2.077
-49.970 16.547 -140.461 2.067
-101.432 84.277 -99.165 1.924
54.920 135.733 32.103 1.911
-34.069 160.869 -102.642 1.941
144.358 -170.176 -146.583 2.058
88.999 -85.010 -75.051 2.218
173.560 -100.583 -17.241 2.096
-47.776 -70.027 -134.023 1.982
182.961 80.882 33.725 2.006
222.256 -83.823 116.493 1.921
-35.994 -52.940 -51.864 2.071
49.822 111.683 -175.907 1.977
126.122 116.654 87.416 1.988
213.588 155.218 -78.215 1.974
-123.447 -48.214 141.711 2.038
178.101 -81.573 -130.705 1.867
-199.817 132.808 -164.266 1.989
-114.808 -179.028 -189.612 2.013
-94.403 24.749 -50.425 2.038
52.056 71.060 133.121 1.963
53.537 188.987 -134.397 2.000
18.092 -118.592 -162.221 2.158
70.297 -144.693 -9.101 1.964
128.752 8.654 -9.478 1.974
-188.518 -121.520 164.680 1.822
-159.125 146.228 -97.574 2.041
-136.867 166.158 -22.549 2.060
58.884 -157.163 7.164 1.834
169.150 34.256 -145.554 2.132
137.030 32.673 116.030 2.030
118.436 107.747 -106.751 2.110
129.904 178.803 117.363 1.868
2.073 -14.887 178.985 1.800
-166.461 -139.100 187.520 1.731
-182.761 126.236 64.463 1.818
173.282 81.273 134.098 2.048
-1.639 9.319 71.233 1.967
140.325 154.494 -39.065 1.946
108.049 91.050 -83.313 1.889
71.225 2.628 14.637 1.995
-142.988 6.165 -27.068 1.915
-58.688 51.765 -1.674 2.041
57.903 -27.222 185.366 2.001
220.192 -98.249 -93.098 2.078
-122.257 189.913 -144.886 1.928
205.360 144.443 135.827 1.895
-149.921 57.714 142.201 1.901
-96.221 70.795 -96.178 1.909
-132.289 -142.379 42.986 2.105
47.925 85.498 -48.129 1.926
-7.310 131.415 -56.856 2.143
-59.956 -154.867 40.856 2.062
113.332 -33.496 1.493 2.064
46.255 177.843 85.197 2.085
47.168 -80.319 9.964 2.078
214.475 -15.455 125.090 2.123
34.394 -56.515 -36.746 1.780
42.140 -71.495 185.214 1.746
-170.666 107.652 94.499 2.128
-221.155 -151.384 -164.501 1.808
-143.396 -43.900 129.433 2.114
151.571 -146.823 180.583 2.195
-131.061 10.178 -163.386 2.023
-129.610 -84.263 -179.006 1.889
-181.934 160.300 177.839 1.910
85.864 33.318 17.798 2.000
215.833 -172.475 -104.892 2.126
-153.442 173.181 147.082 2.206
59.784 114.074 106.413 2.081
168.809 42.210 -62.516 2.066
-219.447 -72.565 111.907 1.976
-199.832 -83.379 -145.327 1.825
2.524 74.091 85.676 1.929
-40.149 -105.499 80.492 1.888
75.406 -75.599 12.810 1.941
11.577 -142.667 -33.848 1.920
9.828 80.753 63.110 2.052
-224.588 131.225 -39.226 2.011
-162.287 -155.546 -59.078 2.064
-39.977 80.354 -133.142 2.109
-17.982 136.442 -149.793 2.089
172.718 39.670 166.797 1.990
-178.414 0.868 -16.750 1.939
-38.302 151.105 80.055 2.064
101.269 24.160 -54.761 2.206
-222.039 -41.802 131.561 1.925
-75.838 26.137 128.524 1.953
-132.813 179.328 -122.761 1.999
-114.943 28.933 64.210 1.882
217.436 -21.690 -122.084 1.815
34.676 157.057 21.131 2.006
186.113 137.923 -21.840 1.934
24.447 124.533 -35.954 2.105
36.956 54.429 193.541 2.024
105.051 110.955 -85.195 1.917
43.184 31.738 -146.580 2.222
-198.893 21.359 -199.823 2.089
-23.336 164.676 73.737 1.921
177.258 -14.365 39.540 1.911
138.734 -148.717 128.764 1.972
55.266 174.622 -177.337 1.981
-25.270 -157.030 3.602 2.123
-163.119 127.932 -70.093 1.978
16.520 -174.663 61.136 2.236
-5.213 -94.270 133.626 2.200
-157.067 86.535 -75.786 2.052
85.125 -165.698 -45.682 1.864
-167.094 117.947 -118.663 1.912
204.006 -142.438 146.507 2.091
-11.249 -37.915 -23.688 2.055
128.277 39.970 -157.454 2.006
-159.660 168.286 -159.658 2.059
89.133 7.036 74.694 1.905
191.646 50.110 175.316 2.168
146.094 -70.449 -160.437 1.844
185.460 61.954 10.982 1.860
135.654 -155.731 -79.862 2.188
-191.421 -146.749 77.390 1.962
-38.907 12.038 146.843 2.129
-142.926 -66.421 52.794 1.911
68.086 66.921 -20.280 1.982
157.353 50.271 121.075 2.116
-56.044 -143.445 -47.133 2.127
-192.221 63.642 142.033 1.956
-150.961 -127.725 74.030 2.037
-23.881 -48.923 -25.150 2.083
208.469 -117.101 -48.266 1.965
17.280 -66.138 -160.681 2.055
-151.696 20.352 -64.760 1.916
-71.069 7.072 13.433 1.985
148.527 78.458 177.852 2.083
-54.822 71.691 -29.905 1.983
115.688 -34.191 -116.069 1.963
13.988 -123.416 142.632 2.120
-46.053 54.519 -130.393 1.966
-206.706 -181.775 -96.709 2.023
-87.022 -72.292 42.331 1.831
57.344 17.010 -185.277 2.054
57.288 170.549 -181.595 1.800
158.324 -162.522 155.800 2.002
-10.616 173.497 -155.608 1.932
-30.158 147.176 179.726 2.015
88.601 168.430 88.789 1.978
-165.231 -185.299 22.827 2.074
74.046 189.334 -138.569 1.992
101.423 17.828 -7.862 1.965
-126.003 175.861 -29.175 1.999
-191.362 123.041 -30.479 1.872
158.181 48.244 -48.385 1.963
-222.956 134.054 -25.626 1.980
-26.285 158.410 141.215 2.029
130.535 83.775 -119.085 1.991
-177.659 36.615 -82.178 2.047
198.382 -31.174 -195.624 1.872
133.311 0.778 -68.102 2.049
172.220 -181.950 -156.891 1.953
-31.906 84.306 7.985 2.260
-73.670 104.434 53.271 1.877
148.877 -102.635 -125.560 2.180
92.620 28.203 7.200 2.232
-141.654 7.705 -93.865 1.923
-42.945 -85.083 -103.121 2.026
164.934 -170.507 178.025 2.127
40.417 45.856 -6.724 1.974
-100.020 -77.919 -3.562 2.003
-36.051 172.629 108.775 2.011
94.241 49.720 -48.987 1.991
-183.409 185.431 -23.471 2.140
15.121 155.090 89.460 2.046
24.549 116.762 -46.018 2.093
-112.756 88.860 -125.960 2.020
-197.084 9.924 84.067 2.005
214.842 -80.783 -34.123 2.160
224.199 169.308 173.526 2.024
-177.174 -115.907 189.486 2.002
-217.695 102.104 146.275 1.968
198.045 176.307 -150.898 2.013
-63.387 -52.110 -77.169 2.048
86.580 182.544 180.518 2.081
79.537 -142.660 -149.918 2.065
140.752 158.638 86.046 1.915
15.962 63.198 31.236 2.072
-206.026 129.277 122.210 2.065
-192.278 -39.897 -72.044 2.179
113.039 -159.396 -50.972 1.951
87.371 -106.860 15.375 1.936
-89.834 -118.422 -184.451 2.007
-142.548 -162.897 111.092 1.924
-85.811 39.129 -188.482 2.007
-182.038 92.311 81.921 1.875
130.165 -174.581 -170.265 1.828
212.576 -57.408 -139.793 1.997
-70.884 -120.269 180.871 1.851
-138.444 -66.983 189.784 1.963
177.021 -125.085 113.883 1.896
-27.823 162.507 178.530 1.929
13.869 -93.351 38.369 1.912
-176.179 27.349 -21.556 1.987
-24.832 17.683 59.238 2.063
-187.677 -58.130 -35.142 2.041
72.024 146.438 38.989 1.964
-60.904 -92.963 115.203 2.136
-168.268 175.629 154.771 1.973
220.360 84.663 137.484 2.083
-59.579 -140.353 -191.009 1.947
32.996 -20.096 -8.115 1.889
165.006 -17.540 -35.203 1.885
-19.987 30.194 -13.785 1.777
214.698 2.271 144.514 1.985
-150.117 -140.614 41.054 1.936
65.576 150.404 -85.342 1.940
-75.609 -9.354 180.429 1.777
-161.965 -164.347 -108.046 2.037
98.085 -168.464 169.330 2.132
-142.450 -144.980 -141.204 2.092
194.473 13.721 123.993 2.028
74.044 -11.433 -85.454 2.116
74.346 -137.139 9.513 1.828
95.203 -102.241 41.649 1.944
-61.745 -25.455 197.491 1.960
219.567 135.077 10.520 2.028
-210.930 -118.957 156.156 2.045
172.993 -23.321 -68.681 2.134
176.086 -130.730 -135.004 1.991
184.429 44.804 -100.356 1.856
122.396 113.517 -147.659 2.003
-214.993 158.185 137.698 1.997
-135.689 147.566 -67.369 1.868
-97.869 -41.521 -175.490 2.230
-56.751 -14.072 -192.562 1.940
84.594 -41.211 76.745 2.117
-90.524 -59.156 -156.858 1.958
11.384 36.706 185.173 2.048
184.865 -151.906 -186.035 2.082
224.584 -38.259 -53.400 1.936
23.737 -41.211 -141.245 2.151
33.365 123.223 67.793 1.865
-177.710 59.096 -164.478 1.989
-184.338 21.057 -176.059 2.011
122.325 94.668 134.172 2.015
-162.613 145.657 145.598 1.978
54.484 156.017 106.308 1.965
-157.801 6.118 76.954 1.916
2.204 -52.387 -154.055 2.053
9.600 70.061 128.527 2.268
19.212 6.914 66.411 2.101
-131.349 -131.681 -137.795 1.968
10.634 129.427 -24.718 1.863
-143.696 49.824 -199.751 1.900
-70.152 20.553 47.662 2.066
-10.347 159.642 29.809 1.977
156.934 -189.553 66.109 1.975
102.962 89.659 177.731 1.844
-17.699 -130.492 -33.072 2.021
29.041 183.893 170.382 1.961
-189.862 -87.611 16.554 2.002
-26.798 -125.357 152.170 1.952
131.375 72.379 57.713 1.987
-77.532 53.997 181.210 1.924
20.535 144.289 -108.478 1.949
-186.933 -133.471 63.234 2.062
49.490 -34.289 -180.315 1.970
35.317 -143.271 88.353 2.023
-105.749 -46.987 -188.843 1.936
-223.951 34.469 -5.502 2.090
-154.705 -20.251 -147.472 1.959
-56.344 -178.294 58.692 2.054
-146.399 -99.456 -121.275 1.927
100.537 162.607 98.616 1.950
105.575 -72.116 192.356 2.191
97.804 -132.094 99.808 1.969
77.223 90.226 93.420 1.894
-73.805 -22.922 96.556 2.135
-44.601 -13.022 63.454 1.962
-75.901 -164.988 45.675 2.023
140.465 57.571 4.352 1.964
-189.359 73.626 181.421 2.196
-114.323 82.569 53.137 2.053
61.888 -9.627 -184.360 2.048
3.855 -76.431 44.311 2.210
126.333 -174.876 -103.384 2.141
62.002 -189.614 157.410 1.897
181.963 108.678 -15.885 2.035
-208.828 86.144 -169.579 2.181
207.654 -69.974 111.901 1.927
-16.359 -34.965 -18.386 1.981
-141.914 98.305 -19.740 1.982
-188.733 -8.424 -53.357 1.954
108.430 -88.884 43.089 1.931
152.073 -169.691 -89.780 2.292
-38.129 -66.461 -167.437 2.076
-21.115 142.791 119.344 2.043
-56.625 3.658 -153.528 2.024
-103.893 125.599 -33.419 1.868
2.947 -178.068 84.334 2.078
171.801 -101.614 96.325 2.080
-46.548 138.362 -74.270 2.099
46.297 -115.626 -64.795 1.934
-159.787 76.777 -114.286 1.931
-17.803 -128.900 -111.604 1.946
181.638 -80.533 -99.752 1.957
115.091 176.777 57.074 2.087
142.591 -125.021 149.566 2.045
-121.394 7.913 5.442 2.047
212.888 143.907 49.858 1.998
45.260 -98.396 -115.366 1.894
172.380 -92.501 156.175 2.102
-133.399 37.389 -125.563 2.164
-140.386 -167.630 -49.583 2.053
146.060 97.839 152.452 1.929
214.438 186.628 -34.833 2.209
-170.182 104.966 170.255 1.936
94.825 -168.197 -199.059 2.021
-183.120 -155.055 -189.792 2.019
95.160 24.364 -167.341 2.046
-20.765 -189.861 -55.685 1.897
-163.571 18.518 -182.392 2.015
106.656 117.650 115.007 1.951
-71.752 -31.144 -162.978 1.984
206.832 -125.952 94.891 2.109
-110.566 -171.432 197.149 1.997
-45.308 33.396 126.374 1.956
-133.876 78.342 11.710 2.040
-52.666 170.342 -165.841 1.911
-127.753 11.712 45.988 1.945
39.873 171.984 -2.924 2.018
150.892 -58.903 -91.244 2.024
-111.767 -164.998 170.540 2.170
-17.217 -124.340 -33.734 1.957
-189.231 -111.800 90.357 2.096
16.935 -83.665 -67.890 2.117
43.239 -171.837 183.731 2.049
-101.588 146.738 -98.883 2.010
124.518 140.516 14.906 1.959
-213.585 -107.075 -182.014 2.040
130.570 141.781 -127.933 2.075
-166.459 -49.475 -21.390 1.970
-114.992 -68.727 26.855 2.065
-2.629 77.332 19.367 2.225
-208.896 141.143 -7.183 2.094
-115.665 181.533 -134.338 2.074
-23.366 -187.388 -20.133 2.068
132.580 -176.462 83.766 1.906
-176.172 -1.652 -93.035 1.879
81.905 -146.214 122.919 2.172
-196.763 -51.334 -100.339 1.978
-159.062 2.885 -111.606 1.864
-59.105 -133.639 -57.144 1.684
-166.631 75.239 -82.745 1.998
203.935 -141.770 110.442 2.148
-144.759 -125.755 -191.738 1.981
-25.961 88.473 18.367 1.991
102.063 102.550 100.645 2.098
-34.716 84.936 189.000 1.898
-25.719 97.982 110.595 2.111
6.310 27.052 32.423 1.917
176.331 143.024 65.939 2.012
126.056 160.221 167.682 2.143
77.949 -91.686 77.324 1.966
157.366 -6.723 13.851 1.949
-49.958 -114.618 -168.187 1.900
-49.214 23.074 99.025 2.054
-174.390 184.283 -82.532 1.928
-44.836 -108.471 23.560 1.945
46.901 -138.408 -184.596 2.022
161.866 111.793 38.134 1.886
-178.800 120.850 0.608 1.889
-214.001 6.975 -27.166 2.079
-19.805 96.289 4.223 2.006
14.681 153.267 191.588 2.047
143.587 141.688 -94.600 2.043
-105.949 -48.992 -127.293 1.984
189.593 84.266 87.668 1.959
-4.069 73.820 -169.643 1.939
-161.294 -156.785 106.376 2.056
-162.187 112.854 -98.570 1.952
-165.812 189.713 -84.320 2.035
204.750 -26.637 -52.379 2.189
-42.400 110.458 -107.979 2.069
104.993 -40.756 -123.393 1.826
163.722 156.698 -172.703 1.916
128.892 -89.721 89.552 1.858
175.563 -22.224 -113.752 2.005
-213.836 88.477 -123.044 1.968
168.768 -170.751 51.362 2.113
37.344 69.822 127.744 2.287
-37.514 -162.557 139.541 2.146
116.756 -27.577 -43.497 1.925
179.071 -17.798 -199.776 2.035
0.998 41.264 117.513 1.857
47.956 76.329 14.866 1.950
111.803 -16.319 11.673 2.236
46.893 -150.764 -61.550 1.931
177.384 60.000 88.037 1.961
55.479 -160.890 50.292 2.063
178.711 63.506 82.679 1.900
179.822 -67.836 1.024 2.052
149.716 178.034 99.646 1.845
-122.369 -101.178 -17.225 1.919
30.359 -139.825 -148.286 1.887
-128.820 42.344 58.396 2.000
179.118 -20.377 -172.339 1.944
-21.576 -163.181 93.869 1.984
210.755 140.598 17.940 1.983
158.111 -71.509 113.943 1.914
-139.004 19.227 -54.145 1.919
196.827 -30.328 142.643 1.958
-99.292 -84.991 1.484 2.192
-188.390 -137.529 185.049 2.011
45.035 7.748 -81.481 1.950
-43.157 50.015 168.122 2.124
-145.868 159.313 72.261 2.044
198.177 2.376 75.207 2.031
-49.946 -109.155 79.448 1.881
157.723 88.643 -118.968 2.021
41.734 -51.959 -174.201 2.123
-115.674 188.866 -53.944 2.027
-81.556 -79.260 -122.959 2.004
110.632 -68.441 -134.873 1.879
49.470 85.996 175.498 1.851
-205.726 -12.278 171.113 1.856
81.066 37.462 103.534 2.065
53.042 -110.782 16.029 1.860
-109.603 72.775 61.579 1.972
42.895 153.560 141.904 2.090
-108.451 -187.716 144.997 1.839
-26.916 92.822 159.647 2.068
177.790 93.748 -10.704 1.936
0.965 85.945 170.565 2.010
171.740 -126.086 133.411 2.109
-139.321 -24.630 -174.019 2.014
-187.892 158.381 -192.956 2.108
88.020 158.342 29.398 1.874
-73.105 -28.230 -112.284 1.976
-97.715 130.006 127.169 1.960
48.148 82.840 80.317 1.955
-185.848 68.684 26.153 1.899
-212.248 35.526 -155.155 1.936
-146.908 27.542 -36.187 1.874
39.612 182.233 -92.962 2.003
-37.779 49.853 154.235 2.137
49.616 124.410 65.616 2.071
-132.411 27.590 -48.519 1.982
-92.233 -4.432 -29.389 1.907
-179.208 -123.459 -24.039 1.853
-76.836 115.905 54.101 1.887
-114.731 -175.391 61.532 2.025
157.206 -184.874 172.874 2.006
218.048 44.810 -19.237 2.068
-119.305 47.951 -55.049 1.999
204.570 36.087 -110.791 1.945
-86.243 132.942 -58.915 2.133
-18.836 -161.218 23.681 2.103
-199.380 -149.438 180.132 2.072
193.503 -12.062 -136.973 2.085
192.716 142.869 135.401 1.852
83.314 -77.718 192.416 2.000
169.259 33.768 157.267 2.042
-165.056 -105.576 -7.375 1.849
-92.876 -49.983 0.078 1.843
95.248 -14.200 19.616 2.088
24.376 161.812 6.808 1.958
51.969 169.110 52.336 2.050
0.434 -58.539 -58.445 1.955
-194.184 -111.900 -124.420 2.063
107.953 69.256 43.454 1.939
201.629 176.149 -84.855 1.995
-164.167 -81.618 -131.462 1.992
186.007 104.857 155.367 1.916
-40.254 -78.498 -123.263 1.804
-166.313 182.460 -50.769 2.069
-107.596 115.143 163.156 2.174
-222.634 -125.837 8.940 2.034
194.929 -8.018 134.208 1.913
-62.070 180.287 -197.805 2.032
-136.075 -6.680 -137.828 2.081
59.263 -176.582 -168.884 1.934
168.521 -139.940 69.995 1.897
-45.479 23.376 195.624 1.890
-207.528 -84.553 106.025 1.988
-134.899 -15.609 178.643 1.977
-188.050 49.429 -162.012 1.996
-2.254 -124.606 -186.623 1.960
-83.525 -13.727 176.491 2.006
65.070 135.970 -116.878 1.957
-70.312 102.405 -181.331 2.071
-46.552 6.469 -90.443 2.132
-45.482 82.056 -122.663 1.952
-179.848 -151.279 -134.531 1.897
-43.998 13.573 146.059 1.928
50.017 69.940 135.484 1.812
47.966 181.517 -123.966 2.048
109.912 -136.628 167.282 1.924
67.234 64.975 -25.608 2.104
-39.695 -168.225 179.236 2.175
169.322 -188.181 -178.029 1.976
68.788 187.189 -23.235 2.176
121.984 -6.369 185.706 1.989
15.689 -0.079 171.312 1.906
-28.256 23.683 80.494 1.959
-223.304 -86.728 171.677 2.160
-8.275 -35.378 -36.282 2.037
