47.988 -163.565 -73.940 1.971
-73.330 -37.593 -61.875 1.937
1.929 -68.400 -165.119 2.058
152.844 -180.734 -5.047 2.061
13.779 89.812 -150.793 1.929
-12.665 -186.497 -51.631 1.677
113.210 -81.500 -109.813 1.951
125.844 183.764 70.866 1.851
102.911 6.572 -6.823 2.049
209.001 159.462 -59.534 2.064
55.762 -137.877 -51.033 1.906
-169.100 27.326 -27.425 2.103
48.638 -127.057 -112.425 2.054
87.752 8.395 6.580 2.076
24.521 34.728 -91.252 1.946
89.487 99.543 -159.695 1.900
110.609 -141.302 -159.792 2.046
19.062 70.269 -10.448 2.004
-166.889 -16.436 89.495 2.092
214.684 83.223 -63.859 2.036
58.373 12.501 -5.873 2.007
-176.759 124.113 117.444 2.068
-125.551 -156.528 151.824 1.947
116.052 -127.777 166.569 1.790
-111.175 -39.771 -179.656 2.059
-29.567 -140.132 -75.590 2.153
144.951 19.238 188.330 2.119
-78.521 -24.926 111.254 2.004
78.462 -122.393 40.230 2.025
15.586 -142.834 -148.801 1.962
-9.509 58.589 77.276 2.164
-55.098 -17.054 -60.646 1.946
46.675 141.469 -11.734 2.085
-211.995 -186.898 125.578 1.981
-90.823 -71.381 -106.951 1.925
163.903 127.117 -182.801 2.071
-69.369 -6.991 -94.841 1.989
-144.988 -148.974 -179.994 2.156
-138.394 -53.746 -117.772 1.913
-208.503 -104.445 -133.834 2.173
-135.583 -152.609 152.515 1.923
-117.379 64.363 131.036 2.134
138.411 5.966 83.981 1.905
-52.042 6.743 197.453 2.095
160.475 -187.655 191.456 1.971
-182.750 1.638 169.569 2.004
-66.170 -102.748 -97.790 1.975
197.756 -36.681 -188.369 1.823
-98.242 116.273 111.250 2.009
66.295 155.813 -1.343 1.961
173.985 -118.170 150.543 1.878
-32.078 -109.734 12.400 1.961
123.025 25.215 -111.228 1.942
-188.873 -15.081 -43.677 2.055
112.097 108.478 161.735 2.234
-152.756 34.672 -120.026 2.057
-49.490 31.500 94.235 2.213
183.685 56.037 151.672 2.027
119.615 122.209 134.384 1.813
158.044 93.169 92.908 2.083
126.260 100.549 97.690 1.960
-37.615 -67.852 -0.923 2.013
-107.851 26.123 102.072 1.821
-220.458 -184.247 -22.298 1.789
3.010 -142.525 14.463 1.930
85.894 174.188 -91.495 1.973
-166.001 24.677 115.393 1.935
67.139 35.674 -165.251 2.107
-186.331 134.332 3.569 2.060
-217.444 6.228 -44.080 1.841
-75.582 90.505 45.359 2.050
132.490 -108.643 10.732 1.896
139.689 -176.024 194.085 1.884
6.730 -160.657 121.749 1.998
28.897 -40.774 155.606 1.898
-99.605 -69.124 155.473 2.029
-87.669 188.451 -153.097 2.005
-223.621 36.255 10.774 2.014
17.274 37.915 137.679 2.141
-88.225 38.498 2.964 1.992
-117.106 111.233 156.953 2.016
-135.659 -129.195 -39.970 2.132
220.092 -104.895 -190.140 2.032
199.723 -141.044 -151.534 2.067
-173.127 -140.771 -194.113 1.973
-31.959 173.228 -96.827 1.992
-155.478 -121.781 49.795 1.983
-85.064 47.221 -187.093 1.963
136.033 124.087 77.693 1.855
222.727 -143.463 -146.573 2.016
223.401 75.597 -50.857 1.916
-217.095 119.347 -127.383 1.749
-86.595 59.546 -61.709 2.090
32.118 -79.076 -20.512 2.070
104.577 9.854 15.129 2.216
-205.133 9.292 72.154 1.978
181.611 -117.588 90.974 1.990
97.294 -48.584 -34.638 1.973
106.063 -123.087 -108.820 1.867
-213.756 -187.243 -50.863 1.953
-111.151 187.799 -94.035 1.951
145.142 53.537 140.929 2.012
18.865 85.161 -95.193 2.063
142.503 -27.235 -55.794 2.011
-173.949 -69.121 -112.365 2.050
-130.268 159.796 36.960 1.980
-162.779 141.962 90.728 1.950
-113.449 -13.505 -102.587 2.068
169.695 42.682 96.217 1.886
182.298 11.920 35.856 1.795
208.703 -116.380 -184.910 1.954
-168.410 -10.420 191.761 2.027
-89.799 43.780 -138.457 1.899
-67.223 22.384 189.790 1.985
129.915 -148.891 -16.653 1.993
127.382 -45.968 -85.910 2.066
-103.289 -139.541 -81.813 1.962
-179.800 18.711 137.439 1.888
145.399 -165.625 -80.883 1.971
10.764 184.581 122.440 2.017
-158.796 -98.000 26.755 2.101
-27.275 88.461 50.964 1.846
-181.605 148.840 57.461 2.088
167.186 -6.254 134.532 2.090
-185.228 -47.781 75.414 1.957
190.662 -41.521 25.467 2.309
139.002 -32.125 169.644 2.022
-31.204 -48.580 -27.106 2.089
153.958 109.899 13.513 2.041
76.187 126.451 -94.970 2.095
161.997 -72.230 135.197 2.163
-191.194 -55.335 -3.827 2.073
-160.604 -145.620 -3.003 2.028
103.834 174.046 135.798 2.145
-70.631 -73.528 186.236 1.893
-35.667 -112.688 -129.397 2.021
-14.877 183.463 6.055 2.115
217.398 -158.814 -90.631 2.042
-151.537 81.724 -70.472 1.980
159.155 -49.900 23.792 2.078
-136.584 84.751 -54.471 2.012
52.438 6.737 16.658 1.943
64.285 -1.321 -10.527 1.915
-38.351 126.709 4.871 1.949
116.859 -165.888 -3.958 2.045
-83.200 -83.595 -27.900 2.005
-199.424 -130.264 88.811 2.095
13.866 106.494 126.513 1.958
-29.755 -10.715 82.720 1.952
-50.906 15.049 -168.866 2.055
34.097 158.521 181.504 2.277
1.958 53.995 160.883 2.131
-180.338 -94.291 140.640 1.824
-209.356 -134.041 125.630 2.126
-143.361 -136.850 152.273 2.006
116.130 116.432 2.374 1.984
154.194 -24.114 127.220 1.852
-157.978 97.274 -42.679 2.018
190.453 15.816 115.621 2.092
209.488 113.187 -77.360 1.902
-124.584 189.185 -93.524 1.952
22.492 -148.109 57.100 2.042
190.114 60.872 -129.238 2.001
173.095 -130.950 105.384 1.820
192.691 -126.461 27.527 2.026
190.009 172.573 24.296 2.128
107.187 106.882 108.710 2.100
-59.855 -74.520 186.903 2.039
-127.434 -68.129 45.720 2.026
-41.614 105.885 -165.542 1.900
-198.894 -6.023 -86.171 2.037
52.242 36.180 180.858 1.927
172.654 179.386 76.263 2.159
-24.576 -170.927 -80.989 1.853
8.038 -168.084 196.216 2.167
-107.714 -182.674 -6.072 1.964
125.257 33.007 -183.582 2.021
125.643 -144.553 -0.988 2.010
-82.161 -24.678 57.616 1.953
82.873 145.030 53.843 1.947
86.936 -24.401 -28.760 2.020
143.329 -30.167 -140.812 2.035
59.320 -52.783 136.353 1.964
-1.827 -162.987 65.322 1.904
46.499 178.166 -106.941 1.851
103.890 162.600 -9.633 2.130
37.742 -180.067 -93.224 2.124
-176.291 147.872 69.415 2.068
-49.327 -146.151 50.949 2.085
-9.588 -129.826 -48.994 2.165
135.133 150.953 -41.867 1.969
200.006 46.220 152.076 2.041
186.212 69.770 -142.208 1.813
-210.472 -78.345 -21.390 1.964
-30.100 14.225 -83.107 2.127
-32.591 -49.737 90.472 2.033
118.490 -23.034 -121.174 2.048
-74.313 -79.538 -140.809 1.933
138.920 -158.669 -28.059 1.925
46.774 -160.071 85.392 2.146
143.798 -48.513 199.572 2.087
-106.115 116.098 -104.472 1.926
93.672 158.356 73.584 1.897
-29.081 -153.944 -34.335 1.888
197.623 5.671 104.378 2.022
157.488 -35.422 174.546 1.834
-198.457 188.367 -197.206 2.043
-29.981 85.308 29.351 1.889
-192.589 -175.579 169.727 2.028
170.587 51.483 120.137 2.105
18.862 158.404 129.970 2.102
155.387 150.678 -43.633 2.074
100.837 -84.019 -164.548 1.956
-42.516 54.243 172.241 2.003
217.864 -124.617 152.464 2.028
134.776 156.015 -25.552 2.052
12.693 -45.237 -32.774 1.799
-20.043 -14.740 -103.610 2.097
-14.811 -26.760 -52.850 1.858
90.765 41.175 -175.250 1.957
73.649 39.432 -62.026 1.828
14.158 183.821 54.710 1.959
204.566 61.283 -131.255 1.868
-60.191 -6.439 126.843 1.928
118.422 60.944 -88.181 2.036
-222.595 -184.336 -122.924 1.920
-178.488 86.588 174.359 1.958
1.592 109.429 -15.467 1.983
-149.065 137.592 152.434 2.001
-63.042 126.649 -24.979 2.032
-73.859 25.325 -62.729 1.800
123.972 136.782 -192.351 2.021
-167.379 12.707 167.201 1.934
-78.113 146.404 -45.158 2.150
-85.419 32.024 -93.169 1.920
-185.040 -74.417 9.121 2.222
177.949 -59.156 124.449 2.143
39.023 -117.577 -10.739 2.152
-70.745 -120.133 137.863 1.958
85.456 -72.874 -173.564 1.988
-90.657 82.436 -9.911 1.979
-133.539 -108.190 115.193 1.832
-179.757 -32.196 -189.999 1.959
-95.954 160.248 -107.182 2.037
-193.286 56.190 119.012 1.988
98.345 53.609 -96.347 2.067
-21.377 -41.120 180.622 1.995
65.601 125.008 -100.418 1.874
127.104 -159.252 -54.435 2.002
-118.218 -68.881 -133.254 1.924
35.117 -125.251 -89.286 2.094
-165.397 134.479 -177.769 2.156
11.139 79.691 125.642 2.198
-215.218 17.693 117.395 2.004
-46.633 -141.553 22.848 2.094
178.783 -104.190 -1.228 2.129
205.200 -35.771 -12.791 2.061
-73.670 -173.369 -199.540 2.003
-3.903 -76.474 -151.344 1.868
62.633 82.899 -124.628 1.945
-69.177 -188.818 180.206 1.961
-62.813 127.107 81.269 2.057
131.117 66.066 32.474 1.995
179.073 113.388 -34.212 2.173
-218.633 157.907 22.583 2.018
132.885 -36.523 -97.193 1.952
212.644 -48.989 25.623 1.916
-166.623 111.130 111.872 1.871
-125.718 -67.994 47.189 1.949
31.567 -58.507 35.678 1.863
-96.986 -53.278 -27.225 1.843
46.160 53.865 -85.863 2.005
-187.615 155.031 -33.792 2.203
-136.528 -148.724 34.937 2.093
108.404 105.510 38.991 2.265
-65.911 -105.729 108.187 1.950
-171.880 98.599 -176.923 1.994
114.296 97.247 -48.421 2.086
90.987 160.093 21.373 1.978
32.513 85.926 70.954 2.009
-158.437 -113.773 190.985 2.004
-136.790 97.980 -121.713 2.044
-47.219 63.616 -89.875 2.107
51.197 24.617 -102.116 2.024
-13.004 122.915 106.615 2.086
-89.035 -116.296 -162.827 1.999
-179.374 -40.622 -130.904 2.022
-179.273 -25.237 111.047 1.902
-220.559 51.583 -6.071 2.133
63.430 -175.424 -35.142 1.969
71.701 69.722 -31.552 2.012
-162.094 174.893 12.110 2.189
-141.922 -123.718 155.405 2.185
-54.491 -125.151 -157.026 1.911
-79.748 184.820 -139.835 1.962
82.008 -114.588 118.106 2.274
129.872 -32.160 -94.279 1.994
-113.982 -155.140 -64.286 2.019
-34.474 150.833 -120.525 2.070
-83.876 -183.275 7.524 1.902
196.635 -124.979 -20.810 2.036
96.490 77.226 -178.106 2.054
139.054 129.397 -37.691 1.770
11.821 -74.851 22.347 1.893
-16.782 -53.399 6.489 1.954
3.794 132.561 9.008 2.011
22.841 -37.314 180.450 1.887
-33.441 112.790 -167.611 2.107
65.725 -58.103 88.466 1.961
-66.106 -86.273 174.470 1.896
-127.130 -175.536 -150.873 1.987
-126.591 -120.511 29.237 2.116
-177.375 62.707 -126.972 2.031
-97.397 -38.037 132.013 2.125
210.925 2.584 -185.263 1.998
-196.853 -98.703 38.905 2.057
169.034 -4.642 -11.159 1.968
-91.972 -36.796 28.316 2.192
208.312 -182.427 140.416 2.150
205.642 164.089 102.957 2.138
168.847 -15.576 16.954 1.891
118.866 141.895 -61.723 2.133
-46.698 120.330 197.025 1.981
-191.670 -189.263 176.612 1.990
89.075 40.118 180.922 2.092
-112.531 -57.965 34.469 2.003
-18.829 -61.267 -24.541 2.040
-89.369 113.183 77.489 1.993
144.263 -57.731 -91.824 2.079
-11.428 10.544 162.899 1.999
205.088 6.317 -73.024 1.956
-68.719 -159.213 -29.925 1.976
-31.229 82.538 -14.411 1.980
-156.020 90.764 86.772 1.832
56.238 -107.255 -90.849 1.944
-45.458 71.657 104.614 2.074
174.190 -177.368 -128.940 1.847
-216.292 155.943 -103.634 1.902
139.997 160.293 174.945 2.046
100.281 151.680 -34.747 2.018
94.629 -114.659 80.625 1.885
-169.207 177.032 -148.681 2.143
52.172 124.410 -62.469 2.028
38.377 107.421 -156.997 2.002
-187.101 46.854 93.639 1.917
-38.271 29.536 -105.774 1.937
-148.472 -65.109 89.960 1.952
145.625 117.800 17.512 1.939
1.869 159.684 173.362 1.923
57.197 -113.519 -154.527 1.973
95.189 -164.178 -38.073 1.942
-85.234 9.016 -127.648 2.032
-73.575 -46.661 123.872 1.875
212.394 -15.013 77.892 1.840
118.009 168.661 -119.290 2.088
94.308 -40.394 -177.352 1.902
-215.269 13.005 -100.553 2.000
-156.202 -7.748 -92.310 1.890
98.090 104.209 119.204 1.769
108.716 -3.155 44.685 1.988
27.963 -12.925 33.192 1.886
82.951 154.340 -18.233 2.001
156.790 -5.801 52.303 1.940
46.039 52.623 -197.877 1.806
64.495 -121.797 -75.498 2.092
-219.945 74.650 13.135 2.020
-108.351 -116.980 21.819 1.866
-116.654 22.076 61.989 2.022
208.675 71.235 -36.798 2.195
-178.734 8.108 -90.179 2.114
-136.494 -175.425 -149.067 2.076
-129.114 187.305 16.136 2.094
-42.374 -139.267 -32.499 1.956
-49.770 122.438 -57.417 2.127
184.849 -157.591 -189.038 1.886
-159.076 86.438 -185.793 2.234
-143.485 188.246 45.444 1.963
1.409 -160.172 175.064 1.728
-211.320 -34.695 -11.581 2.051
147.004 109.048 126.673 2.122
-133.608 100.071 -101.147 2.095
181.219 115.208 -169.501 2.051
-62.235 81.146 -131.264 1.952
-213.135 -73.404 29.837 2.100
207.815 147.559 -72.148 2.053
112.097 -42.187 -117.175 2.191
27.414 -170.935 -7.190 1.795
-198.152 56.248 -105.282 1.989
-30.359 182.809 0.634 2.136
220.979 -0.523 -142.242 2.049
66.698 32.575 122.223 2.081
186.781 -135.939 -170.471 1.868
144.060 50.944 -148.083 2.024
-101.307 62.526 -128.491 1.989
140.511 42.141 -112.965 1.838
-181.651 -27.001 -116.572 1.958
-102.802 -16.215 -181.810 2.097
84.703 63.489 91.169 1.870
-90.129 154.260 -38.067 2.115
57.821 149.969 -72.085 1.954
209.462 14.896 -182.152 1.953
-137.438 154.739 -152.183 2.172
43.859 -72.317 165.714 1.826
208.935 132.905 91.170 1.782
-218.266 188.850 159.363 1.960
-106.832 88.550 -64.340 2.074
-76.343 44.405 123.644 2.124
-136.097 -45.795 -132.473 2.070
79.884 -33.011 24.007 1.954
-11.315 -9.973 27.441 2.011
-136.462 -103.314 -49.186 1.927
-198.892 -110.180 71.322 2.085
-183.320 154.910 -131.551 2.079
99.540 11.689 -29.688 1.953
-3.788 32.285 -71.372 2.073
-154.946 111.974 2.230 1.849
74.015 -77.517 90.458 1.970
176.164 2.676 -199.192 1.928
-111.755 18.736 47.972 1.964
131.126 12.522 -99.004 1.812
-219.710 57.662 170.716 1.917
179.142 46.238 158.484 1.857
77.119 -40.188 31.156 2.031
-107.030 -157.746 64.715 2.073
9.248 -23.501 176.953 1.924
-88.231 -168.413 147.615 1.994
97.758 30.514 34.483 1.916
-66.868 -20.532 182.157 1.914
17.290 186.702 1.704 1.984
-62.629 -111.532 -52.040 2.029
178.975 -168.621 136.381 1.962
-83.562 14.530 162.033 2.040
-41.410 46.200 -135.246 2.131
156.905 -26.603 14.467 2.039
-67.384 66.508 -89.737 1.955
-85.929 -166.714 145.451 1.935
125.307 -127.856 118.860 1.996
90.162 -126.962 -24.341 2.116
-180.111 -150.165 145.099 2.073
185.770 -47.735 -193.158 2.009
211.227 52.832 -155.101 1.816
87.800 -132.314 152.629 2.034
150.676 -91.861 -50.748 1.832
109.389 6.661 65.940 1.972
-156.758 -64.261 -32.647 1.977
-33.629 101.756 111.403 2.104
-48.344 -12.521 -104.985 1.864
214.336 58.436 -90.560 1.976
-30.770 -0.572 -45.500 2.072
-199.677 -12.113 -27.030 2.074
48.509 60.987 -157.032 1.997
80.446 14.378 124.120 1.963
74.433 -115.633 -102.561 2.004
-133.863 -104.569 79.030 1.979
97.328 -6.311 -174.581 1.970
-91.144 -161.693 -42.887 2.146
81.158 102.860 145.014 2.202
-36.431 86.480 -28.355 1.886
114.922 45.561 69.949 2.228
-5.116 -150.583 -72.879 2.087
-144.396 166.622 106.908 2.023
210.700 -83.641 167.399 2.093
-0.951 -150.264 -177.293 2.058
205.922 13.008 -153.068 2.033
-90.371 -180.608 120.714 2.148
154.610 -69.491 157.267 2.049
80.068 48.740 122.611 1.956
194.945 -163.755 37.800 1.840
17.647 -144.043 -122.532 2.024
-45.381 35.841 51.628 1.919
-66.706 64.470 19.471 1.839
-9.729 31.928 153.480 1.931
-211.851 -142.647 -92.577 2.100
-11.170 174.684 186.396 1.930
-17.167 -21.611 -84.564 1.875
-31.405 -55.722 -17.317 1.946
-133.082 2.069 -125.052 1.915
111.605 -171.730 -167.615 1.834
-89.735 129.721 -6.192 1.955
-155.524 -183.221 -50.247 2.103
-14.365 -95.821 15.694 1.955
143.779 -104.996 -179.210 1.820
-16.326 109.919 66.912 1.850
-25.398 5.595 30.953 2.121
-172.613 -18.263 -160.663 1.960
-55.477 -109.088 -145.716 1.882
-80.826 147.870 137.334 2.001
169.161 -89.967 163.746 1.832
-43.335 90.586 15.438 1.982
-37.532 -50.140 -21.958 1.957
66.153 -126.739 -28.927 2.039
-187.246 -64.818 93.623 2.031
-203.645 77.698 -18.455 1.988
34.813 108.462 80.487 2.080
-221.520 -11.123 97.091 2.019
-174.761 70.267 -169.871 2.060
96.611 128.704 168.061 2.033
-206.051 183.719 -110.644 2.001
219.682 -114.304 194.818 1.947
214.984 -162.648 -149.198 1.972
180.243 -111.800 36.805 1.997
-46.154 -152.197 161.842 2.061
111.276 -154.482 -12.460 2.041
-43.128 -115.525 -132.934 1.888
76.253 -4.708 -138.968 1.947
168.449 -62.068 124.578 2.004
96.297 104.758 -199.881 2.134
-212.590 79.093 -88.406 1.773
-183.535 171.728 -16.341 2.006
-216.368 -183.485 170.909 2.022
76.946 75.348 -83.757 2.059
93.661 158.236 12.711 1.959
118.450 107.286 -147.324 1.840
72.721 -21.113 78.661 1.776
-7.293 -83.313 100.989 1.943
15.431 -170.084 -180.201 2.096
-107.972 14.176 -56.150 2.084
-42.322 -116.049 91.539 1.895
92.124 -72.054 31.154 1.853
-125.497 -97.823 -98.116 1.949
91.970 -107.552 148.563 2.050
17.937 137.293 175.306 1.857
-24.654 -21.111 -98.833 2.049
-129.055 84.277 151.159 1.877
104.588 -2.286 78.827 1.992
-131.125 80.945 -37.731 2.062
-195.353 14.411 42.407 1.991
-90.292 -78.079 131.678 1.940
-58.412 36.925 -198.270 1.862
-129.847 184.272 131.677 1.997
-189.117 -182.372 -54.787 1.851
35.535 -128.141 -165.034 2.081
70.536 143.909 -47.028 2.082
118.533 -114.030 109.836 2.080
12.244 -52.702 -74.367 1.845
197.436 -74.304 -161.537 1.884
167.825 83.311 -183.262 1.981
-105.465 -49.065 -27.244 2.055
-204.020 -85.234 -114.360 1.836
148.713 -80.526 81.176 1.984
116.640 34.799 79.273 2.096
115.604 -130.748 -177.738 2.003
-33.896 160.931 -120.054 2.050
38.620 -178.927 -154.573 2.068
167.110 -62.288 28.451 1.947
182.431 53.014 -102.833 1.920
-10.411 90.742 -28.588 1.938
2.302 -138.064 -154.745 2.160
-162.791 -119.224 148.190 2.227
-201.090 144.943 143.295 1.922
-219.773 73.814 -161.808 1.834
-26.830 110.105 125.742 1.967
-168.275 -157.768 -5.828 1.885
-82.669 -16.035 -55.844 2.011
198.039 -83.977 -121.794 2.080
74.468 89.154 52.294 1.864
126.134 -45.820 150.376 2.139
-138.265 60.202 -80.496 1.989
192.093 123.335 172.141 1.678
66.397 30.637 129.113 2.199
50.430 -62.417 6.207 1.902
72.965 -13.764 -75.234 2.086
-63.442 -125.905 -90.255 1.916
-17.910 176.667 -156.815 1.893
-206.757 -181.016 -81.020 2.103
27.748 -120.721 2.471 1.925
-150.150 -173.870 -11.791 2.079
-222.021 -161.926 -71.288 1.887
-210.748 130.904 -120.571 2.059
-51.249 -155.274 -182.128 2.001
113.173 -78.707 -144.929 1.922
-204.099 63.751 -4.399 1.922
-166.586 120.785 75.390 2.029
-28.450 60.969 76.043 1.978
94.436 -93.488 -188.424 2.257
-211.738 -92.652 -63.698 2.060
-116.598 -69.979 159.060 1.963
-52.391 69.963 160.463 2.038
92.649 80.132 57.441 1.928
-104.624 -156.896 -65.538 1.979
196.097 -105.488 -95.308 2.057
62.150 -89.436 -157.747 1.905
-59.212 -121.578 -198.506 1.915
-93.899 105.039 -69.079 2.007
115.764 189.741 187.066 1.948
36.588 125.161 -177.118 1.909
67.351 166.063 195.718 1.904
197.908 80.875 -20.610 1.939
109.912 -54.775 -131.571 2.076
30.336 137.723 41.044 2.075
-182.283 -14.874 0.447 2.016
216.228 18.322 127.134 1.982
47.059 163.907 -197.511 2.053
75.095 -178.407 -50.039 1.946
-160.144 -126.291 135.017 2.096
63.193 -87.452 155.340 1.955
-96.987 119.173 177.675 1.905
99.205 -149.534 -37.541 1.847
-212.807 -94.442 29.815 1.994
-186.109 -129.967 -15.726 2.060
150.709 124.754 -122.379 2.023
-138.585 -160.345 -95.038 1.947
79.109 161.845 -112.202 2.099
-185.288 -175.073 -113.063 1.959
-83.068 164.902 16.571 1.983
34.102 161.238 -6.733 2.005
171.903 -108.968 179.584 1.858
75.101 -87.857 -164.464 1.925
-209.977 -53.215 -98.496 2.088
22.579 156.119 18.250 1.861
-103.032 -120.775 -105.381 2.149
22.724 -136.890 73.763 2.090
23.050 -74.685 -174.742 2.107
-174.437 16.125 113.729 2.033
-115.424 73.975 -77.660 1.920
153.537 33.548 -18.388 2.148
160.589 150.311 -45.993 2.135
-187.888 -181.666 163.008 1.820
94.742 169.268 -79.286 1.915
211.768 -25.383 -111.825 1.886
40.103 -138.010 -54.489 1.791
-27.247 -139.217 126.084 2.018
-50.347 105.005 94.040 2.078
-58.995 151.019 -156.405 2.141
-104.364 -157.835 98.745 1.873
-88.581 114.212 182.038 2.000
87.307 115.190 46.072 2.118
-141.159 48.513 -88.343 1.982
200.181 153.454 -136.341 2.041
184.968 -179.110 135.409 2.021
80.004 31.174 -184.690 1.850
-204.789 -39.827 -56.723 1.792
166.488 134.297 -30.965 2.017
-147.178 -0.750 99.459 2.141
-33.372 -135.046 137.265 1.873
145.538 11.187 125.157 1.808
31.193 -41.198 -90.214 1.935
-36.244 -52.874 -25.613 2.032
107.974 -140.060 -85.851 1.798
97.576 166.382 128.098 2.100
-213.147 132.039 -195.725 1.925
168.387 -20.955 -38.647 1.907
196.578 -144.376 -85.224 2.016
-42.895 -149.151 -75.666 1.986
-103.563 11.185 -157.824 1.998
-17.601 78.205 -140.490 1.956
53.606 140.199 -76.721 2.045
158.639 -165.505 22.131 2.022
-125.840 -163.640 -179.897 1.991
-40.293 81.470 118.459 2.038
168.581 160.255 -161.474 2.079
209.115 52.619 7.271 1.893
106.144 -160.008 -116.621 1.980
157.753 -60.327 11.967 2.203
-205.646 60.912 -60.306 1.990
214.810 64.203 -5.508 1.958
-211.281 189.117 189.963 2.009
-185.760 -89.872 52.678 1.975
-70.353 -120.709 2.467 1.954
108.880 158.311 149.339 2.124
7.252 132.067 -18.240 2.100
-110.194 29.283 -23.760 1.950
186.683 -76.353 -167.585 1.987
90.027 -87.515 -175.298 1.981
-159.165 136.080 12.661 1.991
23.754 183.316 139.139 1.763
-16.637 -183.067 -147.930 1.909
164.174 119.035 -159.104 1.912
180.286 -36.439 13.108 1.976
23.180 -183.869 189.919 2.071
-117.739 -18.305 -50.241 2.005
123.875 166.105 -97.228 2.012
53.208 117.531 -63.549 2.027
87.483 105.247 -63.659 1.803
-33.448 -164.558 133.454 2.002
218.815 -183.265 150.755 2.067
182.066 70.081 -164.124 1.869
-138.005 -120.869 64.728 2.028
-78.879 -89.437 -117.759 2.047
-73.017 -80.068 -168.842 1.962
-92.300 21.999 52.778 1.982
-66.357 -177.988 149.388 1.972
-214.044 110.562 4.406 2.133
1.252 148.143 -101.043 1.929
83.857 121.668 162.303 1.923
-183.826 21.817 5.579 1.946
120.729 -141.444 -65.808 1.905
66.389 165.312 -23.554 2.015
33.288 58.572 68.806 2.011
62.749 109.560 -98.886 2.110
-39.301 -107.133 -109.683 2.062
152.598 22.908 55.834 1.897
-176.432 127.156 -143.803 2.086
114.862 148.300 -17.897 2.058
191.913 79.762 78.766 1.937
-147.869 -90.277 -58.060 2.051
-139.655 180.979 -88.611 2.147
-170.476 154.033 -24.660 2.103
-68.409 47.527 101.058 1.936
199.844 155.814 -58.105 1.910
-121.283 106.347 -188.592 2.154
-86.124 96.952 -137.782 2.000
145.392 -55.380 -52.780 1.854
-81.404 -71.233 101.307 2.181
175.550 -149.070 -100.599 2.046
197.267 182.462 -111.833 1.727
78.891 -59.231 179.326 1.986
224.579 -1.263 -25.932 1.893
68.767 -185.520 -76.876 1.888
53.761 -53.832 -65.931 2.050
6.885 -85.457 -196.612 2.064
196.702 -127.412 185.831 2.140
197.397 -117.224 -69.321 2.031
143.904 -31.360 156.889 2.026
4.994 47.128 -35.422 1.969
-97.913 -161.559 -15.503 2.143
-88.952 182.383 -55.156 2.085
52.824 165.839 117.510 1.861
128.400 -72.836 -149.603 1.795
-44.099 -154.502 -175.066 2.050
-0.184 -61.778 -8.693 2.098
-74.874 115.406 161.344 1.869
-218.994 -98.393 107.686 1.930
127.759 140.776 -169.213 2.106
122.811 48.256 177.202 2.134
41.988 172.979 -109.123 2.015
-91.535 -162.608 -82.083 2.159
-39.800 71.055 18.797 1.975
-97.639 -99.008 28.640 2.004
66.201 -37.980 -150.469 1.774
30.585 -33.928 -194.496 2.028
-96.777 91.464 163.292 2.002
-51.883 -126.030 85.182 1.973
146.479 115.891 3.692 1.872
-6.727 46.217 86.825 1.994
99.807 -174.021 -138.549 1.993
221.602 -60.841 -152.436 1.947
126.799 57.729 -119.497 2.111
-46.064 41.236 -121.923 1.966
111.318 13.272 -78.042 2.113
-119.807 -96.720 -184.135 1.948
-194.203 -64.609 40.972 2.055
22.472 93.878 92.200 1.992
32.316 25.626 -186.019 2.015
-176.591 62.114 111.043 2.031
140.625 87.441 22.062 2.160
-132.178 -10.576 -64.072 2.057
171.973 43.037 97.733 2.041
-182.538 126.686 120.182 2.206
-200.539 87.088 156.851 1.861
92.170 -40.855 118.107 2.001
-86.831 151.637 -18.798 2.015
218.263 -133.958 -17.851 1.916
-139.773 -170.537 -106.194 1.948
-200.524 125.032 -119.624 1.952
-35.659 -4.919 151.595 1.973
-160.187 -143.804 185.229 1.965
-147.509 -22.059 -124.362 2.120
21.961 173.188 -155.414 1.856
-72.641 27.687 187.663 2.073
-72.514 179.721 -124.567 1.952
123.591 142.830 198.810 2.093
-209.999 112.605 -146.638 1.868
171.304 -133.607 151.818 1.846
29.052 133.558 148.987 2.031
-142.169 -59.251 -158.564 2.235
40.019 -64.094 111.516 2.268
190.288 -34.297 -100.423 2.112
-126.915 76.894 -134.694 2.050
-140.602 39.690 75.914 2.103
-129.506 127.018 -4.528 1.979
-75.453 -81.818 98.397 2.101
-180.615 60.941 -108.741 1.915
122.877 150.678 117.228 1.976
-22.969 -88.992 -22.511 2.074
142.007 -100.920 17.380 2.018
129.813 165.410 50.256 1.935
-134.194 19.833 123.142 1.973
61.673 6.472 -50.302 2.064
64.044 -40.238 112.263 2.083
167.344 74.023 -22.786 1.999
-85.387 177.403 -143.902 1.879
187.283 -159.454 157.972 1.958
-91.333 -55.399 -100.738 2.165
-40.342 -171.548 -151.886 1.976
153.857 -166.334 141.336 2.017
-43.379 36.947 -141.918 1.929
-176.437 76.140 135.536 1.987
175.852 -176.895 50.017 2.142
83.627 -29.647 -133.121 1.891
-200.280 -117.230 156.916 2.038
-220.110 24.007 -141.023 2.029
50.906 187.803 106.627 2.041
136.229 163.536 -163.635 1.916
211.044 -105.241 158.755 1.930
74.585 62.366 -14.043 1.872
141.329 -123.628 -188.993 2.115
187.783 59.245 149.162 2.026
-154.181 -26.368 -146.452 1.988
-175.763 -189.507 25.578 2.047
-224.484 -84.411 -81.802 1.947
72.954 0.543 42.278 1.843
-214.922 -44.308 -15.368 2.128
-77.237 59.518 47.149 2.020
16.298 159.130 -120.837 1.971
-42.388 34.279 -175.434 2.143
-224.241 13.723 41.068 1.828
22.194 -38.203 195.141 1.942
138.134 80.609 165.184 1.809
202.008 141.119 -74.473 1.883
-133.362 167.523 118.845 2.065
73.334 -31.580 181.530 1.897
149.477 156.924 -160.959 1.916
-222.210 169.382 -146.874 2.039
-190.022 -59.123 -40.056 1.914
-178.898 160.934 180.524 2.086
-209.437 -132.141 -186.765 2.113
193.268 103.671 74.209 1.938
114.941 -31.925 92.380 1.938
213.902 -93.280 32.241 1.957
-153.912 -98.240 170.381 2.044
155.526 -77.658 -157.148 1.803
48.627 146.725 -9.692 2.000
58.714 94.204 91.397 1.883
192.927 76.558 -103.382 2.136
-195.138 -54.486 -88.238 1.966
3.821 8.613 -61.304 2.001
-23.931 15.933 -152.809 1.867
-174.744 16.105 99.439 1.976
9.000 170.918 109.075 2.060
75.795 -135.623 190.587 1.868
-197.040 -16.665 -70.201 2.111
-133.168 24.084 -166.711 1.937
177.613 61.154 -101.852 1.962
-122.250 171.438 -70.500 2.053
-119.985 -114.163 -190.243 2.243
-82.903 -56.091 42.304 1.879
-102.241 -137.450 7.124 2.149
78.109 -49.330 128.047 1.892
209.061 140.205 0.731 2.133
29.056 110.483 -166.555 1.978
101.615 -178.866 187.903 2.029
115.590 116.244 -95.145 2.193
36.815 -61.150 -130.994 1.893
-100.912 68.750 184.908 1.776
-137.827 -131.244 190.024 2.200
-177.812 38.941 104.244 1.880
107.760 47.648 -64.114 1.912
-22.667 -183.918 122.217 2.001
-201.868 68.989 39.827 2.017
14.906 65.347 -129.767 1.982
-63.833 159.550 -159.948 2.076
195.270 -133.361 -84.682 2.132
213.750 -61.358 -122.425 2.004
-130.063 -55.318 148.327 2.101
-60.560 51.610 9.115 1.964
-49.635 -173.903 65.260 1.894
199.011 139.449 67.085 1.815
178.085 149.196 78.739 2.073
-220.852 5.025 12.936 2.139
17.021 -117.141 -18.358 1.956
65.411 179.823 45.902 2.014
51.451 -163.040 71.680 1.898
123.845 -118.703 0.918 2.078
-171.894 -159.121 67.186 1.880
221.997 145.970 -153.654 1.976
209.066 142.537 -35.766 1.962
62.984 -90.427 111.702 2.000
164.474 -32.599 174.200 2.021
112.133 174.153 97.711 2.180
-205.047 140.533 -123.139 1.842
69.835 21.250 43.678 1.955
174.248 -89.550 156.875 1.983
-7.759 -84.824 92.270 1.868
-112.630 -169.671 -67.043 2.057
77.428 117.098 140.139 2.089
121.807 -150.547 -93.137 2.087
-135.761 161.120 -190.062 2.049
96.479 175.793 -43.769 2.226
87.696 1.932 -199.786 1.921
-107.640 42.015 -70.888 1.925
3.760 18.982 -104.862 2.206
-197.428 148.344 16.870 2.023
-57.416 -50.788 137.256 2.047
-130.181 -171.038 -58.292 2.130
-11.820 -26.564 155.585 2.059
163.995 -60.889 88.158 1.917
-154.570 128.760 87.015 2.076
-196.610 27.541 18.867 2.036
223.338 -110.660 -97.298 1.995
-72.229 158.379 124.640 1.951
-22.130 74.342 -195.487 2.172
73.415 58.287 61.481 2.020
174.322 80.585 21.786 1.995
-24.876 184.786 -124.445 2.030
-21.181 175.929 -174.724 2.018
-112.975 24.511 -123.243 2.074
-110.852 80.378 198.970 2.354
-33.509 -101.728 59.389 2.096
-109.509 151.730 -115.107 2.018
72.897 -29.007 96.301 2.000
61.459 -171.920 -0.997 2.116
100.982 5.531 -63.408 2.167
-207.924 115.077 -116.147 1.945
24.123 -51.955 -158.595 1.992
-147.852 -161.148 -100.252 2.216
204.327 -157.189 22.250 2.103
152.212 -181.009 43.922 2.017
25.792 6.228 -54.186 1.949
148.214 -181.488 133.469 1.965
-49.510 77.555 184.574 1.979
-192.255 61.721 -147.646 1.986
126.021 37.399 -87.374 2.124
132.522 152.206 177.508 1.785
8.938 111.747 -49.408 2.052
95.749 -6.394 -101.381 1.978
76.368 -26.725 75.184 2.104
-104.680 -172.813 110.388 2.099
65.661 -12.016 191.651 1.889
-85.407 160.189 -119.188 2.092
222.298 123.282 -189.027 1.886
-134.390 134.262 -75.889 2.003
-110.846 74.826 8.807 1.967
44.217 -158.416 -193.396 2.050
-117.422 19.130 -12.211 1.948
-116.033 -165.793 -162.046 1.903
98.218 129.599 73.174 1.806
157.979 14.263 -29.539 1.892
40.381 -104.748 -119.760 2.163
-54.372 72.895 -23.710 2.039
-93.904 -30.257 -118.827 1.871
115.423 -120.874 198.141 1.998
-18.034 30.215 -174.608 2.075
214.233 140.815 -150.447 2.011
-136.629 0.225 -93.422 1.952
-59.281 60.024 -76.975 1.855
108.512 137.376 -176.607 1.990
1.706 -3.188 26.172 1.964
-180.392 90.100 -161.606 2.117
95.993 122.773 188.562 1.950
222.230 -107.325 67.574 2.044
-116.939 -89.008 13.461 2.003
168.766 89.150 104.035 2.044
-223.577 -123.697 -66.173 2.039
-181.411 146.080 148.624 1.949
4.475 31.275 -89.684 1.809
-53.155 -132.215 13.567 1.960
156.361 -51.980 189.646 2.097
158.224 46.877 65.228 1.984
-27.937 -58.277 -77.528 2.113
127.472 121.917 -98.428 2.134
165.753 23.823 -54.165 2.115
78.228 -15.328 30.693 1.927
-168.307 -168.959 140.966 2.019
180.629 148.862 -72.574 1.915
156.683 -6.397 192.503 1.999
-142.975 -10.913 18.777 2.042
184.950 -34.378 -128.010 2.017
140.778 180.959 -27.696 2.036
130.944 56.250 193.034 1.941
-165.539 -17.333 -81.075 2.025
110.088 -109.388 28.787 2.022
-61.160 -175.989 26.577 1.856
130.979 -100.517 -105.433 2.047
72.379 -122.610 -0.123 2.004
201.518 96.854 -164.111 1.960
-45.189 105.044 86.714 1.928
-173.443 76.329 191.535 1.923
50.776 33.692 67.864 2.037
172.983 -65.665 78.979 1.986
-161.016 -158.385 42.962 1.974
65.176 -57.991 184.433 1.895
-132.753 14.097 -178.711 1.979
180.079 94.845 128.134 1.993
190.291 115.555 181.083 2.024
-133.609 -3.981 35.933 2.177
-220.328 -69.935 -15.498 2.161
87.993 87.896 -14.266 1.913
117.678 4.948 42.853 1.996
-27.295 -174.235 108.227 2.007
-117.137 113.626 -29.399 2.076
174.995 13.813 28.265 1.777
172.826 120.270 -188.420 2.206
-140.039 -12.247 124.351 1.913
35.299 21.372 171.552 1.952
99.654 189.905 -176.969 2.012
-0.517 -116.215 62.823 1.982
-78.439 139.941 127.606 1.985
163.836 87.524 2.622 2.017
43.973 114.495 99.361 1.962
-214.642 -180.409 0.755 1.866
224.125 -108.967 176.348 1.998
116.910 163.977 177.319 1.791
96.132 -153.972 -155.526 2.000
-80.856 9.919 -7.668 2.094
-88.036 -127.058 -133.995 2.072
14.074 23.980 108.957 1.887
-76.237 -171.916 -160.560 1.974
-82.316 14.764 182.866 2.086
48.323 -121.603 81.938 2.085
