-107.839 163.724 -51.670 1.987
-173.822 -14.723 183.642 1.994
0.961 98.958 152.560 1.989
-189.386 -100.288 46.311 2.024
-195.028 -161.903 168.764 2.107
125.315 -155.134 -145.577 1.977
114.217 -152.152 -192.886 2.067
-202.068 135.213 79.897 1.990
21.510 103.803 118.271 2.045
-175.406 120.434 184.266 2.074
71.982 -67.945 -185.609 1.851
-91.001 -91.202 85.540 2.124
-148.255 113.974 101.185 2.014
-102.360 -149.626 116.301 2.097
82.230 -78.513 154.338 1.897
142.748 74.566 180.131 2.082
-195.982 60.261 142.658 1.980
-177.546 105.929 105.281 2.166
20.458 20.715 106.311 2.011
74.773 18.211 45.059 2.025
-63.081 -131.679 -148.444 2.037
9.692 183.154 181.092 1.903
-66.166 43.746 -77.915 2.020
154.832 189.217 124.203 1.961
-96.217 -36.447 84.848 1.872
115.272 -137.647 31.197 2.000
-70.202 -177.989 -44.392 1.994
-154.799 -154.165 137.262 1.998
199.648 92.262 103.759 1.954
82.579 -33.308 -22.720 1.969
-130.677 -140.439 -66.301 1.990
-180.228 -173.976 -92.379 2.067
-66.837 170.540 -68.371 2.120
91.389 -47.768 77.586 2.019
-133.899 -60.285 -183.970 1.902
-66.029 73.962 -37.896 2.115
-222.842 65.681 -57.296 2.012
140.402 -125.301 182.694 2.001
223.555 -185.127 118.499 2.014
-61.964 -148.232 -191.323 1.980
-174.602 75.053 4.989 2.016
130.746 -79.597 -105.581 1.944
99.569 -94.766 -29.915 2.151
4.569 70.186 9.255 2.193
-200.651 9.644 -12.651 1.852
-38.976 -143.091 -183.243 2.054
-7.100 3.041 84.755 1.991
50.802 186.947 135.062 1.956
-10.805 -78.167 -122.371 2.138
-53.876 -91.755 -109.045 1.915
-62.762 9.796 183.620 1.837
157.977 61.862 157.240 1.934
-122.317 79.436 183.942 2.142
-92.990 -147.357 156.822 1.985
178.592 94.867 -164.965 2.052
-66.986 56.374 7.358 1.968
-190.429 -36.042 -119.822 1.834
63.547 81.972 -164.378 1.952
-8.236 61.004 -143.699 2.071
194.808 -160.095 143.720 1.839
-176.523 138.388 6.610 2.044
-224.047 14.059 186.100 2.043
174.352 -43.386 -191.955 2.005
174.040 -110.780 -124.537 2.014
-42.521 -94.567 -180.210 1.803
-40.378 -49.244 124.490 2.167
-105.353 135.415 -117.652 2.037
15.787 -161.824 51.038 2.065
-182.457 -62.118 156.447 2.294
106.920 -167.810 177.109 1.995
61.244 69.307 -26.203 1.871
-104.456 -6.600 -147.217 2.058
207.718 38.508 -1.519 2.017
155.059 15.047 98.186 1.997
-124.507 166.401 112.779 2.066
-196.787 143.836 -45.252 1.821
-180.568 189.581 -162.035 2.040
-203.791 0.288 -78.728 1.889
-209.564 54.788 166.037 1.887
-102.347 -89.716 -123.553 1.913
30.459 69.201 94.366 2.035
110.177 108.595 -135.624 2.009
154.379 -139.662 -6.050 2.078
114.878 69.283 41.286 2.054
-117.160 -86.121 -107.930 1.935
-67.665 120.148 100.054 2.027
2.565 186.854 111.969 2.028
40.489 -95.384 60.607 2.063
-112.781 -36.436 -191.016 2.020
-47.566 23.846 -61.237 2.057
-60.717 -17.848 -110.215 2.015
-89.585 92.595 -84.008 1.966
-72.597 -106.735 164.046 2.092
154.462 13.380 -24.543 2.141
-9.166 13.144 -47.604 1.989
49.458 17.136 -115.492 1.922
-151.739 -84.389 65.720 2.073
3.886 -53.334 -120.215 1.838
176.529 180.935 8.284 2.092
110.923 92.024 153.971 1.952
-119.230 -103.320 -58.649 2.150
-90.012 75.308 55.503 1.896
-93.226 170.744 179.660 2.143
-167.629 148.055 -173.866 2.067
-158.740 12.177 -87.061 1.925
194.817 -98.424 -115.925 2.033
-213.147 79.881 192.496 1.950
129.509 -61.474 88.918 1.940
-101.799 111.479 -46.188 1.916
-30.134 42.911 14.622 2.007
-161.258 108.719 -101.213 1.859
-68.898 -10.402 72.153 1.975
-131.457 -119.272 115.194 2.086
186.194 -128.247 -95.305 1.864
222.875 -135.006 -69.431 2.090
-153.990 13.979 -159.175 1.970
-10.998 -21.971 -124.999 2.092
-6.959 -70.662 -20.807 2.150
-23.363 -38.498 76.912 1.916
92.387 88.235 -112.994 1.860
42.384 -33.919 116.574 2.097
111.734 127.302 -14.296 1.945
-66.642 49.273 110.727 2.063
-21.790 25.239 -10.279 1.955
24.450 40.033 -86.956 1.974
-3.786 -182.460 -97.502 2.203
40.196 -19.554 101.919 2.089
168.330 -140.407 5.431 1.920
-79.531 9.900 -82.445 2.078
141.086 -165.495 -43.594 2.015
-43.264 87.434 -64.029 1.998
-64.295 -25.401 189.558 2.133
207.799 8.662 -74.342 2.001
-11.393 59.119 59.117 2.036
35.404 -151.277 -121.111 1.977
-182.442 132.608 -74.998 2.011
-36.048 -106.307 162.346 1.919
143.437 28.382 -169.326 2.311
-187.649 -50.943 148.271 1.902
159.779 -186.039 140.089 1.918
112.511 -103.383 94.064 2.079
189.004 -91.846 -137.834 1.928
-69.080 -120.108 71.909 1.825
179.836 63.814 27.238 1.952
-173.680 73.951 -77.105 1.804
-103.816 15.761 -108.689 1.900
40.334 -102.469 139.698 2.054
171.705 39.026 -163.606 2.039
214.509 49.627 166.811 2.024
82.765 32.778 -27.342 1.876
21.745 -106.536 -73.495 2.007
43.695 79.202 -74.185 2.011
-189.280 -143.778 -136.632 2.099
34.436 86.001 150.904 2.128
-178.829 -163.938 56.933 2.053
-27.811 132.451 8.647 2.120
-143.393 -136.176 180.645 2.149
205.860 107.156 -175.262 1.884
-102.147 -147.429 100.884 1.961
150.211 144.719 34.659 2.009
222.373 -38.611 -64.760 2.043
-52.480 41.918 -44.694 1.938
136.420 -13.087 7.113 2.001
-59.919 107.680 -148.399 2.241
-95.528 -89.972 34.564 2.103
104.425 171.478 95.108 2.241
146.661 -109.183 84.658 2.162
37.843 -93.534 90.873 2.051
-9.996 99.346 106.496 1.960
188.077 169.741 -95.484 2.019
-51.265 88.925 92.726 1.913
-21.494 163.440 91.448 2.141
-139.612 130.781 17.396 1.817
-75.206 89.079 24.577 1.920
138.430 85.386 -17.462 1.738
162.051 157.417 -188.953 1.973
-160.226 -91.069 85.047 1.860
164.016 -56.954 6.965 2.183
73.675 -129.143 -171.452 2.216
-35.597 -123.228 118.525 2.071
48.819 70.725 107.976 1.945
215.774 -130.924 -117.690 1.967
-17.306 -79.002 17.562 2.002
194.828 6.757 22.607 2.035
-51.012 -16.257 -183.135 1.920
-31.774 -28.696 9.773 2.044
-69.712 -95.933 149.169 2.027
-63.413 100.941 161.246 1.947
-166.674 -160.431 -164.484 1.953
-222.220 -58.062 -58.058 2.014
-58.246 -14.737 -160.643 1.941
-92.281 -91.821 123.256 2.011
189.982 37.275 -43.929 1.925
17.644 137.064 115.182 2.017
169.617 2.256 100.680 2.078
143.259 25.874 -9.286 2.068
140.413 -51.414 11.274 1.986
-26.003 -116.874 -40.471 1.861
-209.924 -156.909 34.007 1.932
-129.766 -95.480 -5.984 2.145
124.516 -106.388 -189.695 1.910
222.353 27.417 61.821 2.144
90.102 -86.298 143.270 1.983
105.330 -36.490 -44.756 2.063
-167.104 12.356 -70.128 2.025
61.405 100.262 1.376 1.863
-169.319 -79.904 -140.903 2.051
148.300 91.028 -46.740 2.068
-99.417 -143.725 14.223 1.999
-95.688 141.269 124.484 1.944
44.013 93.613 -65.897 1.888
-137.521 -127.032 -26.738 1.975
-224.082 -87.401 100.206 2.066
-15.050 125.844 169.109 1.951
-175.365 -125.554 145.664 2.011
62.650 -186.299 -24.470 1.953
-214.044 71.104 45.618 1.827
-99.335 -114.307 99.265 2.198
158.719 -178.374 -80.448 1.943
-180.237 52.439 68.333 2.103
-57.979 -6.547 58.366 2.020
166.397 -181.329 36.556 2.108
-21.553 -47.596 32.054 1.985
41.563 187.185 86.579 2.006
-169.478 -61.158 -44.618 2.059
224.874 -168.661 -85.290 1.927
-1.660 -177.442 -140.588 2.065
51.910 -26.634 100.093 2.022
-55.642 -93.256 -52.544 1.964
-88.979 168.143 -145.606 1.992
193.685 -29.179 -13.210 1.971
-146.817 94.870 62.034 2.159
176.238 56.188 81.148 2.094
-97.347 -126.674 165.255 1.923
-223.219 17.628 186.909 1.881
-44.168 -33.754 150.057 2.112
-54.820 -186.631 40.078 1.881
-156.141 -106.873 157.880 2.100
-97.609 -21.190 95.200 1.943
-115.550 -106.390 4.286 1.947
-67.297 10.692 100.920 2.112
164.005 -42.845 -65.442 2.059
164.749 -141.908 -109.680 1.988
143.529 -84.987 -73.699 2.012
88.446 -70.485 -66.321 1.922
-117.781 -71.453 159.581 2.187
18.198 -183.698 158.318 1.984
110.491 49.734 -80.260 1.940
120.328 102.359 132.855 1.890
52.462 -153.012 -97.085 1.940
-17.344 100.314 195.780 1.785
-78.851 -30.812 -138.318 2.015
174.740 -65.447 -90.656 2.061
37.992 -57.661 -123.976 1.955
-54.077 185.982 -182.083 2.072
-49.898 158.486 118.144 2.074
-117.015 57.499 127.653 1.972
25.939 -136.084 8.615 2.018
60.864 -66.790 -80.763 2.059
25.636 -181.459 -87.587 1.865
-208.491 126.845 -70.686 1.930
79.526 -13.317 -73.274 2.077
123.593 -0.668 -139.425 2.038
146.762 84.862 176.166 2.062
-200.863 129.032 159.356 1.878
209.404 -90.913 149.911 2.148
-23.808 -118.745 -68.237 1.823
13.391 -153.533 -29.524 1.838
-54.999 20.917 -7.666 1.872
197.632 -6.644 16.157 1.964
-19.920 -74.650 -65.958 1.915
-42.316 -171.458 -35.763 2.023
201.045 122.573 -61.102 1.965
70.365 50.568 -83.902 2.033
-15.425 165.084 197.871 2.147
223.986 34.130 170.414 2.071
100.827 -73.051 -184.637 1.901
-200.564 -42.706 137.753 1.924
-94.002 47.023 -105.025 2.070
-136.219 15.963 -78.601 2.014
85.435 92.772 -58.300 2.114
-22.489 -43.903 -117.467 1.928
215.677 109.636 116.266 1.907
95.881 -54.188 10.038 2.147
71.710 71.883 -17.523 2.165
-120.518 187.119 141.486 1.890
-193.206 -108.508 -124.457 1.990
-196.449 101.202 -58.565 1.944
-57.365 91.617 42.960 1.992
-95.133 184.744 -85.552 1.756
135.884 126.689 -75.257 1.999
-124.163 172.954 94.194 2.005
145.237 -58.984 17.167 2.169
-106.020 87.548 149.085 1.935
-102.751 -159.479 142.769 1.878
167.905 -56.173 -81.777 2.057
68.857 136.463 93.201 2.043
52.346 95.241 -106.437 2.143
1.185 -97.790 183.575 1.893
129.955 -172.346 -33.894 1.967
-191.831 -39.866 -124.355 1.911
-166.796 38.857 47.876 1.898
80.094 -162.594 -63.741 1.750
120.879 76.681 -137.270 1.867
115.297 80.111 103.678 2.046
139.316 -136.562 -123.663 2.092
142.423 -140.476 107.130 2.026
109.253 57.960 10.245 2.035
218.925 -147.974 -33.567 2.119
202.684 -115.434 98.306 1.938
8.205 -94.349 197.995 2.120
72.022 -0.356 61.143 1.916
-34.612 -110.375 190.389 1.811
17.193 -13.415 159.855 1.800
-101.232 177.662 69.519 2.088
-149.499 152.706 -121.514 2.047
224.949 -106.124 173.768 1.827
26.194 -176.690 83.353 2.039
-52.455 55.107 -111.583 1.972
-129.754 115.556 90.861 1.982
-156.577 53.315 -67.557 1.818
-184.766 43.030 -138.135 2.178
127.563 5.395 57.088 2.058
93.073 38.652 -2.452 1.972
123.785 -22.546 -123.174 1.886
-190.812 148.724 76.260 2.057
4.434 -41.524 166.399 2.028
-104.616 -113.957 82.257 1.989
-197.472 154.600 182.069 1.984
201.544 -179.352 92.046 1.840
-118.544 143.938 -174.228 2.150
-187.060 180.058 172.679 1.998
-161.795 93.674 -125.642 2.225
70.244 -138.572 -80.738 2.178
-42.866 171.021 14.597 1.769
-6.384 159.979 12.966 2.117
78.384 168.309 -122.925 2.063
176.119 -14.774 -88.373 2.077
-30.962 83.975 112.591 2.034
220.119 -173.052 147.424 2.011
82.588 107.839 -154.640 1.889
15.118 62.539 97.441 1.974
-102.203 131.873 161.439 1.995
187.070 -19.193 147.343 2.088
-163.830 75.459 -68.355 2.058
-78.689 142.126 -41.577 1.939
-207.660 49.644 38.333 2.015
-200.849 -186.756 -48.270 2.071
145.975 -107.784 -86.002 1.940
-185.096 -62.704 -103.087 2.048
95.889 -68.277 -62.982 1.861
-27.963 174.024 -55.882 2.065
-12.146 -19.854 -195.562 1.972
6.317 -132.236 67.239 1.841
86.445 -49.432 -124.820 2.095
102.426 -19.926 -158.823 2.041
-53.588 -106.689 98.347 2.024
-141.596 -32.831 94.717 2.009
122.363 30.049 117.216 1.947
21.737 45.660 176.048 1.964
170.963 150.952 -40.222 2.287
-16.841 -172.232 66.410 1.993
110.857 101.917 46.097 2.001
-32.002 -183.471 -136.932 1.969
3.870 128.002 -151.784 1.915
-75.044 136.079 80.850 2.045
-114.326 -160.732 -191.876 2.011
-32.801 185.764 106.737 1.992
183.425 -153.692 -194.117 1.880
216.329 -8.507 -120.108 2.055
-97.293 179.458 112.846 2.047
163.493 -119.177 -25.337 2.113
-78.824 -102.619 -184.277 2.013
85.313 168.886 -13.942 1.978
159.712 -106.650 -7.587 2.050
-125.437 170.883 144.620 1.954
-30.615 -86.147 -8.495 2.060
50.658 -180.621 -191.587 1.801
-89.879 -49.613 -142.034 2.046
37.709 -65.995 24.023 1.819
-168.296 -80.305 -176.949 2.048
169.912 83.731 -112.379 1.678
-211.135 -174.854 -108.777 1.890
-70.210 92.067 -176.311 2.001
26.586 -80.153 -6.630 2.145
140.941 104.181 -154.271 1.852
0.520 107.883 -113.050 1.897
8.883 134.113 88.689 2.093
35.250 5.168 66.645 2.057
173.690 30.746 -53.275 1.866
59.356 -103.369 87.788 2.049
-18.065 132.827 169.677 1.942
32.177 -159.131 131.026 1.853
-121.244 120.127 121.483 1.955
79.267 154.399 -195.727 2.078
-167.920 -99.294 -89.019 1.918
51.069 66.820 -137.634 1.949
-142.231 153.413 40.759 1.969
211.576 -97.290 163.603 2.085
-142.133 -148.447 145.240 1.980
64.863 -92.367 103.470 2.112
-147.578 120.487 -83.243 2.008
-144.604 91.641 -191.125 1.992
-82.531 -29.329 5.691 2.021
-35.485 -116.143 -185.331 2.124
-164.258 -63.806 -118.217 1.952
-100.338 -123.779 -38.581 1.971
-111.830 136.525 -191.553 2.032
-32.218 122.643 -91.846 2.045
61.881 -128.887 -97.971 1.975
-69.104 122.970 -157.908 1.946
-21.812 -177.674 115.755 1.882
165.854 148.411 147.629 1.952
185.658 137.008 -67.863 1.982
-12.522 -116.337 120.653 1.822
107.216 -101.276 31.314 1.847
168.054 130.079 101.518 2.059
82.063 141.568 -136.342 2.063
-210.408 86.736 -169.866 2.040
190.250 86.861 -192.115 2.031
148.307 -78.812 133.797 1.948
-95.465 -33.191 56.353 1.912
-172.241 -61.008 -83.863 2.214
122.007 -112.051 83.249 2.161
69.872 -14.257 150.659 2.076
209.199 -89.458 -94.723 1.931
112.492 160.166 73.172 2.071
192.771 -159.082 -127.723 1.868
-114.813 66.462 42.282 2.026
-91.507 138.538 104.082 1.982
166.420 -124.356 -2.075 2.113
-170.819 108.185 197.388 1.997
63.191 -54.395 135.302 1.855
-55.314 -5.393 -181.466 1.990
-38.342 -141.818 -83.689 2.035
-148.788 143.240 50.007 1.858
-91.323 94.366 83.463 2.006
171.073 70.157 150.732 2.008
66.848 -39.956 158.799 2.201
32.967 152.505 -79.983 2.024
-62.287 30.491 -128.291 2.165
-151.103 146.603 98.476 1.964
-136.810 -104.512 121.145 1.885
69.865 104.620 -199.780 1.908
-134.570 52.490 -15.323 1.974
-199.095 17.641 -31.608 2.019
186.994 -151.340 -3.019 2.026
-6.361 -161.876 86.436 2.094
92.534 -181.369 115.070 1.975
-97.720 7.770 127.799 2.120
-160.679 -131.705 -48.870 2.081
81.058 -31.708 181.780 2.060
-106.940 -87.756 167.596 2.108
150.118 159.165 -40.717 2.097
-213.641 -98.720 -185.703 2.008
-9.577 75.945 -45.509 1.881
166.580 74.676 136.501 2.026
-191.813 -12.725 -174.403 2.054
141.665 149.884 151.901 1.944
125.425 -156.921 175.109 2.025
-165.568 -185.618 -69.937 2.021
76.356 -115.297 96.342 1.964
154.172 168.432 -125.055 2.102
162.865 -149.562 -133.438 2.042
9.728 60.851 178.172 1.778
180.875 158.859 -3.549 2.169
-82.985 61.806 76.412 2.093
-57.982 -36.685 130.167 1.971
-208.390 -52.336 52.902 1.991
81.505 47.546 -72.802 1.926
71.824 -59.001 -69.225 2.139
-41.079 -39.333 -140.762 1.970
-124.341 84.690 -164.733 1.929
64.010 8.170 62.035 1.960
196.773 150.338 148.875 2.042
-174.354 -137.025 11.614 1.987
93.939 58.150 20.314 1.889
-96.681 106.740 -139.877 1.800
143.751 183.586 -121.671 1.965
75.087 145.549 89.514 2.130
32.897 171.137 -156.703 2.138
32.461 133.788 -197.743 2.011
222.672 -50.796 11.738 1.975
-136.784 -131.361 109.295 1.837
41.596 -51.921 -46.774 1.908
-176.212 38.235 -41.931 1.891
-193.609 107.933 -167.774 2.119
-167.605 122.846 -146.781 1.969
66.896 -171.939 -106.670 1.968
-149.501 -7.923 86.135 2.062
207.055 120.759 -167.026 1.985
47.162 -157.805 -13.021 2.028
54.361 -186.166 41.580 1.876
-61.289 -188.479 -94.121 2.161
-134.302 -118.443 -181.092 1.958
-137.825 113.647 -39.492 1.950
167.968 -146.914 -25.446 1.945
123.189 -172.614 146.835 1.912
-158.368 143.153 80.835 1.717
-199.330 66.708 54.049 2.015
-196.720 12.008 191.771 1.922
-197.769 159.295 197.817 2.029
-222.656 -69.833 -8.723 2.210
-131.195 -177.111 167.222 2.134
-150.670 79.457 165.403 1.876
92.710 -146.054 -155.656 1.860
-100.272 -142.293 107.021 1.900
-132.083 -82.662 -47.831 2.017
124.433 -187.962 192.281 2.004
-195.328 135.331 -89.215 2.187
-109.478 138.863 -138.699 1.900
-80.280 -110.015 -25.270 1.989
73.102 105.764 -51.614 1.993
-27.024 -22.225 -60.242 2.061
42.489 -64.346 48.524 2.061
-13.612 -175.402 -195.992 2.081
151.189 97.053 -31.142 1.997
130.001 154.340 129.344 1.834
-0.660 103.194 168.646 2.115
61.032 40.466 48.236 1.867
215.628 140.054 -153.353 1.969
118.404 -127.391 -121.695 1.946
146.529 -156.077 157.716 1.832
124.041 114.912 44.992 1.985
-67.984 -153.222 197.553 1.979
-36.095 -101.781 50.829 1.901
-201.243 179.854 -148.826 2.005
-177.157 31.084 117.662 2.038
87.010 3.778 109.361 2.090
95.080 -80.673 142.322 2.173
-196.555 -47.947 -124.649 2.015
139.134 54.698 31.383 2.203
143.911 -145.498 -163.956 1.919
-21.094 -32.823 88.803 1.979
-79.623 -156.839 110.366 1.937
106.789 160.323 -46.711 2.056
7.521 -16.547 -147.865 2.005
218.407 65.471 138.024 1.715
207.864 -108.422 -12.548 2.023
129.665 -64.697 -161.021 2.267
-105.595 79.817 189.162 2.111
-189.586 -103.331 15.445 2.076
-71.350 -121.352 134.318 2.072
-101.564 37.349 -44.877 2.017
4.258 101.495 -196.182 2.031
-33.845 -74.791 -199.522 1.904
137.627 -75.231 -153.175 1.912
-219.174 32.958 116.002 1.865
-115.863 -143.118 109.194 1.985
-105.016 -150.736 -67.828 2.103
19.173 -101.765 162.290 2.318
-224.076 -150.762 -142.501 1.802
195.399 -174.270 152.557 1.865
34.613 179.573 -122.384 1.982
69.763 -172.607 144.346 2.149
188.911 2.518 -117.348 1.925
67.067 106.057 53.322 1.964
78.719 164.800 -28.637 1.832
136.665 155.950 13.653 2.054
172.455 125.875 -0.126 2.149
45.506 169.082 7.679 2.020
12.330 -114.160 -71.718 1.935
-128.163 69.901 -88.524 1.988
196.327 146.913 179.321 2.055
-31.681 45.098 -95.909 1.865
17.762 45.429 141.053 2.246
193.137 107.642 -99.158 2.115
224.364 125.501 54.786 1.889
137.938 -155.952 131.358 2.000
-181.008 -142.982 35.743 2.008
121.518 -65.707 -88.634 2.009
148.484 70.183 -87.391 2.057
14.786 -48.847 143.543 2.042
-186.499 -120.285 -103.954 2.035
-88.106 127.828 -13.817 2.033
199.562 -183.409 12.847 1.933
81.263 140.565 -181.840 2.040
91.379 131.017 26.091 2.052
-150.556 33.982 -68.763 2.087
145.164 34.917 112.209 2.001
86.219 -149.445 94.600 2.066
146.831 -130.606 185.109 2.094
-145.871 31.642 22.858 2.070
-59.972 52.087 79.180 2.011
184.739 133.045 -21.270 1.905
174.202 110.313 -126.615 1.834
179.456 -124.503 -186.064 1.990
-157.137 -49.246 56.989 1.932
131.126 -105.723 152.434 2.072
-18.693 -42.276 -64.858 2.111
-55.509 -131.379 151.668 2.019
142.447 -12.352 47.207 2.051
15.361 28.844 1.907 1.951
-166.262 170.440 -35.296 2.073
27.522 99.494 56.836 2.054
83.909 88.622 -144.748 1.989
137.953 179.688 150.646 2.066
-82.674 85.803 72.616 1.862
186.418 5.919 64.315 2.101
-33.962 30.717 -7.131 2.281
94.086 -176.714 -132.004 2.258
33.114 -19.523 -2.735 2.000
-164.743 84.741 172.116 1.803
-215.911 -165.280 53.844 1.852
-92.490 -107.850 -115.517 1.932
185.348 -88.573 170.599 1.908
147.834 113.378 -128.549 1.978
92.360 185.248 -29.596 1.911
-146.586 130.010 92.524 1.854
8.845 168.133 -30.106 2.042
-21.793 -102.144 62.831 2.123
184.959 -99.648 -156.180 1.988
-125.156 111.662 -106.004 1.905
9.232 182.743 164.694 1.976
-100.161 -86.597 8.241 2.037
59.725 7.108 131.758 2.155
-138.974 -12.807 -138.473 2.036
-11.493 -76.482 -97.396 1.897
130.596 -106.685 68.064 2.005
-155.477 178.219 -98.572 1.995
-47.187 -77.203 166.894 2.039
189.287 -89.364 -116.609 1.969
141.205 9.689 -55.042 1.881
121.220 -26.942 -141.115 1.899
144.400 -88.854 -145.926 2.013
-169.852 115.757 -54.667 2.027
-1.967 130.665 -34.381 2.019
183.027 48.088 -127.953 2.124
169.182 169.289 -12.714 2.045
15.158 -185.661 -84.836 1.913
-168.007 -125.447 197.473 1.862
-77.711 164.165 139.739 2.053
-206.395 -77.263 7.621 2.092
-88.727 96.942 68.867 1.997
186.319 94.018 79.673 2.176
-135.489 169.155 157.593 2.074
-206.263 104.798 48.233 1.986
170.898 20.233 154.044 2.070
123.602 -53.439 66.280 2.007
-80.356 -99.909 -132.443 2.075
203.306 -111.586 -118.599 2.079
-191.831 -127.511 184.058 2.128
-112.120 -67.175 160.412 1.926
186.326 150.240 -23.218 2.167
-92.689 145.016 -191.215 1.946
-37.951 187.101 158.018 1.979
-40.037 104.897 -16.707 2.063
-125.406 45.934 7.738 2.021
75.046 118.536 -34.519 2.029
-22.675 59.878 -3.447 1.996
214.331 -160.302 -160.766 2.218
-183.015 -91.141 161.179 1.917
-35.941 24.568 141.451 2.008
73.261 15.389 -75.443 1.965
-218.059 59.302 196.761 1.813
18.545 87.525 84.728 2.115
214.041 -26.915 193.117 2.051
133.507 147.001 -107.734 2.120
-145.909 72.947 93.758 2.040
-144.359 -164.581 56.758 2.034
-160.172 -133.113 -114.326 2.131
187.840 -156.242 -19.660 1.947
215.067 146.157 -172.409 1.981
-62.981 -46.056 52.942 1.897
48.420 26.709 -36.191 1.962
-76.721 53.744 -84.921 1.966
-89.675 -73.722 90.860 2.094
13.667 10.436 136.005 1.910
36.118 26.966 -85.522 1.885
102.404 -103.759 -112.367 1.973
-180.124 -92.526 17.706 2.027
112.448 -184.447 -39.199 2.085
84.495 -0.690 -85.571 2.003
90.714 -54.090 -79.668 2.013
-186.396 178.825 158.825 1.969
-18.925 60.662 70.074 2.084
-42.725 4.637 -159.956 1.949
-10.403 99.055 -131.566 1.965
2.928 -144.418 -12.422 1.910
-141.165 -36.765 -143.476 2.037
17.160 -146.907 189.487 2.105
-75.968 -35.432 131.537 1.870
35.225 122.716 -117.051 1.868
58.360 -131.680 -72.934 2.061
-199.798 -17.554 -85.923 1.792
34.118 -9.360 190.494 2.033
185.416 135.454 72.212 2.021
-189.436 175.094 111.281 1.994
51.489 -129.694 113.125 1.982
82.463 138.998 -149.246 2.090
151.296 -79.114 64.908 1.945
-35.704 124.037 7.567 2.019
217.195 73.086 -82.173 2.206
33.291 -98.985 1.306 1.923
-149.157 70.325 95.746 2.057
3.727 114.463 -44.656 2.051
143.075 171.642 -79.487 2.200
-166.187 -185.527 135.472 2.136
29.391 -15.103 -109.171 1.931
-53.255 -34.335 -50.339 2.101
-43.724 -150.191 103.418 2.018
153.684 187.280 -26.430 2.036
-179.468 -178.700 -194.612 2.043
21.545 -160.207 132.085 2.105
-78.055 -189.014 120.612 1.978
22.967 -160.238 -21.518 1.962
146.202 -167.513 198.132 1.995
-213.132 -88.123 -69.820 1.905
168.935 -92.613 -115.674 1.995
6.335 -58.318 184.050 2.006
-137.282 -84.102 51.583 1.877
-107.055 -135.042 -161.464 1.866
-161.215 44.426 -99.552 1.972
-118.814 -17.632 83.643 1.985
-201.142 74.169 141.313 1.861
-61.984 125.867 -37.765 1.911
-175.843 122.083 -49.861 1.934
-17.872 -24.439 27.386 1.966
-49.125 172.172 -134.698 2.158
-32.621 -155.323 -49.871 2.012
-108.424 178.011 -83.178 1.936
-118.049 41.342 -40.970 2.082
85.059 -32.907 -107.816 2.094
-146.349 -116.504 16.716 2.017
-132.138 -38.616 -16.474 2.146
49.358 65.806 -59.453 1.923
-163.513 17.346 -103.814 2.043
-82.343 -48.500 148.549 2.110
-14.057 -73.414 24.818 2.147
-8.973 -157.278 -197.005 2.076
-150.945 21.357 -116.371 1.890
129.688 -83.629 108.707 1.991
-163.234 -74.262 146.502 1.956
75.357 -119.578 -70.665 1.963
135.892 127.323 191.107 2.039
-180.095 167.956 10.707 1.946
22.491 43.904 56.731 2.011
-192.591 -13.725 94.397 1.896
125.087 41.678 44.705 2.092
-60.563 -44.946 173.856 2.009
220.707 3.540 56.617 1.998
-112.237 -152.985 111.019 2.019
-212.891 129.467 145.610 1.941
-49.576 -163.877 103.758 1.970
-138.650 35.708 -77.309 1.936
172.362 127.784 125.879 1.996
-127.163 77.548 78.822 1.900
102.916 138.332 115.942 2.271
-17.710 10.535 -43.783 2.101
-211.475 -92.389 -101.669 2.017
11.359 -170.540 197.737 2.117
-100.306 -135.720 -117.860 1.910
-46.531 -64.477 170.337 1.992
-97.131 -109.760 -117.519 1.795
181.107 -42.971 102.245 2.078
209.449 -41.181 -32.915 1.982
181.721 153.475 93.057 2.136
122.489 142.293 -73.776 2.083
-141.654 30.018 124.257 1.889
-101.636 -112.890 -71.269 2.014
64.140 -67.438 -23.231 2.087
-165.308 -2.910 179.698 1.998
-50.406 141.473 -3.303 2.004
-177.421 118.515 146.063 1.978
185.765 -5.754 -118.040 1.878
-38.544 -15.390 -34.610 1.844
205.721 60.549 85.191 2.063
84.597 -119.293 17.505 2.026
-178.199 170.997 47.386 2.107
-89.951 -9.620 -47.675 1.997
-133.280 46.425 22.028 2.101
-172.622 -180.024 -173.376 2.034
-203.464 -187.952 196.315 1.992
124.282 131.569 -150.481 2.068
160.207 114.107 136.556 2.017
167.143 -35.736 -184.904 1.922
-204.579 -9.429 5.527 2.102
-46.897 161.039 -151.452 2.132
-32.473 -6.861 -10.639 1.856
199.379 76.619 57.413 2.243
-197.371 -157.455 43.484 1.965
110.444 139.677 -3.675 1.814
48.988 179.704 61.192 2.028
120.589 -176.346 -161.217 2.067
-33.927 -40.288 -9.068 2.074
-119.559 71.276 -168.653 1.938
114.153 43.013 19.466 2.003
-121.891 -182.742 95.054 1.842
-159.849 -140.233 170.097 2.072
-210.638 0.665 -154.940 2.048
98.993 -105.938 63.552 1.968
127.453 156.808 40.883 2.110
213.428 -36.433 -191.277 1.937
-121.878 -119.578 -137.099 1.793
-120.421 -64.078 164.586 2.061
174.793 -33.723 -39.864 1.836
-127.683 -79.975 103.593 2.043
-38.325 119.516 -145.920 2.020
67.846 182.129 -180.103 1.837
20.358 -99.120 -108.933 2.089
49.644 183.649 72.807 1.879
141.552 165.048 82.890 2.008
201.171 -51.611 65.624 2.042
-108.710 -42.895 -192.940 1.988
-157.745 6.351 111.221 1.972
-192.940 138.142 -12.061 1.996
74.257 -128.976 -154.242 1.866
22.424 120.004 -9.525 2.023
-2.535 67.101 -91.475 1.943
-189.198 -110.894 -172.301 2.033
63.696 -30.044 81.049 2.030
100.211 185.225 133.805 1.962
-95.543 3.199 5.904 2.055
-148.055 -138.306 -117.221 1.952
-4.093 100.819 -69.213 2.128
168.340 51.133 -77.655 1.963
115.050 165.065 18.964 1.955
-88.502 -111.531 114.476 2.025
67.293 -31.230 37.514 2.042
111.313 119.877 139.320 1.884
25.334 13.646 36.185 2.182
-170.721 39.289 -129.703 1.978
117.953 7.535 65.337 1.995
-111.606 35.480 -145.249 1.940
-38.107 6.658 24.222 2.103
-171.708 56.357 97.664 2.078
166.921 -89.380 182.460 2.060
-81.790 68.583 -54.479 1.949
93.852 -174.401 -118.103 1.864
73.340 -180.260 -126.635 2.172
-200.441 -5.910 181.075 1.945
172.403 -15.050 -144.352 1.929
125.127 -100.373 77.260 1.963
154.638 -125.298 84.818 1.989
-194.496 -175.019 43.314 2.021
-76.455 26.513 48.604 2.040
-31.849 -98.414 -64.490 2.099
139.797 -187.382 -76.601 2.006
46.364 -182.893 -13.847 2.016
-61.932 -165.210 154.613 2.047
-101.430 159.211 -180.927 1.952
200.457 9.727 -195.501 2.081
13.400 -138.432 136.168 1.806
94.827 54.019 -2.649 1.981
-121.744 155.425 -60.783 1.784
145.481 112.822 -65.322 1.958
-98.004 56.360 39.681 2.056
8.166 15.005 -33.440 2.052
-193.251 -187.161 177.140 2.026
-122.640 -15.169 80.084 2.070
-56.056 115.620 53.346 1.900
33.516 -181.598 90.290 2.067
14.433 -185.043 -49.361 1.919
-4.417 -56.058 -11.431 2.057
-8.343 10.301 -112.216 2.022
69.240 63.858 195.695 2.045
12.817 -161.075 169.195 2.082
-34.319 -63.015 -166.004 2.130
127.960 90.207 -38.658 2.033
164.183 -182.309 -107.631 2.022
201.572 -169.161 -154.397 1.879
114.540 -31.318 -111.774 1.992
216.926 56.982 144.769 2.057
20.700 -57.084 -62.124 2.078
187.719 113.914 198.865 1.973
107.531 -134.590 67.951 1.879
-97.859 36.356 139.627 2.063
55.822 -187.441 121.169 1.858
221.596 155.673 -47.285 1.937
-39.023 18.184 41.617 2.009
127.705 -98.598 142.534 1.963
71.491 -143.044 38.941 2.066
-7.629 -108.817 -29.721 2.092
-95.766 -55.504 -121.542 1.906
-207.202 -155.681 107.313 1.979
93.338 159.142 -78.639 1.941
-56.103 -70.234 -159.021 1.882
-45.442 -11.492 -117.914 2.129
151.327 -14.625 -106.253 2.064
-95.198 150.240 132.803 2.090
53.201 -103.088 100.480 1.845
-48.460 -127.840 91.804 2.148
-8.515 -54.773 -13.376 1.880
59.483 -135.396 -61.950 2.233
106.661 40.134 195.946 1.925
63.330 -54.489 52.565 2.017
-138.913 -27.710 169.856 1.963
67.335 -46.234 6.108 2.197
-60.329 100.733 158.662 2.157
-132.728 -105.668 41.139 2.068
-96.381 60.696 191.300 2.242
123.786 -79.951 4.819 2.010
135.764 73.684 -39.906 2.151
-76.552 31.546 27.887 1.980
-194.266 -64.903 -174.445 1.969
-95.721 -158.270 72.929 1.809
137.661 -147.135 192.683 2.175
-211.315 -133.804 167.044 1.959
102.443 90.409 -17.988 2.049
143.983 -156.420 29.731 1.969
48.188 43.004 -23.304 2.036
-50.606 -159.558 169.013 2.236
-19.899 -19.248 -23.790 2.058
-222.940 173.560 -198.723 1.874
57.911 189.964 169.902 2.136
-147.386 -178.602 24.806 2.068
-191.837 -99.071 -10.774 2.060
-86.855 -70.634 65.423 1.978
-208.720 -58.892 94.271 2.017
-175.146 38.495 154.522 1.921
-215.572 -126.748 -80.267 2.224
108.507 -94.650 -40.246 2.153
27.439 -50.468 -4.466 1.848
-212.645 -70.734 -187.389 2.167
58.012 127.664 -25.005 2.256
112.662 -104.387 98.144 2.193
-209.606 -165.471 -136.638 1.925
102.691 28.265 125.169 2.063
-57.145 -42.252 -135.268 1.784
-75.060 3.641 35.353 1.927
36.168 -53.669 15.594 2.126
13.611 138.741 190.537 1.918
74.745 46.716 -128.486 1.874
138.789 153.739 -34.624 1.923
-5.519 -142.690 -182.750 1.925
-212.909 90.556 20.512 1.795
-77.425 65.900 -54.760 2.097
199.320 -85.435 140.305 1.925
-2.479 119.381 -106.153 1.906
-162.677 -179.776 -28.439 2.114
56.209 137.611 43.866 1.934
-129.778 82.200 -30.989 1.916
-58.828 38.262 -185.411 1.822
204.567 156.622 -65.003 2.014
18.504 -67.604 91.976 2.086
-174.974 163.025 -105.366 2.031
11.604 88.525 -73.130 1.999
-104.097 -62.506 -131.813 1.880
-90.104 165.143 181.471 2.094
208.296 -148.467 -12.583 2.066
170.065 91.348 180.619 1.972
195.433 27.146 -76.297 1.981
-217.183 37.239 12.684 2.088
-191.628 -177.632 145.180 2.007
221.329 -163.319 -49.624 2.107
14.419 -137.539 -91.909 2.006
180.121 -101.411 23.392 2.083
-102.893 62.752 44.138 2.074
-170.304 -91.567 -174.877 1.934
-63.569 -176.753 73.245 1.966
103.179 -44.044 -9.891 1.929
-55.173 77.760 42.381 2.034
-14.122 -145.156 188.120 2.055
-85.750 -141.140 -197.153 1.825
172.329 -158.657 78.448 1.944
-19.745 -98.399 -26.052 1.965
125.736 -74.355 -5.120 1.930
152.375 11.160 -115.589 1.999
71.327 114.931 64.727 2.015
35.341 77.852 -42.340 1.997
-206.926 -77.907 186.759 1.903
116.694 -80.846 98.124 1.767
-42.373 -22.959 -144.430 2.009
180.473 -2.855 57.670 2.045
200.481 -13.003 118.744 1.970
221.650 -140.228 88.708 2.131
-212.410 -142.557 72.918 2.016
-119.975 184.839 190.066 1.946
173.690 -149.540 -86.478 1.908
-139.283 -149.027 -7.667 2.119
23.695 137.687 -14.319 2.038
-51.726 126.816 -17.429 2.121
125.516 64.031 16.559 2.022
-102.421 -58.439 -141.245 2.061
134.626 -85.547 147.843 1.901
107.273 22.790 -77.513 1.954
69.393 -7.182 -3.947 2.114
-180.055 -189.394 -89.606 1.694
112.853 -14.582 32.940 2.135
-165.759 8.739 73.034 2.103
-131.230 70.940 -167.850 2.078
-59.117 75.905 162.330 2.066
217.933 -149.045 -99.537 2.165
-151.313 -80.526 -95.622 2.089
28.006 -64.514 8.364 2.050
-210.814 -146.762 -93.776 2.272
-66.326 158.669 -86.074 1.948
-185.259 -11.614 124.143 2.160
-132.745 -53.166 5.238 2.054
129.586 131.570 173.729 2.083
199.422 -124.643 -182.514 1.995
-180.223 174.275 -195.373 1.912
-142.149 136.441 171.563 2.037
143.555 -126.754 53.535 1.917
-84.408 -104.483 104.061 2.132
-53.526 82.458 113.223 1.854
-92.012 77.796 -38.433 2.033
-82.579 -142.073 -72.074 2.241
80.617 -148.827 21.641 2.100
-77.337 52.963 -131.892 2.082
