-188.107 -160.111 -27.268 1.972
-161.007 161.226 -97.421 2.106
112.507 -65.457 -80.885 1.998
217.357 -4.763 181.766 1.868
-171.355 161.004 174.825 1.865
-77.938 -176.987 168.091 1.905
110.896 -24.403 62.560 2.029
161.571 -147.472 163.146 2.145
190.865 43.730 178.371 2.086
6.586 138.585 132.897 2.131
-37.397 141.905 55.978 2.149
28.522 -3.720 0.291 2.140
69.498 17.462 170.891 1.861
170.542 16.302 -84.136 2.011
-41.462 53.630 -162.700 1.848
192.093 32.795 -62.648 1.978
144.613 104.694 157.299 1.960
-91.237 -41.170 -113.829 2.138
136.513 -164.664 -17.545 2.086
-105.203 -162.337 49.970 2.095
-130.687 14.163 36.811 2.066
-54.390 14.803 139.547 1.941
-136.837 21.976 -131.703 2.111
-216.968 66.285 -25.930 1.945
222.106 44.045 -178.896 2.068
27.188 123.151 -191.577 2.064
-7.578 3.642 -11.156 1.950
49.675 -106.721 -171.857 1.958
-56.126 84.060 74.673 1.978
-135.816 73.196 73.775 1.837
71.478 -31.421 -151.477 2.082
-131.944 36.705 -1.483 1.707
21.601 156.028 153.537 1.994
-132.104 124.568 -187.994 2.137
164.287 -163.188 81.022 2.032
-50.054 -52.658 146.105 1.963
-175.948 -70.403 66.590 2.137
-179.841 176.979 148.337 2.119
70.417 -154.006 -8.357 1.858
-218.036 -22.356 134.196 2.141
-93.619 -130.524 -22.579 1.961
179.821 32.222 195.748 1.954
-126.300 27.682 173.234 2.008
114.196 107.037 81.580 1.960
-183.653 108.366 180.500 1.964
-188.409 170.742 184.956 2.044
13.722 55.722 -110.464 1.977
-191.113 -107.777 -21.011 2.070
-205.328 -72.016 -61.637 2.100
189.730 -120.077 92.350 1.975
202.041 -150.666 7.724 2.011
-211.614 184.160 -78.187 2.019
-1.999 163.162 -148.959 2.077
196.259 133.419 -128.071 1.913
49.152 -179.038 173.203 1.863
-87.305 -129.405 88.330 1.968
173.309 -177.864 16.889 2.030
-41.362 -69.969 -71.265 2.012
45.703 -6.904 -145.111 1.955
62.128 152.795 56.172 1.822
151.869 141.165 -83.501 2.272
-208.240 179.963 19.302 1.872
48.154 71.011 118.221 1.921
220.523 -54.745 190.597 2.044
81.804 51.773 -163.952 1.825
-218.908 125.752 86.601 2.078
67.685 75.429 196.309 2.068
208.409 181.340 99.559 2.144
-37.615 -93.199 130.118 2.082
48.924 76.641 58.296 2.135
212.832 -44.699 115.389 2.095
48.729 173.704 180.220 1.968
23.377 164.805 -143.433 1.878
-91.237 127.723 19.584 2.092
-62.427 139.581 -123.050 1.750
-141.318 87.125 -119.252 1.993
145.389 175.418 -85.156 2.054
-191.386 -107.405 100.443 2.114
-219.821 -43.558 33.526 2.049
-84.425 135.746 -166.697 1.985
-152.280 46.634 -119.282 2.111
198.875 24.256 -38.887 1.939
117.216 88.254 32.331 2.019
-205.403 124.846 173.551 1.896
50.978 162.448 -117.967 1.992
-79.395 11.568 -75.170 2.167
106.895 182.881 -24.643 2.013
63.213 57.328 186.074 2.017
69.494 -126.017 -57.230 2.016
3.870 -166.598 -199.396 1.999
168.721 66.191 186.640 1.990
-196.262 40.513 -129.565 1.976
-9.926 -175.643 152.835 1.935
-86.536 -82.906 57.025 2.035
214.953 85.103 46.417 1.970
207.899 27.501 106.439 2.028
49.295 49.960 -194.497 2.009
88.818 -188.581 -14.887 1.950
-96.668 -180.213 -59.327 1.996
-179.693 43.070 -188.209 1.976
-101.964 146.764 23.758 2.031
47.173 92.628 -89.742 1.962
-55.441 143.695 -177.599 2.021
-39.287 115.924 -8.387 1.969
176.041 107.177 -128.593 2.068
-176.037 -148.550 -112.388 2.134
-82.601 172.037 -76.972 1.912
-99.823 188.312 -186.989 2.059
224.649 150.672 -158.226 2.012
-89.013 45.164 87.436 1.997
-49.469 -135.449 -193.465 2.102
-166.237 -81.583 119.031 2.062
58.602 -15.242 144.936 1.968
-79.526 -0.504 99.100 1.992
-157.451 43.562 -35.786 2.007
-221.391 -158.565 136.879 1.984
-32.451 29.315 1.696 1.987
-131.597 100.038 188.624 2.223
-17.832 -75.202 -145.696 2.161
-54.407 111.209 -112.185 1.900
-37.729 134.257 192.013 2.076
98.193 -67.558 198.200 2.064
-179.215 -30.106 -80.591 2.040
22.624 -81.140 44.979 1.860
-217.048 21.407 6.542 2.215
91.087 71.244 -7.944 2.092
154.841 -148.777 107.857 2.112
-207.735 -142.031 -105.789 1.986
209.017 27.015 152.755 1.922
112.523 105.013 -54.052 1.995
224.229 69.526 -155.834 2.058
-142.379 -95.498 198.688 1.902
145.103 160.028 84.067 2.013
-163.115 -20.281 -51.624 2.058
63.594 -55.780 142.439 2.008
-26.741 56.546 98.664 2.038
160.383 187.824 -103.171 2.064
-153.440 172.540 145.848 2.009
65.781 -175.036 97.595 1.924
-164.490 -148.882 180.432 1.914
-51.671 -43.570 4.590 1.902
-163.062 149.677 59.361 2.197
-60.545 122.445 -14.601 2.037
-36.224 -61.073 19.780 1.965
-173.292 12.455 132.266 2.071
-181.842 -153.156 36.935 1.877
-19.201 23.682 -57.388 1.946
148.293 144.824 79.674 2.051
-192.842 -156.907 97.689 2.013
39.655 -65.668 15.293 2.084
43.417 -56.193 -154.496 1.861
-38.482 -155.014 -85.737 1.863
35.338 139.666 31.602 1.972
-44.771 0.956 66.090 2.145
-120.821 128.414 -96.696 2.021
-130.427 10.830 25.111 2.081
-37.342 -17.223 85.092 2.074
-70.232 91.824 157.450 2.115
113.894 17.062 -171.519 1.986
219.562 -179.552 -9.965 2.005
106.389 94.058 -37.533 2.114
-117.969 73.441 105.124 1.878
-35.633 81.890 75.440 2.045
-203.623 -161.587 59.978 1.932
68.120 -50.705 147.899 2.011
157.471 -5.231 170.548 2.147
79.643 -97.355 178.793 2.125
-149.716 167.503 -95.582 1.902
66.975 -123.148 176.214 1.943
-73.821 151.981 -134.811 2.092
156.777 -115.556 -173.186 1.912
209.280 140.156 -112.712 2.084
-68.978 160.831 -21.347 1.965
-122.744 -184.862 -145.570 1.993
121.006 -59.830 -34.284 2.036
79.622 86.383 -10.836 1.924
67.433 -140.538 132.353 2.093
217.322 188.051 27.162 2.054
202.276 -67.579 191.894 2.028
3.980 175.042 -149.098 2.167
-155.597 -124.394 -1.893 2.038
-81.988 -125.330 60.113 2.076
-12.313 83.739 163.704 1.973
219.154 -102.601 20.000 1.849
158.668 101.919 -148.748 1.948
-84.560 -32.084 -18.041 2.118
216.162 77.975 -115.163 1.986
116.247 26.992 -145.859 1.875
-40.124 -167.654 158.857 1.884
183.181 12.141 -51.111 1.993
8.274 80.697 20.468 1.985
-32.506 177.809 169.967 1.971
-177.279 -126.533 136.051 1.992
52.943 67.048 -72.089 2.042
172.064 82.112 -125.996 1.931
-224.236 49.363 47.155 2.003
173.769 180.041 102.144 2.086
182.160 -163.656 30.522 2.062
68.550 174.580 -183.024 2.064
166.962 149.410 -26.049 2.133
148.753 0.342 192.355 1.826
-158.664 -111.241 -191.210 1.915
125.678 -115.439 118.000 1.759
-168.210 -185.976 100.994 1.919
129.880 21.632 -113.417 1.893
186.251 79.220 -130.045 1.803
126.486 129.145 107.199 1.985
100.917 122.591 -101.599 2.060
-133.631 -73.905 -169.693 1.971
-71.745 -131.725 44.100 1.771
72.848 -163.497 30.570 1.935
-204.699 109.364 -155.411 1.917
-4.443 -113.708 184.832 1.958
21.893 -80.002 -41.545 2.040
-25.232 26.169 32.416 2.168
-4.318 34.146 -142.296 1.976
-98.884 63.953 117.673 2.161
94.836 116.770 -51.272 2.107
-193.001 172.238 183.552 1.985
60.040 -185.554 -37.206 2.151
-145.289 102.229 -36.616 1.933
120.226 68.762 -177.020 2.076
189.454 -89.984 -86.172 2.085
67.576 141.413 -25.515 1.885
-26.017 -37.409 198.076 1.993
-162.804 120.203 -184.986 1.927
21.992 -114.933 26.090 1.858
192.505 58.736 -190.272 2.044
150.738 38.094 -45.237 1.965
-195.176 -75.002 13.562 2.026
170.285 19.614 -62.608 2.148
-25.196 6.159 117.423 1.980
34.001 -3.565 98.493 2.173
206.055 11.035 145.731 2.005
-202.275 -116.968 -98.103 1.980
-136.397 -153.357 -78.646 2.063
-16.345 -26.364 37.377 1.965
86.607 179.991 104.865 1.887
-107.679 -169.809 -173.506 2.043
94.369 112.486 42.690 2.050
199.708 -90.150 -86.538 1.821
-51.150 -34.799 104.432 1.948
142.613 159.809 73.581 1.792
93.486 128.788 196.114 1.920
138.208 15.260 -180.084 2.108
-22.104 45.152 49.936 1.987
192.251 -64.523 -8.160 1.947
131.071 36.633 -0.187 2.004
94.788 49.531 -54.777 1.905
0.758 -162.247 174.860 1.961
-28.163 -28.516 -196.425 1.959
-120.366 1.360 28.082 1.933
-127.069 -149.995 21.948 2.022
24.781 12.867 134.971 2.092
-92.889 19.523 -173.043 2.008
-127.241 -116.834 58.408 2.088
-52.237 26.556 127.318 1.813
61.299 21.717 -114.622 2.041
62.864 -73.805 48.175 2.061
109.264 116.238 195.966 2.246
64.895 -34.300 -58.573 1.986
172.952 -70.357 -19.813 2.173
-78.560 106.343 -78.270 2.098
-214.822 -82.264 172.850 2.034
-1.781 95.647 -22.042 2.025
169.327 -171.663 21.427 2.088
165.887 -28.822 -89.643 1.953
-104.190 -3.309 -193.471 2.068
83.543 118.335 -104.985 2.006
-160.130 -5.857 -67.710 2.009
131.582 -179.064 72.947 2.111
184.402 -146.125 -33.195 1.850
-128.779 -8.352 -170.492 2.193
-147.221 -39.163 122.672 1.932
-189.097 81.445 54.168 1.985
134.328 156.678 141.219 1.896
-217.379 88.361 -43.007 1.933
-120.278 -67.428 185.694 1.983
-30.537 4.003 79.286 2.002
210.877 46.588 -150.115 2.081
-138.000 94.556 -164.534 1.889
89.440 42.991 -11.797 1.853
93.072 -89.521 139.950 1.893
-220.710 31.585 -135.283 2.099
117.883 -95.390 -170.077 1.839
-39.421 18.830 34.346 1.822
134.699 -170.691 172.986 1.846
97.208 -74.012 111.573 1.896
45.941 -21.181 -55.249 1.982
-33.648 126.510 -144.433 2.113
-133.463 19.812 98.383 1.836
-214.178 -148.364 109.958 1.868
41.483 143.166 24.534 2.046
35.428 7.897 -124.446 1.949
-9.012 -84.650 -137.992 2.015
41.383 -114.463 190.098 1.973
-102.054 -64.713 58.100 1.974
99.926 -165.192 134.331 2.145
29.353 178.214 -108.662 2.125
-127.904 28.233 -53.729 1.856
48.170 74.080 -26.348 1.982
165.098 182.647 -189.543 1.899
94.074 186.568 -185.278 2.022
-42.664 177.398 -171.951 1.962
-198.892 12.591 148.369 1.831
-222.083 -120.450 -186.652 2.089
127.365 79.440 28.234 1.843
-31.685 167.022 -193.623 1.845
182.683 165.388 165.541 1.928
173.225 -113.082 -199.706 2.250
-212.756 48.624 60.529 2.070
84.418 94.535 -70.707 1.865
-159.762 152.536 -13.642 1.859
103.913 138.893 22.743 1.924
-50.656 17.835 -14.625 1.996
-189.066 -50.669 -160.655 2.012
181.931 8.136 -196.415 1.983
67.898 130.659 -23.828 2.141
-101.985 56.190 116.173 2.094
-186.836 45.568 52.291 1.977
89.007 -42.890 144.657 1.943
183.046 106.379 -199.613 1.916
6.857 140.474 -104.540 1.986
7.569 -149.091 35.411 2.057
-167.946 35.809 -124.072 2.127
198.043 176.904 193.603 2.021
-213.821 2.791 98.714 2.044
188.118 -16.104 84.289 1.986
-95.955 70.173 0.882 1.914
-124.546 96.797 4.836 2.153
-178.225 -56.541 167.285 1.794
-101.472 0.181 -94.913 1.942
-75.129 -33.600 -166.534 1.820
-45.183 130.638 -132.270 1.765
-185.883 92.306 -13.494 2.046
-57.775 -117.863 104.296 2.101
-185.804 -28.288 101.670 1.906
-56.290 38.286 109.061 2.174
-36.922 -103.633 -12.081 1.978
-168.322 62.700 20.324 2.030
26.118 148.053 16.006 2.166
214.821 140.749 147.904 2.043
46.936 103.705 118.469 2.010
59.820 -125.452 199.088 1.954
138.326 106.866 -144.171 1.904
-155.274 -139.049 46.387 2.139
-46.446 86.231 34.323 2.150
64.732 9.919 172.550 2.030
84.804 178.313 -25.206 2.033
29.213 -186.613 135.685 1.880
106.995 -150.491 111.592 2.084
-107.442 148.512 -86.469 1.984
123.496 134.423 -150.467 1.977
-124.553 -72.048 32.219 1.876
77.361 -116.386 -99.103 1.958
-119.041 -32.115 -116.223 1.822
195.122 -24.121 -54.616 2.036
-5.600 -109.074 193.612 1.964
-206.889 60.492 107.606 1.884
-39.008 -35.749 -9.116 1.824
-113.018 -73.005 -3.386 1.923
129.010 -181.345 162.213 1.803
-118.916 -70.932 72.504 1.986
111.795 -57.095 77.859 2.089
189.752 164.356 66.584 2.136
145.242 -6.199 -18.594 1.921
-202.047 -85.327 30.896 2.040
184.833 11.459 142.605 1.863
-136.021 -79.587 80.935 2.056
137.787 33.613 -179.288 2.033
151.218 105.413 -74.405 1.970
139.649 -4.736 -49.237 1.980
216.655 130.751 -33.735 1.960
-80.693 -53.034 -11.817 2.000
-120.349 -62.887 -115.476 2.060
-209.532 115.903 -76.046 2.087
-73.924 22.886 130.497 2.031
-62.383 -108.074 -93.404 2.060
-98.444 7.886 -191.042 2.010
-27.199 141.979 191.934 2.139
221.890 -64.580 134.232 1.904
156.834 9.297 166.479 1.885
113.840 114.534 -125.703 2.199
189.186 -162.631 -121.004 1.876
165.288 -2.176 42.664 2.043
-218.618 96.473 -121.937 1.948
138.658 -48.822 11.962 2.079
-7.585 -78.911 51.532 1.979
-136.534 -124.872 129.624 2.021
-108.761 -129.871 -56.175 2.128
-75.622 141.344 130.488 1.991
-57.083 68.829 -112.603 1.878
-111.894 -127.322 155.609 1.916
-161.840 69.564 -126.747 1.874
-3.810 101.976 -89.048 1.940
119.810 -137.555 155.541 1.855
-37.377 -3.416 -156.965 2.152
35.771 148.459 162.966 2.040
57.574 -142.555 196.252 2.111
189.713 39.964 22.550 1.886
-186.109 -103.528 -10.224 1.845
54.507 154.748 173.193 1.841
210.523 -35.763 66.489 2.044
110.988 89.364 -12.090 1.956
-48.179 -135.131 74.273 1.999
-82.721 -162.757 21.254 1.994
-33.484 -174.755 88.843 1.943
75.564 160.049 -25.868 1.855
-24.715 -184.018 157.212 1.845
30.998 -74.524 -129.663 2.028
-24.091 -127.483 161.667 1.928
184.593 -98.151 -186.021 2.037
95.128 6.464 161.513 1.866
-24.320 -37.331 -48.763 1.787
-18.044 37.065 -178.190 1.991
-123.889 -129.078 40.820 1.933
-153.613 119.165 56.084 1.955
206.590 118.096 7.462 2.159
-218.774 -165.800 -92.624 2.012
161.288 169.026 -111.309 1.911
-139.788 -168.864 126.561 1.951
192.532 140.608 120.676 2.046
95.103 27.477 -29.183 2.061
-112.791 -142.732 -91.870 2.007
166.131 -154.173 -77.578 1.938
128.116 -163.249 -103.383 2.049
-174.895 -101.862 163.269 1.968
-203.728 -66.002 -140.493 1.849
-186.877 92.031 -50.499 2.002
211.837 159.305 46.239 1.915
81.689 42.263 128.365 1.973
158.161 182.443 97.044 2.074
194.342 86.686 -132.842 2.018
-136.334 -85.779 -117.339 1.988
115.980 -113.601 197.553 1.992
-144.084 -9.653 -193.851 1.943
207.641 -39.849 90.289 1.913
-41.489 45.907 188.598 2.103
196.527 92.848 -173.933 2.006
-96.359 149.781 150.525 2.072
-209.060 136.757 144.557 2.006
210.336 -120.337 99.945 2.089
146.398 -4.799 85.934 2.025
-219.499 174.724 -11.157 1.880
202.090 164.857 -26.125 1.943
-144.052 -180.319 61.961 2.021
-113.110 98.343 -99.180 1.933
-130.235 164.742 -72.844 2.047
-197.856 -166.124 145.480 1.955
-200.727 -112.388 165.574 1.832
113.119 138.909 164.652 2.114
77.238 -148.675 98.245 2.092
22.712 106.445 33.477 1.830
-74.199 -24.172 -156.850 2.040
173.996 -125.298 -125.976 1.904
-61.005 -57.780 -48.727 2.046
-74.926 -15.619 183.418 1.966
51.178 15.014 -144.131 2.005
106.570 -121.049 -95.468 1.830
96.758 77.478 -110.170 1.952
186.150 153.853 49.845 2.142
-167.406 -24.247 33.615 1.862
78.617 -161.331 -74.507 1.916
143.218 -109.849 -13.536 1.960
100.990 88.208 96.679 2.002
151.781 70.839 150.796 1.889
-223.423 -150.255 99.755 1.953
-56.838 -181.706 105.559 1.953
65.217 133.563 -191.391 2.060
214.774 177.720 190.105 1.951
224.764 100.373 -61.864 1.991
15.259 -54.787 -105.557 1.948
45.184 168.337 -100.027 1.987
1.487 158.523 2.387 2.003
-112.430 -100.083 0.163 2.040
-24.947 88.583 -85.451 2.104
153.675 135.679 58.280 1.873
99.012 69.999 -158.350 1.850
-68.712 81.209 -34.216 1.925
-89.521 110.056 83.492 2.086
144.862 -96.537 -1.278 1.925
-171.919 -138.294 138.819 2.120
-188.419 -34.861 120.642 2.279
-46.151 -135.620 175.235 1.995
107.847 136.079 -51.805 1.975
-188.249 -146.486 -117.601 2.025
63.761 10.665 -70.938 2.007
193.616 72.347 -88.994 1.999
-65.257 149.852 -59.099 1.912
-100.818 31.494 61.751 1.864
168.687 -74.889 6.137 1.966
-208.015 106.971 -32.003 2.039
174.223 -170.955 131.184 2.039
5.777 -25.972 -129.735 1.875
61.315 -85.570 -156.053 1.962
106.210 177.267 -19.821 1.918
116.597 112.441 131.864 2.165
104.876 -40.990 71.152 1.970
-203.861 156.362 -139.018 2.078
-13.750 -54.384 -126.024 2.001
-26.121 1.947 126.655 2.068
-120.927 -11.794 48.269 1.931
-16.617 -137.640 56.062 2.055
66.684 41.298 174.095 1.970
-196.753 85.955 150.017 2.115
-78.187 78.246 117.880 2.068
-16.239 -96.501 87.012 1.833
76.041 -48.614 -20.163 2.134
-131.563 88.859 70.811 1.852
-202.465 75.213 -101.628 2.013
181.661 57.886 -158.576 2.075
-96.034 -72.317 -166.242 1.903
-146.409 -51.424 184.726 2.114
-153.211 68.544 199.193 2.012
50.799 58.154 -8.371 1.890
41.130 137.653 -76.021 1.982
33.376 119.127 -147.642 1.991
-183.600 22.339 -138.521 2.009
-10.921 -161.157 -42.939 1.846
97.722 30.927 156.204 2.104
-220.537 55.402 -159.810 2.100
-101.860 -83.047 136.287 1.883
-159.619 -152.144 169.559 1.845
-145.388 97.103 91.790 2.031
209.511 182.562 -1.898 2.022
208.199 33.193 121.635 2.044
54.008 38.138 -110.661 1.894
-217.876 122.123 -23.978 2.077
178.884 180.616 5.774 2.000
102.026 -38.272 -80.976 2.079
207.751 -46.622 114.005 2.042
212.742 55.769 23.669 2.019
134.916 -21.604 -197.658 2.238
132.240 58.597 66.404 1.973
114.666 -156.651 -141.039 2.219
18.311 -6.392 67.135 1.930
-73.988 88.457 88.271 2.048
134.059 76.755 158.306 2.071
-110.584 -82.271 -11.441 1.920
-1.410 -172.283 27.162 1.822
-73.265 113.684 -133.454 1.961
-11.721 39.909 149.425 2.154
72.433 73.012 76.281 2.014
22.658 -49.468 -183.519 1.992
130.479 97.785 -196.972 2.031
141.241 139.009 124.707 1.888
142.168 -1.352 166.284 2.128
-38.807 -172.799 -131.558 1.913
65.655 59.876 -36.176 1.680
-101.585 79.897 -199.337 1.876
-92.272 -58.919 187.211 1.869
187.180 103.238 151.198 1.896
57.541 129.365 108.905 1.927
160.506 144.709 -163.930 1.960
-35.482 163.092 -116.907 2.012
-204.555 -102.683 -191.983 1.892
76.849 96.922 23.296 2.005
-107.869 -103.603 -160.570 2.018
-132.914 51.475 -188.004 2.028
74.686 48.561 179.428 2.101
-108.153 -168.870 74.309 2.080
-98.919 98.758 -100.200 2.047
175.891 110.713 25.686 1.792
48.451 44.776 -113.296 1.840
169.958 -102.062 -145.925 1.824
154.759 -23.966 -170.413 1.924
197.432 -120.266 -182.237 1.924
-122.044 -156.807 -117.202 2.020
-35.007 -181.348 119.290 1.961
176.707 39.653 -91.504 1.997
-44.665 105.810 -54.453 2.099
-184.403 84.928 71.662 2.017
-143.831 118.318 101.540 1.862
-29.451 -167.761 -77.327 1.967
16.687 36.596 -32.917 1.898
-140.234 41.409 15.766 1.963
66.626 154.644 -11.944 2.157
-156.511 181.790 36.676 1.932
40.408 122.928 126.073 2.011
4.213 182.127 105.756 2.033
184.274 165.267 -106.505 2.070
142.414 136.909 -63.175 2.106
153.529 137.262 -113.633 1.869
-203.095 -19.517 -167.226 1.988
105.589 -53.094 -175.195 2.046
82.493 0.968 154.332 2.016
-165.540 -139.595 -4.945 1.889
-198.010 87.372 185.160 1.972
-181.566 -70.052 -25.528 2.186
106.362 -163.562 70.948 1.831
115.266 -171.910 -126.309 2.002
162.897 -163.628 154.265 2.103
-218.995 22.242 75.800 2.006
114.030 161.537 -161.870 2.244
-4.293 15.759 78.896 2.086
-139.709 77.796 17.532 1.927
-185.868 122.600 89.992 2.029
-194.060 -41.135 41.347 1.986
95.817 146.984 161.713 1.933
185.957 -100.858 -80.560 2.036
-202.456 181.535 -74.413 2.099
-222.486 66.822 127.490 2.102
-33.853 -89.073 -183.521 1.946
20.841 18.201 -45.939 1.972
178.008 -64.832 8.277 1.674
-10.696 -158.689 -175.316 2.215
-106.927 -3.093 -12.878 2.074
204.089 62.024 -73.732 1.981
-104.232 127.247 -170.911 2.015
207.082 -3.011 107.288 2.048
207.205 106.508 181.364 2.149
-91.226 -153.057 156.988 1.828
-20.215 64.786 -17.359 2.082
19.144 -154.383 -25.105 2.173
-123.804 33.923 151.143 2.100
-180.622 -134.108 124.901 2.190
-203.495 -48.398 -183.874 2.081
33.005 78.388 115.865 2.053
-153.172 42.095 86.008 2.104
33.330 -167.683 -64.797 1.920
157.645 -39.671 101.039 1.886
64.977 36.550 159.816 2.070
166.533 -80.046 31.777 2.181
-73.123 170.407 59.420 1.965
-62.669 -34.849 155.847 2.116
79.487 161.713 57.901 1.953
133.502 48.454 -124.961 2.006
-71.642 77.575 -38.124 2.066
104.828 36.191 -94.541 1.952
-123.186 93.157 -52.958 1.928
20.529 -165.799 -79.963 2.005
215.272 41.282 90.021 2.231
212.571 183.030 145.840 1.987
28.004 -121.491 40.056 2.314
208.376 -125.537 3.211 1.945
-147.437 172.773 30.711 1.988
-156.448 -106.657 -85.533 2.099
-145.862 178.737 -49.659 1.945
-218.345 109.158 -72.785 1.971
-55.168 26.503 -135.754 1.855
187.783 105.848 -112.244 2.007
-55.879 184.056 19.595 2.008
2.574 -100.006 -188.212 2.036
-146.286 -156.189 -156.475 2.130
-160.842 -63.100 -85.366 1.966
-161.158 -79.683 38.241 2.018
223.968 -157.521 113.187 2.110
175.420 122.537 -158.589 2.213
8.684 -24.316 180.700 2.064
-180.206 -24.872 56.166 1.879
204.673 5.688 31.754 2.050
-5.327 -176.664 -53.614 2.122
-117.428 40.347 -29.470 1.975
-137.976 -130.343 -70.679 1.980
-24.663 -188.631 -0.078 2.055
182.140 -106.282 -66.195 1.975
-64.003 183.985 81.295 1.984
-137.529 121.988 -131.007 1.834
166.113 -90.071 44.631 1.990
96.390 -25.923 48.903 1.651
191.407 129.955 -151.593 1.798
184.470 -168.576 118.736 2.042
86.902 178.046 -42.509 2.041
207.769 55.843 161.005 1.865
-27.820 92.830 116.803 1.973
175.122 162.439 19.350 1.829
-40.598 3.353 63.397 1.854
139.041 -156.818 147.767 2.075
-5.739 30.637 172.494 1.977
-197.638 -47.883 60.036 2.001
117.168 -58.321 71.172 2.012
167.301 -56.336 107.738 2.103
-39.780 177.370 103.247 1.960
153.002 -74.819 49.796 2.003
192.903 57.814 82.820 1.943
97.954 -41.925 -5.443 2.037
-15.758 61.953 187.068 1.935
-101.387 -58.645 6.277 1.999
0.892 42.942 -90.004 2.222
-175.229 181.706 -120.443 1.895
-224.007 -115.028 124.371 1.811
46.675 -174.170 -5.747 1.952
-197.975 -55.784 139.032 2.028
-102.289 -156.670 -104.957 1.882
189.783 -129.691 18.475 2.070
36.244 -121.700 1.782 2.110
213.187 -160.948 176.944 1.926
-13.726 -32.070 136.239 1.981
174.249 80.258 -1.556 2.023
-84.031 -116.988 15.338 1.984
-216.791 15.320 86.584 2.147
165.896 172.843 93.919 1.881
-80.267 -30.210 -79.617 2.158
-206.254 -86.083 74.535 1.998
-28.341 -176.164 147.745 2.103
14.012 -180.033 128.662 2.017
-141.500 138.266 -113.728 1.956
-104.066 50.955 138.432 2.191
29.529 184.833 -49.701 2.101
-167.625 80.290 -101.591 2.119
-136.011 37.064 -41.586 2.014
-21.247 -180.980 -68.260 2.139
-0.057 -73.769 106.372 2.087
-4.507 -20.039 -160.117 1.717
184.223 -39.534 -3.782 2.171
-217.615 21.331 -10.045 2.026
84.898 166.946 -143.227 2.091
84.377 -92.407 -99.963 1.904
-2.504 104.415 194.239 1.892
-127.317 132.413 -152.148 1.921
68.195 6.292 -174.067 1.859
61.658 -135.607 -79.378 1.947
-146.667 189.019 51.901 2.003
-49.632 -185.205 51.769 1.997
-146.719 1.419 130.771 1.850
-73.768 -88.040 -131.717 1.975
-119.585 23.095 -60.899 1.929
144.518 -29.387 17.923 2.065
-87.076 -124.888 -186.901 1.952
-19.400 70.960 150.533 1.802
90.502 -152.431 143.826 1.938
-152.309 -104.556 -45.369 2.003
-37.935 18.671 52.142 2.228
-43.579 -20.594 -101.200 2.068
55.193 -189.896 -146.532 1.999
153.861 -62.613 35.027 2.091
-203.482 -149.256 12.013 1.915
15.216 88.627 19.774 2.040
212.225 -3.848 8.594 1.978
-48.253 65.730 37.159 1.832
-140.328 -109.510 23.725 1.959
-204.230 -144.017 149.016 1.991
223.454 66.055 -80.835 1.867
-57.907 14.346 151.285 2.004
132.874 26.041 -4.790 2.114
-178.832 16.709 31.451 2.115
188.878 -2.157 -82.545 2.167
211.950 22.839 -178.565 2.035
-106.746 115.057 53.052 1.829
-204.459 4.857 -140.693 1.926
-180.375 64.105 -99.457 1.988
176.019 127.539 159.419 1.865
-97.712 187.124 -48.643 2.050
19.262 -124.193 -95.761 2.043
-159.973 133.129 178.531 1.902
47.757 -36.744 -166.899 2.095
197.506 92.827 51.927 1.890
105.627 -139.016 -48.181 2.026
14.375 70.427 -59.406 2.040
146.549 85.978 -77.660 1.905
63.008 -69.840 -118.990 2.130
90.784 -173.721 105.120 1.968
42.140 73.220 -186.412 1.777
185.550 -44.788 142.826 2.138
-69.415 54.305 30.815 2.127
30.132 -72.938 129.905 2.089
183.809 -40.369 -90.868 2.026
-120.593 170.878 -57.116 2.025
127.195 8.008 -196.801 1.940
220.935 101.703 140.570 2.059
108.115 -107.014 -122.182 2.104
191.818 -105.162 -146.439 1.911
87.237 -51.066 6.415 1.901
-217.334 43.696 105.335 2.194
141.130 -47.529 37.184 2.072
118.848 73.742 -37.890 2.052
-163.987 -117.296 60.610 1.883
-185.019 134.091 196.599 2.156
-181.161 88.157 117.826 1.879
114.669 131.660 -14.115 1.939
-38.443 -98.793 -12.310 2.017
-82.350 87.529 105.134 2.263
-193.443 37.739 -63.318 1.942
130.041 -41.847 46.503 1.986
12.559 94.562 -42.002 1.931
-39.526 63.964 -193.698 2.004
86.873 42.171 78.261 1.928
-221.383 62.978 -45.167 2.028
-197.751 -32.691 -8.997 2.014
-76.649 187.829 82.655 1.999
-17.583 -79.457 145.625 1.970
161.834 -30.273 -84.005 2.148
-189.157 160.060 -154.621 2.074
-31.632 -12.835 -192.941 2.015
5.683 147.982 166.731 1.933
6.981 -164.448 -141.862 2.012
-64.441 137.882 -113.184 1.911
180.195 28.662 88.923 2.094
108.870 -146.342 70.786 2.004
-182.287 139.735 0.999 2.030
94.608 -155.226 -66.658 2.096
-88.257 111.369 -176.186 1.976
137.135 135.476 40.089 1.925
106.363 56.199 -56.318 1.849
-189.491 -56.714 -195.821 2.159
11.513 112.427 -101.286 1.843
25.515 -78.541 -65.761 1.885
70.791 19.990 14.834 2.151
169.923 135.349 -84.671 2.100
-63.340 174.177 -115.693 1.961
-17.663 107.521 168.426 1.912
152.666 -151.145 100.240 2.117
106.446 18.326 169.354 1.976
178.309 35.095 -86.294 2.119
83.583 -20.099 -27.748 2.135
29.719 61.006 70.750 2.039
-32.691 -117.137 -134.851 2.038
97.220 -53.109 15.318 2.034
103.885 3.894 -34.628 2.027
-84.306 -111.375 152.061 1.825
100.565 58.212 144.292 1.823
146.487 -38.368 -163.624 2.115
162.128 -161.941 131.697 2.002
124.121 -4.539 145.459 2.008
-197.013 -2.328 -89.912 1.975
50.273 93.597 -22.079 1.919
10.276 -46.022 169.585 2.129
181.729 -98.774 145.411 2.176
-31.775 -12.656 90.437 2.068
211.022 167.538 78.756 2.068
-30.181 -22.789 187.289 1.944
52.207 137.579 -197.719 2.002
-177.418 78.584 149.054 2.100
77.562 14.544 -164.154 2.097
-4.192 40.645 48.022 1.969
187.824 41.565 -71.578 2.155
16.374 -89.453 -134.439 2.090
-141.083 -163.704 142.984 2.048
-92.279 -176.530 20.038 1.929
156.418 -61.099 4.662 1.948
-134.043 -141.038 -40.428 2.029
69.552 -169.575 -169.120 2.043
208.719 -122.652 68.403 1.870
-143.891 -104.088 148.607 2.000
139.396 -155.868 -28.202 1.892
116.984 -134.292 100.621 1.931
-158.116 -119.497 57.365 1.948
-56.392 -172.215 75.725 1.932
148.257 83.575 103.154 2.103
-75.869 100.075 -97.570 1.988
85.917 -109.136 -195.786 1.907
114.751 62.109 -192.556 1.932
14.568 75.376 116.355 1.991
-200.999 12.081 -51.682 2.111
-40.286 -171.741 -190.325 2.028
68.957 168.550 170.030 2.059
120.012 -42.747 -134.174 1.934
-142.638 131.218 127.322 1.851
91.867 -178.637 154.315 2.075
-160.101 -72.495 -0.721 1.958
-137.418 -116.978 53.578 2.030
76.671 7.381 65.994 2.061
-203.708 144.381 -60.813 2.168
34.876 80.565 77.575 1.815
162.083 88.258 -117.385 1.804
-162.644 -43.028 180.681 1.975
59.772 -11.611 -118.872 2.074
198.340 -5.740 155.725 1.923
156.245 -58.757 -58.460 1.986
-16.873 -180.332 -139.996 2.194
-221.859 -121.775 -195.120 1.930
-57.214 -59.294 -30.126 2.090
190.577 160.109 -12.344 1.936
-5.513 -182.420 -114.684 1.822
-209.646 54.387 83.361 2.023
156.221 128.452 -193.801 2.104
-119.618 -39.155 52.067 1.915
85.952 122.858 174.700 1.981
-189.997 -136.099 -155.068 1.955
-209.220 53.558 73.902 1.978
80.644 -87.313 -127.689 1.866
-63.782 -116.465 177.000 1.890
127.007 -147.368 174.656 2.172
145.953 133.226 99.371 1.959
-33.081 0.220 -60.541 2.143
170.579 -125.501 -151.463 2.044
45.922 138.591 -182.808 1.921
59.149 90.926 -83.894 1.803
124.105 52.813 26.021 2.207
104.670 160.176 145.724 1.955
-7.622 20.571 63.160 2.000
7.532 155.976 36.611 2.049
-186.105 -25.014 114.116 1.970
-160.633 -177.873 -173.348 1.904
120.843 45.749 -20.418 1.674
-109.242 -82.378 -93.073 1.989
183.033 31.518 141.132 1.978
80.789 -152.011 -86.069 1.917
-133.391 -99.924 -28.527 2.050
81.614 -157.710 -113.028 1.980
166.845 -167.450 25.823 1.992
202.124 81.592 98.783 2.090
-12.293 -105.844 171.724 1.994
61.417 -140.272 -174.233 1.914
-162.448 -34.429 85.713 1.700
201.246 -134.359 193.447 1.895
6.057 -27.262 -121.469 1.991
-81.005 74.712 151.960 2.000
-103.546 -40.606 -132.373 2.064
-39.133 128.269 114.012 2.081
-202.995 -151.113 118.624 1.846
-128.102 -173.405 -124.661 2.005
-57.414 -93.136 141.617 1.708
137.117 -98.477 185.663 1.979
-83.187 -129.024 -37.463 1.782
131.487 123.388 184.189 1.883
214.224 2.702 45.518 2.005
108.382 180.581 20.046 2.087
203.741 148.246 -22.457 2.047
-3.113 -174.030 26.117 1.940
-120.606 182.051 10.158 2.003
-36.976 -170.222 164.429 2.057
-31.084 -52.430 -176.741 1.889
65.992 -5.681 84.613 2.099
72.921 -179.992 172.267 2.048
-124.826 -161.030 -81.801 1.929
192.972 -86.041 69.979 2.006
-182.112 -113.502 50.173 2.030
-172.607 -103.794 112.584 1.998
135.818 -50.759 87.624 1.940
135.561 -137.959 -139.994 2.112
-156.109 97.588 140.734 2.164
-103.234 91.298 -198.255 2.020
122.964 9.124 -33.285 1.940
89.221 -6.394 34.630 1.996
-187.530 157.832 152.272 1.924
-65.862 -153.316 -164.249 2.045
-72.316 -98.538 -126.234 1.977
-219.932 177.451 39.919 2.247
153.431 -143.284 114.921 1.974
77.295 -166.852 -84.474 1.858
32.572 159.141 -177.451 1.976
-4.455 93.961 138.845 1.960
-19.728 18.470 112.634 1.960
198.536 -105.951 -113.263 2.029
195.372 -84.561 105.207 2.073
105.813 -119.333 98.718 1.813
-158.048 -44.396 10.571 1.819
171.748 -99.531 -146.610 1.948
-11.175 117.550 197.868 2.080
210.190 40.835 20.758 1.963
-143.439 158.761 -181.979 1.967
-24.087 59.389 195.390 1.974
115.535 -32.893 -86.691 1.735
-222.105 -116.692 59.851 2.002
182.241 -28.844 -114.219 2.030
67.608 185.733 -16.859 1.946
-188.651 -61.497 102.562 1.961
-144.932 -30.508 -18.667 1.915
-114.397 -24.719 -2.162 2.029
-205.940 104.787 -40.096 2.017
189.067 10.046 171.958 2.033
-100.863 109.922 51.853 2.023
191.093 69.549 -159.074 2.028
167.893 174.828 17.973 1.849
-52.421 -32.104 -39.192 1.935
-11.976 17.513 -58.924 1.807
-173.589 -98.906 -16.138 2.268
219.005 136.948 7.826 1.895
47.456 -132.633 147.525 2.016
19.003 -144.086 -58.339 1.845
-184.190 130.391 176.959 2.001
-8.177 -19.958 -47.068 1.932
-28.417 162.704 -36.639 1.915
22.874 -79.519 32.832 2.009
-54.929 15.476 156.015 2.041
90.611 3.334 -67.562 1.986
38.882 38.412 -178.165 2.087
45.267 63.169 -31.929 2.097
159.659 -104.961 120.372 1.878
122.794 163.987 104.361 1.982
-141.095 -93.881 -186.243 1.873
-14.503 -159.410 168.717 1.893
-17.909 -31.711 138.502 1.917
-98.081 128.791 183.664 2.030
107.892 25.295 -181.281 1.890
-2.948 -101.283 195.993 2.133
0.012 93.675 7.910 1.923
-116.665 -81.803 12.463 2.073
91.477 -140.944 -16.763 1.916
-198.211 90.659 138.597 2.106
131.489 161.582 44.155 1.904
-107.744 -84.636 -128.901 1.986
-89.983 35.096 35.580 1.915
-192.364 35.421 -138.919 1.980
-35.977 27.687 -190.839 2.073
-43.455 51.239 13.512 2.077
177.634 -127.564 -161.675 1.913
-180.643 -55.512 146.533 1.914
44.786 -2.234 86.122 1.991
102.992 56.538 26.021 2.207
-25.318 -89.007 39.885 2.104
213.218 136.893 -36.383 2.014
151.370 -113.453 163.458 1.901
-216.935 174.164 -160.258 1.901
47.105 -66.080 -175.268 1.904
62.158 73.672 -7.278 2.213
55.054 50.308 -64.339 1.945
-151.720 -184.231 184.445 1.919
-163.578 173.215 150.338 2.031
