130.620 -92.436 -73.487 1.989
35.014 119.724 185.841 2.065
-207.652 68.205 -4.699 1.944
54.320 12.476 -123.566 1.842
-179.218 182.516 -12.257 1.664
130.975 25.146 -99.833 1.918
-186.850 -137.927 183.566 2.067
167.928 -129.642 114.018 1.892
-101.451 -97.369 -134.978 2.016
55.553 -32.767 -167.757 2.031
-143.692 73.916 -196.218 2.037
146.312 163.953 93.850 1.856
-106.892 136.022 196.464 1.917
75.297 19.687 167.829 1.814
-210.173 -84.309 59.834 2.133
77.232 144.371 55.994 1.990
-95.543 91.610 -143.466 1.995
-209.216 47.122 -199.522 1.984
35.334 -15.998 -116.650 1.905
-107.084 -40.986 64.803 2.084
-19.240 39.126 127.456 2.121
69.087 -77.114 -177.723 2.118
-102.953 139.037 -86.323 2.055
131.234 3.120 174.886 2.213
39.320 -67.393 -68.826 2.057
-147.902 10.521 117.307 1.927
210.153 28.547 -151.246 2.007
53.834 61.734 -124.381 1.941
-190.261 69.037 -118.891 2.073
-123.212 68.294 -81.822 2.007
40.771 -121.950 -27.026 2.099
-55.871 113.032 102.971 1.871
110.375 -5.239 -159.648 2.081
-209.377 -181.819 -61.265 2.082
-12.603 175.064 171.907 1.929
89.473 -147.938 185.951 1.904
-171.530 -45.814 162.849 1.979
127.112 15.624 144.024 2.056
-178.298 78.868 -114.092 2.171
172.374 62.561 -170.830 1.982
198.845 -139.710 24.910 1.893
123.897 -30.167 -83.470 2.099
104.804 84.186 132.489 2.121
-168.445 78.936 -183.759 2.020
131.179 -157.499 -127.643 2.035
-104.871 -26.160 -150.168 2.041
110.630 -176.166 -148.909 2.018
132.631 165.269 184.986 1.998
-27.076 29.766 188.240 1.951
118.159 -174.472 -140.632 2.017
-220.084 -146.371 117.166 1.747
-191.632 -138.940 16.148 2.038
-86.746 -106.929 191.449 2.115
-133.244 137.599 -156.967 1.978
-182.813 -22.062 142.491 2.122
-171.218 43.527 -77.599 2.014
121.554 -50.121 -151.250 1.946
-31.941 184.957 -44.850 1.993
-165.287 17.407 -15.514 2.293
98.214 153.141 -197.650 1.895
152.421 19.295 -70.315 2.075
138.100 -40.893 141.365 2.041
-129.965 -132.468 -126.686 2.122
206.830 120.975 -89.404 2.046
-173.922 -29.195 41.023 2.027
174.956 -121.356 134.886 2.070
182.970 82.653 -149.238 1.988
-59.359 -120.812 -197.602 2.174
-175.890 -24.669 -111.058 2.112
163.860 108.008 71.587 1.946
-217.375 2.865 -165.616 2.079
216.751 -60.967 -47.969 2.050
-61.397 114.229 -165.222 2.102
-49.055 -38.059 -92.374 1.919
32.182 -158.545 -146.597 2.039
186.491 127.135 -44.943 2.055
0.659 146.149 -90.755 1.946
60.608 183.100 138.247 1.985
105.905 128.168 -121.721 1.907
73.856 -46.440 -132.473 1.919
-22.293 -163.243 -70.984 2.074
127.977 1.547 45.749 1.899
174.781 153.332 83.260 2.061
56.744 61.764 -120.503 1.933
213.116 -68.617 100.842 2.012
-94.615 -101.877 -79.137 1.987
-34.310 -115.187 -128.150 2.247
-196.425 57.917 -141.839 2.229
-69.480 149.923 -111.530 2.095
150.417 -101.852 -14.075 2.068
-64.566 -70.076 25.784 2.187
-66.420 84.878 118.385 2.170
128.982 -47.552 142.185 2.094
-147.276 98.855 120.941 1.796
-94.354 -33.366 -120.353 2.000
-8.468 -9.766 105.185 1.901
-55.039 138.018 -6.026 1.993
-119.657 136.585 170.840 2.069
46.352 -170.413 49.234 2.079
-188.403 -20.838 -113.571 2.029
101.062 -0.469 -26.479 1.955
187.192 -23.603 144.008 1.918
-57.788 186.009 119.285 1.993
17.048 35.075 13.637 1.917
-100.077 170.368 130.452 1.874
195.863 6.929 64.398 1.949
214.518 66.107 -175.247 2.021
205.492 -155.502 191.011 2.018
97.659 82.032 114.011 2.106
-151.606 76.252 186.816 1.947
-96.867 166.001 198.515 2.199
-56.641 110.972 -185.347 1.880
130.592 -43.233 -150.057 1.875
204.702 165.005 150.721 1.729
-193.613 -120.149 0.587 2.144
-128.701 -114.888 -109.930 1.936
-44.592 -51.692 169.600 1.983
-4.073 -74.069 -84.503 1.963
155.038 122.340 149.920 1.944
8.170 8.181 -110.981 1.962
-104.023 -8.523 -107.626 1.756
77.996 66.092 -95.590 2.086
109.900 -67.569 -72.149 1.845
-35.060 57.207 -86.998 1.958
102.006 -137.197 42.433 2.120
223.816 -132.257 68.271 1.979
-113.600 -58.229 -132.072 1.858
-203.708 -113.957 -69.853 1.925
145.262 -133.361 196.961 2.071
165.341 37.419 64.887 1.949
-34.127 -6.052 81.488 1.949
-81.857 -131.063 -54.546 2.059
-182.878 87.281 187.930 1.919
-205.612 33.636 80.449 2.189
92.164 -142.673 2.920 2.072
24.421 -124.689 174.370 2.134
151.123 -186.944 -147.596 2.044
35.414 37.710 -49.545 2.172
-102.186 57.067 138.581 2.015
-107.881 -149.721 -57.523 1.914
56.984 100.767 -73.230 2.149
-118.351 23.105 174.153 1.833
61.551 -189.041 -54.420 2.119
175.184 82.373 -171.538 2.040
-202.405 123.699 13.745 1.984
197.678 108.229 199.421 1.927
15.453 165.882 -178.359 1.889
37.137 -31.164 141.722 2.012
4.992 -154.124 75.203 1.994
56.119 -62.187 194.177 2.084
-27.854 -46.389 130.145 2.070
-114.295 -109.601 -76.414 2.080
-121.035 168.290 -139.592 1.886
222.587 -153.873 -127.247 2.074
-100.109 108.017 43.192 2.038
194.140 -175.674 -77.947 2.006
121.636 134.187 -25.365 2.209
-153.774 -92.022 66.775 1.775
-40.515 104.012 30.032 1.936
179.379 -181.165 2.728 1.986
-114.433 -76.515 -113.602 2.039
133.447 25.851 86.261 2.136
128.143 -186.944 10.872 1.884
-176.412 105.383 97.142 1.908
-160.694 -64.545 -64.397 1.983
61.829 79.640 -174.115 1.949
-69.355 175.972 111.457 1.844
164.195 122.582 138.088 2.102
-22.671 -6.886 -56.856 1.956
-5.691 110.357 -97.269 2.115
24.722 -158.714 -43.237 1.883
-93.141 147.514 -102.538 1.924
135.945 -69.113 162.522 1.944
-10.796 -107.209 -18.304 1.942
-209.849 -179.051 74.668 2.192
-168.326 61.370 122.997 1.995
199.508 -23.712 153.631 2.011
-25.336 165.231 125.139 1.947
92.879 23.854 153.476 1.866
-188.534 1.468 144.263 1.988
-209.967 54.200 -186.664 2.002
-105.754 188.598 35.168 1.871
94.706 -38.665 159.407 2.013
147.388 54.201 19.287 2.086
-167.812 -82.249 102.835 2.109
138.881 -2.861 -92.920 2.093
-58.312 -177.151 -6.838 1.941
-153.487 87.898 29.504 1.902
202.333 83.238 169.283 1.802
-106.381 -153.238 -45.873 2.141
207.976 -186.148 -13.184 2.076
-109.106 -51.497 -195.046 2.040
142.223 -132.235 -140.314 2.203
-209.046 -48.990 39.000 2.135
-84.492 -20.683 -9.474 2.086
60.424 -123.723 145.359 1.945
-85.178 157.207 -84.751 1.891
206.478 -81.047 -13.808 1.954
-61.607 -16.465 167.282 2.217
-101.087 17.828 -46.709 1.905
-19.565 32.036 -12.903 1.883
-156.709 85.680 -86.367 1.937
153.300 142.295 -121.768 2.034
-61.495 37.782 -163.131 2.031
140.903 125.043 73.564 1.939
-167.058 12.379 18.188 1.824
141.377 -41.937 -178.984 2.042
-176.526 104.523 142.858 1.919
199.110 -49.114 -131.982 1.929
109.527 -126.717 43.349 2.156
133.399 7.078 -63.479 1.899
-111.500 142.342 -139.722 1.844
120.774 -4.350 -8.876 2.160
195.097 34.280 -113.064 1.831
-96.282 27.167 134.042 1.929
-85.451 -163.680 -160.441 2.143
53.253 -80.849 159.403 2.042
-136.931 9.761 133.329 1.989
-96.304 -109.427 -153.089 1.997
-0.891 141.270 -140.585 1.889
-7.618 -23.267 81.056 2.069
37.188 -142.025 -149.256 2.164
-184.459 21.515 29.682 2.280
10.736 -13.880 -56.422 2.005
-70.600 171.337 -197.491 1.930
-11.949 -47.892 -74.705 2.124
-79.567 102.320 -47.514 2.110
-176.226 131.622 -74.524 1.983
-102.076 24.383 -180.068 1.892
-201.221 88.502 -92.661 1.949
-31.757 -61.514 -63.681 1.868
-185.315 -107.983 -102.063 1.997
56.372 112.388 -79.755 1.967
-119.342 78.673 180.964 1.991
-18.732 178.664 158.031 1.989
-137.166 -78.809 -41.371 2.041
134.178 -18.166 99.657 2.046
88.270 157.949 -68.095 2.184
-145.670 -61.431 21.507 1.943
-145.453 -117.851 57.116 1.811
-21.340 128.244 13.641 2.134
-171.671 -182.872 -80.712 1.957
-216.865 34.666 109.694 2.048
-210.587 -73.961 167.493 1.991
-56.562 72.670 -22.757 2.056
159.932 -174.753 153.695 1.915
-74.039 80.892 -58.357 1.922
209.237 -58.130 -56.521 1.982
196.371 -158.669 168.380 1.984
-150.057 59.770 178.633 2.065
-64.393 137.228 -191.888 1.989
-118.343 37.366 59.685 1.982
-102.768 128.757 -71.957 1.995
-162.274 12.168 198.484 2.041
-187.145 -107.762 -1.472 1.974
-17.587 67.785 -147.945 1.881
50.311 -178.576 97.388 1.871
65.053 76.446 12.306 1.907
-128.558 -154.304 -25.446 2.024
183.475 139.731 -11.182 1.959
184.526 -148.348 -52.145 2.137
-18.947 -163.871 131.842 2.072
-13.846 170.624 -139.686 2.032
-175.520 -22.850 164.997 1.991
-70.101 -151.169 2.461 1.757
-54.612 119.447 -29.190 2.078
-40.334 63.494 192.474 1.957
-66.317 -45.157 49.230 2.013
174.197 -35.060 -181.558 2.116
-19.427 -125.084 -27.945 2.182
181.497 148.274 -71.631 2.159
-205.238 -20.844 59.783 2.105
-122.086 6.609 -41.699 2.088
218.982 -33.177 -47.427 1.949
103.121 -5.271 -145.460 1.914
-160.032 -186.503 11.904 2.006
-78.411 -150.099 -10.837 2.009
-59.664 87.849 72.918 1.984
2.476 99.808 -55.526 1.920
-62.498 167.865 186.610 1.988
137.692 136.261 196.568 2.007
25.639 133.111 146.353 2.046
-192.537 42.049 106.090 2.033
-217.168 -103.238 75.949 2.178
-160.004 108.987 180.808 2.027
-99.287 -81.262 -101.002 1.956
65.153 22.869 141.000 1.944
-47.118 110.674 -183.374 2.034
-50.421 82.088 105.623 1.978
-61.383 21.912 -87.955 2.061
197.089 -188.120 56.796 2.196
-200.063 -185.749 63.915 2.018
154.992 -36.753 -63.085 2.029
177.303 -148.367 -55.799 1.865
-190.191 119.587 38.412 1.999
185.167 -16.213 -191.763 2.009
-197.018 -48.743 82.350 2.051
-136.751 -50.648 -18.168 1.995
83.062 119.304 166.299 1.953
-190.855 88.797 64.767 2.103
-183.273 -33.675 60.959 1.973
11.664 72.787 -197.087 1.881
-188.699 161.584 84.320 2.039
110.196 -99.511 -194.008 2.083
51.137 -153.626 101.851 1.936
151.347 -64.941 -79.853 1.841
-14.202 181.899 62.510 2.056
-157.122 -125.615 -101.497 2.057
-92.881 -144.797 151.511 1.898
141.226 -69.843 175.738 2.088
133.969 32.611 -42.256 2.033
134.122 68.662 165.285 1.912
104.680 -130.252 -102.173 1.849
106.210 22.525 -151.991 2.036
217.188 -15.400 -134.902 1.885
45.221 73.496 91.179 1.919
118.722 181.391 79.869 2.000
178.769 120.027 35.615 2.006
-13.822 148.389 172.271 2.056
88.029 128.133 133.406 2.053
161.656 -25.028 -109.702 2.111
205.236 -75.973 116.455 1.923
-32.879 -116.658 -68.508 2.149
-8.134 -129.569 -146.125 1.779
50.413 86.943 -189.025 2.211
157.925 89.041 -41.814 2.076
-197.950 -112.688 27.520 1.803
-99.697 -125.536 82.483 1.932
197.522 -164.884 0.517 2.080
-119.297 175.886 11.797 1.761
-219.063 173.651 -185.460 2.016
-53.871 100.128 -66.483 2.023
162.931 97.473 -9.030 1.982
197.117 -172.437 -3.574 2.070
92.058 -131.778 -48.724 1.970
-98.913 -12.182 187.349 2.025
81.093 -121.290 175.078 2.140
209.205 -122.910 195.027 1.892
-35.248 80.039 157.166 1.808
155.593 142.219 -18.207 2.107
46.630 107.711 -176.534 2.112
75.832 86.962 -52.521 2.040
120.386 185.578 8.667 1.983
2.582 -113.873 -84.557 1.846
-27.754 -30.994 -9.989 1.876
-129.161 189.968 -118.816 2.045
-217.953 40.402 135.634 1.983
-65.198 145.692 -130.836 2.056
-161.006 127.257 181.138 2.053
-195.310 -88.692 -40.809 1.937
-51.722 138.630 152.658 2.056
140.000 144.249 142.526 2.167
51.161 73.004 -52.666 1.988
-156.032 -161.008 164.705 2.070
221.136 -50.802 -15.329 2.223
-88.186 -1.566 32.898 1.950
-205.809 -154.022 175.610 2.003
31.199 55.027 132.969 1.989
-23.249 49.936 6.215 2.073
54.072 166.392 102.298 1.966
53.776 29.127 120.773 1.988
36.897 95.354 111.035 2.059
182.552 44.450 -156.729 1.871
-180.247 -20.228 -167.874 1.925
99.943 38.815 87.695 2.111
-114.823 135.487 -86.513 1.976
206.228 -183.134 183.915 2.117
-122.929 -127.851 108.552 1.973
138.782 161.218 -12.312 1.952
117.599 -148.768 -18.574 1.971
-102.344 172.772 40.347 1.966
-72.702 97.287 -178.726 1.997
-30.632 -82.001 -146.268 1.816
-74.801 -58.636 94.882 2.011
221.975 16.556 -65.861 2.093
-107.483 26.604 169.014 1.888
50.455 99.063 -137.941 1.918
158.469 -173.685 125.056 2.130
19.086 -134.446 -98.928 1.957
-27.648 40.202 -83.522 1.932
-117.056 38.251 -126.816 1.949
-200.854 -171.521 151.880 2.176
-1.874 134.613 -114.803 2.061
76.533 56.021 192.795 1.886
193.418 74.843 -157.620 1.892
81.814 -166.845 183.846 1.958
61.010 -117.020 -156.951 2.202
-155.030 54.620 97.798 1.917
160.155 128.639 -110.714 1.873
-155.929 -143.420 70.705 2.077
167.212 66.867 -24.009 2.105
-212.890 -142.561 167.331 2.113
118.726 -46.856 -16.385 1.984
38.177 106.184 191.794 2.103
97.429 172.869 -41.387 1.888
-128.406 -59.283 -113.182 1.893
44.189 124.869 -106.508 1.886
69.928 133.444 14.178 1.885
-130.087 -18.351 -195.786 2.002
76.177 156.408 133.424 2.054
72.044 167.563 -26.999 1.995
-18.055 18.764 75.457 1.917
176.310 -74.339 127.998 1.883
208.184 116.791 21.736 2.092
91.651 10.992 185.654 2.165
-145.370 -69.722 37.426 1.935
-148.360 175.328 -138.409 2.136
7.836 -76.239 -20.507 1.932
-44.282 -10.853 39.904 2.028
175.850 42.035 -143.272 2.046
60.576 -122.229 -106.781 1.890
-159.935 110.973 84.565 1.926
8.987 61.568 142.824 2.048
160.385 169.262 52.362 1.911
207.781 -42.355 -40.782 2.058
107.872 152.965 97.981 2.134
10.703 174.521 -95.629 1.808
-68.909 123.387 -99.055 2.023
-199.998 -24.327 -148.554 1.981
89.233 -183.820 -5.608 1.887
-15.723 -142.789 62.912 1.841
-166.032 -74.281 181.579 1.922
-180.685 -84.838 -138.635 1.966
-89.318 -134.447 85.406 2.051
-99.163 173.696 63.806 1.994
-186.214 -36.074 105.943 2.116
179.954 96.731 197.404 1.972
101.670 81.891 -186.847 1.938
-10.351 -70.868 48.098 1.839
51.301 -53.981 -43.765 2.101
-123.466 102.313 84.337 1.931
-40.796 24.947 187.531 2.014
-191.579 -3.785 22.498 2.029
49.051 -27.663 -145.142 1.886
125.376 -135.360 131.241 1.915
171.391 94.422 -140.342 2.025
-65.822 71.370 -122.555 1.851
-18.384 13.960 14.211 1.829
-31.717 -101.208 -15.052 1.846
162.202 30.718 -91.042 1.929
100.285 129.201 144.659 1.987
134.439 -146.754 -198.607 2.098
144.901 -30.408 -12.640 1.879
-85.721 -116.904 -129.097 2.093
-100.324 5.648 50.163 1.839
-152.899 140.929 -148.853 2.004
-44.892 33.721 -121.507 2.027
102.305 188.747 -125.927 2.003
-33.993 -146.918 39.857 2.059
-147.968 -108.243 93.628 2.040
-105.112 -16.801 -73.993 1.983
-102.608 -0.053 -157.439 1.885
69.886 -100.328 107.138 1.944
-138.850 59.185 -139.753 1.933
107.517 -46.750 -185.533 2.030
-27.010 140.424 -5.922 1.997
-64.574 -148.521 -55.221 1.943
-25.667 -33.543 -6.628 1.941
143.673 172.707 -132.608 1.897
15.667 -102.538 -123.292 1.860
-164.135 57.484 161.622 1.990
76.044 -110.523 28.242 1.942
-131.209 -130.268 -75.143 2.005
-151.767 138.691 -116.294 1.977
-98.147 116.497 -86.278 2.108
131.219 -90.619 28.033 1.979
-58.413 -62.763 -185.433 1.829
-182.753 22.144 139.024 1.918
-214.485 112.807 -86.381 1.844
57.004 -162.984 35.321 1.952
-182.963 30.797 -166.201 2.030
-47.843 107.191 -72.180 1.976
11.255 184.585 10.233 1.999
44.200 -133.332 79.651 1.904
5.556 -19.487 177.062 1.990
-134.191 118.997 -150.408 2.047
-192.473 -67.280 -30.161 1.999
72.106 -125.785 128.201 1.858
-185.095 -64.034 84.043 2.094
49.163 -62.550 149.026 2.096
13.826 -100.513 -100.300 2.023
-58.924 -38.684 -50.313 1.945
-172.584 -160.974 -84.647 2.046
-141.203 116.704 37.762 1.960
-120.375 -163.691 -192.151 2.040
16.633 -165.350 108.755 2.038
102.410 52.146 122.029 1.900
151.362 -159.801 -65.143 1.998
164.565 111.811 -81.249 1.948
-76.048 187.267 -110.197 2.036
-43.833 -109.271 1.103 1.912
30.191 -182.253 150.191 2.032
-16.279 -159.606 128.452 2.024
-156.625 168.132 122.619 1.965
134.831 -89.404 138.891 1.968
-136.575 -32.294 25.869 2.064
-209.985 -185.501 -60.411 2.131
129.894 -104.288 -4.507 2.037
-86.224 -90.266 -35.212 2.018
28.422 -114.331 49.429 1.985
124.269 -154.211 100.213 2.067
18.616 118.646 -32.550 1.971
8.054 129.927 0.235 2.136
1.475 -50.429 -90.426 1.979
-198.244 -56.920 -9.355 2.016
-221.553 -138.689 146.211 2.067
-126.951 11.448 -153.078 2.210
129.727 -14.123 153.420 1.990
151.132 -8.950 -174.312 1.890
-50.237 -110.346 144.548 2.008
143.107 -43.882 -111.740 2.080
-27.101 -29.444 -80.042 1.964
-100.989 120.194 140.752 2.091
40.461 143.869 173.312 1.907
199.452 6.181 -75.972 2.009
-103.793 90.366 -175.660 1.893
-130.457 188.474 -103.648 1.914
-3.966 53.275 133.788 2.092
36.127 -91.684 -91.893 2.002
27.418 -123.991 -174.699 1.946
159.208 19.261 -145.863 1.998
-89.114 -116.008 158.803 1.913
-50.743 149.307 173.906 1.870
-190.927 -131.816 65.103 1.859
-122.859 162.216 -187.616 2.033
112.865 -31.839 18.538 2.114
15.539 -173.797 -150.684 1.950
-109.264 -125.334 92.220 1.934
123.963 -161.273 67.113 2.053
139.912 -129.947 -31.026 1.980
177.211 172.628 24.332 2.059
177.364 41.569 -166.213 2.022
34.942 53.450 56.325 1.902
83.138 -15.699 -108.286 2.041
-183.503 -7.130 -5.060 1.986
113.026 112.366 -92.317 2.094
223.186 94.806 2.223 2.031
221.512 123.349 -172.941 1.944
-84.806 87.778 -78.172 1.977
205.588 -60.639 -98.893 2.190
-9.058 -185.852 18.181 2.059
-194.304 -187.946 -9.524 1.933
180.559 -82.035 126.653 2.068
122.094 108.818 -82.408 1.928
-114.099 -28.302 18.374 1.972
-181.227 -141.259 -38.129 1.865
-11.472 -35.084 -78.047 2.032
215.335 -133.430 49.967 1.935
-209.707 30.716 -86.518 2.072
-37.924 18.846 -177.854 1.876
-123.935 -63.124 -59.820 1.994
186.132 127.051 -166.032 1.900
134.681 -105.396 -17.288 1.765
-224.591 -120.712 56.539 1.966
-175.769 -0.087 -182.008 2.012
-216.658 -162.998 -93.628 1.994
158.422 93.926 -149.302 1.917
-201.976 157.332 74.754 2.039
-159.889 185.520 -32.781 2.097
-93.598 -103.240 -42.433 2.136
-165.362 -101.382 -37.007 1.929
223.038 150.059 170.092 1.939
87.734 -134.340 147.789 1.956
-101.158 53.419 -176.107 2.103
208.288 60.647 76.241 2.022
-85.369 -185.532 -5.148 2.004
54.933 80.498 156.917 2.093
46.034 99.013 -132.265 1.858
-95.589 -75.047 -185.494 2.094
-65.176 -89.699 -23.604 1.888
-38.973 -76.255 -159.682 1.916
84.794 -176.422 170.667 2.125
-126.060 124.808 -162.119 2.232
138.170 119.838 169.276 2.077
67.382 -186.084 20.346 2.023
-81.453 17.199 -186.794 1.914
-217.654 12.846 118.942 1.971
-0.084 112.756 184.490 2.002
171.926 136.242 3.100 1.946
-182.778 -64.960 4.925 2.026
-91.362 -59.338 89.003 1.968
-76.425 -180.511 8.122 1.964
-76.603 -145.201 140.024 1.903
155.214 53.620 140.679 1.908
-33.032 104.203 20.217 1.981
177.031 177.116 -190.761 1.870
56.433 -134.700 142.578 1.875
-220.681 176.263 165.405 2.017
219.563 157.738 66.176 1.934
58.201 134.723 -150.373 2.015
-149.755 -117.052 -127.392 2.283
-169.452 126.071 126.524 1.910
70.704 -2.554 198.584 1.846
-196.030 -164.295 172.804 1.969
-51.181 -184.929 -186.834 1.854
125.243 56.031 65.240 1.913
105.770 56.546 -155.224 2.033
73.142 134.980 -170.764 2.082
-164.453 -102.607 -20.291 2.090
-153.482 78.430 -155.014 1.848
-28.533 8.031 -127.836 2.063
148.735 154.795 -148.106 2.108
4.397 -186.249 72.665 2.191
-0.056 -65.706 6.449 2.057
17.048 -31.232 155.890 1.844
14.011 102.108 -127.170 1.937
1.507 84.128 64.923 1.805
213.077 -15.251 107.636 1.997
-180.853 132.282 125.672 1.956
-126.643 176.357 22.351 2.040
-19.480 -156.280 -139.594 2.101
-38.022 14.424 -70.940 2.087
-181.359 -151.812 -29.910 1.906
-159.311 161.596 157.768 1.971
59.817 -76.652 -96.776 1.970
209.331 -135.596 88.792 2.034
28.378 -76.863 -187.339 2.075
70.557 -115.628 -56.697 1.958
110.088 104.592 129.876 2.122
-163.714 109.462 -57.101 1.943
77.360 34.196 60.957 2.046
60.924 44.826 72.332 1.881
-208.841 123.186 -166.018 1.816
-165.694 -13.738 73.153 1.984
156.607 -47.176 82.369 2.092
-110.973 42.328 5.289 1.980
31.937 -78.725 126.102 1.989
-134.630 99.948 -89.927 2.131
-100.288 -148.230 3.339 1.990
15.588 54.260 -119.950 1.918
-156.840 47.756 114.716 2.046
116.030 -96.634 -57.250 2.061
148.525 78.234 118.786 1.790
30.939 -131.519 170.250 2.060
-193.869 43.346 108.113 1.994
40.652 98.423 65.204 1.975
-46.188 23.103 38.904 2.034
190.336 104.060 82.819 2.015
-202.939 93.862 110.838 1.852
222.230 185.062 -45.254 2.027
80.589 -189.984 -152.627 1.925
-190.729 -184.989 135.111 2.015
176.985 142.670 89.471 2.120
-177.339 -113.565 -99.161 2.018
-11.525 172.152 -33.344 1.913
44.984 89.798 -158.487 1.963
-207.934 111.137 199.555 2.044
-81.903 143.169 -185.453 2.087
58.386 56.652 -68.949 2.058
-170.454 -70.190 85.569 1.780
-114.976 -142.332 -170.790 1.886
137.598 17.835 88.526 2.185
214.376 74.430 123.169 2.128
76.976 -11.961 -107.399 1.953
49.674 47.541 -29.060 2.047
-39.222 10.386 170.938 1.939
-202.947 84.450 -116.235 1.990
-39.406 -80.329 -21.610 2.026
86.659 86.561 -28.959 2.117
-65.354 -64.211 -100.815 1.967
-58.836 -132.456 138.543 1.865
-114.593 69.598 -72.841 2.010
-148.525 174.342 30.131 2.005
-2.203 22.760 74.316 2.149
-22.826 -80.431 -84.856 1.868
106.443 -136.064 -132.529 2.048
221.663 -156.330 41.836 2.031
172.660 189.004 5.378 2.035
-136.782 107.244 133.885 1.978
-131.462 -39.031 -27.444 2.023
-146.858 -144.775 -72.047 1.935
189.883 -155.832 -161.385 2.016
51.940 73.174 110.161 2.017
49.671 83.057 55.801 1.908
94.967 65.290 135.858 1.763
82.907 181.778 -58.688 1.970
-79.112 -180.918 117.479 2.026
200.722 30.211 -70.670 2.111
-134.831 -135.364 127.410 1.882
45.681 -49.161 160.107 2.049
-146.943 168.485 -187.527 1.999
-158.363 -163.627 -28.193 1.883
194.042 133.833 130.670 2.158
-195.173 -127.933 -29.060 2.072
67.996 -62.513 53.110 1.896
-77.094 -91.434 105.097 1.910
-165.156 184.454 18.767 2.002
211.803 -4.088 -149.862 2.212
203.949 189.480 31.374 2.305
-167.867 -51.306 -171.796 2.247
-1.706 105.023 -73.898 2.129
53.039 -76.257 75.080 2.166
-95.980 43.807 53.011 2.163
-122.745 24.824 194.863 1.995
218.975 135.281 164.127 1.874
39.028 -84.351 -91.393 1.989
-48.374 125.496 28.694 2.111
8.575 -79.949 -60.485 1.953
209.990 47.054 -171.915 1.937
-114.295 -27.420 -20.074 2.077
-110.261 -170.616 100.491 1.775
195.576 22.878 184.989 1.947
20.067 29.818 148.669 1.894
43.733 4.326 -188.817 2.007
17.190 -135.681 -100.997 2.061
95.829 28.023 -5.597 1.823
43.563 45.019 0.984 2.115
-118.478 -26.645 -4.475 2.184
218.170 40.377 -91.450 1.953
-72.309 -181.895 -88.748 1.945
-162.166 110.625 -103.596 2.002
26.152 87.531 -1.869 2.157
42.063 113.886 115.334 2.104
128.382 -151.988 -180.079 2.028
-76.746 85.097 -103.332 2.101
-32.391 107.719 89.529 2.075
168.284 -8.163 -159.251 1.989
191.015 140.708 -146.607 1.949
-1.515 -112.368 -153.904 2.206
126.139 -106.799 -101.632 2.174
-168.560 -68.401 31.969 2.026
144.237 -26.938 -80.987 1.986
7.052 -19.525 -42.087 1.904
12.344 108.412 -59.526 1.947
198.686 -131.782 27.363 2.005
-170.822 -21.445 121.586 2.007
117.361 154.576 -199.092 1.813
-33.974 178.870 39.644 1.918
-161.563 -34.139 -156.280 2.001
55.140 85.191 69.711 2.065
-120.867 -2.411 98.129 2.117
160.425 -117.065 -87.040 1.974
-91.027 -141.683 -14.714 2.107
-106.296 83.644 -115.185 1.929
-218.718 -43.871 -152.657 1.751
56.906 150.805 -135.846 1.995
-209.512 12.333 -186.195 1.879
-46.345 31.303 -68.275 2.092
-92.769 -174.626 -45.801 2.010
19.394 -169.960 14.134 1.909
-37.547 -179.890 -140.876 1.883
166.391 -68.437 -116.846 1.894
-192.368 69.293 176.911 2.000
107.132 -143.232 -37.616 1.922
-172.894 -35.403 96.903 2.006
-173.772 112.851 -65.098 1.756
-158.520 -60.334 -173.294 1.897
171.724 -30.409 -30.278 1.963
60.940 66.966 -95.565 2.162
10.692 149.528 -173.392 2.137
172.094 116.836 12.250 1.874
-83.640 -110.149 -76.359 2.125
-143.204 186.711 -126.339 2.177
145.843 33.968 141.586 1.958
-29.166 -185.375 -7.957 1.829
20.580 -186.435 -62.917 2.036
179.140 168.882 173.203 2.054
61.179 -139.454 121.091 1.980
-139.915 47.096 141.188 1.925
-215.224 -170.406 -47.487 2.015
141.429 136.119 188.929 1.910
155.171 39.900 -72.550 1.956
-140.623 62.256 75.795 1.864
-39.967 -73.879 148.432 2.046
7.916 -93.592 18.714 1.818
-210.098 126.867 -6.082 1.917
-131.604 20.807 16.868 1.787
-219.634 173.145 -134.951 1.975
20.356 -182.338 163.424 1.907
-175.700 -38.648 23.759 2.055
-212.497 54.588 -11.454 1.955
-63.288 -8.530 123.614 1.845
91.745 -97.406 -63.606 1.940
180.529 -2.394 -47.504 1.794
-203.354 160.248 -82.515 2.017
55.243 44.321 -120.263 1.925
-48.065 -130.346 -24.555 1.988
-182.609 -87.641 -59.058 2.085
71.374 -14.732 -83.776 2.037
-164.131 -173.169 -189.886 2.045
-55.280 -92.405 -178.879 2.022
55.481 0.781 130.270 1.853
-142.908 -180.594 -163.134 2.113
-174.413 -178.552 -80.901 2.193
194.199 52.153 -186.906 1.997
-0.975 -30.812 2.468 1.868
-118.612 -177.990 13.051 1.828
80.465 87.886 194.273 1.941
-0.057 -170.037 -140.764 1.888
139.658 154.858 147.197 2.129
-116.620 139.554 142.480 1.837
104.483 1.986 170.424 2.030
-56.950 134.675 -78.721 1.980
47.285 95.361 -119.149 2.176
-92.970 36.491 54.246 1.947
-9.116 122.123 -149.411 2.059
-70.514 109.392 146.341 2.078
204.601 51.919 157.432 2.115
-47.206 -87.390 -2.433 2.067
21.072 180.467 -189.137 1.978
193.804 73.727 -133.461 2.098
-35.438 -71.283 -81.451 2.042
-0.744 154.653 -108.277 1.900
-21.010 -8.809 -117.908 1.767
105.434 -73.419 12.982 1.992
-69.810 188.685 136.749 2.015
-0.362 -173.503 34.381 1.956
55.317 -90.083 -174.389 1.915
-154.821 79.550 -2.462 1.746
118.738 118.630 -30.467 2.169
215.887 179.736 127.861 2.065
25.746 3.052 -22.510 1.951
-144.472 -110.798 -75.157 1.993
49.562 90.359 18.818 1.964
191.668 -19.550 98.221 1.977
102.937 -65.037 -112.239 1.957
-52.844 64.401 -33.505 1.863
175.757 -185.989 -166.076 1.973
196.668 121.512 81.226 2.096
-181.995 109.243 156.871 2.158
-172.572 -24.591 10.466 2.098
94.292 36.068 -193.097 1.910
-90.897 -175.853 -198.410 2.062
49.352 -130.680 -173.204 1.943
-206.218 93.463 -66.836 1.963
-92.879 135.142 66.608 1.809
195.610 -146.554 -178.903 1.915
-61.740 51.272 12.360 1.896
168.486 83.192 116.816 1.899
99.684 -154.641 -50.170 1.848
-145.569 -110.597 28.944 1.972
-144.130 83.011 -164.540 1.821
13.293 -114.310 -146.012 1.977
54.999 -151.375 -127.115 2.060
-41.387 127.012 99.442 2.080
-18.402 -180.570 179.861 1.998
71.114 -114.061 102.369 1.741
-119.338 -187.288 -6.674 2.055
-59.559 -112.743 -128.267 2.078
-131.810 -104.888 120.319 2.126
-140.662 -50.878 147.943 2.064
106.553 -116.765 -183.697 1.920
-63.081 -159.912 4.234 2.008
-178.156 -67.257 -107.150 1.897
-141.921 -164.509 30.998 1.860
50.809 104.931 -104.069 1.994
-86.125 45.476 -5.872 1.976
-199.728 -63.664 102.236 1.924
175.028 0.829 103.478 1.973
-130.428 -9.227 -19.703 1.989
-151.357 98.109 59.056 1.961
-140.535 -111.933 176.326 2.090
-24.422 -3.613 54.772 1.831
-160.450 -141.678 -96.555 1.877
-130.207 -7.327 189.371 1.939
47.158 -104.000 -180.921 2.062
-76.935 44.436 170.815 2.092
-142.311 133.965 -42.968 2.050
202.738 39.391 40.438 1.925
-112.629 182.751 31.345 2.154
84.841 69.091 -56.842 1.914
210.382 7.678 -163.752 1.973
-107.052 88.742 57.197 2.075
78.574 28.615 -65.900 1.954
138.035 166.573 -185.631 1.963
-131.224 -10.767 181.141 1.877
126.243 -135.539 -116.818 1.976
61.786 -121.459 -158.946 1.884
-170.221 98.385 -117.699 2.096
19.510 175.012 39.941 2.085
107.718 85.195 -146.224 2.007
-25.816 142.406 118.482 2.097
-44.208 155.021 -198.635 1.980
-178.455 -161.788 90.352 1.932
-195.121 119.782 73.184 1.990
44.433 109.461 -162.414 1.877
120.056 -71.792 102.292 2.059
-44.306 -68.836 -189.171 2.002
110.442 152.404 174.146 2.059
-16.476 178.630 190.705 1.974
124.448 -183.112 -111.829 1.794
15.319 -176.294 151.615 2.118
126.776 22.909 145.803 1.814
-74.429 49.297 -129.057 2.038
13.396 -85.966 -56.472 1.907
112.324 115.308 148.090 1.907
7.090 62.457 95.985 1.901
19.143 -140.240 -139.130 1.847
-221.156 -173.279 31.965 2.030
41.828 -93.476 152.278 1.976
173.010 -35.536 -80.193 1.820
-151.538 -70.589 -128.370 2.067
-125.959 -21.316 108.850 2.047
-43.963 -71.083 156.804 2.137
-103.339 36.565 -138.476 1.943
-180.089 103.944 -190.448 2.046
72.022 -107.368 80.879 1.957
-155.619 63.841 -130.043 2.047
-188.294 16.274 -161.396 2.085
55.387 -98.602 108.559 1.942
121.848 -80.786 185.405 2.016
-210.154 -3.368 5.397 1.970
-219.608 -95.839 169.766 2.180
-127.044 182.280 13.005 1.936
-79.868 144.835 6.889 1.964
215.522 -37.825 146.801 1.973
-183.416 115.917 -45.284 2.049
22.175 -15.520 31.918 1.982
11.965 66.951 146.542 2.035
118.959 -33.558 -85.159 1.985
-33.690 -112.187 -95.325 1.865
-154.466 126.700 -125.702 1.821
-71.329 84.588 -184.004 2.160
208.006 143.018 -53.764 1.987
-69.962 -145.735 72.812 1.925
-223.160 69.549 177.277 1.825
-127.452 -121.638 104.955 2.096
-127.970 -141.864 86.711 2.063
-191.334 -63.786 16.144 2.008
-176.626 28.913 45.520 2.026
-153.473 -68.330 93.381 2.077
159.753 150.204 184.026 2.137
-70.041 31.146 -149.498 1.841
187.966 92.805 22.403 2.043
10.394 78.495 147.471 1.936
-115.690 121.511 180.895 2.082
-68.446 152.033 154.732 2.208
-12.320 -31.693 -87.247 2.008
220.200 75.263 17.177 1.979
-198.639 68.566 195.444 1.975
128.018 -102.898 73.089 1.874
169.155 -19.912 149.641 2.036
-15.971 -154.840 26.614 1.980
1.970 160.046 -138.349 1.988
92.311 175.175 124.924 2.069
183.995 -92.268 103.007 1.998
-60.240 150.582 194.401 2.094
-75.496 -82.774 -147.481 1.924
-177.217 -117.826 -115.372 1.919
89.956 136.396 -168.624 1.937
52.868 54.379 160.003 2.064
-65.300 28.374 -148.701 2.076
-103.305 86.581 198.136 1.972
-213.052 -125.137 180.043 2.234
213.780 57.067 -153.529 2.007
126.210 99.261 16.297 2.105
-224.844 -90.530 -51.550 2.090
92.685 -165.599 -149.684 2.006
224.279 -170.298 101.773 1.980
97.599 -29.401 -92.644 1.968
-131.297 129.723 197.018 2.100
-70.856 -55.265 -151.583 1.885
-146.758 -183.531 -21.006 2.008
126.004 -88.302 158.320 1.822
-19.897 108.938 144.834 2.033
-162.848 -26.481 99.654 1.970
-163.771 76.780 64.134 2.225
-150.283 -22.603 52.362 2.005
177.744 108.821 -150.656 2.107
-43.544 -54.691 20.108 2.071
103.556 151.016 134.765 2.145
142.620 -135.984 -199.518 2.051
80.268 -42.327 86.550 2.036
-132.518 -139.735 -180.728 1.968
-82.939 75.936 -68.279 2.215
-84.678 -44.376 158.673 1.979
210.232 162.348 180.248 1.983
-126.769 35.817 -13.848 1.999
-124.028 -141.456 67.576 2.070
55.871 -135.289 -193.997 1.874
-28.807 75.363 -33.541 1.994
11.687 -149.359 -79.912 2.033
171.383 166.380 -20.496 1.868
-193.515 -85.925 -78.150 1.992
-127.736 146.213 121.283 1.956
200.252 -56.334 -152.726 2.165
164.534 -26.478 -197.945 2.027
120.099 82.041 -195.836 2.202
-69.731 -93.711 -63.899 2.056
-72.828 -186.847 36.365 2.083
39.446 -102.750 -174.575 2.118
7.545 140.248 166.674 2.087
-67.094 42.146 98.048 1.832
71.411 17.751 2.386 2.004
1.855 -166.318 -51.836 2.109
15.402 50.530 110.384 2.126
-124.889 187.634 49.047 1.933
142.683 -21.144 -194.667 1.902
-83.664 157.376 173.495 1.826
156.052 -91.080 133.150 2.034
-81.055 -163.111 -129.165 2.072
-215.735 -20.584 -170.984 2.113
162.975 63.470 -194.542 2.042
87.109 55.876 -89.854 1.975
-179.618 -179.763 193.236 2.084
91.989 174.050 157.382 1.921
-201.044 7.340 70.794 2.059
-82.094 -158.207 73.710 2.068
-163.448 -17.510 32.403 1.938
8.733 46.810 146.311 2.011
