-100.362 -124.102 -158.545 2.116
-224.888 137.872 -30.831 2.098
10.027 189.041 153.474 2.023
-47.747 122.143 -132.777 1.869
-37.196 -12.033 -135.910 1.929
-210.517 88.000 179.773 1.856
81.060 97.671 -36.892 1.986
-10.162 -23.412 -16.111 2.007
94.734 -23.327 -129.202 2.001
39.254 76.385 173.327 2.139
-62.970 -47.750 196.929 1.930
71.564 -69.553 -31.436 2.019
-209.447 -55.125 -176.065 1.935
216.907 -2.232 117.861 1.970
111.687 -109.304 199.490 1.941
177.132 116.462 -194.675 2.024
-70.089 -67.448 -24.467 1.952
45.747 -74.787 -119.838 2.121
-47.315 113.055 9.447 2.017
49.091 -43.779 21.679 1.935
-4.497 55.385 -10.776 1.865
6.829 -19.527 89.062 1.803
-8.455 -71.161 136.513 1.924
44.497 -143.718 105.502 1.952
138.706 -106.866 65.236 1.849
-35.140 31.052 137.556 1.817
139.610 -45.081 -71.285 2.051
-218.549 -46.825 -131.753 1.991
-97.405 63.182 60.105 2.110
91.648 72.297 189.256 2.183
113.501 -132.806 57.062 1.877
-210.685 162.390 -22.582 2.087
-80.171 -57.888 36.647 2.109
-195.598 -120.310 -112.377 1.951
-182.231 -164.084 -156.940 2.174
138.241 142.986 117.313 1.937
-165.787 -142.096 78.709 1.953
-221.810 -183.904 -123.687 1.964
204.151 -161.120 59.810 1.919
-96.546 86.865 -165.911 1.794
81.700 77.297 -0.022 2.122
-72.882 113.216 61.367 1.803
110.877 2.314 -30.792 2.197
-56.826 112.941 -188.171 1.876
101.741 -67.705 145.932 1.930
-56.244 104.471 -187.262 2.021
133.627 -136.387 195.644 1.963
88.135 -67.095 -47.536 2.030
40.784 121.561 -196.719 1.950
163.141 168.625 -183.069 1.858
-15.922 -73.272 51.491 2.038
-41.404 -90.464 -119.357 1.801
-7.090 24.208 197.932 2.027
215.715 38.630 181.083 2.073
130.422 -104.587 159.032 1.944
-161.814 -39.694 47.939 1.811
-212.274 83.047 -27.971 2.046
-5.857 165.681 -132.982 1.934
-18.348 -181.324 136.215 1.989
64.807 24.748 161.222 1.885
196.698 126.430 36.845 2.100
60.468 -139.332 -121.412 1.997
-68.032 -22.003 172.177 1.828
34.654 123.638 35.679 2.026
162.244 -122.093 -142.998 2.052
21.479 -148.373 43.487 2.080
-202.269 -94.438 44.832 2.164
-81.742 -118.695 -102.177 1.849
-182.532 171.103 178.466 2.011
-76.688 170.576 -20.138 1.897
-176.197 42.497 9.819 1.918
16.728 52.657 68.104 2.004
156.123 170.352 186.065 2.160
199.102 89.132 -88.442 1.922
-153.534 -71.859 -115.725 2.053
154.409 115.394 182.578 2.131
174.845 -160.408 -38.550 1.978
27.066 54.345 61.595 2.049
-33.428 69.744 96.912 2.185
-67.122 76.576 123.708 1.952
72.198 -143.506 50.389 2.175
-219.556 154.650 -144.547 1.840
179.451 90.416 167.885 1.792
-158.387 -174.011 38.058 2.052
-117.675 -52.002 104.776 2.114
-114.164 117.529 188.364 2.001
-145.412 141.219 122.845 1.886
-200.585 -12.062 84.876 2.035
-53.737 70.997 -70.974 1.894
69.530 169.658 -157.352 1.869
-182.207 -13.917 -89.013 1.908
116.433 -1.087 -24.169 2.025
-94.065 155.217 -89.710 2.002
-42.354 -155.319 34.569 2.007
-181.836 155.921 44.656 2.011
-204.643 150.434 137.837 2.079
197.719 67.146 176.860 2.071
-71.828 37.510 122.834 1.908
222.764 158.684 -82.930 1.876
-120.204 46.300 -0.129 2.036
3.206 158.424 -142.350 2.147
-41.952 174.506 54.467 1.799
3.274 -25.577 -141.771 1.829
72.630 -154.309 139.201 1.997
-12.131 165.413 -180.752 2.079
-19.709 -55.000 -63.709 2.112
164.524 85.620 -28.368 1.997
153.034 -18.441 -10.455 1.930
-186.079 -64.688 -65.230 2.048
-65.215 -0.299 -15.867 1.932
28.368 -17.752 -127.600 1.871
65.902 -58.536 -142.944 1.827
18.366 52.227 -9.425 2.007
105.930 -62.245 -98.815 2.118
-37.478 -22.153 58.889 2.058
151.896 -88.392 -33.721 2.052
-207.902 -36.972 -100.793 2.048
-119.272 57.595 -93.198 2.027
-129.665 -50.818 115.974 2.107
129.104 68.277 4.177 1.874
-181.718 -167.591 -7.427 2.143
80.884 -6.657 54.457 1.953
224.835 -158.896 50.362 1.814
157.807 137.530 -107.920 2.059
180.680 -26.854 -90.993 1.918
191.252 53.644 160.328 2.091
127.050 -132.471 -100.172 1.913
-169.213 103.889 -126.387 1.939
160.691 6.368 -126.212 2.088
10.688 -26.743 -121.567 2.064
143.374 -184.467 141.902 1.992
93.789 41.423 11.513 1.924
-159.836 138.529 -56.780 2.071
-98.397 170.867 197.095 2.017
93.437 21.920 -121.961 2.006
55.863 -114.505 139.282 2.105
-67.481 -118.277 118.856 2.016
-166.547 -47.361 -31.017 1.924
33.922 39.362 -106.579 2.017
177.442 137.352 -176.261 1.945
157.099 102.524 -75.550 1.985
-133.212 -87.739 4.769 2.101
-158.203 112.525 -80.932 1.852
-102.406 -92.353 3.812 1.741
205.170 82.683 35.062 2.048
-152.025 -11.691 -39.869 1.966
-93.104 -138.361 150.136 1.990
-191.699 -161.449 -13.235 1.970
-150.971 110.925 7.401 2.027
-135.542 114.693 17.472 1.959
73.311 -104.111 -163.251 1.952
-127.532 93.122 -48.555 2.068
12.252 108.480 -71.420 2.023
29.944 -7.041 139.133 2.043
-215.768 -51.888 84.853 2.080
-17.743 106.477 -174.695 1.946
-104.741 75.450 -114.800 2.018
-62.701 -58.229 2.597 1.912
-109.322 -34.612 -95.991 1.983
-40.577 -108.617 -187.069 2.164
-93.303 131.639 -123.934 2.013
38.706 -168.793 89.798 1.887
-173.120 34.101 45.232 2.078
-142.103 -36.475 15.341 1.912
27.938 174.585 136.160 1.890
60.181 18.236 83.732 1.811
-0.165 -42.839 190.304 2.008
-30.192 91.039 -44.078 1.819
-197.351 -169.340 117.679 2.031
-136.529 146.348 -10.671 1.908
-209.761 -16.057 -66.097 1.931
-110.012 -94.527 -22.004 2.134
-47.955 -59.299 100.403 1.934
166.200 78.763 183.003 1.984
112.278 178.598 -161.492 2.081
45.716 -65.909 -198.959 1.995
-132.419 110.097 -170.553 1.975
196.342 186.754 -154.438 2.037
-208.559 10.067 60.228 1.704
169.324 61.162 30.231 2.035
-174.459 177.270 -28.075 1.790
192.460 45.412 146.178 1.989
-54.251 13.180 41.239 1.973
221.072 143.627 133.919 1.865
58.379 54.852 173.441 2.132
202.309 -87.821 128.094 1.992
-187.884 -0.376 -159.129 1.987
114.997 4.415 35.619 2.018
88.207 -184.592 -180.165 1.970
63.213 40.344 -73.315 2.148
218.244 -181.597 171.185 1.971
132.297 -35.135 192.853 2.022
-141.248 158.628 -85.931 1.961
171.671 -188.253 -187.764 1.790
158.774 24.170 189.627 1.986
85.664 -28.688 133.448 1.971
215.077 -138.967 -110.123 1.880
-27.054 5.706 110.272 2.039
-154.509 -77.117 43.199 1.988
25.324 -79.051 192.169 2.081
199.915 29.492 -18.311 2.010
-218.765 159.393 -199.662 2.090
-69.382 -4.256 39.677 1.903
-129.313 -129.723 -178.060 2.181
41.467 -127.253 -16.129 1.912
-144.963 126.043 -121.055 1.954
-98.718 -22.141 -47.728 2.043
-33.612 18.729 52.338 2.123
3.020 -162.525 -149.817 2.043
7.407 -145.320 -13.931 1.962
-116.840 -32.065 -4.289 2.080
142.794 -73.415 -17.973 1.875
-120.751 -52.501 15.145 1.862
3.543 -41.180 -29.016 2.186
-82.661 79.381 -121.395 1.853
-189.639 9.580 161.798 2.006
3.307 155.170 97.342 1.932
-183.574 -129.805 111.042 2.028
-61.621 -146.576 149.070 1.957
19.445 -121.967 8.962 1.985
-27.092 -33.225 129.201 1.888
-160.207 71.773 -75.898 2.005
43.732 116.907 -126.619 2.114
-78.108 84.342 154.040 1.924
-39.421 -102.985 91.274 2.006
52.180 167.664 -106.717 2.197
-166.062 95.482 139.864 1.858
-128.250 -57.586 134.031 2.109
-105.575 14.288 113.121 1.853
-11.107 77.804 -42.020 2.028
16.232 -71.403 -40.435 1.944
218.278 173.709 -18.383 2.037
-97.588 19.144 -166.255 2.113
-191.635 103.871 126.650 1.930
-128.667 -49.442 -184.244 2.000
137.283 -103.824 192.174 1.936
-5.373 36.937 -136.352 2.050
144.915 -120.130 -61.982 2.027
-206.750 -154.900 51.880 1.998
-188.605 106.591 -113.609 1.943
25.758 65.050 46.305 1.887
51.447 180.487 -27.787 1.984
32.581 -137.372 95.999 1.935
-37.195 52.153 99.420 2.088
211.065 128.598 59.530 1.904
156.301 33.057 80.453 1.866
0.336 -126.926 -106.951 1.972
-46.787 38.607 181.099 2.029
-106.775 -34.443 -173.303 1.917
81.966 105.189 46.403 1.909
-66.911 -149.786 -181.588 2.016
-66.525 -35.961 160.297 1.842
141.809 62.998 186.496 1.768
156.140 39.893 -63.131 2.087
67.448 -172.818 -184.555 1.829
-70.491 154.527 -187.785 2.080
-102.411 -102.345 -82.816 2.177
46.050 -71.728 -168.176 2.091
103.829 -56.395 68.438 2.042
221.212 -99.996 104.757 2.035
204.010 13.459 29.245 1.879
-192.001 134.669 -142.310 1.971
120.087 150.190 138.170 2.129
-182.702 -25.602 158.377 1.939
-205.699 -28.303 99.664 2.024
79.039 -157.823 93.690 1.913
-101.673 51.123 -39.895 1.890
-196.019 163.586 -65.292 1.874
34.346 105.539 45.531 1.991
-123.386 -7.830 -38.623 1.906
-91.513 -161.587 121.771 1.913
56.339 -84.414 55.178 1.983
44.513 53.091 -152.262 1.887
141.313 5.467 -97.950 1.917
-69.183 12.749 103.762 1.986
205.300 69.254 -136.605 2.021
-180.803 115.077 -119.958 2.065
205.852 -104.560 -175.228 1.974
27.891 32.278 -97.194 1.963
-187.791 112.356 198.485 1.933
-39.655 111.771 62.419 1.804
11.752 -57.350 -153.851 2.098
152.007 -13.010 -133.656 2.023
146.058 68.467 -186.753 1.854
127.024 -123.730 -105.272 1.767
-119.635 9.500 125.203 2.001
-53.236 -92.012 108.557 1.886
-99.959 -170.520 46.029 2.062
195.758 -166.440 11.778 1.893
-215.184 119.954 -73.328 2.106
84.566 -77.587 -159.182 2.026
-44.041 84.881 10.935 1.995
44.747 9.355 -142.656 2.031
125.042 18.233 130.675 2.049
-188.283 168.103 -164.651 2.143
-2.166 -71.317 72.537 1.878
-102.393 31.358 -115.761 2.045
32.531 -180.630 -124.752 1.935
77.081 -138.817 -101.428 1.993
89.093 -170.084 -194.415 1.988
184.929 -41.348 -183.258 2.042
-155.971 99.900 -132.524 1.939
73.513 188.478 34.038 2.090
181.643 102.424 199.048 2.142
-59.000 -103.031 140.801 2.052
-204.777 -9.050 -119.885 2.085
93.534 185.001 98.809 2.100
103.779 -93.592 156.999 2.090
132.482 -178.379 100.343 1.816
-123.498 -12.360 -182.545 2.115
-165.255 -187.912 182.896 2.150
93.476 54.671 77.710 1.982
79.036 59.985 141.191 1.943
135.777 -27.743 -123.777 1.824
143.307 1.889 -140.376 2.023
76.774 31.658 -177.002 2.109
117.698 -135.805 134.177 1.986
172.271 5.814 -197.110 2.087
213.769 -185.002 133.803 2.096
146.376 117.576 22.420 2.202
-156.055 117.732 140.053 1.976
-83.413 3.181 167.491 1.990
22.679 -38.841 -33.073 1.999
177.327 -106.045 -170.667 2.040
28.277 -129.995 -151.195 1.875
-52.358 -128.100 -197.073 2.004
-157.830 20.612 -118.645 2.014
38.178 -23.845 80.691 1.890
119.572 -7.135 -128.141 2.115
42.988 -138.081 -142.688 1.992
35.447 -95.903 -89.785 1.893
37.792 -180.157 -142.925 2.034
-50.891 157.775 -167.977 1.877
88.092 -157.171 -94.535 2.121
-110.804 117.125 45.579 1.894
-138.290 -94.148 -180.435 2.186
-123.189 -86.842 -104.569 1.894
-57.089 86.307 -1.699 1.837
-172.034 -26.208 -112.558 2.146
-165.372 -17.263 76.748 2.071
164.309 -121.933 -159.885 1.855
124.333 19.548 198.706 1.843
192.541 138.532 -94.415 1.935
-126.719 128.695 149.193 1.984
-218.656 -109.487 166.921 2.035
-75.628 -87.073 -10.863 1.912
86.892 -49.870 30.832 2.106
158.146 76.200 -8.321 1.837
-169.553 134.735 17.975 2.049
149.379 69.696 -32.218 1.878
176.973 3.977 -158.115 2.000
-9.471 110.700 25.065 2.133
-165.535 -33.325 163.675 2.043
-53.659 -11.217 -116.318 2.153
159.170 13.409 173.564 2.042
19.435 -132.393 67.366 2.058
-182.853 87.081 -115.273 1.843
52.038 -155.057 195.937 2.155
-158.675 105.221 -158.256 1.983
-52.271 -45.867 -75.123 1.963
-45.866 39.882 -14.864 1.907
29.901 -1.120 149.761 1.959
90.245 143.691 -46.405 1.944
-55.917 -144.262 197.447 1.992
54.159 92.201 38.173 1.937
95.911 91.720 12.572 2.068
153.216 51.285 -199.959 2.143
74.478 134.448 -49.830 1.715
161.102 178.146 81.770 2.010
119.576 -123.943 -15.532 1.983
26.837 162.317 108.385 2.017
80.273 43.422 97.702 2.067
104.294 162.480 -153.762 2.093
45.589 15.243 -18.014 1.963
110.379 149.714 181.965 1.892
195.201 93.234 96.395 1.995
-33.345 167.285 -132.432 2.015
118.239 -145.515 -46.310 2.076
172.595 87.105 55.229 1.956
-68.675 39.350 -161.676 2.030
224.076 -134.672 -90.676 2.077
-73.496 -161.521 9.789 2.104
-99.839 -63.447 -172.608 1.965
-108.129 -116.358 -40.874 1.978
66.906 -188.032 4.053 2.143
16.532 -112.644 104.236 2.107
140.463 -42.280 11.179 1.854
75.828 -182.983 90.462 1.991
-147.428 -65.212 -102.756 1.945
68.128 -92.444 138.284 1.949
54.623 173.987 -141.119 2.080
149.057 -153.532 135.588 1.931
-82.354 -9.916 75.181 1.977
-178.128 123.350 -5.870 2.081
-145.217 -128.157 4.218 1.955
1.272 2.699 -28.132 2.067
-27.924 -170.281 44.860 1.920
-193.697 182.401 157.972 2.031
-146.186 52.278 183.562 1.912
55.139 142.954 148.265 2.189
109.817 -79.693 122.231 2.100
8.111 -52.066 -133.331 2.009
48.703 113.936 -145.174 1.950
-202.992 115.590 -56.965 1.983
140.821 -168.129 44.987 2.145
28.703 22.085 -168.797 2.035
100.028 -98.606 -147.899 2.064
-200.504 137.304 61.249 1.958
-216.667 -155.789 55.378 1.924
147.843 79.272 188.830 1.919
116.485 -20.746 166.961 2.130
-103.451 126.255 35.513 2.139
-163.568 -35.813 -161.002 2.034
7.542 -114.624 116.648 2.007
108.310 -113.323 132.860 1.827
-23.131 167.867 61.656 2.001
55.924 -34.831 -110.426 1.934
-42.296 73.997 -16.407 2.104
69.088 19.451 -32.937 2.101
-24.243 -118.793 86.958 1.900
54.072 36.130 -40.638 1.988
-139.403 -51.083 79.767 1.897
165.241 -36.116 -8.412 2.083
-154.132 185.920 177.812 2.038
193.611 -52.911 32.723 2.050
-172.154 63.682 -185.467 2.015
-107.851 -53.912 97.363 2.084
139.433 -6.870 126.819 2.022
217.595 101.213 191.700 1.895
-154.163 58.719 121.569 2.202
-117.171 -138.719 45.218 2.069
108.811 -156.993 -7.689 1.960
-17.823 175.914 -74.352 1.927
205.999 -78.363 149.221 1.912
-221.799 -144.495 144.099 1.958
-209.997 153.320 -2.122 1.961
47.607 -173.708 91.982 2.030
-126.208 18.150 -39.474 1.842
206.989 -134.437 -196.044 1.988
49.455 -62.923 116.892 1.973
134.209 -103.130 71.742 1.961
-37.991 -187.078 69.470 2.121
-0.758 62.385 -60.568 2.003
115.979 47.962 183.294 2.140
75.749 101.683 -186.772 2.072
19.820 -48.723 53.970 2.039
191.260 172.460 97.393 1.905
-26.157 31.293 159.611 1.945
164.498 174.533 -81.405 1.937
-219.097 103.108 194.127 1.964
24.810 175.685 -180.798 1.925
-118.118 23.327 -166.311 1.922
-43.579 -68.657 -96.248 1.977
217.762 -63.523 31.117 1.901
-11.275 -145.090 -38.838 2.076
-75.108 -148.364 58.992 1.854
1.271 -51.404 -115.926 1.987
58.305 -7.424 -174.379 1.910
-125.655 -184.185 -11.344 2.088
-199.862 31.279 67.479 1.956
-86.599 56.434 -104.724 2.077
-52.735 -31.856 85.597 1.753
176.013 143.068 -3.986 1.929
-15.788 -63.307 30.953 2.132
141.627 -154.211 -194.699 2.058
-183.727 -141.937 91.055 2.033
88.897 -47.098 -138.010 1.896
81.108 30.751 87.692 1.750
13.890 -47.860 157.360 2.247
-151.241 -75.981 -80.946 2.078
195.108 183.017 -78.194 1.907
42.668 -174.629 155.724 1.969
141.057 39.964 59.158 2.024
196.124 15.581 27.679 2.018
170.568 -76.885 -142.187 2.052
-88.483 136.558 -127.726 2.051
8.301 49.573 87.121 2.054
-3.043 39.184 -124.939 1.968
103.817 -125.388 -29.170 2.002
-1.150 -95.089 -29.190 1.844
-64.218 147.814 -33.626 1.893
-193.556 98.654 25.950 2.023
-141.274 -113.828 194.191 2.006
-177.723 82.059 22.320 2.026
-50.807 89.785 -2.910 2.048
-149.936 167.617 58.960 1.869
197.851 -76.730 79.323 2.142
-94.355 -12.480 -4.823 2.126
160.339 0.771 -42.233 2.050
179.150 -106.168 90.956 2.080
-52.740 -154.063 163.775 1.940
31.203 43.146 -72.182 1.798
165.274 -145.850 -10.182 1.902
-193.466 135.082 -91.909 1.949
222.713 50.809 120.950 1.911
-137.175 -68.299 122.203 1.939
-224.260 146.650 -193.476 2.128
-144.454 -105.420 -152.019 1.826
211.095 44.268 -120.012 1.939
-168.485 50.291 -164.995 1.991
212.242 -117.508 126.214 2.086
-146.324 -90.032 -70.998 2.074
65.014 21.294 54.268 2.059
-9.082 76.799 -90.384 1.966
44.381 -110.017 180.790 1.817
153.623 -120.782 3.288 2.003
-46.360 113.352 -94.633 1.984
-183.840 83.221 152.289 2.019
60.246 184.034 86.015 2.045
-195.257 -109.485 3.351 2.035
-86.079 25.647 5.630 1.939
-47.141 22.374 -117.856 2.072
-120.709 1.713 -71.071 1.946
81.777 -137.254 -19.947 2.017
176.547 -138.923 -5.188 1.969
-113.392 42.597 -192.034 1.964
-101.498 91.263 -20.802 1.917
216.076 33.283 54.304 1.926
71.791 -157.959 188.418 1.959
137.370 72.462 70.974 2.137
-187.369 -5.991 42.481 1.902
-26.036 131.567 24.290 2.150
155.723 -167.429 14.816 1.996
110.115 140.184 178.305 2.070
115.064 119.979 -175.771 1.918
4.158 39.816 -26.688 1.953
-189.592 189.226 145.834 1.936
-189.841 -54.350 -82.389 2.141
160.234 61.414 -39.395 1.930
144.060 -127.984 173.492 1.771
159.284 -90.878 -72.371 2.115
-146.282 9.750 120.552 2.076
7.519 -134.734 -80.331 1.859
186.444 -91.027 -188.649 2.073
142.520 -182.671 -172.330 1.920
-190.040 -112.787 166.714 2.020
-81.391 -147.796 -60.047 2.019
-114.275 10.909 -115.526 1.828
-152.049 14.107 -114.857 2.152
206.994 131.453 152.882 1.857
113.090 37.540 -16.463 1.950
137.664 -4.057 47.658 1.960
16.772 101.935 -80.648 1.968
-128.008 -118.435 196.492 1.811
-14.539 -158.678 89.412 2.047
-111.965 -168.397 -45.132 2.076
-138.624 -172.239 -15.275 2.061
-193.595 84.999 23.041 2.106
138.644 69.211 34.731 1.730
173.948 -54.908 122.232 2.024
-150.971 162.923 -176.956 1.899
-139.239 -42.029 32.084 1.872
78.366 -31.866 -180.766 2.163
114.079 -84.317 -99.488 2.103
5.310 -118.845 -45.922 1.969
193.565 -168.410 -127.427 2.087
159.336 171.354 -175.326 2.048
108.205 1.422 -74.656 2.067
-168.626 -120.266 57.642 1.844
-182.268 -138.064 47.115 1.946
27.308 136.504 126.117 1.926
77.836 -136.792 -120.465 1.901
-178.136 -103.400 -106.408 2.050
85.967 -33.112 -59.401 2.037
-116.628 -150.867 -126.138 2.090
171.833 167.830 22.020 2.010
29.981 149.244 134.284 1.830
208.802 61.283 40.522 2.045
21.792 26.755 -86.426 2.214
-19.507 -27.202 -172.650 1.969
-21.425 119.534 -84.299 2.065
-189.161 -145.623 17.401 2.108
-175.719 105.106 -90.704 1.949
82.077 -51.267 -2.253 2.093
-39.197 13.548 87.953 1.963
-41.677 -84.229 12.198 1.960
-115.165 -72.460 -34.994 2.068
95.008 155.658 105.398 2.016
-119.844 129.744 72.291 2.140
118.618 -156.774 146.347 1.947
-42.299 157.820 -171.506 2.092
-111.715 -60.920 -109.060 1.880
-32.522 140.323 13.879 1.794
-196.370 68.801 102.200 2.003
-186.549 49.117 -139.338 2.121
-222.937 -55.515 -10.987 1.865
-29.402 122.993 74.939 2.056
-147.471 83.498 -57.021 2.044
48.512 -81.437 -191.232 2.037
-26.644 164.593 -56.508 1.942
209.089 -27.229 143.904 1.880
-191.688 -76.037 -100.308 1.908
-160.660 -41.673 -182.906 1.898
131.172 -67.933 -93.999 1.943
182.304 -172.611 -100.213 2.108
-100.884 -2.448 -132.522 2.087
48.931 -129.362 61.382 2.080
0.636 163.402 -6.392 2.055
-110.333 -99.184 -52.081 1.890
-134.090 -15.397 -186.880 1.965
-22.325 103.484 89.598 1.962
58.055 -21.088 -191.645 1.813
-195.709 101.971 -105.999 1.953
95.260 77.303 -166.057 2.160
82.052 153.611 151.335 1.859
15.584 98.726 30.422 1.953
-177.779 -158.063 -103.114 1.941
197.486 13.262 -94.374 1.988
-65.675 0.786 109.195 1.743
-85.291 -108.256 -63.370 2.104
-21.791 92.528 -141.607 1.801
189.361 -46.458 166.602 1.954
192.229 -19.658 151.996 1.914
118.612 -112.632 -12.131 2.013
-192.002 159.071 -52.025 1.920
-102.183 6.830 73.512 2.173
150.429 121.302 130.016 2.039
-170.167 -74.303 -81.477 2.002
-33.645 172.158 49.624 2.009
-49.309 -74.303 179.399 1.826
-104.491 29.305 -119.497 1.929
33.338 -133.003 -65.068 1.895
94.733 82.355 -152.070 2.027
39.708 -134.858 67.163 1.832
-116.719 106.485 -95.460 1.944
36.751 72.070 -6.664 1.928
-10.958 55.176 -92.746 1.850
82.891 161.737 -113.508 1.901
-118.118 131.690 153.390 1.971
-103.585 46.466 38.205 1.970
201.952 -112.123 190.745 2.105
-125.334 112.279 -116.548 1.868
-56.863 -92.578 144.501 2.032
-63.708 37.449 74.799 2.045
184.298 85.709 136.148 1.883
117.280 -22.198 -45.944 2.024
-206.589 -112.698 -54.344 2.032
-59.444 -106.048 -7.179 1.919
-160.020 144.631 -162.928 1.867
202.797 177.359 179.208 2.046
174.338 29.135 -173.926 1.951
-221.792 134.104 -68.527 2.088
66.973 -186.568 65.635 1.903
-102.056 -73.305 163.673 2.086
198.123 -23.292 -189.434 1.907
-71.298 76.322 110.929 2.014
-91.845 -112.053 -75.678 2.031
162.035 -84.637 176.269 2.070
-79.665 -189.234 -179.934 1.876
-208.485 -86.743 86.789 2.048
-55.519 7.131 188.132 1.885
117.914 93.233 160.579 1.970
84.210 -122.882 -129.308 1.791
126.920 175.539 -104.467 1.921
-98.829 144.540 106.566 1.963
72.136 80.429 -22.013 1.960
168.382 -81.949 -127.016 1.919
-218.814 164.361 -146.424 1.948
-3.858 58.348 -89.232 1.979
-153.423 53.194 -186.264 2.068
89.600 -71.052 -127.349 1.957
-132.838 8.270 -14.074 2.112
-128.386 114.193 -164.489 2.195
-94.907 177.498 169.397 1.892
8.795 -122.908 102.435 1.758
53.454 -86.398 197.741 2.021
23.565 169.742 -84.336 2.019
45.088 -1.588 -155.402 2.044
106.902 20.244 -178.540 2.146
99.917 -21.272 -193.834 2.047
-10.605 -71.202 -193.578 1.716
-122.643 -15.716 110.818 2.030
-88.248 6.196 -37.154 1.946
-90.782 -38.367 -10.525 2.073
-101.876 -182.076 -95.555 1.866
9.842 -75.662 -3.921 2.001
72.033 39.796 -65.872 2.051
-9.072 -88.664 -114.620 2.002
147.072 -10.871 81.538 1.901
-80.475 -17.586 84.114 2.096
116.989 126.418 -94.153 1.850
-28.966 -162.940 156.107 2.056
61.255 -121.845 171.290 1.979
23.223 179.719 -189.447 1.920
-15.833 -69.777 162.976 2.218
-75.024 26.636 77.079 2.145
-138.513 52.687 157.016 2.040
-21.008 -160.954 -153.667 2.094
77.139 -113.413 -152.627 2.043
-199.130 47.876 100.651 1.883
36.699 -81.103 186.463 1.979
102.837 -98.262 109.304 2.063
-137.643 -12.337 89.829 2.022
118.367 128.818 27.993 1.924
212.566 -99.863 -22.482 1.791
153.152 107.924 -153.997 1.946
163.776 144.712 24.782 1.863
-8.266 100.139 -123.454 1.864
-24.016 -186.604 153.457 1.998
49.997 -68.470 -27.201 1.911
-126.389 162.390 167.313 1.880
127.106 -87.242 152.683 2.027
200.356 3.649 61.684 2.012
-34.962 -93.281 -189.493 1.808
58.439 -174.673 26.108 1.993
52.897 74.865 -163.694 2.053
149.327 13.714 69.519 1.854
-95.957 -84.989 -128.004 1.949
-26.593 -163.299 95.111 2.036
-158.622 -143.354 124.658 2.128
149.758 59.439 93.345 1.824
-81.719 32.385 197.947 2.100
103.534 89.479 -81.237 2.145
46.495 -131.711 0.631 1.887
-136.392 86.256 108.625 1.891
-107.138 187.220 168.609 2.089
59.910 87.193 -107.632 1.797
211.629 90.263 -96.870 2.015
-100.558 -86.920 191.729 1.989
61.123 -66.879 37.532 2.046
10.928 125.589 10.401 1.973
186.205 153.844 153.829 1.931
167.828 47.649 39.659 1.972
-156.358 146.538 62.700 1.982
70.602 84.444 -169.025 2.020
55.481 -48.550 42.701 1.923
-154.203 44.704 -72.203 2.131
210.970 123.839 153.781 2.049
-17.252 128.889 39.376 2.007
66.124 108.927 -141.779 2.013
22.580 64.307 -31.547 2.150
32.960 19.100 -1.538 1.854
-85.073 122.835 -85.214 1.940
181.082 -161.993 151.949 2.106
-22.715 159.367 40.408 2.076
184.057 -115.098 93.371 1.853
-148.534 103.866 -76.656 2.105
-117.399 -172.895 14.439 2.015
-143.774 -0.975 -97.811 2.114
-154.864 92.403 -117.212 2.178
-146.007 109.887 -131.742 1.936
198.986 -166.881 -80.444 2.039
136.871 140.892 191.877 2.009
191.373 6.941 155.830 2.017
-139.085 -59.160 -164.857 2.090
-47.072 -44.591 198.500 2.262
122.382 -76.217 113.017 1.911
30.917 100.159 -21.435 1.951
145.028 -170.745 74.022 1.955
-78.857 91.670 -156.366 1.929
82.839 -150.898 51.417 1.882
144.334 -4.963 -116.346 2.167
204.328 -5.883 -136.919 2.045
152.271 -122.102 -80.287 1.964
158.450 -41.396 154.590 1.851
106.507 64.558 105.549 2.084
62.136 -46.320 -120.867 1.766
-36.473 -183.640 94.379 1.969
-53.435 114.441 -18.982 2.107
-3.819 150.905 149.562 2.030
17.608 145.420 175.350 2.012
152.693 51.427 -6.281 2.009
-224.837 -62.295 14.642 1.962
-1.253 -2.744 -157.114 1.956
29.564 58.076 53.853 2.241
0.036 99.032 -153.700 1.886
-92.601 -30.035 -95.591 1.955
-16.470 99.714 5.193 1.994
-164.407 -85.475 71.789 2.043
-139.827 130.186 158.819 2.050
203.557 80.287 85.382 2.176
104.958 -111.939 -86.410 2.087
55.174 9.994 10.306 2.053
139.797 -119.796 -111.268 1.917
-40.937 133.324 168.593 1.858
-85.790 -36.254 114.651 1.905
102.890 144.802 -189.206 1.861
-41.309 -124.648 107.763 2.214
177.253 -174.971 42.508 1.878
-88.620 92.012 46.391 1.896
77.250 104.977 135.254 2.064
41.622 31.225 -170.580 2.061
211.467 56.609 171.047 1.962
-67.594 116.175 -30.547 1.957
-210.943 -61.297 196.264 1.977
22.510 -167.411 5.291 1.995
168.789 -15.889 152.074 1.838
117.283 51.006 -132.936 1.898
-130.467 134.231 38.326 2.078
-59.175 155.365 36.023 1.913
135.579 134.967 -4.403 1.913
68.774 110.362 105.180 2.211
-20.731 74.631 -127.496 2.153
146.605 -15.845 55.002 1.924
-44.094 -90.202 -84.781 2.002
121.174 125.489 -5.662 1.931
28.788 -41.724 -51.527 2.031
-199.632 28.001 186.311 2.186
-209.069 26.317 144.782 1.985
-28.879 -92.936 63.121 2.031
-136.243 53.590 107.405 1.936
218.554 18.258 135.187 2.075
128.708 139.938 -62.385 2.120
210.795 -90.904 -32.995 2.024
77.141 119.910 -114.263 1.988
-23.092 -95.802 -53.839 2.030
210.109 -48.957 96.364 1.811
122.143 -129.487 -96.432 1.837
150.974 39.590 -125.268 2.110
7.710 128.468 51.497 2.041
69.877 103.957 -1.208 1.820
63.732 55.478 121.540 2.056
-217.351 116.098 110.985 1.881
-183.669 85.992 -171.521 1.890
89.876 141.168 -152.015 1.982
-15.005 143.147 -162.740 1.967
-170.604 -31.641 -37.195 1.932
-0.601 -152.304 -28.901 2.052
139.518 46.355 74.457 2.125
-81.688 -153.568 -171.924 1.879
220.213 -119.469 -137.293 1.916
66.188 56.990 -0.636 2.173
3.188 143.105 -178.396 1.984
113.517 -119.338 -95.399 2.037
-42.892 53.799 61.434 1.975
-199.854 -168.544 -18.969 1.963
-176.476 -86.294 -159.685 1.906
95.211 -57.240 51.152 1.966
0.654 -116.316 -40.595 1.957
-181.368 -88.629 160.197 1.945
-73.547 -39.174 -66.924 1.916
103.336 106.237 129.688 1.937
9.720 87.752 -59.213 1.941
137.169 -6.226 168.121 2.009
-121.008 -32.415 112.152 2.023
122.489 81.292 -62.826 1.927
5.078 28.242 -151.826 2.012
-22.260 -150.442 -7.270 1.966
104.789 13.213 118.879 1.797
-11.441 -73.586 -146.320 1.915
-195.623 136.713 -57.834 2.070
118.070 28.726 169.669 2.192
-176.121 -165.794 -97.346 2.014
-101.061 -59.700 98.050 2.014
-157.415 86.837 -152.806 1.869
-15.534 -20.784 26.969 2.042
77.646 -166.601 -94.071 2.117
-45.127 180.824 6.960 2.062
-97.508 -11.477 160.383 1.903
-144.295 -49.713 -81.559 2.017
19.750 95.813 23.364 1.855
-155.775 117.871 93.899 1.921
68.933 -151.721 43.840 2.079
73.929 140.069 92.448 2.042
69.435 -19.373 -65.346 1.969
-164.408 -12.376 93.920 2.044
27.284 49.502 138.465 2.051
-179.023 -13.982 177.964 1.844
195.945 -181.594 -5.762 1.835
-133.717 -54.012 13.734 2.202
-23.139 172.668 -133.291 1.802
-41.351 -70.476 59.325 2.102
172.250 -185.357 105.323 2.066
119.805 99.514 45.218 2.028
-159.359 46.672 -101.965 1.768
55.634 146.739 35.208 1.915
-76.360 86.053 -32.090 2.140
72.389 92.395 -111.675 2.061
100.505 93.826 149.433 1.672
-84.727 -77.287 95.231 1.997
-74.873 54.082 -170.259 1.962
171.084 112.894 50.007 2.117
141.542 -105.081 -100.520 2.128
-79.354 116.253 -107.650 1.986
-95.991 -18.702 -10.073 1.941
35.874 -79.335 -130.659 2.029
124.507 166.982 -79.774 2.218
211.880 98.950 96.916 1.922
-29.334 -52.375 49.802 1.897
-161.989 61.317 16.001 2.086
-87.017 157.280 73.131 1.947
-19.407 -133.124 173.374 2.063
12.633 55.978 165.941 1.881
51.613 -102.024 5.709 2.039
-113.011 -180.263 165.827 1.865
-182.277 90.196 92.526 2.070
48.469 121.964 -168.528 2.073
-82.896 -113.771 -193.228 2.079
-46.615 119.407 157.465 2.048
161.287 -179.706 -94.509 1.961
158.462 -82.266 181.166 2.074
-70.160 -119.742 108.800 2.038
166.909 -101.412 105.931 2.079
-212.959 188.540 -103.320 2.130
-219.399 117.729 -150.469 2.016
-203.047 -3.404 -90.792 2.171
-50.223 -66.575 -7.555 2.110
-139.001 -179.547 -137.284 1.913
-62.803 -188.008 -64.074 1.859
47.286 57.899 -171.120 2.198
50.189 177.359 62.304 1.950
7.911 179.108 -71.495 2.003
-52.182 -29.648 21.500 1.887
-142.586 84.884 149.945 1.845
-51.344 52.561 -25.430 1.951
160.381 -120.458 51.862 1.967
169.777 -36.038 -100.184 2.045
13.466 -46.592 3.148 1.902
71.803 153.397 -39.249 1.915
-81.629 -154.445 -197.884 1.996
-30.125 -169.682 103.366 1.812
222.081 131.042 -62.728 1.919
-35.504 -100.699 70.596 1.765
-145.338 143.015 -90.476 1.875
78.753 -99.883 -112.488 2.062
-58.851 106.262 -30.205 2.072
-93.849 181.378 106.475 2.173
21.467 -96.950 183.172 1.950
-116.747 65.350 -196.465 2.020
-132.131 -3.869 153.231 2.022
172.695 14.595 17.064 2.033
91.911 78.431 95.663 1.871
-70.391 -11.721 129.176 1.976
1.413 -19.097 63.582 2.121
-159.668 -101.856 -143.162 2.087
80.847 -16.385 -102.487 1.877
54.542 -87.109 -129.395 1.790
9.252 -155.614 67.099 1.926
-15.039 -72.804 69.329 1.832
96.759 -187.906 157.232 2.077
-217.360 42.432 65.166 2.081
150.705 -17.421 -8.906 2.033
-127.283 15.780 193.364 1.982
-206.382 -140.441 183.117 2.099
146.872 77.794 -115.272 2.021
154.049 -66.341 -95.271 2.025
3.127 7.472 -2.632 2.162
103.319 -80.301 -73.113 1.861
-103.805 145.617 -142.828 1.902
-9.154 113.368 -147.750 2.073
-123.889 29.899 -13.654 2.238
223.783 99.679 44.896 1.989
-5.057 94.846 -93.795 2.073
212.214 133.379 172.383 1.879
101.595 -150.230 126.934 2.006
94.766 -188.093 -138.875 2.027
-126.263 -33.802 41.028 2.174
201.912 -124.960 164.770 2.048
-194.634 -113.370 -108.376 1.852
220.207 131.631 -62.141 1.965
209.649 -151.045 -155.944 2.008
-108.179 1.536 -77.799 1.944
106.505 52.944 -23.913 2.111
-37.769 148.532 148.818 1.862
11.144 133.567 -113.906 2.087
135.416 173.732 -180.365 2.003
224.106 101.636 -131.854 2.050
-184.131 189.055 146.126 2.003
-71.063 -183.053 58.744 1.817
192.567 -21.106 -131.196 1.945
221.861 -12.231 -95.412 1.785
66.034 -86.663 153.643 2.013
155.826 44.280 -137.843 2.015
-81.108 48.261 75.982 2.009
-131.068 -81.801 -68.777 1.857
-113.328 182.561 180.676 2.014
-26.449 14.893 -174.459 1.889
-119.802 -176.319 -71.092 1.944
-43.778 -167.634 149.940 2.169
180.614 148.404 105.852 2.115
-11.302 -142.021 -90.000 2.192
135.978 161.467 195.186 1.801
-131.485 17.604 136.613 2.000
-154.502 -83.319 195.296 2.140
158.561 121.842 -36.540 2.088
136.705 131.192 4.863 2.177
-170.890 173.754 -30.081 2.062
32.198 69.170 -38.572 2.113
-142.332 97.064 116.448 1.792
147.370 184.433 -168.846 2.069
-86.227 167.823 174.058 1.985
-50.315 -81.935 -10.686 2.111
93.141 -153.356 115.371 1.996
-135.497 -188.099 -19.608 2.001
196.253 111.947 92.248 1.901
-105.395 0.287 -134.182 1.986
-120.599 -34.512 193.395 2.059
-123.663 12.739 52.341 2.056
7.093 14.515 -136.196 2.014
74.115 -42.896 -187.877 1.997
-4.705 -70.741 88.527 1.957
-219.126 -132.225 -174.158 2.035
146.170 -43.703 -116.371 1.801
31.079 23.964 126.341 2.038
86.542 -93.472 133.600 2.111
66.145 -17.656 3.182 1.987
-60.576 -149.899 -166.832 1.969
139.166 -144.785 199.305 2.038
-25.138 -53.692 -18.451 1.910
140.578 48.883 2.355 1.942
