-162.808 -11.494 -2.459 2.017
134.955 188.634 30.256 2.011
-174.613 -143.615 -161.622 2.050
63.982 70.273 -181.598 1.968
157.384 24.897 -105.898 1.964
140.262 -80.109 34.189 2.077
-110.493 -134.160 90.120 1.972
-161.174 51.513 96.141 2.030
139.565 97.181 75.316 1.677
-167.608 -129.793 36.336 2.042
51.180 -32.098 117.355 1.918
189.125 124.262 98.946 1.782
89.043 17.411 29.196 1.982
-26.694 59.876 65.890 2.046
150.542 -62.522 182.426 2.025
119.877 -106.620 45.454 1.987
126.964 73.191 -4.286 2.131
-96.398 17.014 129.896 1.980
-129.367 -47.828 -118.152 1.775
-58.901 -83.682 -22.719 1.948
105.903 168.256 73.088 2.008
-95.916 -151.573 62.762 1.964
-197.180 -174.424 -11.017 2.048
-156.761 166.708 -135.338 1.883
48.451 52.119 18.911 1.854
-51.522 80.795 151.369 2.187
-137.766 -103.706 -141.496 1.920
73.783 9.608 51.520 2.169
-75.974 32.948 4.803 2.073
-63.952 -143.995 175.030 2.050
-169.248 163.381 -8.764 2.091
111.980 -64.821 88.244 1.950
38.968 -175.865 -121.982 2.068
-23.734 163.725 -27.029 2.067
35.258 89.475 -190.275 1.956
-201.245 20.191 131.636 1.843
-17.823 163.507 -191.569 1.879
-177.698 -150.529 183.567 1.945
-10.290 133.185 -145.095 1.992
216.926 -76.227 90.699 2.110
-70.627 22.035 -14.035 1.947
-193.650 184.940 -186.298 1.924
-140.522 -141.327 -161.657 2.067
177.852 64.878 -47.236 1.926
-20.060 -107.528 -75.083 2.173
-196.083 139.608 182.399 1.815
-12.065 -156.480 -119.396 1.893
-154.892 29.932 -52.736 2.093
-68.033 -4.486 151.959 2.139
-154.253 -72.220 3.695 1.952
173.187 -111.003 -117.494 2.045
-4.667 -143.936 160.677 1.945
-223.864 15.158 -165.085 2.061
-140.342 -7.788 -81.726 1.983
59.375 -20.488 -93.722 2.089
214.766 42.204 8.999 1.919
94.358 -104.276 -155.924 1.959
205.019 -51.999 -97.512 1.970
82.545 179.836 158.485 1.833
-117.376 -36.122 139.362 2.121
-72.688 12.750 106.736 1.736
-24.321 58.003 -185.347 2.041
182.395 -104.417 191.028 2.212
-187.008 -162.650 74.982 1.901
1.934 -166.346 -97.044 1.918
-10.478 6.199 -140.116 1.880
102.126 23.973 89.084 2.033
56.741 -71.319 47.571 1.931
140.157 15.201 108.816 1.950
-106.310 142.622 74.449 1.952
89.415 -91.866 171.458 2.043
-201.119 -112.752 145.354 1.972
-10.023 162.312 190.680 1.972
-58.537 -66.001 108.133 2.014
171.924 -8.144 134.958 2.150
87.863 -156.534 -148.502 1.800
-1.059 173.921 -18.454 1.982
28.718 -25.697 47.017 2.099
84.314 -102.495 22.699 2.051
186.937 24.489 74.445 1.978
98.367 152.935 72.454 1.918
193.986 -41.928 159.536 1.968
-134.642 -119.456 -149.170 1.956
-192.995 97.450 -57.133 1.981
174.942 23.927 -194.974 1.933
75.616 -172.533 -191.624 1.968
-209.901 -69.749 112.423 1.969
-18.538 77.992 50.699 2.071
-19.588 100.992 -110.482 2.208
-201.757 133.471 199.199 2.049
-212.621 -174.229 65.084 2.157
37.042 166.911 -90.812 2.131
-1.321 -107.573 -51.885 2.109
-84.040 144.046 135.292 2.030
-16.214 -66.154 66.720 2.052
-159.203 -111.095 73.070 2.054
-21.392 176.335 -175.326 2.030
191.636 -34.468 129.927 1.896
43.264 -5.068 -14.279 1.843
105.137 -188.678 101.708 2.167
-91.320 -65.469 -83.208 1.932
-71.958 -93.869 -175.712 1.925
-92.020 -19.689 -168.787 2.071
-98.495 -63.345 16.339 1.943
194.427 -39.603 36.205 1.939
-69.793 77.384 -25.937 1.947
48.115 -4.815 72.099 2.029
-116.648 30.287 98.946 2.065
30.169 71.993 -137.713 1.953
-58.950 -23.200 150.878 2.167
179.977 7.104 -169.564 2.022
-215.350 151.445 6.809 1.973
57.044 136.722 33.849 1.845
-149.661 69.430 144.611 1.810
-31.119 165.704 -104.739 2.095
-184.362 54.473 95.196 1.973
42.667 -133.684 -66.377 2.148
-218.474 106.229 137.710 1.934
170.070 -60.915 -164.787 2.170
-214.870 -42.176 -78.029 2.103
57.095 183.606 131.500 1.890
36.147 162.995 98.313 2.020
173.581 -165.999 110.821 1.876
-120.804 130.790 90.044 1.950
-185.533 -179.049 154.831 2.018
-0.982 101.179 127.554 1.967
126.939 63.802 69.448 1.865
186.907 121.667 -31.171 1.890
-14.666 78.907 -29.204 1.963
-139.708 -115.997 -188.778 2.110
-114.593 -113.065 -197.504 2.022
-21.370 180.978 148.990 2.041
2.300 17.518 99.386 1.859
-60.762 -19.196 37.373 1.930
22.668 -64.495 -75.013 2.024
-165.510 -51.752 -11.883 1.909
197.551 -174.544 -80.294 2.085
219.904 95.097 -9.827 1.942
-174.944 -178.203 128.416 2.008
-101.005 -174.861 -159.587 1.895
53.003 14.732 24.141 2.068
-208.583 -181.954 -87.540 1.953
-9.097 169.045 31.509 2.085
122.341 -160.156 55.258 1.968
17.531 183.793 21.856 2.009
35.900 -40.721 -181.159 1.939
89.922 -54.069 -92.720 1.894
-155.332 177.720 -198.829 1.821
10.393 -39.315 191.753 1.952
-95.061 51.382 -169.065 2.143
134.236 -102.743 10.437 1.848
40.501 -109.496 -19.636 2.049
146.635 183.156 -151.253 2.025
203.711 41.340 154.363 2.028
31.443 -181.325 -177.481 1.955
155.444 18.860 -148.262 1.949
219.628 -128.184 -191.360 2.072
-168.083 -44.797 -25.201 1.776
153.725 113.757 127.402 2.086
4.920 183.996 90.225 2.031
-185.882 -19.554 171.925 1.898
-49.791 -129.563 -18.275 1.914
49.191 188.915 13.137 2.003
166.736 -30.509 -113.689 2.076
29.995 -148.520 74.472 1.964
-110.720 -185.872 -96.975 2.002
-146.123 109.100 176.468 2.113
185.727 83.374 -7.648 1.986
52.866 -109.865 -169.942 2.238
75.085 -105.516 193.503 1.874
170.965 -60.379 -38.538 1.961
-163.946 -37.816 -165.026 2.112
32.431 -34.123 -149.008 1.888
224.354 114.121 159.510 1.865
188.041 25.076 -16.064 1.766
-116.341 -8.678 -192.417 2.057
134.900 -114.434 -60.722 1.961
139.985 174.107 -154.106 2.074
189.352 -127.399 -108.226 1.925
64.932 -91.623 -99.667 2.016
44.118 -99.814 -75.056 1.949
-115.540 184.157 32.998 1.989
-81.577 -108.012 -152.910 1.901
136.976 -74.389 48.666 1.893
-102.693 -111.327 104.197 2.180
-70.632 -138.390 -181.935 1.976
-215.863 -4.330 99.230 1.900
-183.436 -141.644 91.073 2.212
-33.215 -176.020 189.675 2.112
72.317 -122.324 20.674 2.051
167.116 -165.920 -6.009 1.923
-49.228 -94.979 -97.090 1.988
48.130 163.328 -166.429 1.972
-194.037 127.201 190.242 2.009
215.004 155.218 151.284 1.876
216.182 -57.376 -54.612 1.862
-117.600 -180.242 -117.240 1.985
-153.614 -71.259 -14.461 1.918
-223.489 -174.180 0.906 2.067
196.809 62.599 119.931 1.935
13.081 -118.618 110.705 2.160
130.051 -52.103 24.851 2.025
47.692 51.537 115.050 1.925
197.317 75.917 170.569 2.021
-81.946 133.290 -67.267 2.004
-128.267 -155.096 -69.784 2.102
-163.234 18.482 -132.754 1.784
-118.342 -77.055 -24.946 2.042
59.192 -189.923 65.006 1.869
-197.243 183.719 98.582 2.052
98.139 129.787 129.674 1.897
-114.594 -6.277 87.822 1.912
-75.031 -41.328 146.410 2.056
-86.512 152.990 -164.672 2.066
175.024 62.765 -184.094 1.848
81.139 76.429 177.500 2.053
-152.159 -157.195 -42.129 2.057
105.156 -175.164 179.622 2.101
-212.125 -36.631 42.018 2.153
35.175 89.216 79.413 1.879
144.466 -42.793 124.081 2.078
-77.375 169.740 29.669 2.087
-163.542 -124.998 -9.416 1.757
47.012 163.954 -121.427 1.980
68.664 -137.795 -196.421 2.073
138.711 1.326 6.417 2.048
51.203 -185.623 136.034 1.971
46.677 8.990 -176.469 1.932
106.538 152.601 -93.112 2.036
25.308 171.906 -54.656 1.980
29.544 -58.111 0.677 1.964
160.156 -173.957 44.212 1.943
-169.097 172.890 104.132 2.143
-40.448 101.105 -51.785 2.149
-156.746 -51.524 154.554 2.074
186.903 -163.229 -17.660 1.883
69.069 161.481 185.140 2.142
124.125 10.941 -64.174 2.032
67.862 93.902 -19.222 2.048
83.507 30.016 0.854 1.984
85.582 182.196 -50.647 1.999
-98.209 132.048 -122.563 2.197
2.385 -102.837 43.554 1.894
149.863 139.849 -6.607 1.955
-83.642 133.765 172.579 1.982
-65.554 5.522 -159.569 2.188
79.895 27.260 -21.443 1.956
-27.441 121.572 -109.429 1.986
-195.425 39.541 -93.498 1.975
161.331 72.589 -94.962 2.049
12.917 -52.083 -61.268 2.021
34.776 179.133 -44.472 1.956
-26.329 58.829 149.330 2.184
-204.363 39.552 19.259 2.097
-67.824 189.239 -97.264 1.793
130.862 -73.830 115.184 1.963
-110.479 100.635 -77.182 2.121
164.924 74.316 83.316 1.997
135.473 25.734 63.310 2.103
82.547 -185.175 197.536 2.021
28.447 175.679 -110.123 2.129
-49.155 -165.085 162.847 2.023
-69.166 100.453 -97.467 1.903
96.371 -131.265 -136.288 2.086
26.374 6.220 -111.480 2.187
-47.927 125.007 -142.274 1.815
168.613 95.972 -195.154 1.988
51.573 -28.718 -110.033 1.963
-142.940 115.019 -10.783 1.996
-220.074 77.091 40.206 1.844
-211.955 100.817 21.448 2.148
32.357 111.647 164.425 2.089
22.769 -51.500 -97.365 1.927
0.008 -1.451 -87.464 2.054
-96.213 -143.375 31.219 2.099
-193.371 -113.582 -6.626 1.869
144.476 -79.957 -78.324 1.869
-71.189 63.428 -76.971 2.104
171.273 169.887 -50.955 2.082
-128.409 70.333 87.707 1.988
-155.162 -133.682 -143.576 2.041
179.784 -137.000 133.288 2.098
-61.452 59.413 62.700 2.155
-58.196 -50.555 -131.688 1.941
79.099 -163.782 -115.769 2.188
-99.487 134.324 -170.176 2.165
-195.458 122.812 19.719 1.892
72.361 103.482 97.778 2.155
-138.698 -164.006 -103.603 2.018
187.440 -174.057 138.841 1.822
-174.040 -162.701 61.548 1.757
-223.100 26.975 48.792 2.095
-73.218 -137.732 92.185 2.090
-31.010 -140.402 -66.450 1.649
-139.769 -31.353 40.253 2.121
-25.943 177.683 152.603 2.002
99.007 -38.306 110.531 1.915
-88.416 87.855 -92.138 2.040
56.676 -48.698 -90.024 1.910
-87.554 70.246 12.587 1.921
194.447 54.930 115.143 2.032
129.494 -168.362 167.595 1.937
-100.642 85.534 -25.127 1.878
-187.718 87.302 24.357 1.986
-25.644 -76.421 112.924 1.926
32.534 173.497 118.511 1.972
-199.643 -139.046 132.990 1.930
-48.390 -11.290 -181.865 2.026
152.870 -183.977 -14.024 1.895
-177.670 112.037 -54.469 2.061
-162.872 140.700 -10.301 1.965
-161.676 4.239 101.993 2.027
-178.371 -64.882 -166.196 1.976
-151.411 161.700 57.212 2.099
-177.053 -46.523 29.412 1.968
-105.559 14.101 42.752 1.869
-102.774 27.430 -34.122 2.088
-12.516 -55.210 -133.780 1.915
15.782 -68.337 117.371 1.959
-67.448 120.584 -121.650 1.995
171.296 -60.739 46.530 1.857
72.261 76.081 -179.331 1.997
35.152 -17.427 188.185 1.988
78.692 -118.824 -99.601 1.904
202.692 -184.823 -151.239 2.040
-6.079 49.409 39.570 2.193
-54.892 78.580 -56.200 2.009
-107.800 -137.410 153.739 2.113
71.216 51.499 -19.330 2.126
200.962 -124.424 -148.789 2.004
102.828 61.540 -13.291 1.962
165.033 181.862 160.954 2.085
150.829 -125.680 -4.818 1.870
-202.107 29.135 23.908 1.963
91.057 -41.877 13.605 2.033
154.923 62.803 181.693 1.939
-165.478 39.542 66.741 1.850
124.429 -145.433 60.220 2.103
-198.203 150.727 102.387 1.885
-212.324 173.811 177.986 2.056
-220.707 -66.954 135.989 2.167
193.298 -44.528 -15.507 2.059
-223.341 -39.446 -107.965 2.093
-73.206 -134.676 -124.154 2.196
-214.969 -18.050 44.793 1.893
-213.370 143.632 -36.990 1.987
-109.621 182.422 106.962 2.008
151.698 -28.343 77.727 2.079
-92.529 -184.180 -165.657 2.166
31.009 110.426 81.501 1.988
110.529 141.414 -49.377 2.093
111.441 -178.555 -55.742 1.956
-224.129 -139.450 -101.756 2.058
9.417 135.928 -160.472 2.093
170.359 176.402 41.082 2.018
42.647 46.368 67.370 1.941
-58.954 -69.199 -158.866 2.037
213.714 47.572 1.821 1.948
1.802 45.698 -168.154 1.893
46.461 98.092 149.905 1.927
100.903 106.178 80.552 2.042
98.263 -175.542 147.691 1.901
-66.207 76.587 -30.490 1.977
77.733 -90.894 134.397 1.784
183.345 -68.972 187.317 1.873
-19.217 -46.692 -24.407 2.084
77.336 125.065 -193.669 2.025
-178.161 -60.362 172.553 1.999
-44.149 -63.240 -19.193 1.996
-175.932 -51.854 152.238 1.809
-43.958 150.937 64.037 2.152
5.185 -62.411 -54.818 2.001
120.333 95.520 149.295 2.179
-200.908 184.806 95.922 1.908
-100.319 155.894 137.801 2.053
99.436 -4.340 -22.929 2.163
-189.840 78.682 70.792 1.999
-52.397 -150.592 198.313 1.884
-40.794 21.996 105.558 1.957
-152.950 -111.762 188.220 2.160
-208.152 182.227 -147.053 2.009
192.508 -148.743 -130.598 1.918
-139.158 71.798 37.825 2.112
-111.306 -31.118 -93.098 1.828
109.061 171.359 49.546 2.022
-48.538 9.555 1.676 2.073
194.157 88.197 -196.672 1.932
-60.225 -32.087 87.989 1.935
122.941 16.422 102.476 2.039
49.045 166.630 147.446 2.071
161.557 -75.284 3.904 2.137
10.255 156.494 28.248 2.063
121.176 1.845 7.514 2.202
-2.683 -186.202 -73.878 2.031
-94.356 167.809 10.331 2.076
-175.235 -154.887 -48.986 2.067
-163.841 -26.535 -56.600 2.029
-123.799 174.928 192.305 2.144
-152.000 -82.942 -104.243 1.780
-173.877 153.621 -28.428 1.941
-211.995 46.293 187.802 1.980
128.545 138.889 -30.331 2.108
210.705 35.224 -176.262 2.050
-184.173 32.595 175.914 1.858
-66.478 51.354 49.308 2.080
-134.703 -98.676 -58.446 2.088
-204.450 -110.848 -48.676 2.218
143.336 -48.739 22.782 1.928
121.004 187.059 -70.190 1.805
13.848 174.725 113.498 1.952
-128.387 91.277 -84.623 2.113
212.164 -19.580 151.314 2.032
18.290 -176.242 -184.085 1.942
-130.141 174.384 60.060 1.920
-121.932 -104.185 -151.954 2.101
221.434 17.165 -170.414 2.000
-24.763 82.243 -82.316 2.057
-35.169 -150.006 18.157 1.874
-104.072 -41.232 14.134 2.145
14.792 174.810 113.272 2.010
-194.446 -76.645 -192.725 2.024
4.574 117.490 132.253 1.948
-159.078 143.519 -72.187 1.984
-195.395 76.172 141.679 1.914
-160.433 85.885 81.612 1.934
93.203 18.903 -79.189 2.052
122.362 -186.788 -26.172 1.860
183.070 -105.083 73.041 2.122
151.564 22.169 -151.846 2.077
-75.880 62.551 184.231 2.020
-145.347 39.677 197.394 1.812
-7.447 77.455 66.314 1.969
9.013 -41.516 -126.081 2.032
99.957 79.446 -198.733 1.987
-80.405 -22.961 -146.598 2.010
153.886 -129.234 15.159 1.877
208.754 -145.584 73.614 2.038
-58.071 -57.617 -87.308 1.930
196.850 -5.025 140.867 1.912
140.447 -114.681 31.836 1.999
10.818 -173.833 -58.356 2.047
-120.102 59.555 -138.994 2.012
-28.750 -137.322 -137.648 2.151
-187.687 -133.925 -90.258 2.076
25.600 -144.798 -188.406 2.009
71.966 -47.034 -186.293 2.073
-183.742 -34.447 1.166 1.977
-43.339 -139.264 -150.812 2.019
36.542 90.314 178.804 1.966
-5.248 -163.197 156.256 1.996
-133.499 -103.453 -141.743 2.020
-164.232 138.538 46.694 2.091
-141.448 -109.178 29.984 2.014
-71.559 153.854 -80.717 2.053
-7.432 81.931 -77.057 2.087
-124.554 -52.391 -96.980 2.032
-180.688 -55.144 89.247 1.958
-9.327 -53.876 -129.454 2.047
-110.095 -81.222 167.546 1.913
118.862 -27.489 -70.089 2.171
-87.569 74.364 -56.879 1.912
121.946 177.641 168.463 2.091
-163.487 -164.748 39.305 2.132
-54.180 -52.335 159.452 1.920
25.769 84.062 50.533 1.984
-96.886 71.195 -8.125 1.720
-91.111 -7.576 -99.902 2.046
116.955 121.588 140.723 2.005
147.678 113.492 -135.931 1.917
-79.478 -135.341 73.592 1.912
-135.891 -26.860 99.561 1.937
62.862 -126.801 20.704 2.081
29.809 107.337 15.557 1.927
69.665 159.707 71.002 2.026
-161.412 -104.354 125.758 2.091
-171.459 63.791 -100.055 2.062
-195.371 -17.324 198.487 1.980
-223.731 91.390 -58.959 1.949
-104.765 -120.636 -31.331 2.054
-222.228 131.481 -58.806 2.017
-79.889 -16.693 16.540 2.004
-38.406 105.343 -115.413 2.083
175.200 179.915 -70.307 2.009
-44.700 -45.388 3.285 2.051
-121.415 -76.038 117.137 1.951
17.081 183.752 194.371 2.018
74.990 173.318 -141.471 1.832
-98.863 26.604 15.049 2.166
175.903 -87.785 -122.607 2.020
219.226 -75.586 -89.297 1.901
-126.229 -111.465 -193.756 1.966
206.754 -54.927 139.639 2.209
187.728 -26.572 94.006 2.032
-70.562 165.598 15.616 1.967
68.548 -136.610 -75.065 2.002
26.461 -79.233 153.425 1.934
45.640 92.114 -174.765 2.112
-107.459 24.105 -20.698 1.979
-201.667 -130.036 -2.020 2.246
-152.515 -185.449 -179.874 2.174
10.769 180.336 -73.900 2.193
-189.124 162.720 -37.012 1.995
19.030 126.047 -117.473 1.907
-139.879 184.923 111.641 2.052
65.746 124.932 112.532 1.946
-37.082 -156.508 -96.237 1.952
-69.382 160.138 143.958 2.006
-181.419 60.115 153.454 2.107
-38.653 -121.089 -135.850 1.848
-114.154 -138.243 -38.269 1.986
-150.986 128.258 -4.278 1.872
15.890 -185.145 105.905 2.111
-118.195 -3.502 137.543 1.786
-161.551 -125.625 29.812 2.053
113.501 -156.918 34.995 1.969
-149.196 -45.098 -84.365 2.090
89.660 2.878 -166.584 2.007
-176.575 12.639 -114.543 2.097
-30.360 106.035 -175.690 2.048
149.095 74.093 86.555 1.958
-109.192 -87.344 -178.159 2.032
45.726 -12.077 106.996 1.841
73.818 -27.957 45.057 2.075
162.522 42.585 -154.648 1.875
-120.881 87.584 -151.450 2.124
-157.108 -9.277 135.610 1.972
-190.280 136.632 131.121 1.929
-212.717 -177.428 102.345 2.053
-166.907 -49.754 -33.475 2.053
52.655 -123.285 118.235 1.998
-213.932 -18.238 36.740 2.110
149.413 127.364 10.081 1.925
170.539 56.376 -159.410 2.076
-220.540 -32.522 42.955 2.056
137.216 -40.700 196.714 2.041
89.963 189.800 -154.562 1.960
-48.973 -97.526 -163.473 1.974
-168.142 168.429 -44.026 2.062
166.280 35.637 -52.509 2.007
-46.407 -49.741 182.802 2.190
-124.549 -56.236 196.325 1.958
-170.609 58.463 150.288 1.981
-85.478 -27.927 192.737 2.105
-200.459 -171.356 52.087 2.034
107.686 -158.234 -103.753 1.952
106.955 -157.730 199.484 2.122
-120.861 -83.977 -95.696 2.037
-102.913 -183.487 -39.189 1.980
-221.344 -22.826 -101.465 1.825
76.097 137.806 -137.490 1.742
168.583 145.150 12.988 2.134
-161.694 -111.886 -194.117 2.098
193.332 133.633 0.149 2.088
-52.771 1.830 -118.280 2.027
-192.847 -161.251 -14.196 1.947
-20.787 125.315 -82.631 1.956
-173.575 40.444 163.955 1.955
-101.496 1.611 49.262 2.001
97.187 69.352 81.878 1.921
169.220 176.119 132.436 2.228
-166.954 102.739 57.906 1.952
-89.784 -134.838 -98.027 2.035
126.894 -120.573 -72.637 1.931
39.687 88.437 -195.559 2.130
175.027 -149.659 -101.465 1.999
-197.094 168.841 -164.181 2.034
-183.710 114.966 120.559 1.920
-122.524 148.267 -51.250 1.971
-63.073 189.421 -155.362 1.767
129.656 -106.268 8.932 2.007
0.526 -73.558 106.979 1.934
92.808 41.616 -181.690 1.908
167.660 -164.674 -171.995 1.993
-155.016 -187.803 169.394 1.744
109.869 -82.918 116.617 2.017
168.334 185.990 -26.888 1.871
-224.769 87.683 147.856 1.897
-78.837 -138.782 -111.976 2.097
-63.909 -32.347 121.434 2.045
82.572 -32.095 9.128 1.980
49.381 -35.422 8.550 2.068
-22.167 -86.573 -158.188 2.056
108.984 -100.452 36.049 2.102
-97.306 179.665 183.889 1.952
-187.138 -40.815 -190.248 1.776
-88.935 -35.585 101.267 1.934
-19.648 -60.278 3.748 1.865
70.230 -82.273 76.488 2.015
164.348 58.431 -158.117 2.085
139.058 79.808 -128.225 2.072
171.352 44.240 168.510 1.907
193.228 -3.041 -199.674 2.026
195.028 -129.777 -118.139 2.147
156.813 -167.169 27.090 1.849
4.146 127.908 182.241 2.003
-52.081 119.901 154.816 1.977
87.024 -138.036 22.717 2.142
-212.971 -69.445 86.099 2.033
147.458 -55.821 188.486 1.934
192.552 -121.865 -52.925 1.971
-37.425 12.626 122.842 2.034
-25.606 76.050 34.507 1.815
123.465 -32.468 6.143 2.169
76.322 173.377 -133.770 1.836
-21.741 -161.840 2.241 1.870
167.940 161.634 184.520 2.062
127.325 97.498 -132.139 2.041
-106.355 63.283 -1.764 2.111
-40.587 -97.912 -111.620 2.092
43.635 -186.937 -35.474 2.133
119.732 186.808 -52.235 1.923
10.399 181.705 78.954 1.819
-2.154 130.972 -7.009 1.996
-171.594 65.806 -95.507 2.013
-63.054 -144.376 -68.636 1.846
-200.084 157.004 -182.837 2.048
-15.280 -51.830 -180.213 2.059
-213.468 161.640 -126.134 1.980
148.542 -79.819 -130.482 1.870
-121.722 -160.136 195.983 1.940
10.308 -77.767 -79.990 1.945
-102.020 118.519 -137.726 1.857
-176.465 -45.088 81.112 1.770
153.112 149.334 117.707 1.993
-157.454 -115.214 142.312 2.013
-193.633 49.727 -37.477 2.018
6.793 173.133 -198.685 1.841
106.110 6.216 111.507 1.903
46.846 30.475 133.450 1.996
167.908 30.139 -34.734 1.964
40.716 57.165 -51.071 2.073
83.309 -43.132 -73.933 2.024
-203.757 78.926 -32.237 2.058
23.463 46.751 -126.162 2.262
-24.045 19.188 65.901 2.000
-215.741 -13.360 -166.999 2.135
-8.988 147.204 -126.247 2.066
-97.267 -26.192 -25.117 2.099
-133.963 49.537 141.042 1.921
-94.645 8.804 -128.953 1.857
13.573 158.347 142.384 1.893
-164.541 23.594 -173.720 2.061
67.472 -29.164 49.292 1.996
-36.030 -69.828 1.895 1.966
-3.326 5.835 192.863 1.867
36.577 83.086 -12.637 2.166
-56.564 -4.363 -57.356 2.098
23.886 110.665 10.250 2.065
13.012 12.237 -127.289 2.115
128.801 -22.350 113.569 2.048
-97.602 -90.437 112.622 1.824
-36.840 -121.735 62.476 2.006
-137.289 -106.169 117.205 2.104
100.732 -17.481 61.816 2.067
-55.988 135.975 106.187 1.995
-76.774 104.557 22.904 2.116
-10.165 -55.354 -24.647 1.867
-218.584 -139.006 34.602 2.098
27.110 -161.539 56.459 1.988
149.334 -9.767 161.658 2.118
-34.771 138.415 6.050 2.113
-77.634 169.424 129.020 1.829
88.105 -110.044 178.828 1.842
-164.342 134.235 17.219 2.073
-13.188 -153.539 -116.121 1.946
215.373 167.473 158.911 2.020
107.650 -112.983 57.662 1.947
-215.374 13.298 147.895 1.917
102.397 95.811 -134.498 1.925
-49.777 -1.796 -122.316 2.084
129.562 -185.462 -183.163 2.175
-38.690 51.346 5.206 1.945
174.171 29.833 0.753 1.941
-224.719 -185.301 -145.890 2.006
12.826 4.699 152.257 1.868
167.543 146.629 93.529 1.938
-89.458 9.192 -111.215 2.091
-79.824 175.052 -165.736 2.090
65.484 9.146 -176.285 1.837
-174.919 111.422 -9.736 2.015
16.304 -13.710 168.276 1.989
104.771 -29.036 124.740 2.057
-70.098 169.208 42.734 1.992
-94.345 102.813 -10.938 2.056
69.161 141.646 80.010 2.147
-75.309 161.717 -17.609 2.045
-149.777 160.654 75.777 2.159
-160.668 128.544 -181.888 2.042
10.385 -28.617 -53.508 2.000
58.958 79.249 159.219 2.016
212.762 43.353 -103.126 2.003
-191.927 -94.466 -146.955 1.916
-194.025 173.455 71.244 2.144
55.710 -131.036 51.197 1.942
-161.217 128.344 124.017 1.778
-177.731 -151.548 -54.382 1.906
176.902 -125.593 193.356 1.761
217.937 -84.192 91.945 2.036
116.409 17.374 93.532 1.944
-96.129 57.168 158.577 2.051
155.259 82.355 154.968 1.891
-93.600 7.780 -180.236 2.074
-84.490 -97.270 -10.497 2.053
-55.707 -81.511 -68.267 2.085
-191.976 16.365 37.126 1.907
206.076 -116.740 98.439 2.008
-89.821 143.694 170.437 1.917
66.289 -35.809 -194.434 2.049
-90.333 121.102 -42.169 2.006
113.044 -93.247 -128.390 1.894
78.654 114.729 -74.157 2.035
137.466 -184.324 -1.475 2.165
-142.864 67.949 180.351 2.070
149.370 -146.830 -13.053 2.021
-124.893 91.907 -157.214 2.043
115.024 48.447 -29.771 2.010
60.493 108.445 -5.241 2.128
-122.969 69.674 -136.917 2.024
211.526 50.948 -131.009 1.986
110.284 -182.095 81.052 2.040
-132.669 -180.689 154.588 2.042
-89.397 141.722 160.469 2.154
221.172 -149.262 47.726 2.158
-204.216 -170.091 -85.640 1.930
-135.821 166.106 -151.013 1.974
-23.386 124.010 -94.094 2.105
-9.054 -81.938 -134.326 1.852
63.868 -27.761 58.954 1.953
-7.349 -34.122 -143.587 2.025
0.483 163.290 -102.372 2.005
-217.789 -112.586 131.665 1.937
-62.440 132.669 170.613 2.043
-182.301 -43.044 -133.174 2.079
-3.369 38.235 125.953 1.871
-52.752 93.051 -97.696 1.898
49.155 135.645 28.040 2.119
51.977 106.555 26.644 2.052
218.197 -69.438 -168.346 2.097
-223.940 63.653 45.580 1.987
-193.878 -119.734 103.711 2.013
61.449 11.356 26.299 2.031
103.178 16.620 -43.322 1.932
-8.360 -60.435 -2.843 1.875
127.079 -182.184 -40.148 2.000
43.129 148.517 7.647 1.971
133.833 19.973 199.637 1.978
136.429 116.618 -122.932 2.089
-151.410 -135.613 -29.086 1.817
82.606 -30.171 132.137 2.017
112.999 8.420 -8.735 2.003
176.870 -6.933 -155.755 2.018
-71.928 -38.687 162.444 1.964
147.505 -6.896 -99.721 1.997
-41.463 -114.439 138.226 2.132
-69.473 -11.269 63.821 1.909
-156.135 117.808 174.060 1.960
51.622 127.644 -118.373 2.238
217.515 27.951 -53.322 2.022
-197.120 111.318 -135.395 2.086
-159.314 -25.549 -91.901 2.004
136.998 -57.370 -170.797 2.124
-108.373 109.688 123.491 2.052
-13.501 144.607 96.029 2.070
58.678 -156.237 22.045 1.984
-66.487 -127.967 197.694 1.787
161.738 -99.150 196.921 1.827
194.740 158.238 -151.581 1.949
-16.354 -184.434 -3.702 2.001
-154.259 -64.028 15.233 1.995
81.318 9.431 -166.000 2.065
-189.877 -69.377 -108.136 2.011
214.316 170.997 55.058 2.079
-124.246 -16.828 -199.885 2.138
221.176 144.086 -165.744 1.939
-61.642 178.040 -125.512 1.846
-81.599 -35.508 50.122 1.943
10.136 146.026 159.832 2.009
-75.446 -13.287 -18.592 2.066
156.168 185.211 21.931 2.130
-83.095 154.660 115.829 1.946
112.030 35.514 27.256 1.890
-0.726 90.362 185.559 1.857
-102.546 117.825 56.402 1.939
101.564 7.357 -94.663 1.696
28.941 100.446 18.067 1.942
212.680 110.291 -188.059 1.900
-74.259 -152.454 -164.301 1.894
-17.066 50.087 60.313 1.957
31.399 61.036 139.794 2.119
-125.226 42.946 23.646 1.963
172.802 109.319 48.206 2.019
-192.061 -38.348 162.847 1.813
94.100 -12.929 79.635 1.970
-220.541 18.346 -125.284 2.054
-159.895 165.753 -57.463 2.030
-50.961 28.190 120.011 1.881
-40.442 -14.925 -88.429 1.972
-145.821 187.886 -64.412 1.962
-0.205 -3.172 -43.321 1.986
-217.325 -13.045 86.960 1.992
-91.358 139.107 21.741 2.136
49.408 -50.307 192.699 1.823
192.214 150.026 95.350 2.043
84.834 -33.902 -126.938 2.040
-14.366 -123.134 -193.883 2.172
1.535 174.513 115.625 2.005
118.297 -24.473 -177.063 1.911
-174.927 -4.516 177.456 2.064
-163.814 -120.412 -42.022 1.974
-60.271 -184.319 23.548 1.965
-174.838 149.618 35.212 1.999
127.543 -144.252 -71.281 1.955
218.306 -168.527 -99.789 1.942
-66.920 27.648 18.572 1.830
-120.423 -127.743 -80.592 2.074
-30.782 -140.412 -3.273 1.981
76.460 -114.206 91.140 2.103
-222.529 -89.193 -101.547 2.019
-21.698 -24.550 -194.961 1.877
47.288 -28.393 143.052 2.010
213.827 58.561 -87.847 1.972
-177.717 -21.319 20.113 1.908
-214.808 -187.458 -111.431 1.839
-120.052 38.998 108.354 2.062
36.644 -118.577 135.869 2.113
199.119 185.659 -68.225 2.220
-42.531 39.436 141.310 2.072
106.961 -184.480 26.827 2.071
-79.990 152.072 11.046 2.237
90.182 -75.692 -12.284 1.935
-125.120 126.210 172.607 1.988
224.002 34.428 120.528 1.794
12.033 -163.814 199.574 1.797
-213.560 65.840 -49.898 2.103
-63.941 -34.776 -58.745 2.038
-173.534 -138.902 128.366 2.094
78.378 -92.135 -93.787 2.246
-90.812 15.232 98.786 2.139
172.628 3.194 -130.389 1.986
53.358 1.326 -93.930 2.257
-3.085 -11.170 -31.955 1.922
3.453 61.487 -62.271 2.088
-5.212 115.695 -145.364 2.078
-172.333 -46.457 9.334 1.969
7.121 -158.234 -62.697 1.935
-208.728 -16.010 -198.122 2.161
-30.316 -57.972 117.565 2.019
-163.817 50.399 -185.085 1.942
-217.624 -136.694 -38.147 2.075
150.313 -30.841 -44.672 2.004
-112.689 -158.287 190.592 2.066
-76.501 -10.311 -118.345 1.930
196.044 -84.680 182.958 2.023
-55.622 21.309 -178.866 1.971
70.700 44.198 171.331 2.081
169.093 116.753 -145.034 1.870
121.561 141.372 191.629 2.005
-162.647 -75.395 57.372 1.978
106.341 -165.339 180.428 1.852
-28.937 12.643 -187.581 1.973
47.435 -3.941 109.726 2.101
-190.237 86.567 134.778 1.917
-76.315 117.169 129.412 1.966
-192.038 -189.142 25.201 1.849
170.452 -143.273 -193.883 1.837
-40.311 -51.407 24.815 1.886
148.430 -165.421 11.448 2.034
77.449 46.772 -21.997 1.919
-137.686 -1.226 102.256 1.948
169.529 -81.304 -24.716 1.922
87.675 148.214 -20.105 2.031
157.874 18.485 112.068 2.082
-179.818 -131.131 128.558 2.156
-0.660 125.154 128.122 2.146
-44.496 -148.259 -195.520 1.800
89.986 -73.202 56.400 1.930
-79.151 151.029 -36.299 1.992
193.034 105.577 148.551 1.851
-130.593 -38.023 -139.259 2.102
199.362 135.405 -67.279 2.159
78.321 -101.715 125.011 2.041
-108.452 147.944 -92.536 1.982
-194.808 -25.037 -70.280 2.109
7.724 119.277 -198.396 2.053
209.580 -178.156 88.949 2.071
-212.071 155.264 -152.162 2.018
-71.623 -100.439 171.815 2.148
-104.274 167.063 111.188 1.998
-71.104 29.007 -179.367 2.199
56.844 -65.012 84.949 2.068
-24.807 -47.435 100.857 2.111
70.609 -187.765 157.536 1.869
-148.467 -30.459 -172.133 2.088
94.514 -84.922 -21.023 1.945
-0.770 -15.560 145.048 1.867
-191.646 -32.735 170.585 2.052
201.051 130.306 -64.312 1.888
4.041 -108.458 -50.934 2.041
-106.726 23.770 -198.405 1.877
-169.544 103.132 188.940 1.922
-143.588 11.943 126.368 2.100
25.521 -174.036 54.809 1.920
-28.939 0.917 19.189 2.104
-43.771 183.098 -1.365 1.897
-179.326 -72.294 -26.181 1.960
-178.471 -128.165 39.397 2.084
35.189 -53.075 -174.326 2.054
-129.142 -77.987 -166.621 1.945
-140.603 -89.059 -29.139 1.919
193.509 124.128 -197.038 1.983
210.175 177.775 27.838 2.063
-81.211 166.529 173.344 2.098
149.819 -60.257 85.070 2.064
224.382 -111.507 -26.781 2.195
-203.193 112.107 -156.273 2.044
41.333 55.603 107.496 2.127
124.476 161.510 15.334 2.010
103.050 135.854 127.413 1.956
-92.390 -33.794 92.924 2.047
63.135 42.647 97.967 1.942
17.522 12.353 -121.987 1.954
-47.764 -44.347 102.544 2.136
24.644 -113.303 17.676 2.257
103.724 99.089 35.386 1.899
-131.738 -2.299 165.040 1.926
-24.860 80.115 -116.282 1.983
133.708 94.295 140.446 2.083
131.496 -10.856 -176.992 1.993
20.725 22.217 -64.912 1.994
212.111 92.603 146.560 2.123
-187.040 179.085 121.479 2.004
216.601 99.203 -25.727 1.981
-167.492 95.145 112.565 1.940
83.218 63.564 -82.361 1.848
170.306 97.605 97.187 2.072
-43.252 -166.804 -5.688 1.907
-76.080 71.363 -131.215 1.904
111.087 172.993 146.872 1.909
-179.988 21.029 -130.442 1.945
-180.456 -86.301 53.822 1.921
200.883 -117.174 -58.927 1.917
152.820 -69.451 162.730 1.852
-45.159 -163.444 -154.401 2.083
206.474 -8.863 31.244 2.072
120.937 95.552 -151.612 1.977
-109.329 49.631 104.152 1.972
99.782 -177.945 183.127 2.163
-193.648 -40.197 53.208 1.915
147.755 -100.686 54.051 2.109
-173.797 -74.001 32.997 1.927
29.313 140.273 18.030 1.950
-63.981 -64.696 153.657 2.057
-3.318 45.464 -72.510 2.123
102.177 -117.439 158.020 1.983
111.229 -154.727 -141.361 1.993
-144.902 140.565 133.613 2.132
194.638 12.318 124.130 1.872
-34.746 -94.710 -26.975 1.968
-166.053 10.841 -151.878 2.116
50.046 -27.290 -66.946 1.999
-141.996 70.780 89.836 1.930
35.591 -112.578 -48.708 1.961
139.690 21.313 32.276 1.879
202.680 18.499 -14.356 1.950
129.848 -40.974 -126.745 2.009
171.502 -186.759 -187.796 2.103
96.428 67.040 -38.605 2.009
202.948 -161.813 113.517 2.013
124.423 -104.411 42.463 2.033
120.037 -173.428 122.129 1.917
214.758 -132.130 -165.285 2.001
200.075 -111.452 -31.066 1.907
-60.990 -144.195 73.822 2.076
-214.707 -41.873 -80.121 1.973
107.548 144.938 197.105 1.873
152.340 -53.821 124.169 2.100
43.240 24.705 -169.187 2.099
132.923 80.516 89.800 1.979
28.705 -115.021 192.922 1.964
-148.403 -25.126 -134.581 1.858
142.189 -87.418 161.391 1.902
-169.921 -35.820 -131.067 1.965
102.552 -14.243 -133.550 2.076
88.768 147.238 -195.846 1.950
157.834 44.020 -4.501 2.037
156.437 -107.140 47.100 2.011
166.017 82.329 150.871 1.894
-152.554 -87.739 -1.813 1.832
138.336 117.068 112.648 1.987
-208.077 114.615 -104.949 2.093
-6.376 6.960 -181.970 1.988
-18.008 -32.999 62.175 1.992
-53.672 -34.785 78.002 2.000
166.991 -11.944 -98.860 1.997
8.037 -185.772 105.654 1.946
203.911 -97.172 30.353 2.028
-103.108 -37.102 181.012 1.843
-171.321 -154.962 167.417 2.032
27.231 100.577 -102.768 2.167
22.544 13.770 -97.056 2.001
