-171.405 81.055 199.458 2.159
69.114 -55.820 -16.751 1.982
64.087 -135.461 131.401 2.213
-121.792 -39.920 98.792 1.956
-159.141 -12.425 -94.281 2.032
10.524 8.748 80.244 2.029
-46.243 165.041 -96.770 1.855
-12.504 166.449 40.396 1.982
-196.355 64.841 -147.254 1.832
76.465 -162.265 -170.293 1.916
126.241 -82.675 40.159 1.985
64.971 -174.720 -126.901 2.124
201.895 -185.381 -155.885 1.959
-133.923 -23.780 150.143 2.032
-12.500 132.636 46.325 2.044
124.977 -8.686 33.167 2.184
193.177 -72.814 59.367 2.070
199.850 64.509 -47.967 1.959
13.285 73.713 -177.000 1.897
208.793 136.553 137.120 1.963
-8.004 136.623 -176.460 2.064
143.794 -83.952 -101.350 1.851
191.097 73.540 -148.668 1.947
80.992 137.403 142.289 1.982
-111.519 -181.643 -67.254 2.045
7.312 108.279 -81.392 1.988
115.733 139.826 -169.751 1.983
85.766 23.994 -80.265 1.812
-64.143 118.642 74.872 1.977
-58.890 94.319 10.027 1.962
73.148 -34.745 124.688 1.938
201.881 -97.797 67.161 1.921
-143.243 177.327 -14.457 1.782
27.416 -184.729 114.092 2.115
-111.757 -56.448 -7.894 2.145
166.626 89.419 -143.004 1.974
-93.686 99.195 -119.153 2.001
-60.644 -86.013 -8.471 1.921
-127.228 -97.398 -46.883 1.968
202.485 58.783 -193.324 1.861
195.414 181.025 -185.608 2.066
177.295 -188.354 111.523 2.032
-31.419 -9.553 -49.919 2.075
87.704 -126.312 -131.480 1.840
-130.570 -102.760 73.620 2.078
-66.879 129.928 110.393 1.988
155.053 -132.823 -116.831 2.136
143.411 18.151 -96.385 2.119
69.344 -126.541 -128.049 2.057
137.500 68.140 -166.620 2.035
-186.417 2.669 25.750 1.895
-74.924 72.832 46.339 2.245
-220.904 -75.375 -155.999 1.881
-160.384 138.360 23.078 1.987
19.800 -143.059 108.200 2.054
-191.229 -183.065 100.119 2.114
70.274 149.428 4.847 2.029
63.806 -76.853 21.131 1.865
-83.346 88.892 -147.837 2.010
61.130 131.201 -171.467 2.203
45.074 13.103 -120.840 2.233
114.283 22.845 99.081 1.989
195.834 22.574 -38.316 1.854
3.235 -38.686 157.751 1.918
-168.160 -16.631 76.530 1.924
100.525 148.961 -48.404 1.788
182.375 -40.586 99.235 2.092
215.673 68.169 122.756 2.005
-119.799 5.581 184.906 2.117
-70.435 -101.298 82.844 1.815
212.337 124.616 191.160 1.929
29.429 56.793 143.445 1.958
-36.025 115.262 191.239 1.990
-16.769 189.332 118.690 2.124
-119.919 126.352 197.533 1.960
90.560 31.110 94.664 1.967
105.574 161.401 -89.066 1.943
221.574 -148.399 -23.746 2.194
-205.100 85.205 112.532 2.199
112.737 -74.523 -88.142 2.088
-163.921 159.650 165.249 1.908
-195.079 9.554 -178.574 1.906
67.401 -34.231 -182.133 1.898
-130.877 -28.284 -7.608 1.988
121.418 132.476 -124.806 1.928
-40.826 -162.762 178.438 2.018
34.647 5.424 31.179 1.999
-59.733 -155.620 88.004 1.974
106.658 133.238 19.506 1.919
40.374 -137.483 55.785 1.927
-22.248 63.676 -52.956 2.047
158.099 47.107 143.890 1.948
-42.875 108.959 25.208 1.867
49.880 -105.774 -2.582 1.975
-202.388 0.873 -57.380 1.931
132.125 91.946 -177.903 2.173
-210.996 -31.219 -124.625 1.977
187.401 -43.075 -71.372 2.082
219.663 -90.318 143.498 1.686
63.230 159.182 -39.585 2.162
-49.504 -43.306 -81.058 2.033
-60.757 -183.200 181.079 2.029
144.268 -85.580 122.630 2.012
156.700 34.743 68.272 1.991
-29.983 -163.473 199.325 2.005
206.166 -91.509 -124.742 2.127
-98.416 30.261 140.189 1.959
-141.273 -80.731 155.178 2.091
-45.425 86.499 189.533 2.089
-121.602 -158.368 136.411 1.957
-150.503 148.611 -194.587 2.120
-106.603 2.699 -185.382 1.896
108.983 -73.311 46.552 1.901
81.138 -158.898 26.070 1.826
-136.414 -17.406 90.602 2.023
144.490 -0.133 -159.661 1.921
-65.422 105.850 -136.008 1.867
131.295 -88.723 61.547 2.116
-177.372 58.778 80.925 1.995
-15.459 -168.714 142.401 2.030
-200.379 -107.686 21.821 2.094
-171.093 51.047 -132.879 2.042
142.103 178.378 173.448 2.059
45.928 -109.001 -29.753 1.887
-144.955 -93.209 -25.386 1.936
181.445 137.811 -132.592 2.136
-67.859 -92.657 -38.716 2.037
-62.899 -120.690 25.610 2.187
83.117 -173.572 115.145 2.064
126.874 117.493 32.734 1.955
48.632 29.736 32.680 2.099
-23.295 130.049 -106.817 1.935
83.777 -172.465 145.157 2.002
-123.020 -169.913 188.448 2.088
122.763 15.143 -148.671 2.062
-91.369 53.029 -144.016 1.980
57.676 131.278 -94.624 2.048
-166.941 141.929 129.752 1.967
-210.999 19.709 -59.304 2.072
94.504 -101.890 135.841 1.913
147.670 -18.795 59.923 2.003
-221.934 -120.907 -121.604 1.863
32.811 -102.293 -70.405 2.038
189.632 82.269 78.150 2.012
62.599 90.708 97.549 2.014
-66.141 134.851 47.503 1.878
113.715 23.874 14.399 2.088
150.894 73.412 -24.348 2.039
73.064 108.668 58.520 1.925
144.949 -150.940 76.041 1.994
33.445 -155.085 195.304 2.048
209.414 101.689 194.818 2.028
-137.278 -24.199 178.533 1.929
-12.858 148.338 -36.257 2.064
197.350 156.164 -150.708 2.181
160.382 69.575 90.505 2.140
73.364 164.248 66.496 2.031
67.846 22.491 150.001 1.943
-25.726 -177.402 150.669 1.997
95.601 148.330 -133.616 1.981
-43.383 -20.511 47.579 1.923
-124.062 -13.993 -160.029 2.049
-171.747 10.099 163.362 2.070
-134.833 -51.863 -69.571 2.047
-7.181 -138.896 -184.480 2.059
216.489 74.542 -154.537 2.171
-150.507 -92.369 155.836 2.132
-55.631 -76.184 175.578 1.885
194.514 22.703 -126.859 1.839
-137.090 30.177 -155.429 1.962
186.256 -101.236 84.972 2.065
24.552 47.749 -66.905 2.070
54.705 18.997 75.133 1.984
-30.230 73.338 -173.124 1.884
99.021 -186.537 -38.581 1.994
-10.921 -21.197 53.264 1.851
183.563 39.981 -67.431 1.943
-158.189 -8.873 -109.322 1.885
-194.028 23.317 -106.465 1.940
-224.270 23.186 84.063 1.876
11.930 -140.146 7.721 1.906
75.039 -172.936 -100.156 2.039
-21.159 53.504 162.929 2.087
99.749 -126.900 -185.327 1.802
141.227 124.790 -93.089 2.106
-108.710 122.687 -184.144 1.874
-167.972 55.345 -57.216 1.998
61.986 100.699 -6.320 1.892
46.084 43.772 -108.225 1.923
26.620 -29.896 -132.388 1.917
-106.294 -69.508 110.797 2.065
66.045 184.095 -69.197 2.048
-202.013 178.543 190.083 1.926
-222.613 171.880 22.646 1.824
213.776 -139.119 -126.987 2.009
221.777 -170.240 38.189 1.999
200.324 -168.042 4.414 1.923
91.387 -86.010 -9.347 1.939
-18.667 49.263 -125.485 1.953
-69.556 -146.636 -113.368 2.070
31.386 -84.417 -117.359 2.019
20.497 65.397 179.716 1.945
151.368 8.537 -154.906 2.028
189.966 -178.560 17.191 1.981
60.577 177.120 164.368 1.941
153.141 21.919 146.137 1.812
-193.779 3.667 161.564 1.999
150.043 -146.738 -122.976 2.037
67.981 24.379 -141.370 1.980
-1.975 -122.701 176.475 2.025
-171.575 -76.769 117.899 2.025
-141.532 169.253 138.451 2.075
-11.982 106.939 -194.723 2.035
103.896 10.794 52.277 2.077
-117.300 -174.311 -108.003 2.072
-188.840 83.794 -108.314 2.112
82.161 -17.601 -171.071 2.090
-63.810 151.281 -1.100 2.097
159.133 133.588 82.197 1.974
4.919 58.825 24.619 2.039
-80.571 -176.264 -64.936 2.224
-30.329 -188.711 70.583 1.969
93.635 150.958 -125.398 1.786
60.892 166.392 -57.782 1.991
167.067 35.847 -141.039 2.127
-81.266 -187.954 -199.248 1.932
77.258 -172.036 187.108 1.956
-52.351 134.717 -115.681 1.980
-142.116 38.196 -135.656 1.772
-48.164 -6.575 71.412 2.091
-83.963 -70.519 11.270 1.851
142.191 18.073 62.383 1.805
-174.504 34.567 -46.277 2.132
-177.551 102.924 -60.025 1.937
-36.528 -4.564 -43.182 2.282
81.776 -105.220 -197.660 2.037
-48.646 62.741 155.070 1.827
192.058 -114.138 32.067 2.021
25.358 -0.823 -87.120 1.844
-24.792 -20.454 -50.990 1.918
-45.467 -176.437 107.164 1.941
-40.774 -12.665 -74.028 2.085
92.839 -185.466 21.812 1.949
-118.786 35.785 18.289 2.112
-14.122 147.096 98.701 1.829
-16.962 -143.631 -16.193 1.956
77.232 84.797 195.425 2.006
-113.040 124.010 -48.275 2.110
163.233 -32.603 -198.910 2.003
8.546 -17.482 54.996 1.896
-102.232 -146.606 -39.003 1.851
-101.045 142.800 -85.094 1.993
68.453 -165.641 -182.489 2.031
20.722 -185.477 113.404 1.990
-188.020 -105.440 -151.043 2.077
199.422 -116.473 156.725 1.993
-220.058 -82.713 -34.099 2.041
134.214 -94.338 -12.099 1.939
46.857 -165.336 -81.425 2.059
-36.557 20.352 -187.659 2.027
-216.089 74.884 51.737 2.068
-222.113 37.875 169.141 2.266
-192.588 -118.733 -50.184 1.904
-119.743 158.730 -85.170 1.821
166.345 93.631 94.752 2.007
-95.757 -1.853 39.569 2.136
-201.589 84.537 29.345 1.892
16.597 -30.516 168.532 1.950
4.091 -88.890 118.157 2.091
-220.206 118.576 16.288 2.054
141.220 137.325 28.902 1.976
-91.125 90.934 -6.397 2.124
69.793 -63.511 -38.878 1.936
-138.574 -185.591 -136.229 1.921
-171.330 -22.576 157.521 1.867
34.914 156.340 -104.967 2.027
-123.419 -68.908 -51.322 1.819
164.044 130.765 -33.805 1.928
198.087 41.400 -109.345 2.141
-7.316 -118.087 35.303 2.156
-216.612 47.010 132.884 2.176
-194.328 97.902 -85.596 1.919
109.949 -24.657 128.084 1.959
-78.292 65.205 129.317 1.939
-194.114 -88.925 -158.755 2.014
142.332 69.623 156.223 2.069
-156.832 -14.917 -172.774 1.797
-34.817 -24.402 -158.461 1.867
-106.242 -139.578 100.024 1.914
-73.259 -139.477 -120.514 1.801
91.639 175.964 85.615 1.955
113.168 -34.857 -154.368 2.116
94.385 -176.446 -94.188 2.164
30.874 134.349 193.847 1.705
-128.162 38.399 -109.057 1.914
4.544 -92.325 87.853 2.172
-73.048 -16.591 148.768 1.943
-214.074 23.254 -87.622 2.000
9.869 -162.318 -187.393 2.142
-54.353 -11.445 -54.976 1.870
19.984 -62.457 168.939 2.141
6.583 79.053 153.034 2.166
106.453 -58.648 -86.020 1.913
-129.828 -145.120 -143.609 1.989
-160.364 85.323 -67.550 1.979
-90.444 138.909 -126.294 2.127
-60.380 149.224 170.810 2.020
96.370 -107.029 -155.081 1.795
-5.238 173.802 -124.965 1.917
21.325 27.933 -114.513 2.002
188.790 -168.860 180.956 1.933
109.123 -140.199 136.935 2.047
-6.946 158.192 -71.305 2.191
-155.480 -7.087 -191.275 1.969
-176.385 -146.411 -3.362 1.934
167.337 103.082 143.918 2.134
-119.448 37.372 -62.870 1.888
-120.084 -57.757 17.063 1.925
187.379 -88.586 -133.833 2.063
-202.072 -148.767 104.801 2.041
-32.885 -84.446 -62.429 1.965
91.129 -134.782 45.478 2.042
-37.769 -94.132 102.990 1.879
-200.684 -145.977 87.582 1.838
-145.485 167.430 -75.542 1.868
134.866 -143.688 20.848 1.980
-130.434 -32.475 -98.155 2.025
-185.285 -81.552 -184.631 1.832
92.131 155.214 -189.021 2.091
215.309 158.304 -31.903 2.002
89.441 -79.367 180.085 1.862
-74.962 -186.439 61.110 1.828
-93.921 -72.061 185.946 1.964
-136.573 -90.640 -163.599 2.038
-181.395 -177.316 163.760 2.103
-18.672 98.521 165.163 1.992
215.450 136.096 154.555 1.830
171.758 9.229 -139.986 1.987
77.790 52.627 9.941 1.964
15.010 88.828 -165.174 2.143
106.938 -64.058 75.403 1.980
-15.352 -173.138 -9.517 2.185
-169.265 62.669 -119.039 2.054
-177.733 26.235 -116.142 1.931
12.142 10.848 146.688 2.051
177.676 -157.947 130.338 1.830
173.117 27.838 192.828 2.232
-3.797 -170.202 -29.906 1.929
-3.348 -148.704 166.133 2.074
-171.177 47.346 -61.943 1.868
130.088 62.428 20.844 2.215
-26.936 -24.832 -35.217 1.852
-213.737 -89.405 -164.791 1.926
66.099 -14.790 -105.236 1.935
163.415 -122.600 -136.405 2.026
-194.801 -52.200 123.629 1.913
-217.243 58.645 -130.626 1.943
118.408 148.239 47.225 2.036
153.214 150.064 39.816 1.965
-148.553 79.309 -129.710 2.056
158.981 184.003 -53.989 1.998
133.394 91.760 -46.846 2.040
-21.317 -169.698 87.078 2.100
-135.165 113.301 -126.735 2.027
-194.637 120.616 -153.539 2.025
160.346 112.013 -170.667 2.118
-30.732 -187.032 -189.163 1.974
-200.243 -150.296 154.367 1.957
176.225 -18.808 108.059 2.065
221.079 175.011 1.570 2.004
97.118 -163.552 130.300 2.037
96.583 -33.819 -154.128 2.041
173.260 73.884 70.435 1.823
24.815 146.188 178.666 2.186
-126.110 -121.845 -15.191 1.777
113.745 -119.612 -143.503 1.960
-213.399 93.152 -45.458 1.945
123.646 73.211 55.944 1.974
178.074 -121.458 52.328 2.068
182.621 161.626 133.190 1.947
-86.980 20.065 40.488 1.936
-84.202 -88.664 188.719 2.189
186.399 42.455 152.403 2.046
-82.201 -122.903 -89.059 2.080
-177.715 -136.644 -85.166 1.843
-47.744 86.898 117.030 1.958
-103.194 -176.735 97.051 1.983
155.671 -128.198 156.122 2.036
142.080 118.961 19.293 2.018
-180.676 79.542 13.980 2.030
-17.383 106.612 -131.875 2.081
40.692 72.662 -46.871 1.944
41.185 -51.392 -32.633 2.075
118.523 -14.626 -71.966 2.153
129.852 158.814 -37.186 2.061
10.903 20.489 65.661 1.937
183.820 5.513 11.349 1.943
-4.675 -58.860 -199.667 1.984
182.565 28.431 -166.396 1.953
215.770 -169.218 131.839 1.911
-217.748 123.082 6.131 1.961
10.839 -163.833 144.591 2.056
216.903 -63.962 25.914 1.991
-181.933 165.546 -112.129 2.121
-125.929 44.673 -48.023 2.051
73.206 124.592 -122.018 1.914
73.084 -143.759 -173.675 1.987
-140.220 -53.894 199.913 1.905
-80.529 -145.936 -89.369 2.024
4.850 45.129 5.079 1.917
64.746 157.019 -7.718 1.949
108.760 116.430 77.545 2.066
-154.883 -183.177 -8.231 1.893
106.133 85.766 195.044 1.954
-138.123 46.926 -176.384 1.823
-4.753 129.914 83.441 2.086
42.391 -143.697 58.734 2.051
-9.644 -147.022 134.030 1.956
155.732 97.645 61.990 2.079
-71.453 175.555 59.307 1.903
153.466 -63.711 -149.130 2.027
-108.754 88.435 80.274 1.939
-64.048 9.469 -86.407 1.931
131.671 15.961 -23.814 1.834
-212.337 105.746 33.735 1.987
-201.793 -183.964 -167.562 2.047
150.376 6.837 146.989 1.921
-197.356 40.819 -163.883 2.118
-165.802 42.640 -129.924 2.011
5.373 38.929 -107.782 2.056
-9.054 172.397 -80.627 1.756
-188.180 189.453 -3.741 1.968
137.621 147.234 -192.313 2.009
93.665 -43.585 -4.629 2.022
-211.459 93.999 43.829 1.896
144.793 -138.302 15.262 1.969
-21.235 -60.746 152.788 1.876
178.085 95.168 181.160 2.093
21.020 -126.384 -82.319 1.872
25.245 -24.504 -105.545 2.071
52.476 -3.690 78.246 2.097
-67.878 117.622 -45.978 2.094
213.227 -95.246 127.610 2.081
-30.832 -3.282 -27.148 2.001
27.587 -141.207 87.605 1.946
75.228 -182.592 166.121 1.841
84.960 -28.102 36.801 2.034
19.318 39.221 -24.829 1.970
126.905 -16.580 -67.062 2.125
36.854 9.204 16.306 2.056
-1.367 -107.305 -25.542 2.104
81.246 80.096 127.056 1.895
-118.257 -97.984 133.925 2.087
188.692 2.666 173.572 1.926
-76.957 34.353 -164.381 2.175
-154.367 76.910 -67.260 1.851
0.916 166.906 -111.396 1.929
152.169 -107.546 69.401 2.144
-156.696 144.147 107.886 2.039
52.694 91.272 50.384 2.247
-170.270 106.284 -111.691 1.951
109.128 135.873 -66.913 2.028
48.322 64.484 -37.145 2.093
85.748 23.014 194.959 2.110
87.181 -177.367 -22.811 1.963
103.692 -135.704 -163.748 2.073
91.020 -0.081 38.158 2.001
201.451 -151.841 162.861 1.950
70.071 125.044 130.339 2.033
-85.035 -159.028 -123.100 2.093
32.576 165.915 28.825 1.901
-211.342 -189.329 -35.112 1.836
89.073 -88.223 -9.029 1.952
-131.773 -143.197 6.170 1.847
-3.767 -24.481 -51.735 1.958
-167.633 60.331 -119.510 2.011
64.823 115.293 118.614 1.999
221.931 140.970 -31.608 1.977
-44.049 134.513 -95.850 1.860
167.668 -59.333 14.559 1.955
27.776 47.269 151.372 2.086
101.260 -177.606 62.012 2.049
-153.573 -84.488 -102.931 2.074
18.258 -153.620 110.379 2.081
-36.229 -105.870 32.049 1.930
-57.003 3.065 -135.783 1.811
155.369 58.085 68.249 2.013
211.386 100.202 -112.050 1.858
99.026 -186.109 -137.547 2.133
180.807 -75.568 -11.329 1.973
-33.760 -188.299 -136.783 2.081
-69.742 -11.499 -81.635 2.152
-32.649 1.064 108.453 1.865
158.894 49.953 -86.191 2.024
-106.804 70.547 21.261 2.103
138.081 153.881 -87.838 2.172
-130.746 23.149 123.512 2.107
119.865 73.645 134.107 2.022
57.248 64.646 129.355 2.075
-155.073 67.433 154.745 1.960
218.870 -26.752 142.536 2.047
-24.499 75.461 54.886 2.108
-4.867 -80.684 -1.549 2.103
171.019 59.114 -63.473 1.789
172.653 114.440 -146.548 1.847
-18.222 -144.730 177.668 1.954
-57.342 64.304 -115.138 2.048
-196.047 -105.037 66.286 1.964
58.838 -83.368 119.003 1.986
180.192 -125.328 -57.287 2.026
-59.025 -90.288 -40.509 2.019
56.965 -104.278 -123.490 2.166
34.696 172.057 48.655 2.038
-131.378 -99.671 -25.694 2.133
212.956 113.273 171.031 2.032
-95.224 95.842 57.870 1.894
158.940 173.477 -154.382 2.031
-99.962 -105.366 100.691 1.810
-147.237 -22.638 162.685 2.219
-212.295 -133.721 36.552 2.040
107.784 149.814 -67.171 2.086
-199.509 160.962 64.153 1.862
148.329 -163.557 53.774 2.010
89.532 149.336 -95.384 2.020
25.317 -79.997 -198.587 1.955
170.727 126.422 110.860 2.002
-16.946 -187.102 38.274 2.060
109.798 -49.346 39.891 2.196
-130.838 -139.658 -160.465 1.992
160.505 -109.267 180.876 2.048
52.259 185.411 28.357 1.769
-78.303 73.371 142.449 2.071
-170.095 -22.560 -188.173 1.839
-15.115 -97.724 157.332 2.245
-154.189 66.758 -58.350 2.172
-191.609 -134.533 45.617 2.027
-201.780 -99.093 163.378 2.176
-149.547 -158.150 -170.166 2.211
214.830 -127.734 172.915 1.931
25.761 -142.600 190.836 1.879
-22.645 82.957 -105.997 2.176
-143.754 10.214 -4.088 1.978
62.635 -31.534 -158.040 2.042
-116.689 178.427 -150.528 2.058
-188.840 -89.448 -76.972 2.025
-14.543 -44.200 3.828 2.024
141.023 3.603 160.053 2.136
-143.152 -108.759 159.347 2.162
-57.934 -111.763 -86.604 1.869
38.105 148.589 174.008 1.960
-23.513 -120.354 0.982 1.898
3.002 -168.372 189.625 1.963
-117.128 7.518 -146.292 1.794
117.229 76.605 38.703 2.065
-39.005 -158.176 -194.067 2.008
-110.555 123.862 162.609 1.964
150.110 97.277 39.943 2.053
122.019 125.860 151.059 2.056
-73.653 71.579 23.789 2.006
-224.989 -61.458 -114.440 1.858
-197.689 123.358 16.116 2.072
48.719 -34.940 181.005 1.649
217.571 105.399 193.303 1.940
113.054 63.878 32.240 1.916
-193.220 63.243 91.425 2.002
-195.230 -100.761 191.792 1.839
-100.522 55.834 -15.726 2.062
15.508 -160.470 1.242 1.872
-220.456 -79.929 -153.377 2.068
195.404 -117.318 197.385 2.002
170.845 105.877 128.674 2.106
-58.071 -85.452 -14.255 1.894
82.503 -53.513 24.984 2.062
57.212 95.588 175.012 1.957
54.657 -140.341 159.642 2.005
-99.085 -189.765 -185.499 2.039
-183.957 180.498 25.696 2.035
-39.694 -178.460 113.234 1.962
103.649 61.186 165.050 2.114
-94.266 70.892 181.949 2.195
-174.619 85.639 -115.320 1.944
-163.309 -113.616 131.320 1.941
68.056 -131.413 59.017 1.948
7.066 145.716 -194.692 2.012
-104.703 26.296 40.255 1.934
-42.882 -56.565 -5.183 1.934
74.992 31.254 -29.754 1.894
-23.442 47.708 55.301 2.042
-68.152 -156.713 -67.735 2.009
-157.337 -141.767 164.170 1.950
35.670 -35.335 131.592 1.787
-153.125 -168.685 -148.506 2.054
-36.020 76.548 3.440 2.166
71.883 -85.961 152.540 2.151
158.537 20.012 64.201 1.988
-96.370 101.816 -133.489 1.977
-162.773 -7.549 -155.739 2.067
145.494 -112.923 -9.835 1.993
-99.267 49.491 39.026 1.907
-198.280 -13.342 142.408 1.981
197.479 80.454 -2.256 1.795
-112.412 167.428 143.229 1.990
12.894 59.873 -66.393 2.043
-10.800 63.740 -95.276 2.050
116.239 107.338 -51.648 1.842
171.078 171.037 145.268 2.146
-156.752 171.674 163.959 2.045
161.471 -137.758 173.733 2.016
59.257 -82.588 -184.874 1.992
135.755 -34.371 -64.142 2.000
-65.380 162.792 -126.776 2.093
-114.951 -9.879 158.624 1.956
-129.764 -99.743 167.898 1.945
-36.002 -113.367 -82.303 2.017
14.089 -86.299 97.926 1.804
-36.094 175.727 181.360 2.142
-107.515 -162.670 93.728 2.106
-149.608 -175.941 149.806 2.063
-24.802 141.300 -56.135 2.015
-42.928 -135.764 -54.074 1.884
133.486 -101.139 -187.010 1.973
56.922 -128.537 183.835 2.238
55.502 -90.186 175.814 2.009
194.351 -56.457 -13.530 2.157
96.010 -42.958 77.627 1.962
143.096 -147.309 -11.393 2.089
-166.114 10.428 110.490 1.871
15.913 -75.146 52.594 1.835
107.801 14.806 69.306 2.003
168.700 -119.652 -62.304 1.967
-207.937 175.242 72.032 2.033
-171.187 68.103 -13.122 1.964
101.192 171.720 -173.626 2.046
144.169 -44.767 -87.210 2.036
-6.166 -47.883 -14.734 2.052
-144.444 54.856 7.084 2.161
-139.122 -141.141 -73.461 2.113
222.077 -176.191 96.320 1.899
84.648 -129.164 67.963 1.913
-214.325 118.620 167.823 2.063
-92.522 -21.074 -180.960 2.005
155.324 -7.556 102.355 2.041
134.809 149.561 111.153 1.990
-150.627 -169.437 92.417 1.969
141.252 5.768 153.124 2.150
52.160 -141.665 -148.284 1.973
189.841 174.435 10.880 1.916
-64.009 -24.416 -121.830 2.022
-68.408 153.656 -169.300 1.816
181.955 186.408 58.072 1.903
-37.139 -126.692 -51.575 2.088
-182.126 -159.041 -129.767 2.162
-34.113 179.782 -107.865 2.154
-76.517 -83.025 -194.726 2.019
-69.175 162.223 19.466 2.138
-56.589 37.884 158.980 2.051
-48.975 -75.151 -60.122 2.083
-41.808 59.281 114.625 2.012
216.262 74.840 -151.312 1.968
110.085 4.016 50.944 2.085
-139.490 173.740 -16.334 1.936
-132.403 -78.783 19.652 2.007
-88.391 -25.693 86.271 2.060
-179.731 -188.294 122.046 1.878
-8.744 -78.484 -88.893 2.043
-111.947 -18.771 35.476 2.008
20.052 -54.305 100.724 1.990
210.466 -129.925 163.444 1.948
62.621 -112.800 49.702 2.301
6.084 181.292 193.406 1.946
-19.084 -189.152 -22.858 2.024
-23.735 3.597 -100.899 2.058
-102.428 70.486 178.736 2.003
-104.692 120.799 -42.888 2.019
133.312 95.635 -140.675 1.823
-93.191 144.462 143.788 2.319
-193.917 -100.884 -82.927 2.198
-33.046 -153.937 9.102 1.953
-125.259 -152.123 -160.689 2.100
210.690 126.713 5.458 2.008
-57.109 -162.820 158.071 1.944
-159.367 -61.494 -102.900 2.143
79.886 95.150 -115.836 1.998
-38.073 49.848 -107.338 1.881
-0.191 -133.378 104.318 2.139
205.959 -93.916 -61.681 2.061
-112.952 41.827 -25.279 2.048
33.682 70.805 116.716 1.814
-188.395 -23.172 4.020 2.014
-22.493 -179.641 -47.471 1.945
123.905 19.998 194.810 2.168
48.730 -79.594 191.229 2.040
-189.381 -79.621 -141.947 2.044
-130.544 146.226 85.560 2.005
-28.301 169.510 -174.760 2.070
110.485 -87.063 -139.316 1.878
15.615 50.869 169.931 2.007
100.200 174.533 11.783 1.927
138.678 -13.759 74.548 2.109
76.976 -103.940 -2.764 2.056
187.470 -75.312 199.015 2.052
-23.471 129.216 8.367 1.965
-103.860 -94.314 10.167 1.979
-173.580 -185.481 -180.915 1.999
139.615 106.219 156.567 1.859
71.551 -164.234 -187.804 1.988
118.534 -91.245 18.560 1.886
-113.154 -58.098 -197.167 2.046
65.651 184.923 -145.652 1.992
-120.552 -177.675 171.420 2.043
-206.881 -51.372 -156.760 2.102
99.213 -87.022 -193.892 1.943
164.768 -134.492 102.066 1.971
223.859 137.500 75.916 2.069
-175.738 -97.606 57.956 1.991
-98.396 178.568 -141.639 1.833
148.212 -123.015 187.303 2.159
155.813 47.054 83.869 1.947
37.024 69.918 42.087 2.058
208.673 -43.964 142.797 2.039
-99.238 -144.896 9.202 2.143
184.130 159.654 -49.153 1.860
151.687 -145.025 181.831 1.847
21.310 21.409 -45.158 1.986
214.972 -78.211 199.341 1.978
-58.576 -83.177 81.132 2.081
-184.313 164.036 -18.826 2.035
139.494 113.094 190.251 2.129
44.379 184.517 106.019 2.101
-90.565 158.522 165.863 1.830
-160.497 25.582 172.724 2.174
-41.757 -92.040 62.872 1.981
125.616 115.397 120.403 1.946
-161.408 -170.626 -106.531 2.141
-55.687 -171.267 154.042 1.932
-198.031 77.172 88.952 2.166
-184.366 -96.685 -176.855 2.022
-19.096 -159.968 -60.421 1.887
168.255 -19.192 -192.987 1.814
-105.559 101.684 -135.022 1.969
-77.969 -147.393 85.192 1.852
-219.334 102.104 57.540 2.064
94.618 163.661 17.713 2.063
103.331 -20.015 23.931 1.830
-146.421 -37.036 26.853 2.228
6.236 -47.955 44.760 1.852
137.157 -130.543 193.020 1.911
-19.384 35.117 -165.722 1.890
-177.862 -99.215 62.816 1.875
-75.718 154.577 -22.946 2.053
-222.527 -12.800 -73.252 2.045
27.817 -82.212 -1.386 1.952
199.684 -46.294 133.890 1.907
-21.422 -168.023 -130.882 2.181
103.133 128.345 -175.026 1.710
175.343 123.450 -164.342 1.919
-150.182 173.532 36.698 2.099
-33.043 106.457 -167.641 1.921
-90.932 -59.166 179.330 2.351
-111.196 -100.097 -1.516 1.995
86.110 56.168 53.635 2.022
127.961 -160.475 24.699 1.945
-135.742 -25.502 16.309 1.986
-126.428 -77.342 178.555 2.113
214.980 105.618 -109.785 1.908
-30.336 129.265 74.417 2.001
171.874 -25.089 174.000 1.959
21.913 -12.127 1.651 2.053
72.419 77.621 152.069 1.996
-189.161 -60.324 -172.581 1.986
8.378 8.894 -86.173 1.838
-10.600 147.457 158.323 1.991
-84.947 -148.722 -119.827 2.171
28.537 170.924 123.728 1.938
224.951 147.490 156.713 1.928
25.649 14.814 144.773 2.046
139.179 -120.484 -92.223 2.060
-66.838 -38.325 167.149 1.839
86.100 -18.802 -135.455 1.956
73.684 -51.029 -103.327 1.843
117.558 -119.454 -192.096 1.840
65.749 -95.661 166.260 2.036
-69.069 106.516 -14.702 1.812
-28.269 -29.043 160.762 1.982
204.331 152.430 -45.691 1.923
-163.950 -41.244 132.348 2.099
-156.062 80.876 86.740 1.955
141.127 137.802 92.301 1.997
-215.850 -58.995 -102.852 1.834
-131.368 -135.761 -103.286 1.996
-27.000 -24.611 147.738 2.004
68.566 -94.734 72.401 2.080
150.488 106.571 87.636 1.958
6.701 41.719 187.592 2.028
-183.153 -167.698 89.046 2.095
-148.963 84.450 40.907 1.849
-23.232 136.698 168.272 2.213
176.011 -50.825 -183.289 2.000
-59.921 137.535 75.304 1.882
105.658 -70.477 -15.599 2.078
-99.786 142.821 -47.496 1.976
214.624 -181.677 -90.527 1.972
-193.942 117.977 8.800 2.067
-34.275 60.317 1.507 2.050
-220.288 -95.566 44.399 1.873
-28.937 -170.842 192.726 1.967
21.158 51.824 11.834 1.884
109.275 135.578 46.113 2.235
-84.234 -154.327 42.535 1.975
121.524 76.522 82.492 2.013
197.009 -22.785 31.362 2.057
-5.953 74.721 165.209 1.738
202.121 157.143 70.433 1.978
99.775 89.747 60.039 1.945
-201.855 71.916 95.021 2.068
124.219 -86.908 19.232 1.940
209.077 -85.110 66.343 2.177
-151.342 95.293 54.586 2.150
-219.506 11.339 -162.262 1.759
4.629 92.272 -173.334 2.127
-160.839 -37.312 156.206 1.901
-141.710 164.274 -77.137 2.167
-23.576 65.018 188.679 2.181
-204.893 -95.356 76.112 1.983
-65.788 104.458 187.561 2.216
34.116 -67.971 -141.369 2.078
-222.181 -128.637 -5.196 2.064
4.707 -185.325 -103.550 2.058
-195.738 26.978 -43.438 1.928
35.710 -179.597 145.010 2.040
-184.729 -23.549 121.330 1.776
187.499 62.919 -186.858 1.845
-150.374 102.497 109.760 1.885
105.061 130.146 128.628 1.989
98.330 -170.546 -47.227 2.068
40.937 -77.806 111.636 2.080
-194.717 -6.375 143.899 1.970
9.311 68.145 -41.440 2.055
-84.467 -27.639 -102.332 2.019
136.479 -45.367 120.097 2.105
39.233 26.851 7.739 1.958
167.081 -55.839 108.827 1.997
-155.062 68.289 -21.187 1.945
-51.879 -19.038 125.649 2.041
200.234 -27.687 -126.382 2.028
-65.855 146.556 -84.315 1.967
77.541 -139.988 -183.538 2.024
-25.238 188.099 131.012 1.964
154.872 -151.005 136.364 2.173
-54.748 -66.869 80.063 2.097
-81.794 -139.881 -72.593 2.065
-126.915 -144.431 116.268 1.968
-183.706 87.742 99.096 1.960
-95.332 141.195 191.490 2.069
124.069 -125.758 -186.667 1.787
-3.606 160.426 -8.783 2.121
-129.337 -75.292 50.766 2.186
151.306 -92.451 101.321 2.006
15.428 189.793 -42.468 2.078
185.716 -63.484 -118.010 2.208
-212.758 173.177 -35.844 2.047
125.294 181.357 161.457 1.994
-93.739 -10.579 -96.396 1.835
128.949 77.065 -73.727 1.963
-32.958 28.662 147.478 1.949
15.653 7.479 166.332 2.072
-61.360 61.050 117.415 1.941
179.034 -149.893 154.542 1.923
-123.169 -162.781 -145.514 1.986
165.771 -77.528 -1.479 2.011
19.952 26.746 113.606 1.951
-145.457 41.021 95.156 2.070
197.051 115.200 -133.229 1.970
99.670 -168.689 26.196 2.054
-195.491 -56.629 54.374 2.042
-178.762 -17.590 -28.354 1.992
55.578 58.148 177.830 2.125
188.868 -70.446 -147.395 2.190
58.891 171.502 -21.378 2.147
-118.216 90.153 155.443 1.974
-211.859 -10.827 -115.525 1.903
-199.244 145.414 145.064 2.052
65.081 -86.338 141.099 1.931
-52.027 156.472 114.360 1.975
75.583 168.503 -70.759 1.945
-60.366 148.957 129.878 2.204
57.153 -134.825 -4.651 2.004
171.188 -23.213 198.129 2.048
-13.065 18.508 44.125 1.909
-143.551 20.815 -141.681 2.044
90.665 56.586 -128.899 2.186
161.974 11.100 144.030 2.059
27.339 -69.668 191.672 1.969
-126.659 182.847 -36.124 2.133
-164.587 48.774 134.546 2.050
20.828 -74.070 64.242 1.966
-21.023 -20.829 198.346 2.046
212.612 -114.780 -32.820 2.108
-9.150 -24.813 -53.607 1.971
-154.564 133.142 34.999 2.089
24.869 158.956 128.895 1.930
215.822 10.231 44.083 2.075
-89.990 51.055 168.615 2.064
30.170 -152.451 -81.245 2.108
99.938 180.380 25.966 2.083
-224.391 140.025 105.568 1.934
-196.288 105.262 164.107 1.950
109.093 179.225 167.493 1.889
-198.754 161.734 140.745 1.988
-212.564 121.021 -155.793 2.034
-4.596 164.009 -145.769 2.076
39.488 164.468 -34.193 1.867
50.001 -78.865 -72.253 2.042
87.424 120.096 130.972 1.983
-132.430 73.571 -110.961 2.100
44.818 57.356 90.685 1.830
-36.176 -50.797 110.993 2.067
-224.240 22.803 4.724 2.058
116.122 74.208 -152.437 2.206
160.166 -179.807 -159.618 2.015
-131.283 182.733 -28.025 2.087
-128.829 173.662 -21.650 2.171
136.502 183.437 -22.945 1.984
192.315 -118.704 -48.183 2.101
34.262 123.067 -179.593 2.151
114.970 9.590 36.372 1.986
136.814 0.991 137.787 2.083
-104.113 -41.867 140.365 1.948
-206.430 -22.439 -78.931 2.125
60.050 182.876 -39.881 2.077
198.734 48.791 50.095 2.131
132.452 99.363 170.888 2.006
-34.074 137.522 -45.587 1.917
-31.357 135.435 192.376 1.982
-118.928 -53.058 179.396 2.117
214.224 -124.091 118.300 1.890
-128.713 -181.635 -129.314 2.072
-135.648 -67.374 -154.344 1.874
187.102 95.355 98.979 2.118
89.599 107.965 52.709 1.988
31.198 -146.191 112.278 1.998
75.778 -25.824 95.410 2.059
-114.033 -34.103 -33.904 2.022
196.146 113.414 59.696 2.114
208.619 39.419 160.821 1.973
-146.244 80.574 -147.735 2.014
-45.705 -9.908 22.844 1.999
-42.863 -138.000 51.267 2.001
-185.581 -127.618 -106.905 2.030
-17.623 -93.648 -132.595 1.764
-103.046 -12.703 156.027 1.975
-51.784 133.501 115.790 1.778
-84.088 -35.488 10.879 1.933
-156.239 -123.139 -80.100 1.839
207.447 27.865 178.579 2.013
-163.833 -118.586 -180.760 2.017
-125.595 78.837 -32.393 1.903
128.583 123.932 10.252 1.892
156.244 113.412 78.046 1.925
-53.958 122.525 114.828 1.983
47.264 67.788 146.307 1.951
-187.426 159.435 -171.546 2.021
-207.518 74.272 24.283 1.956
135.288 -148.324 169.034 2.074
-221.498 -93.045 187.094 2.108
-172.064 125.644 -183.249 2.091
35.730 -120.124 40.713 1.996
162.955 -62.878 174.984 2.056
-205.748 -103.063 62.759 1.915
197.390 -97.187 -116.826 2.015
144.638 -52.911 167.233 2.050
-199.721 97.813 106.559 1.966
5.952 -161.765 128.257 2.195
-123.844 -49.025 132.972 2.048
61.111 28.145 110.434 1.922
94.944 35.039 67.562 2.058
158.299 -29.777 178.164 1.947
-101.248 -53.543 64.215 1.865
-51.101 74.596 120.495 2.025
-141.874 40.154 -116.591 2.142
78.534 -177.978 -115.037 1.891
119.928 -57.569 174.564 1.955
-172.451 47.989 -181.696 1.941
-3.377 -149.649 120.799 2.043
131.799 55.493 -49.400 2.051
121.092 -62.738 -66.665 2.026
-199.837 -134.646 -125.069 2.003
202.702 -65.757 -47.907 2.070
185.723 -56.297 42.655 1.985
160.932 -11.381 -97.786 1.928
-50.963 -181.545 -96.172 2.109
-72.060 -110.788 180.548 2.078
17.193 -11.220 -88.744 2.047
-28.314 -89.241 -11.797 1.936
-31.180 68.985 -167.501 1.992
-42.670 -74.166 -46.469 2.004
195.319 -19.847 123.451 2.106
31.127 175.423 -39.120 2.013
-24.503 -150.195 168.855 2.033
-101.336 -106.361 158.162 1.873
