-196.848 -14.220 -159.928 2.199
-120.570 163.736 21.551 2.003
-219.109 172.104 122.059 2.140
-209.235 -112.738 0.678 2.058
-185.284 -170.090 47.745 1.920
121.510 -158.116 110.816 2.110
-73.326 -171.715 -122.076 1.915
114.836 54.477 -119.630 1.988
-97.721 115.544 3.861 1.939
6.260 168.705 -190.130 1.792
-58.044 -40.521 -79.070 1.823
194.736 -99.733 -17.437 1.923
-188.117 58.946 196.285 2.154
2.859 -170.961 109.122 1.970
163.211 -151.090 174.394 1.998
-69.147 84.140 46.868 2.056
70.004 -121.407 -197.005 2.077
-172.607 -176.091 -173.425 1.857
-143.511 92.757 -63.057 2.036
-184.136 33.072 -92.943 2.089
-145.244 -5.198 -127.012 1.972
-158.030 -15.918 -127.137 2.050
109.118 5.706 57.431 2.052
-37.046 -101.820 -183.322 1.997
86.688 -1.945 76.127 2.101
-196.436 -77.182 121.765 1.775
-100.659 -24.218 106.720 1.922
52.014 -31.578 -26.873 1.885
-125.259 -96.174 -62.677 2.064
-24.418 -28.471 170.675 2.076
-147.535 3.036 198.561 2.086
-166.332 59.579 -73.726 1.898
-11.929 -173.601 199.546 1.991
-74.339 9.546 179.215 2.084
201.460 47.019 -169.123 1.953
-37.834 -39.123 -86.191 1.941
-97.291 163.384 71.487 2.009
-18.234 90.994 -58.440 1.939
-82.669 52.227 63.909 2.323
224.689 -52.571 -1.280 2.049
-48.464 31.517 28.705 1.966
-67.750 143.596 155.257 2.137
115.926 -111.769 40.302 2.041
8.429 105.960 -27.382 1.956
116.771 -162.744 67.101 2.025
-34.910 163.648 -72.507 1.994
30.056 116.468 -41.408 1.931
119.928 39.623 -163.363 2.018
-191.315 -103.703 -109.036 2.010
203.078 131.551 -151.744 1.920
90.429 -24.856 -10.064 2.030
42.034 171.555 -60.999 1.927
-124.721 0.242 35.812 1.894
-63.264 166.479 -182.978 2.100
144.803 -149.220 114.905 1.921
-186.552 -54.326 -122.767 2.116
-63.507 -21.347 -141.919 2.008
-146.075 -56.016 -182.509 2.116
4.734 -80.157 143.799 2.032
133.426 -40.228 -18.614 2.112
13.792 -23.404 -87.442 1.926
-116.675 41.380 157.804 2.008
55.283 32.251 28.276 2.121
169.186 -34.656 191.322 1.928
133.220 182.948 31.449 1.956
-198.376 33.146 83.500 1.712
-121.235 134.270 79.231 1.897
71.528 -112.679 121.445 1.998
-195.655 -132.154 -117.802 1.905
152.548 -180.141 -195.145 2.082
-183.177 -61.801 121.993 1.920
-195.872 26.300 -195.635 1.934
201.996 -135.699 196.364 1.837
-191.765 -136.920 -190.551 1.897
190.195 113.747 -155.947 2.216
26.744 53.410 4.094 2.025
36.645 159.606 -52.288 2.104
-77.642 57.261 -59.159 2.030
-181.728 132.679 -39.900 1.945
-216.199 186.998 -193.637 1.906
-62.594 15.574 144.245 1.993
172.182 180.283 -9.636 2.053
175.391 -95.148 -102.629 1.952
-71.447 145.202 -143.761 2.038
-28.621 -162.899 139.502 2.057
17.803 -86.355 -11.844 1.848
-11.758 33.783 31.579 1.844
-54.469 -18.592 80.671 1.896
39.057 -5.257 137.109 2.086
-32.617 -125.430 -161.920 2.223
-161.479 -143.717 -195.735 2.057
-208.076 -10.191 32.225 1.929
12.314 -27.405 5.272 2.195
-61.469 73.242 125.576 2.151
-176.317 -175.217 -116.894 2.065
1.014 125.864 44.520 1.987
-112.036 -179.840 -147.665 1.899
-79.000 -98.489 105.731 2.094
-89.054 -85.161 -114.585 1.961
-7.997 -120.599 151.838 2.119
12.775 -105.321 -101.158 1.937
10.727 6.281 129.509 2.074
-38.432 -78.463 51.181 2.054
213.601 154.626 139.125 2.101
99.339 -120.470 -172.846 2.038
29.465 -95.527 -170.975 2.122
60.641 18.134 -73.097 1.901
-202.265 187.346 -105.760 1.994
-52.908 185.285 -88.626 1.933
27.112 -88.966 -105.543 1.857
136.658 -9.463 181.819 2.107
-59.086 -133.319 -66.107 1.914
206.814 37.803 100.080 2.185
-115.521 77.196 -98.034 2.049
101.596 94.365 -93.843 2.001
-104.822 -67.783 -43.182 1.984
174.196 -76.571 48.980 2.021
48.370 -125.044 -109.441 2.055
-187.175 120.483 93.590 2.150
212.185 -140.942 -44.775 1.883
222.169 -83.688 9.241 2.152
83.476 -72.370 171.343 1.872
54.639 -108.327 146.976 1.983
28.744 126.458 -98.077 2.000
-162.036 37.843 54.260 1.861
-139.925 108.457 -112.004 1.910
-151.296 -182.986 -7.567 1.921
-52.842 187.423 118.669 2.091
144.632 1.289 -72.779 2.228
111.869 33.932 4.727 2.056
143.236 -26.579 -31.515 2.059
97.311 40.822 73.369 2.123
-85.350 21.201 -147.903 2.006
-105.986 188.569 -142.611 2.087
202.695 151.507 143.389 2.143
218.422 -65.662 169.825 2.000
146.857 109.378 67.754 2.017
-1.324 166.063 58.318 1.768
23.506 -98.336 110.107 1.963
-64.686 25.379 -150.908 1.923
-173.191 176.276 1.668 2.009
200.132 120.367 -143.709 1.976
-155.426 -87.663 164.225 2.129
132.424 78.236 135.811 1.947
-86.108 -118.313 -103.422 2.143
-103.943 84.301 121.691 2.249
-96.664 113.970 30.338 2.171
-195.797 -27.604 -123.483 2.101
-210.010 86.578 98.092 2.118
104.229 101.053 141.826 2.227
-146.946 29.213 33.948 2.047
-30.340 59.869 51.127 1.921
162.608 -116.865 68.718 1.779
158.767 -182.540 -46.386 1.929
91.106 122.749 80.224 1.973
13.105 -43.651 92.827 1.897
-72.667 168.255 79.750 2.003
-30.557 -74.872 -136.753 2.099
215.761 23.760 -62.076 2.051
99.683 -49.241 -98.128 1.710
3.576 130.279 -54.056 1.942
-117.336 -131.337 -145.499 2.003
147.418 157.682 91.267 2.004
-205.839 -133.868 -197.896 2.050
8.167 107.642 -101.998 1.878
155.433 -122.635 113.106 1.906
80.739 73.074 65.257 2.150
-48.136 161.004 -147.962 2.043
104.755 189.342 -39.691 1.997
-197.183 -126.857 173.334 1.885
-135.184 -160.128 63.786 1.876
33.762 153.321 -147.824 2.094
101.628 -179.672 -83.644 1.967
23.727 -92.649 155.428 1.909
90.732 154.723 -33.272 2.034
88.787 151.210 186.545 1.979
-127.966 -5.286 -73.320 1.967
182.109 84.821 64.719 1.928
-223.641 150.941 198.402 1.991
-192.217 -64.328 -76.660 1.947
-152.783 -25.148 -166.164 1.938
137.504 53.742 103.120 2.231
128.148 56.145 78.022 1.921
-66.169 20.826 15.909 2.122
-211.452 134.171 -182.121 1.957
97.651 -168.817 69.875 2.047
-216.033 -96.048 112.109 2.020
147.775 -129.723 -142.116 1.948
37.390 30.292 -135.771 2.121
170.455 -6.461 -150.679 1.903
-201.396 -51.507 142.818 1.966
180.048 110.099 -178.999 2.218
182.992 -105.244 -161.981 1.899
-114.527 114.848 141.268 1.779
86.491 50.213 -101.539 1.920
202.962 -187.548 -71.055 1.818
56.680 -14.706 -2.841 1.966
33.919 -109.537 -42.485 2.190
174.698 168.438 -128.749 2.029
47.925 -54.000 141.806 1.967
153.695 -87.267 -106.517 2.017
195.259 128.820 31.932 1.986
-194.966 -181.590 25.532 2.089
6.456 181.754 2.472 1.931
-222.947 -156.855 196.952 1.991
214.388 36.391 187.409 2.129
-107.217 -35.563 -105.937 2.006
-160.055 -86.312 87.310 1.857
75.911 19.301 -95.884 2.008
26.444 -91.773 -108.582 1.987
-65.086 144.236 20.881 2.024
139.354 -26.141 -166.227 2.057
-71.832 -181.184 76.933 2.150
-75.102 54.166 145.340 1.892
135.183 -80.017 -25.849 1.955
-45.771 151.642 -2.114 2.018
-157.445 129.245 64.436 2.010
-58.427 -32.383 22.452 2.058
5.381 59.340 41.052 2.116
-10.353 -178.579 -106.125 1.932
-184.605 44.723 -72.577 2.043
-198.974 -173.400 -103.778 2.059
-102.717 -114.748 -87.854 2.276
118.014 120.827 80.788 2.032
-222.681 175.712 65.565 1.863
53.437 -154.520 37.709 2.068
-60.040 40.737 139.340 1.914
56.843 1.823 -107.576 2.051
56.867 139.249 55.259 1.969
199.364 135.642 5.564 2.039
66.922 -94.922 183.402 1.930
-84.138 179.331 -87.110 1.935
-136.581 -129.267 183.030 1.953
-196.639 -33.802 24.253 2.138
-206.829 74.208 122.400 1.928
-177.873 -179.181 183.591 2.016
-214.462 -74.281 -39.495 2.074
108.601 65.344 106.823 1.803
-172.740 134.297 -66.796 1.894
90.422 -10.401 -28.703 2.070
-187.459 46.228 -37.252 2.085
-131.454 -170.891 164.101 2.054
211.580 173.440 41.322 2.017
63.382 -154.408 -73.105 1.994
29.420 109.709 76.431 1.884
-141.702 -34.902 -51.500 1.963
-39.412 -50.923 -121.633 2.006
-17.634 -158.237 143.295 2.234
193.396 -4.055 143.385 1.924
9.655 -34.282 144.690 2.016
-22.645 13.613 192.131 1.962
176.834 163.459 -36.986 1.896
46.292 115.506 84.358 2.055
15.858 -118.660 -11.002 1.968
224.606 140.436 121.531 2.016
-66.397 139.997 57.397 2.102
-78.641 -186.616 138.907 2.109
176.108 -59.536 80.818 1.705
-104.935 118.162 -138.201 2.162
-54.148 -84.073 -112.051 1.871
-122.494 -63.269 -48.987 2.153
-148.942 -58.425 187.100 2.056
-88.006 -6.719 68.870 1.850
-40.711 6.493 84.138 1.997
-177.290 97.338 -133.977 2.026
-206.431 2.176 -172.081 2.104
9.166 33.107 184.459 2.051
162.751 -28.980 170.187 1.994
-189.226 155.912 -17.936 2.096
43.691 -168.588 -163.405 2.137
44.477 -14.167 125.790 1.939
48.103 -31.965 -186.420 2.019
63.385 36.613 -189.839 2.096
-181.096 -124.221 162.190 2.105
-43.619 -54.412 -158.494 2.009
-164.863 -148.777 65.185 2.053
-184.435 -11.967 -87.445 1.996
-143.487 -115.896 144.041 2.218
118.051 168.553 -100.737 2.041
98.890 35.543 108.706 2.041
-154.289 -34.709 70.101 1.926
38.584 -23.881 -25.755 2.036
-204.659 -34.814 98.852 2.162
-192.710 1.853 -172.685 2.075
188.981 -148.257 97.641 1.799
-98.003 29.182 48.740 1.854
210.530 90.966 6.808 2.102
203.248 167.642 153.222 1.930
133.614 -153.319 70.544 2.026
134.750 155.950 48.651 1.877
-163.795 82.717 32.749 1.885
-212.459 -156.605 167.462 1.902
-173.217 98.631 136.122 2.028
-35.849 -189.547 -194.420 2.198
24.710 41.634 60.737 1.729
46.344 137.186 -165.801 1.820
49.493 -49.878 -72.794 1.922
-112.629 -36.737 133.351 2.088
-71.479 50.085 -45.326 1.982
140.251 119.988 -135.070 1.960
-123.160 179.752 -38.012 1.993
-21.235 5.108 -97.526 1.853
145.449 183.189 -19.173 2.123
53.641 -51.621 -53.370 2.039
-104.350 24.996 153.404 1.877
112.548 90.816 124.941 1.993
127.360 -76.104 174.958 1.889
-183.399 65.798 78.645 2.079
54.633 -74.846 97.870 1.717
-90.158 28.069 44.307 1.927
-168.437 57.430 155.288 1.962
102.956 -162.019 180.012 1.919
-54.098 110.570 68.191 2.001
190.168 -27.481 -22.978 2.049
138.662 -103.216 68.406 2.107
213.427 -48.346 -194.374 1.874
125.744 40.908 185.787 2.173
-182.953 48.229 60.808 1.877
-191.581 40.509 173.673 2.042
-133.069 181.094 -109.337 1.917
118.266 -183.838 -108.975 2.000
-8.867 140.491 -143.764 2.051
-119.225 -137.099 106.437 1.911
210.069 -149.464 -176.053 2.210
-98.520 -179.779 -86.117 1.891
-144.074 4.030 -135.904 2.027
-212.179 4.228 -58.582 1.950
148.129 -35.934 -152.776 2.151
74.697 -104.416 48.179 2.118
213.670 12.820 -31.554 2.023
70.014 62.661 -39.329 1.903
172.921 118.751 178.114 1.971
-122.672 188.153 111.483 2.089
-119.852 113.972 -89.621 1.921
-159.027 -59.446 64.357 1.962
81.772 -135.811 171.979 1.879
100.353 -86.270 57.469 2.013
-113.379 -36.878 -17.309 2.025
84.672 -111.092 -123.784 1.802
11.198 -82.092 192.360 1.949
161.826 78.422 -135.631 2.040
-48.846 101.718 41.030 1.992
26.631 -189.557 -22.234 1.997
-20.549 18.609 -9.447 2.004
6.195 -155.190 112.868 1.913
143.083 -38.113 -40.646 2.069
73.047 -158.625 94.761 2.082
68.904 104.661 121.299 1.783
217.135 -119.339 84.174 1.800
125.874 -67.400 73.729 2.014
-174.066 -180.849 -3.430 1.857
-208.514 83.428 -152.372 1.892
-170.177 -47.055 -89.039 2.001
-204.720 133.524 10.370 2.110
-181.839 -165.856 -69.837 1.995
16.975 49.243 18.418 2.025
-99.540 -59.441 -30.365 1.855
137.646 -141.006 -154.541 2.066
-164.226 -105.987 -155.627 1.988
-184.865 -31.325 89.790 1.871
-57.549 -2.653 137.683 2.148
47.385 -57.094 64.951 1.862
188.311 -14.810 36.610 2.051
-141.778 133.553 -79.745 2.127
26.945 -174.111 121.674 2.078
60.288 -82.445 164.765 1.917
-166.378 94.629 67.228 2.026
178.164 138.693 27.601 1.896
42.244 138.578 91.267 2.013
-147.974 150.862 81.476 2.033
-130.192 -135.948 -122.092 2.000
183.263 145.525 -66.590 2.033
-88.352 142.931 0.441 1.950
74.988 105.396 -41.680 1.960
-99.416 -32.267 -61.429 1.799
21.471 40.029 -68.941 1.935
198.593 -163.683 -95.484 2.036
3.897 -44.043 -68.724 2.237
7.139 -54.579 -28.428 2.235
199.638 -78.676 -93.754 2.055
222.914 -95.669 -72.406 1.912
-140.322 82.451 9.821 1.853
66.266 -61.111 -196.355 2.024
-143.291 -67.484 -156.966 2.020
-73.093 181.575 138.956 2.012
-208.195 49.590 146.753 1.946
-106.806 -20.097 29.440 1.974
-48.090 -168.367 153.261 2.042
177.214 -116.284 10.046 2.201
-175.997 -54.874 -40.789 2.023
-41.818 167.078 -106.097 1.931
213.812 -88.128 -138.201 2.164
70.411 -93.682 -65.430 2.065
119.257 115.403 -126.398 1.965
-207.797 140.330 124.268 2.161
-128.154 8.919 188.806 1.950
-122.925 0.781 120.206 1.836
-52.880 20.188 -47.689 2.160
-76.113 84.402 -17.017 2.212
112.077 -110.714 -190.989 1.961
149.897 21.164 -55.073 2.015
-199.070 150.327 -62.360 1.891
-127.416 -36.814 169.937 1.869
-5.569 52.980 -5.479 1.889
-72.169 177.676 53.598 2.017
-183.772 145.228 -102.925 2.026
-129.504 36.133 -89.145 2.106
140.210 140.480 163.462 2.022
128.205 13.703 78.386 1.985
166.374 -117.209 -181.299 2.018
4.532 120.060 -106.059 2.115
-125.607 -108.372 -34.443 1.834
144.841 -94.177 85.324 1.968
71.624 112.891 -191.217 1.998
-92.474 -145.035 -157.959 2.100
169.114 64.922 -116.327 1.902
191.192 -115.501 79.183 1.987
17.442 67.690 -49.461 2.049
46.908 -25.229 190.661 1.768
22.931 -122.769 -86.663 2.038
185.635 -100.004 -146.104 1.853
124.697 -51.594 -2.510 2.010
-1.198 -94.871 -60.564 1.888
117.384 -49.016 199.076 2.017
-174.039 65.665 -173.113 2.133
18.765 -2.189 -81.137 1.853
-46.767 -130.139 -164.725 1.982
-85.455 -81.659 103.858 1.907
-117.829 -125.797 -148.117 1.834
-182.947 77.898 53.036 1.946
-127.478 -152.342 171.290 2.009
10.602 -78.665 142.297 2.002
-196.541 -4.106 146.001 2.072
-139.565 86.383 10.598 1.922
175.064 146.419 125.944 2.032
67.066 186.395 106.976 2.016
-116.114 136.823 190.834 1.967
58.306 170.784 -116.733 1.946
-4.576 -71.667 11.853 1.851
-190.036 19.050 79.682 1.948
148.659 37.297 90.658 2.027
37.495 -86.812 54.757 1.964
-26.282 -114.090 56.493 2.031
-107.060 42.151 106.074 1.961
113.418 64.186 98.592 2.062
208.082 -26.184 -43.325 2.277
152.332 122.029 -101.244 2.134
-178.116 -179.835 -162.320 1.988
-24.986 148.306 74.278 1.943
-183.415 179.096 -89.996 1.868
23.552 -139.480 185.483 2.012
-100.876 55.445 181.405 1.958
147.656 -188.999 35.385 2.144
111.545 -5.373 9.121 2.116
142.271 122.850 34.255 2.108
-22.041 -143.449 9.917 2.014
0.076 -75.829 -46.306 1.973
-218.939 -39.088 19.841 1.922
0.352 -189.242 -23.878 1.997
183.068 -110.512 133.883 1.990
218.253 69.976 30.369 1.944
-176.664 127.034 72.668 1.889
-171.637 96.296 31.193 1.992
-21.654 175.522 -171.792 1.940
87.874 -151.648 71.631 2.063
-207.791 -3.568 -178.591 2.037
47.075 47.322 -186.154 1.938
123.488 151.259 196.674 2.019
109.852 -102.587 77.077 1.880
-136.836 -68.316 106.277 2.085
89.149 130.569 92.593 2.101
25.365 -175.922 -91.584 1.968
200.662 184.783 3.293 2.098
85.208 54.528 -146.054 2.085
150.497 142.000 144.387 1.964
108.897 103.054 168.376 1.860
-21.969 -84.649 -35.455 2.124
-106.101 55.767 -174.144 1.863
-15.572 -111.699 -195.476 2.019
-210.995 24.002 -5.241 2.069
-135.651 140.815 -105.898 2.001
-166.728 185.888 -31.452 1.995
-175.258 32.676 -112.204 1.937
-86.432 -129.006 142.780 1.871
-198.375 -157.919 156.031 2.029
113.701 -24.001 -34.519 2.025
63.231 -43.247 38.515 2.125
-50.679 -170.895 180.378 1.898
65.031 60.644 69.838 2.136
-6.044 90.419 39.905 1.874
-211.646 162.332 -131.058 1.937
-95.090 15.458 -195.328 1.964
-69.967 101.737 -131.934 1.978
31.016 10.983 58.975 2.193
140.687 -88.566 -29.144 1.933
40.394 -123.240 -179.898 2.060
195.527 134.746 17.056 1.932
109.486 -6.443 33.765 2.127
-161.340 -37.768 -142.338 1.975
97.433 -126.312 -161.623 1.960
202.703 -55.192 -96.641 2.044
1.096 128.999 82.158 2.279
187.424 -28.280 72.518 1.925
-98.455 45.481 2.258 1.977
220.440 -97.170 -87.941 1.926
-106.153 65.379 37.707 2.058
98.344 -180.948 -164.235 1.973
71.207 64.690 131.874 2.093
-185.387 65.668 15.963 2.248
162.229 168.814 -131.735 1.994
-171.930 97.878 196.437 1.991
62.246 -179.368 199.348 2.015
0.679 -67.085 131.723 2.080
222.797 28.950 -107.375 1.912
100.885 114.134 -192.678 1.946
-128.548 182.501 61.775 2.256
118.255 -73.284 -112.378 2.065
-3.650 -14.388 -60.619 1.909
22.780 -85.107 197.074 2.081
-22.662 -96.074 -27.007 2.117
-49.773 187.270 -53.184 1.944
203.064 170.238 92.583 1.960
26.234 -170.529 -135.807 1.872
-192.864 131.245 94.644 2.030
92.666 -33.716 111.867 1.995
144.604 8.702 189.442 2.122
-66.298 87.229 -53.274 2.016
-22.366 -73.609 181.061 2.013
-120.211 -73.915 -71.738 2.021
-40.065 14.642 86.681 1.805
112.602 -85.670 -76.275 1.951
-82.518 152.248 -138.270 1.918
-86.724 68.475 196.884 1.884
64.708 63.653 57.488 2.046
-34.949 126.945 -157.380 1.990
-13.000 184.467 -134.750 1.969
213.765 121.490 -83.751 2.054
49.955 -13.557 -46.884 1.965
-0.153 23.873 -192.238 1.959
179.350 -140.070 -116.896 1.895
-87.070 45.263 25.280 1.919
-80.549 11.245 -20.499 2.071
-3.788 -123.233 -90.784 1.829
5.955 -165.124 167.978 1.951
162.878 -182.187 -92.695 2.130
71.022 10.632 134.739 1.991
168.919 84.969 -98.286 1.800
129.185 39.091 93.784 2.039
114.709 43.854 118.254 2.151
-43.560 -52.491 -55.838 2.002
-170.870 93.499 120.775 1.863
-98.237 -130.879 179.784 1.964
34.610 54.611 -96.792 1.956
-191.951 -62.798 5.879 1.949
-150.036 -56.250 176.995 1.892
-201.832 32.126 -51.231 2.034
-10.393 -167.101 -63.977 1.968
173.038 148.967 40.144 2.016
145.649 -183.373 175.519 1.995
-157.125 -168.402 -13.436 1.937
75.858 170.954 139.199 1.947
79.947 10.721 35.814 2.088
-201.007 -21.206 116.693 1.880
101.550 -148.939 162.161 1.891
-174.077 -24.804 16.753 2.193
9.224 -170.992 154.721 1.964
157.963 -48.827 -118.855 2.015
208.404 7.400 -119.149 2.186
-42.435 22.272 185.403 1.925
-221.117 101.671 -54.726 1.943
19.184 55.577 -34.292 2.111
80.215 129.868 94.581 2.082
-148.056 124.027 144.754 2.093
21.415 -144.647 88.611 2.042
195.246 77.423 -24.183 2.028
14.786 152.531 72.191 2.045
-190.379 -86.339 -28.197 2.008
-70.602 173.922 85.320 2.023
-151.506 -62.274 -110.267 1.856
173.656 124.679 -92.589 2.023
-181.062 -22.514 178.617 2.111
-182.749 54.995 -175.222 2.068
-88.015 183.452 20.022 1.904
12.211 63.657 -87.050 2.030
-93.551 87.719 -28.884 2.026
-39.615 -144.898 -12.570 1.824
-83.996 118.326 44.247 2.056
-65.737 -151.062 -59.735 1.944
-193.728 -165.883 -40.834 2.208
208.160 -10.919 -87.021 2.100
-20.770 -83.895 -190.657 1.937
196.427 -76.438 -195.552 1.852
-136.272 117.004 89.464 1.934
49.215 11.434 -79.576 1.923
-82.069 11.135 -71.205 1.975
201.617 34.591 -96.133 1.987
-204.707 -77.908 32.611 2.023
155.391 -164.467 113.905 2.070
-212.429 -166.382 80.152 1.963
195.880 52.017 156.971 2.014
-128.272 63.536 181.214 1.982
200.468 120.227 157.621 1.997
193.289 -184.188 -51.517 1.902
-51.300 -126.655 -109.615 1.929
219.873 21.821 155.312 2.089
-203.005 -148.008 -11.187 2.096
-59.783 -183.146 -171.874 2.182
153.398 115.755 90.320 2.075
-219.391 181.681 79.240 1.918
-91.156 -91.189 121.604 1.947
-85.045 126.215 -179.277 2.040
-216.259 125.051 -11.054 1.917
-95.114 114.181 4.263 2.138
-76.711 -149.777 103.903 1.920
55.495 -61.084 -53.892 2.101
58.164 183.721 137.264 1.873
185.906 -132.959 63.021 2.030
-34.073 15.418 -126.557 2.060
150.708 -21.038 26.086 2.047
47.193 -155.354 68.657 1.914
-113.273 -20.206 -87.025 2.060
-158.728 -154.574 -184.030 2.065
-76.452 165.268 -99.329 1.901
-192.241 -181.371 19.416 2.128
-79.631 130.194 -143.584 2.100
-7.420 35.402 21.546 2.174
-88.881 127.275 199.181 1.975
120.646 -142.337 -116.226 1.981
56.069 -7.794 -167.497 2.062
107.440 39.719 174.001 2.006
98.584 -73.538 140.690 2.109
-57.934 -59.958 -62.679 1.973
26.381 52.185 -175.702 2.032
152.860 -138.832 121.342 2.149
1.611 -13.721 -176.553 1.779
-117.476 68.838 -55.615 2.153
129.667 166.676 35.159 1.870
159.545 169.483 125.515 1.914
7.001 76.133 -46.654 1.908
43.165 -55.420 26.524 2.019
-122.005 -187.824 23.488 1.979
-92.954 64.307 112.414 2.345
217.832 -173.176 -90.545 1.979
129.191 -1.200 -42.974 1.933
63.760 114.367 -89.428 1.936
-179.094 -10.123 -35.772 2.025
141.752 59.724 58.135 2.234
187.468 26.063 76.998 1.833
205.631 -86.953 -17.786 1.973
58.302 -11.214 -176.653 2.136
-190.057 165.742 85.979 2.000
164.012 79.017 158.158 1.983
12.811 -77.810 189.542 1.925
105.507 -77.069 45.618 2.019
-1.541 -155.879 -158.380 2.003
-114.235 56.908 -190.949 2.169
172.511 61.689 -107.822 1.866
41.411 -32.162 -106.241 2.017
-32.683 43.360 3.525 2.000
161.091 57.100 155.445 2.049
142.395 162.432 106.908 1.876
87.637 -61.633 33.620 1.949
-201.907 -109.212 52.745 1.899
177.755 -147.303 -170.186 1.924
46.314 84.864 -111.684 2.053
-135.236 -88.964 183.888 2.073
161.449 -168.913 155.922 2.096
118.109 70.971 -100.407 2.114
70.870 -123.903 175.272 1.886
-58.052 -145.500 -109.903 1.885
-82.286 105.938 -77.803 1.972
18.444 83.888 103.660 1.936
-59.525 68.279 -78.754 2.101
65.669 -25.674 -9.519 2.035
88.101 -138.592 -58.616 1.916
-183.320 -12.234 -187.522 2.037
28.078 129.044 173.170 1.985
163.292 35.919 157.971 2.134
-68.913 92.787 -6.914 2.077
24.042 -149.303 185.681 1.969
-34.833 -118.604 180.661 2.004
5.493 152.968 -159.781 2.120
-101.825 -31.690 116.389 2.108
-76.229 -28.823 -152.890 1.923
-215.527 56.252 -105.246 1.910
-205.345 -37.249 -168.809 2.059
65.142 -154.136 -21.499 2.021
-170.906 -20.708 -20.454 2.012
-10.192 -55.474 33.257 2.055
187.032 -176.216 164.412 2.033
-98.943 152.758 -196.603 2.045
-23.392 189.096 -56.959 1.910
208.681 132.063 -175.430 2.034
62.759 142.032 -13.401 2.089
2.002 149.945 55.512 1.966
-169.169 14.268 104.364 2.056
-144.886 -165.822 127.788 1.905
186.695 -59.750 -68.424 1.823
205.413 -59.349 146.226 2.255
45.647 64.576 50.497 2.099
-185.902 -95.397 -20.666 1.994
77.610 -113.611 143.149 2.128
207.003 157.579 70.516 1.986
28.868 -117.084 -133.582 1.990
196.677 -131.097 -117.413 1.987
-60.982 26.686 55.834 1.883
-193.631 53.927 36.204 1.850
-115.229 6.895 -109.643 1.936
-195.261 -137.487 147.692 2.120
-66.899 15.907 -138.669 1.993
63.437 -24.999 -169.518 1.880
59.678 -66.341 -55.273 2.087
46.002 117.532 -199.641 2.051
-8.146 -185.439 -55.959 2.044
167.372 -35.901 166.628 2.062
-196.985 61.637 -98.155 2.174
-84.712 31.599 -154.469 1.970
-127.008 22.991 -141.606 1.897
-187.493 -90.814 129.445 2.108
82.074 -19.775 -27.421 1.820
115.891 129.832 57.564 2.071
-105.438 -148.371 169.806 2.054
-6.154 -156.822 -124.698 1.896
-169.947 139.491 -13.978 2.070
-16.955 -23.889 183.311 2.077
-60.432 36.902 155.223 1.978
183.577 -97.470 142.801 1.843
-5.092 -156.796 -88.264 1.951
164.878 -103.530 17.400 1.904
3.859 -68.988 -111.503 2.154
180.820 -2.422 -189.952 1.923
189.302 -159.675 179.269 1.938
59.734 -32.048 169.515 2.069
-195.123 -155.256 -196.957 2.097
3.005 -172.654 155.908 1.891
222.622 189.001 -187.606 2.051
-109.567 92.029 162.647 1.914
-21.534 188.701 73.540 1.864
121.583 -17.166 -162.224 2.064
5.050 114.027 176.205 1.996
75.706 -55.994 63.411 2.034
-193.389 189.719 -93.958 1.760
-156.354 94.826 146.386 1.964
-65.853 -187.997 -24.408 2.021
73.736 -138.523 -60.869 1.973
66.157 -130.612 95.795 2.202
-157.122 114.182 35.193 2.084
-46.468 155.339 -25.772 2.028
117.097 70.857 121.810 2.095
181.958 147.542 125.099 2.011
-138.708 51.060 -90.173 2.030
-112.292 100.326 -102.119 1.820
41.021 178.554 192.124 2.034
1.947 -2.424 181.103 2.143
63.868 -27.379 185.278 1.902
14.685 -81.845 -127.589 2.127
131.992 80.333 96.599 2.198
215.149 75.084 -75.965 1.975
-116.407 166.799 -128.041 2.019
-188.352 -150.617 -108.468 1.847
67.204 79.982 -148.295 2.017
192.608 -16.515 111.519 2.073
26.045 -147.257 -91.476 1.990
-45.890 26.931 76.142 2.059
154.890 -57.507 -74.554 2.072
154.535 125.603 -10.435 1.994
109.115 -17.629 -130.908 1.895
182.383 58.617 -173.086 1.940
170.121 -59.501 -106.660 1.929
-131.361 -173.555 114.760 2.063
209.638 -130.679 -117.497 2.110
193.452 -108.546 -132.802 2.118
-30.180 174.846 17.624 1.919
86.402 8.237 26.719 1.983
90.697 -131.934 22.050 2.133
119.359 87.168 43.945 2.013
-148.874 138.461 -10.986 2.047
-86.241 27.486 -156.279 2.234
43.661 123.263 78.281 2.058
23.580 -129.447 33.552 1.907
217.751 71.595 -6.638 1.918
-75.976 50.666 -16.741 1.987
105.408 -120.646 114.983 1.967
-215.278 -11.316 -103.605 2.079
-177.568 36.904 -131.383 2.017
65.423 -45.933 189.251 2.157
-138.915 -63.757 -10.386 2.135
101.303 -105.416 39.266 2.161
11.494 3.417 -173.043 1.958
-166.329 168.539 -43.920 2.061
8.650 -82.612 94.940 2.108
97.673 -108.095 -41.866 1.968
-58.133 -166.255 80.076 1.854
159.142 103.219 -98.128 1.884
99.043 8.000 -13.248 2.035
128.929 -116.595 -149.326 2.093
-138.462 90.784 -161.825 2.026
170.346 121.944 101.994 2.218
-156.364 43.759 21.613 1.859
200.006 131.645 -171.770 2.045
72.870 25.633 24.110 1.984
224.989 59.761 -7.930 1.803
138.072 35.754 67.884 2.197
150.603 -184.050 -165.233 1.912
74.494 183.024 91.448 1.854
66.030 -16.362 126.648 1.948
78.198 26.130 -97.463 1.978
164.475 3.855 4.789 2.056
-190.432 -123.636 172.538 2.084
64.594 185.816 5.308 2.032
57.318 110.156 85.563 2.124
218.433 54.591 24.146 2.052
80.937 -99.103 46.927 1.991
61.921 -163.982 -148.764 1.972
2.999 20.961 -162.468 2.056
170.693 -170.929 151.094 2.042
-119.944 -70.141 -60.270 1.759
10.228 142.070 -142.968 2.002
-203.684 -143.371 136.099 1.962
131.509 -130.396 -32.893 1.903
24.385 -162.842 -150.146 1.877
-16.103 32.219 -29.025 1.929
-136.032 165.825 -192.256 1.996
158.726 17.896 -21.261 1.933
160.398 -55.987 -48.885 2.122
103.439 -36.956 -118.102 2.119
156.256 -166.544 -172.329 2.112
-57.576 109.673 -36.961 2.044
-103.053 71.762 -189.305 1.738
163.450 159.798 -139.800 2.128
218.106 -73.800 154.982 1.823
66.533 -133.945 142.146 2.144
-122.753 -53.780 143.557 1.992
-215.464 151.811 94.088 1.877
38.116 -87.605 160.727 1.967
-142.721 -140.316 -5.301 1.908
195.836 129.892 -144.726 1.948
66.023 180.316 -46.614 2.103
-178.468 47.557 11.419 1.956
-160.733 95.538 -22.250 2.208
200.300 -138.283 -94.976 2.018
-17.993 -32.879 126.744 1.888
19.748 96.653 60.404 1.987
204.978 -8.256 134.607 2.153
-117.828 150.234 102.599 1.941
-25.799 -72.016 -41.088 2.102
43.655 127.605 -67.866 2.016
133.262 35.550 -55.475 2.006
-147.833 -48.578 6.900 1.842
-193.974 43.199 16.788 1.941
57.110 31.138 16.190 2.163
-114.521 79.707 -65.366 1.904
-25.829 -144.872 78.076 2.033
-172.058 157.365 -91.493 2.129
50.449 111.619 75.108 1.933
2.874 -72.916 114.126 2.101
-77.720 -63.447 -150.854 1.898
167.134 126.510 -194.422 2.015
46.678 -37.552 -66.037 1.970
-199.680 62.999 68.849 2.047
48.330 25.667 83.512 2.024
-127.158 -93.274 68.051 2.030
-59.871 69.727 -128.924 1.938
-76.034 114.049 81.230 1.958
-170.119 75.385 50.805 2.065
-140.881 -7.218 177.555 2.001
-161.274 -2.542 -81.021 2.060
192.603 50.454 -99.213 1.647
-94.201 142.027 -32.393 1.967
190.205 -92.192 -83.925 1.942
-112.287 157.895 137.246 2.038
213.011 -136.556 -84.826 2.054
194.404 134.316 182.887 1.972
143.005 -27.514 198.043 1.854
47.833 -124.972 119.428 1.857
45.966 -172.448 -190.428 1.879
-78.139 173.625 -156.801 2.092
127.271 -79.169 -148.962 1.929
128.392 49.333 106.143 2.013
-112.968 -22.213 183.364 2.112
-104.938 -147.027 -68.418 1.949
-151.277 -63.886 159.586 2.109
-168.001 -75.135 -71.495 2.119
-57.967 -97.507 170.151 1.977
-168.948 27.917 34.211 1.831
-32.197 61.079 -87.723 1.945
139.721 85.188 76.782 2.104
165.605 161.254 -138.570 2.155
3.468 -182.208 -71.864 2.043
-61.003 -61.947 57.561 1.703
71.222 30.460 -149.740 2.093
160.294 -164.488 28.378 2.043
-199.506 153.358 30.241 1.923
49.872 62.200 -75.023 1.928
71.514 -127.181 -117.715 2.079
-6.806 100.183 -192.146 1.952
-187.152 -95.482 61.011 2.089
96.527 160.156 179.905 2.120
91.172 -144.329 160.418 2.146
219.535 -180.250 -1.172 1.825
164.299 106.843 -76.732 2.061
169.159 -143.592 196.911 1.988
-92.509 -26.779 -40.669 1.920
40.335 37.756 -38.574 2.124
-129.718 0.662 -198.988 2.140
-145.865 -66.753 -153.683 2.117
-167.488 -55.023 192.201 2.019
21.211 87.256 -41.568 2.024
29.896 -79.272 38.808 1.926
143.132 144.384 -67.183 1.904
-161.962 -173.648 -17.322 2.125
-205.976 -75.334 -56.512 2.026
173.274 101.220 -50.183 1.980
60.176 76.519 -155.219 1.925
127.017 189.589 101.903 2.070
-172.496 -64.093 73.366 2.060
162.320 185.948 -50.231 1.939
48.358 -166.157 109.728 1.881
-168.634 48.385 87.291 1.998
-54.305 -103.809 -70.641 1.964
-20.784 -138.209 -151.646 2.107
93.686 136.449 -69.166 1.976
191.878 -69.917 4.092 2.032
-193.663 126.868 199.507 2.020
-57.472 -68.856 58.974 2.146
138.471 1.672 -2.927 1.873
-141.947 101.959 -83.363 1.873
74.050 153.712 187.576 1.959
-161.345 152.729 30.912 2.011
-160.537 58.963 105.512 2.145
-78.868 -108.677 178.806 1.954
-175.244 -59.849 88.380 2.159
-132.596 22.693 42.017 1.967
-67.512 -129.230 176.165 2.037
-129.276 -26.381 35.868 2.042
196.454 -69.312 167.908 2.022
40.862 -138.261 115.079 2.002
-7.891 97.309 63.905 2.029
121.396 123.620 -169.543 1.838
-137.565 81.014 130.359 1.894
217.439 10.393 184.457 2.089
-20.575 104.062 67.741 1.895
-30.361 -144.814 62.750 1.721
28.531 -70.058 -72.207 2.099
-180.871 176.314 63.449 1.817
106.909 177.473 37.754 2.055
72.812 35.314 -82.258 2.025
21.225 50.974 -150.108 2.116
-216.047 150.205 150.601 2.010
208.323 -182.590 129.431 2.034
-150.589 184.640 177.395 2.099
-216.761 69.520 24.498 2.041
-203.363 -137.664 26.381 2.231
-214.870 -8.336 -9.469 1.963
-101.538 137.002 -187.448 1.991
150.360 47.757 88.707 1.845
61.984 -20.342 -131.555 1.842
-163.237 -10.608 40.632 1.959
33.515 -164.024 -13.775 1.944
150.820 -125.789 -98.447 2.020
-173.869 -41.795 141.963 1.881
152.140 164.734 77.728 2.026
224.814 22.938 170.927 2.166
-120.665 -66.649 -152.509 2.112
-101.467 88.638 -170.655 1.694
39.787 90.714 181.863 1.983
-152.758 143.284 94.577 2.074
-128.871 -96.403 21.242 1.916
-147.433 -95.753 -116.144 2.050
156.753 -43.987 81.265 1.958
46.477 144.478 50.423 1.994
210.271 -168.021 -92.901 1.883
24.087 -165.043 -142.342 1.743
-154.718 59.112 -145.526 2.208
-8.899 -165.046 45.393 2.084
83.162 -89.105 135.780 2.157
161.498 161.190 -101.922 2.027
-6.992 100.820 -167.684 2.032
-102.719 -25.432 -11.239 2.183
-213.003 81.968 181.195 1.853
39.251 -64.049 199.958 2.082
220.542 116.329 75.138 2.039
211.274 -131.382 -115.278 1.905
64.409 -19.238 -33.854 1.860
-4.588 -129.630 -156.305 2.078
-44.587 -5.418 -118.415 1.951
42.586 -116.424 -58.474 1.697
-203.229 28.606 -73.920 1.897
69.426 31.728 -109.835 2.095
201.922 -63.974 -33.597 2.013
182.896 -88.238 30.585 2.159
-128.475 9.422 128.308 2.064
-133.868 -132.036 -155.619 1.954
210.263 -150.372 -45.514 2.116
-148.472 48.623 12.777 2.080
-52.464 -137.875 38.588 2.185
-140.226 -30.309 96.951 2.153
-214.837 143.142 196.243 1.991
-199.724 -25.011 -39.307 1.685
-102.699 -54.928 23.327 2.062
