-137.354 96.604 -186.193 2.161
25.568 86.774 -3.284 2.142
188.834 18.672 -181.206 1.943
-112.820 -113.835 -150.931 2.002
-81.705 -40.001 -170.695 2.028
152.488 -4.096 -117.998 1.989
-122.588 -188.012 127.114 2.017
-178.752 5.417 82.810 1.985
-71.324 -133.165 -146.470 1.856
47.389 157.560 -138.584 2.017
-108.308 8.134 39.751 2.351
-12.641 -95.443 40.410 1.861
-94.419 -86.831 -77.958 2.060
-190.039 67.230 -144.055 2.016
143.000 -162.284 34.999 2.050
161.170 -52.440 142.822 1.920
185.337 -148.108 50.948 1.989
-40.380 -112.003 146.238 2.101
190.377 35.800 9.579 1.982
161.147 -93.082 79.547 2.023
-164.704 -78.651 166.905 1.937
36.249 48.811 108.679 2.118
-50.669 9.371 146.521 1.989
66.842 -104.244 197.936 1.994
45.802 -27.448 100.561 2.050
4.909 88.396 -97.527 2.211
-150.995 -187.939 -54.934 2.032
96.714 -117.636 -108.877 1.943
-170.231 -115.110 11.424 2.065
-199.815 -100.233 26.948 1.981
94.966 182.892 -42.011 2.040
29.522 -160.201 88.013 1.939
-179.092 -127.639 -145.123 2.082
-138.875 -117.827 88.728 1.988
15.969 -140.022 165.541 1.970
-24.090 136.492 13.621 1.954
-112.192 71.990 143.588 2.083
-113.053 -97.640 -132.895 1.920
208.485 100.574 82.616 1.972
140.470 116.176 -178.099 1.964
-170.429 -13.678 142.490 2.072
73.518 -184.733 103.833 1.922
-68.126 -136.391 -135.498 1.905
-12.044 62.090 35.802 2.223
-77.739 19.768 -177.186 2.026
36.322 -154.134 108.787 1.957
-68.174 79.650 -115.510 2.043
161.725 107.139 61.904 1.877
-108.138 79.945 -165.872 1.889
87.594 126.508 37.041 2.015
-207.914 -42.596 28.815 1.902
-34.078 144.658 151.658 1.902
-182.742 154.716 -83.049 2.102
-118.317 -137.064 72.246 1.921
106.960 113.701 32.236 2.073
77.832 -130.102 -40.772 2.088
-199.985 90.487 -70.781 2.088
-211.769 -108.901 -133.245 1.889
206.971 122.373 -151.133 1.852
199.788 -145.661 88.855 2.085
141.732 -177.929 141.915 1.986
-20.311 -82.421 -113.350 1.996
-166.609 173.371 113.734 2.091
-28.815 -158.557 123.101 2.025
-32.785 19.648 132.748 1.947
109.019 -126.188 -165.438 1.981
-55.254 -124.821 -71.779 1.993
114.666 -1.461 175.391 2.125
96.030 -38.157 124.437 1.842
137.820 63.034 143.449 2.063
-8.208 121.527 7.129 2.198
-65.801 58.165 15.800 2.060
-65.489 66.713 190.722 1.783
-23.810 -135.838 191.679 2.084
35.097 -162.396 157.478 1.886
82.796 105.367 -41.879 2.184
36.162 -86.477 167.023 2.019
162.870 -63.758 15.713 2.032
32.920 -14.626 -139.201 2.093
-5.848 37.113 120.951 2.050
50.627 -119.569 -75.563 2.189
-48.792 113.199 -150.714 1.991
97.782 112.769 -50.929 2.045
-17.594 183.884 -107.294 1.966
183.170 -106.975 65.653 1.940
-123.420 -104.673 150.362 1.977
57.128 -84.264 -51.622 2.054
137.111 -183.973 85.839 2.070
-131.924 -142.933 -156.843 1.952
32.361 -87.367 -55.533 1.914
-163.062 -138.260 -83.254 2.008
-143.654 108.639 40.584 2.013
184.897 -147.464 177.975 2.074
207.311 61.199 167.180 1.907
-175.401 -20.494 143.763 1.971
-74.303 -63.638 -97.935 1.728
39.108 -55.006 -148.844 2.000
-131.315 -50.677 -181.661 2.169
-194.922 126.403 -32.064 2.125
-0.134 147.015 -180.765 1.933
49.461 118.054 56.371 1.903
182.294 -144.751 94.194 1.876
147.268 -169.673 130.355 1.954
223.644 152.206 -113.491 1.858
-215.125 99.236 -197.729 2.097
-55.957 133.870 -116.910 2.027
150.817 184.914 127.863 1.958
117.423 37.486 36.849 2.007
196.905 -73.190 33.545 2.050
108.745 86.921 10.298 2.007
221.220 -119.153 130.258 2.034
-42.602 77.340 -172.450 2.050
-176.319 -6.602 145.414 1.830
-34.270 189.591 33.844 1.919
96.527 52.312 184.358 2.039
34.672 131.596 118.878 2.008
-75.127 183.430 101.074 2.121
-9.074 -69.317 -119.646 1.918
-149.556 -164.238 184.628 2.140
-144.404 -124.215 -125.065 1.988
-167.727 138.184 -67.235 2.199
-28.466 131.453 75.268 2.039
69.503 -81.611 -165.669 2.052
100.775 42.666 51.010 2.039
131.829 -115.220 95.144 2.050
25.924 -50.134 154.608 1.968
-48.939 -50.050 -84.412 1.933
-98.018 -153.872 46.763 2.135
-90.159 -12.347 135.823 2.025
73.282 99.034 -96.383 1.870
219.121 -40.000 30.626 1.957
172.013 -43.256 150.787 1.858
222.165 62.487 91.312 2.134
20.543 -55.908 89.843 2.075
164.500 -171.651 191.606 2.037
-28.506 73.425 -149.760 1.932
172.297 115.748 67.755 2.283
67.582 145.398 63.514 2.148
170.722 41.099 59.377 1.803
-45.094 -23.034 -172.542 2.064
120.809 173.165 -154.396 1.946
-223.589 -59.706 94.969 1.926
-177.337 133.768 -12.162 2.156
110.400 184.705 75.299 1.757
-63.885 8.076 -156.925 2.056
70.638 32.102 -91.479 1.895
2.054 4.011 -78.632 1.893
-152.709 98.634 -197.488 2.053
168.988 -140.521 141.765 2.048
-51.609 -48.400 -13.196 2.002
-10.871 120.601 -158.491 1.956
119.233 -172.831 -52.147 1.873
-174.132 -53.936 -79.489 1.879
-166.930 -107.480 -19.550 2.188
126.002 23.924 110.694 2.052
182.598 -177.998 -16.957 1.935
168.619 -22.257 -27.278 1.811
-134.082 80.529 27.045 1.956
55.591 54.261 -26.991 2.040
60.808 188.738 -12.722 1.995
-201.695 -81.537 107.350 2.256
50.363 -127.349 -54.491 1.814
-118.746 -36.172 65.558 1.918
-207.102 185.047 81.622 2.054
-139.279 -110.834 -43.570 2.173
-70.953 -14.855 -98.712 1.965
93.507 15.611 173.350 1.992
153.698 173.646 149.697 2.042
-205.983 -61.796 101.356 1.920
218.133 108.107 155.646 2.075
-106.741 -151.917 73.316 1.827
211.529 -8.337 178.831 2.068
31.669 -72.561 -158.598 2.135
-97.757 -131.532 -79.614 2.062
-65.666 -182.390 19.435 1.962
50.191 -146.346 119.173 2.060
-207.421 -29.609 80.728 2.094
90.447 -50.660 -111.237 2.140
-11.123 -157.301 98.792 2.002
111.498 68.991 80.550 1.762
-122.309 -27.916 105.031 1.892
31.744 -7.036 -99.120 1.902
26.998 -29.177 -102.967 2.017
218.636 -11.769 42.659 2.021
29.351 -77.965 144.894 2.157
-3.684 -174.667 -81.015 1.991
60.760 167.075 76.132 1.810
-158.673 -50.802 54.024 2.025
-17.906 154.900 57.106 1.843
-222.033 -112.938 -10.617 1.938
120.444 30.849 183.113 2.180
-218.644 41.688 -139.726 2.022
71.282 127.551 -71.791 1.955
-4.427 -26.281 -75.351 2.059
35.931 30.031 -133.601 1.950
-152.400 162.481 88.591 2.026
15.352 -146.013 182.226 1.956
194.672 107.041 -1.732 2.040
-159.865 3.686 -88.020 1.939
6.997 185.172 -91.897 1.724
37.041 144.532 43.709 2.036
-147.359 133.913 -94.780 1.823
88.539 -133.455 54.146 2.142
-90.506 137.068 -16.965 1.879
61.953 139.177 55.544 2.204
-151.924 167.856 25.166 1.986
192.200 -118.056 -159.402 2.093
-26.349 42.986 65.691 1.964
112.883 61.904 -116.879 2.015
116.131 143.282 -136.448 1.984
-13.152 49.741 -24.679 2.075
-205.833 92.891 1.696 2.081
-194.301 110.419 -43.765 1.985
-121.723 -92.241 60.778 1.955
-81.606 79.153 -53.298 2.029
88.309 -21.284 70.294 1.911
-35.917 -48.994 76.090 2.032
220.301 -135.174 20.352 1.876
212.185 110.007 -40.974 2.020
23.838 62.640 -12.797 2.179
38.531 -6.857 -53.438 1.932
-28.494 76.299 -66.541 1.985
-113.214 140.562 99.256 2.044
-9.602 61.830 -198.204 2.056
-105.096 100.053 -96.001 2.084
-48.165 -104.809 -169.858 1.853
-126.365 5.959 198.074 2.016
35.465 55.720 -11.038 2.107
160.631 35.982 -52.621 1.814
-105.343 128.509 -42.022 1.901
-67.637 -169.199 -52.865 2.083
-133.047 -84.131 37.448 2.066
-155.094 -116.991 -84.312 2.095
-9.879 25.423 -133.543 2.072
163.517 113.407 -32.254 1.956
113.762 -74.069 16.877 2.005
-76.687 136.321 -154.519 1.917
88.243 74.437 134.243 2.014
-162.462 -126.032 -187.043 2.141
3.239 141.148 104.467 1.989
204.865 -36.153 148.025 1.934
115.135 11.317 -149.505 2.024
122.690 -167.711 105.883 1.899
-84.617 72.574 60.960 2.064
-142.663 121.508 38.605 1.976
-153.353 -71.750 -140.159 2.084
-17.722 -52.584 -1.426 2.117
50.390 24.108 -124.943 1.945
-22.055 -163.749 -91.465 2.042
-69.540 21.875 76.172 1.896
105.449 -82.651 75.651 2.012
158.139 63.237 -33.804 2.113
-137.872 174.708 -101.619 2.232
88.250 -50.556 13.534 1.965
-215.545 148.501 113.241 1.963
118.157 -55.639 1.714 2.015
51.991 66.842 0.199 2.064
-167.861 5.340 -85.513 2.059
-97.748 -56.222 -48.975 2.110
93.047 -108.439 -18.791 1.984
153.376 52.372 138.557 1.893
-77.624 100.331 -81.704 2.059
123.452 108.156 110.688 2.056
31.640 8.136 50.740 1.706
191.279 169.552 -71.423 1.930
-131.493 -58.229 -194.370 2.034
181.503 165.788 81.022 2.032
68.276 38.649 -163.716 2.047
-194.030 -110.803 121.349 1.972
9.615 168.807 121.580 2.229
-10.118 -129.134 -21.875 2.035
182.494 -40.447 24.826 2.064
-84.054 -131.103 -108.749 2.051
107.942 -61.147 114.967 1.963
-55.331 -68.685 -65.102 2.155
210.637 61.328 12.299 1.903
-24.809 -30.255 -106.425 1.864
136.374 -6.180 -94.770 1.963
126.648 -128.469 -166.692 2.116
-192.035 -73.799 28.595 1.966
-90.670 -165.459 45.785 1.928
-0.324 101.877 -184.891 1.898
123.710 30.136 55.235 1.951
-113.865 -51.055 -131.496 2.055
59.949 -65.486 115.487 1.974
93.778 38.746 -48.494 1.817
172.601 62.138 148.862 1.963
37.812 -172.627 -104.927 1.973
142.678 -61.772 -36.891 1.842
-158.518 52.975 82.309 1.979
-138.079 -161.360 4.880 1.924
-152.500 96.081 180.607 1.957
-96.587 -94.240 11.693 2.067
46.877 -109.349 1.050 1.813
29.539 76.924 -57.028 1.909
-104.519 -65.559 96.453 1.930
-166.856 -189.148 141.117 1.929
73.094 119.552 -92.080 1.950
-144.569 -139.956 -145.321 2.051
-15.467 138.876 42.138 2.080
128.513 -1.935 139.357 2.045
92.546 -106.865 191.111 2.199
40.110 56.654 113.521 1.885
-8.254 11.360 88.378 1.897
205.922 -88.500 -111.816 1.873
-168.017 108.034 -106.295 2.121
8.444 -74.717 189.376 1.920
160.967 -65.327 -189.713 1.928
96.085 -62.384 -30.639 1.938
-178.349 86.343 -178.893 2.018
59.580 -124.301 9.876 1.877
-165.418 177.702 183.130 2.104
-204.058 -124.603 -61.352 1.926
-205.958 -84.136 -135.688 2.139
-95.624 3.339 181.905 1.872
59.012 121.691 169.634 2.047
168.151 -90.830 109.835 1.895
-123.639 -106.019 116.683 1.914
-8.661 105.831 -127.445 2.131
44.257 -55.290 123.710 2.018
-155.450 113.713 74.745 1.993
-127.531 -75.757 181.512 2.081
124.160 65.554 -110.172 1.814
-50.574 -139.244 -19.431 1.875
188.481 -132.788 55.863 1.880
10.962 -12.530 152.411 1.922
199.100 74.615 -51.773 2.017
-216.751 124.080 -91.077 1.997
-81.579 -189.319 165.908 1.887
68.452 -122.570 45.457 1.915
96.305 -166.061 -85.747 2.160
-48.740 5.444 62.141 2.043
-122.879 -93.753 112.375 1.845
88.509 -92.689 -171.674 1.874
87.224 -161.180 -153.948 2.022
-2.324 31.157 -177.318 1.971
-172.828 153.527 138.547 2.146
93.121 96.502 -124.528 1.932
-176.855 -46.812 176.104 1.912
217.916 33.606 -1.034 1.801
214.990 135.331 20.981 2.152
-146.534 -66.177 -99.912 2.162
-144.286 65.048 -16.002 2.017
-222.435 -95.392 -107.040 2.146
85.113 106.089 159.459 1.859
-181.183 -26.646 125.582 2.027
215.494 -106.202 83.752 1.937
-170.128 -180.484 184.203 2.124
-150.249 -126.879 199.495 1.937
174.629 15.185 71.811 1.902
-70.336 -177.845 -85.397 1.978
224.205 110.935 109.187 1.949
175.786 70.344 63.536 2.006
-60.183 188.090 -56.549 1.913
168.209 -185.066 183.638 1.847
141.859 -19.856 -105.222 2.143
173.839 171.751 -71.181 1.896
213.141 139.018 75.930 2.128
-151.269 157.459 -5.293 2.058
189.225 59.020 -14.211 1.926
-74.990 -42.651 -30.999 1.961
20.820 182.398 94.653 2.120
133.896 -51.650 59.803 2.152
155.712 -63.024 78.546 2.055
141.523 67.031 135.764 2.011
184.118 153.517 144.142 2.122
-19.971 40.359 -31.191 2.097
-120.729 188.995 -143.807 1.905
185.663 -98.078 -89.049 2.033
-224.344 -97.422 14.170 2.035
224.925 62.214 140.798 1.852
-76.913 -65.767 -120.009 2.081
199.968 -3.327 -8.480 2.011
148.539 162.078 -65.906 1.932
-163.125 36.375 -12.874 2.209
89.491 -143.733 -26.033 2.102
-95.052 -107.954 132.570 1.878
-201.040 -51.163 58.278 1.928
-219.314 117.081 120.511 2.119
151.959 -117.901 199.035 2.026
-5.510 186.702 91.740 2.040
-59.955 -141.099 -11.133 1.897
59.579 -35.516 -145.801 2.001
15.030 50.633 -86.749 1.969
-50.879 140.194 20.120 2.008
69.418 160.016 125.603 2.087
-99.809 18.136 71.578 1.873
-140.772 -35.217 -160.627 2.068
-219.269 180.336 189.428 2.185
-121.553 -129.391 90.311 2.056
-122.833 -129.303 -84.837 2.224
-132.312 113.736 -51.009 1.896
72.671 86.796 -9.875 2.192
-75.733 149.983 -92.814 2.033
-171.010 3.437 -15.480 2.022
-121.700 -81.175 -146.305 1.886
-110.974 1.638 -8.003 2.070
132.464 4.509 -9.119 1.870
-211.853 186.097 7.127 1.820
131.884 -160.826 77.177 2.039
-178.177 -120.035 -18.883 1.926
135.183 124.705 -53.571 1.968
106.912 25.825 -30.520 2.080
222.232 111.308 -17.248 1.844
167.964 152.730 -175.522 2.049
-172.219 33.088 41.958 2.081
-166.155 -99.762 -137.689 1.996
-213.000 162.559 -81.327 1.990
44.564 -11.138 59.851 1.890
-71.984 38.285 39.191 1.985
-159.445 -62.950 157.870 1.953
-170.586 170.102 -109.058 2.153
41.749 -181.723 -169.700 1.933
88.163 -144.514 -55.197 1.773
59.321 183.365 84.050 2.030
93.108 26.502 174.242 1.939
-121.268 60.268 101.396 2.045
151.657 183.380 -74.566 2.210
-169.583 -51.902 -32.120 1.875
-206.407 -90.023 -96.827 1.777
156.409 39.863 -185.186 2.018
208.817 182.025 168.778 1.959
221.847 175.461 4.672 2.051
-87.557 -120.620 -186.946 2.237
92.539 74.287 167.780 1.944
-189.823 -101.203 -78.397 2.019
33.149 182.801 127.147 2.049
91.457 90.498 -183.313 2.010
-120.395 138.099 56.214 2.088
65.484 6.073 137.806 2.143
165.851 -187.135 180.598 1.846
-68.935 175.972 53.452 1.906
174.706 125.649 -78.963 1.899
86.306 -116.527 -93.294 2.100
116.835 155.998 1.586 1.881
143.627 -129.115 -13.873 1.980
115.005 -99.896 -138.509 2.070
-149.129 -154.928 6.743 1.953
137.410 -36.618 -73.805 2.057
-135.061 -90.824 -191.956 1.963
-132.167 75.035 74.989 1.935
218.454 56.602 -20.775 1.992
-222.745 0.109 35.545 1.915
-36.249 98.607 144.039 2.085
44.944 110.777 -23.690 2.018
-79.486 -47.643 132.518 2.029
-5.772 -166.132 25.863 1.868
-93.479 -180.223 -69.544 2.031
-78.480 -178.540 59.163 1.917
26.630 109.657 -104.830 1.874
-191.834 -33.269 -148.797 2.034
53.777 -46.584 -69.264 2.146
37.047 113.388 -133.025 1.830
-58.896 18.808 -136.587 2.097
-196.075 158.694 92.074 1.940
161.994 150.277 -164.202 1.890
98.501 -22.834 52.595 1.951
-210.847 -152.003 176.185 2.070
-162.833 -130.365 -68.626 2.222
1.079 174.888 64.781 2.126
-46.481 35.174 -10.978 1.869
194.064 159.726 174.520 2.052
185.143 10.214 120.895 2.024
-75.939 -108.009 16.088 2.121
154.964 96.896 -182.984 1.885
191.026 -96.474 -128.014 2.014
-80.332 121.637 -195.490 2.022
160.823 157.956 -101.528 2.113
-203.998 48.604 21.229 2.033
-3.727 -28.561 -101.062 1.874
-6.173 -88.752 -46.616 1.741
188.383 -118.671 -38.397 2.071
-160.464 -68.585 -196.536 2.020
143.681 -180.419 -122.802 2.007
-200.104 130.705 181.149 1.849
203.260 -142.573 159.733 2.081
-188.820 -181.297 -103.615 1.896
206.560 -122.522 151.861 2.181
117.108 -98.944 -110.235 2.075
189.784 146.482 160.196 1.929
-206.495 -142.742 19.928 1.925
-76.776 71.776 -106.714 1.960
-7.696 174.137 163.339 2.000
27.653 189.726 -49.767 1.764
114.403 -36.667 44.393 2.095
156.775 59.532 -57.110 2.212
191.395 3.311 196.658 1.988
-55.761 -50.303 -117.997 1.948
-116.863 90.838 189.516 2.016
197.856 -57.466 73.830 1.977
-79.162 -41.427 77.598 2.060
-68.077 -170.052 27.995 2.024
-109.306 -49.258 -23.381 1.994
-85.507 28.616 45.318 1.895
187.589 184.616 188.430 2.202
181.524 -96.360 -173.559 1.876
95.602 56.347 -162.767 1.897
23.100 4.281 -3.943 1.998
164.581 -27.777 -26.295 2.071
-105.181 -149.328 17.819 2.083
215.969 -67.209 -196.986 1.928
-84.038 152.549 45.220 2.104
200.052 115.334 95.130 2.001
-160.164 7.331 -80.126 1.971
48.147 5.961 11.491 1.995
78.758 63.267 -62.298 1.966
-86.664 71.388 85.726 2.105
-56.630 120.323 168.675 2.053
-106.646 13.560 192.387 1.976
111.373 -72.688 -180.377 1.954
-94.339 -83.391 -145.414 2.021
-141.006 -128.723 -133.326 2.077
36.693 -109.041 57.288 1.851
182.006 -62.090 71.499 2.079
-107.463 -186.956 -16.156 2.046
-209.762 -82.884 140.556 2.060
-86.514 -60.392 -173.953 1.884
-151.723 -50.519 -12.690 2.011
162.774 -77.934 -18.484 1.989
3.111 -101.814 62.069 2.091
155.376 92.018 98.021 1.954
186.732 173.162 181.850 2.048
142.777 100.468 185.808 1.927
-112.801 -32.376 -39.142 1.934
-117.852 -74.478 122.726 1.971
-58.509 -39.898 -96.802 2.108
-99.807 106.422 -128.347 2.032
-144.432 -5.403 67.137 1.910
110.035 -130.615 65.700 2.063
208.321 -90.094 94.551 1.949
82.618 164.804 -53.770 1.903
63.452 109.100 -40.407 1.958
22.791 -88.563 -40.240 2.167
-14.905 80.577 78.741 2.139
176.283 -73.872 106.961 1.942
162.686 -74.571 -144.535 1.970
-24.167 32.819 155.724 1.851
130.479 187.996 194.692 1.946
-13.280 -37.936 -62.118 2.055
3.406 174.925 -18.330 1.978
166.619 129.675 -29.187 2.001
65.417 -136.329 15.447 1.918
-58.149 -17.881 -136.997 2.097
194.535 -142.867 -155.300 2.217
27.117 33.916 59.666 2.008
190.919 86.169 172.845 1.878
-96.340 -18.369 187.342 1.923
108.539 90.620 115.228 1.858
177.158 152.354 81.878 1.794
60.435 71.572 182.322 2.035
122.175 132.147 -70.357 1.919
-178.903 -115.721 154.047 1.936
-48.835 19.691 -176.417 2.006
187.630 -165.864 58.578 1.990
149.794 43.028 -134.199 1.987
126.413 100.887 34.823 1.928
153.413 22.164 -102.147 1.917
-175.409 175.059 -25.532 2.018
39.356 -147.031 -194.432 2.029
183.383 -183.659 29.295 1.931
-168.234 44.432 123.264 1.821
-33.939 -9.819 94.621 1.915
172.001 -44.642 -83.142 2.098
-98.238 -96.073 -195.371 2.027
192.269 -97.875 -130.245 2.093
113.591 7.070 65.818 1.989
149.615 -73.720 -48.632 1.962
-208.049 -117.730 62.882 2.168
127.765 -42.691 151.195 2.111
-213.601 129.431 16.140 2.065
-177.507 -103.282 -25.051 1.849
-43.885 96.628 83.328 2.088
154.999 62.393 10.529 1.903
-199.700 -168.828 -167.467 2.108
120.727 -91.956 -131.774 1.858
146.811 172.728 39.877 1.997
23.547 -91.185 111.422 2.057
16.786 172.054 -65.403 1.882
168.576 24.387 -143.956 1.869
-80.951 84.729 115.070 1.815
26.554 162.573 -173.944 2.104
-52.517 -76.286 -160.045 1.833
104.034 -117.020 145.747 2.104
207.454 15.238 118.721 2.144
87.318 80.034 176.662 2.142
-92.516 57.887 -128.668 1.917
-108.087 7.948 -39.156 2.070
36.961 -143.543 128.055 2.145
98.555 -113.431 110.281 1.988
87.657 -65.508 125.076 2.119
7.437 52.283 -91.425 2.022
-172.891 -136.461 122.006 2.055
27.606 57.339 24.043 2.156
-25.319 -109.446 -185.995 1.944
98.291 -89.159 -197.654 2.055
-140.512 -154.571 -17.766 1.970
-213.380 -162.411 -49.432 1.816
-216.952 128.671 81.209 1.960
213.294 148.018 171.742 2.062
-122.679 -163.199 165.654 2.093
27.337 11.074 52.601 2.095
-52.665 -3.282 -144.307 1.980
-57.170 -186.518 199.502 1.827
-25.315 61.496 -101.112 1.887
198.799 175.437 13.666 1.888
5.784 175.389 174.472 1.955
71.446 -179.111 159.683 1.977
56.718 -77.292 170.542 2.108
-140.466 -111.789 121.343 2.000
-81.247 140.233 23.627 1.935
-151.788 28.938 -168.090 2.040
74.309 92.899 141.187 1.997
-215.647 146.464 123.215 1.841
223.368 116.799 -155.937 1.993
203.457 28.175 160.858 1.930
-61.861 80.984 62.133 1.866
15.048 -111.460 -115.687 2.177
107.268 101.647 108.173 1.871
-162.855 163.690 -38.291 1.990
25.430 157.724 -34.696 2.011
142.963 150.819 -51.774 1.861
61.798 -53.645 -121.189 2.051
-19.690 124.986 189.464 1.960
-213.907 -86.099 49.875 2.127
-78.125 -155.862 -101.368 1.934
-221.649 -37.794 -44.835 2.116
189.981 52.614 82.487 1.907
-151.305 71.473 -76.596 2.207
208.061 -139.602 -50.684 2.051
-208.426 87.687 -133.413 2.097
147.187 -31.181 64.186 2.135
167.693 -175.315 -101.643 1.962
13.359 85.759 -192.042 1.808
-160.044 -105.727 171.808 1.961
210.766 106.735 166.700 2.053
-16.397 -162.903 -104.152 1.931
51.569 -70.857 -75.149 2.073
-119.376 -165.188 78.785 1.991
178.004 -79.568 22.027 2.116
-170.642 184.070 32.754 1.982
-80.054 -163.075 -164.543 1.980
198.728 -173.593 -166.568 1.921
-133.662 119.458 60.392 1.968
202.238 12.344 149.235 2.140
77.958 -2.874 -73.223 2.041
220.090 15.299 161.343 2.132
-107.888 3.055 23.083 2.052
-46.141 129.799 -27.416 2.116
-108.751 -104.344 -141.503 1.965
201.909 -166.933 154.439 1.744
138.440 -0.697 -114.330 1.934
-183.825 -71.806 -105.440 2.010
-23.474 -172.908 -77.628 2.107
-44.124 4.304 -150.218 2.081
44.063 122.504 132.285 2.101
214.518 155.815 113.404 1.954
-41.957 -76.485 -57.596 2.178
-67.945 81.555 -70.623 1.936
-192.624 -41.350 -192.403 1.877
18.169 -35.174 90.193 2.074
-216.175 54.272 -58.127 2.054
13.896 -124.378 35.121 2.071
199.905 38.236 115.275 2.082
-187.794 176.925 38.101 1.982
92.116 -171.457 -187.082 1.940
147.330 109.467 -97.164 1.952
104.209 56.798 77.774 1.972
137.103 5.061 138.599 1.836
-157.183 -87.364 54.853 1.868
134.641 -184.398 72.791 1.915
-64.794 -49.177 -52.821 2.075
-175.618 160.293 168.440 2.055
-42.257 155.182 -92.687 2.015
-40.055 -34.900 118.342 2.037
-118.575 4.506 0.051 2.021
-43.366 -24.352 108.498 1.906
203.562 149.288 -92.773 1.994
-40.666 160.429 46.423 2.107
-62.593 -29.322 26.485 2.009
-30.068 43.415 1.029 1.919
-143.300 -67.824 119.559 1.984
-84.409 -105.204 25.529 2.012
208.833 134.191 -142.452 1.950
-183.521 -140.164 123.354 1.817
-7.110 -92.727 28.444 2.048
9.286 -74.056 -80.966 2.210
-124.442 41.601 198.235 1.966
-207.834 -103.262 90.360 2.165
196.610 0.706 -33.234 2.210
-52.135 -15.814 41.529 2.081
-170.835 183.634 195.105 1.849
-122.181 -172.863 -127.922 2.092
181.195 -68.643 -150.019 2.012
-88.900 104.643 -110.771 1.978
-116.751 -30.636 -132.364 2.020
26.525 -6.581 162.418 1.967
156.631 -12.182 -95.775 1.914
-212.205 19.166 -56.741 2.122
205.278 -119.699 51.721 2.085
-54.348 -16.995 -71.980 2.040
75.019 -159.824 -49.993 2.104
35.099 8.014 29.826 2.062
-186.602 -89.201 16.496 1.937
40.760 150.516 134.114 1.886
-191.652 -67.635 134.170 1.800
180.645 -93.505 -76.785 2.074
-113.290 -52.093 135.657 1.911
154.315 -34.469 89.056 1.916
205.967 182.688 -134.531 2.108
166.215 -91.143 -151.896 2.041
15.735 -110.196 39.548 2.043
217.489 -106.148 100.571 2.093
205.962 3.191 -152.616 1.965
-38.680 121.426 87.326 1.884
14.139 -100.973 -90.326 2.123
-198.683 161.723 164.048 1.907
-153.566 -177.212 57.660 2.100
77.607 172.815 -88.592 2.103
205.145 -46.007 -90.420 1.926
-160.204 -189.799 -50.579 1.925
-199.269 -81.681 -184.279 2.166
220.791 -169.098 154.231 1.810
119.514 60.340 1.195 2.140
-98.261 75.490 -45.036 2.157
24.124 82.399 70.167 1.876
-63.212 177.543 -181.361 2.141
224.849 149.764 -64.795 1.933
166.078 -189.902 73.428 2.234
1.598 72.580 -126.517 2.008
-12.108 -155.346 66.849 2.069
215.909 -117.520 88.822 1.932
-159.063 54.436 -125.506 1.972
56.354 52.657 39.711 2.110
-95.257 -75.978 122.131 1.802
67.028 5.165 103.559 2.011
-23.330 127.322 -135.326 1.800
-111.707 -79.505 160.092 1.972
-76.571 155.626 186.481 2.063
217.852 65.591 -53.108 1.959
-140.189 26.486 131.854 2.016
168.582 1.530 69.906 1.710
-68.647 174.074 -166.498 1.878
-201.120 -14.636 3.108 1.914
90.406 -149.836 -33.093 2.027
18.441 32.887 156.223 2.085
66.333 180.499 -21.247 1.998
25.808 -144.638 -103.208 2.015
37.705 -1.826 -18.597 1.942
42.548 171.267 -170.385 2.073
196.412 159.134 85.223 1.918
99.004 -160.779 188.378 1.900
-198.456 -113.791 -198.322 2.053
126.031 -69.850 -97.039 2.066
-161.056 156.592 -57.061 1.985
34.923 -162.390 -3.634 2.146
-141.059 119.741 -19.113 2.039
1.175 139.663 -37.604 1.960
14.977 83.576 -47.875 2.086
-81.499 64.409 177.661 2.075
132.141 -33.759 -192.506 2.044
-23.975 87.955 -143.178 1.932
55.239 -31.243 115.355 2.031
223.812 104.874 -116.681 1.904
81.891 -53.336 -172.430 2.164
57.797 -136.392 -132.138 2.009
-95.812 -16.536 31.443 2.121
18.888 172.801 -11.470 2.107
151.360 -112.154 -169.643 1.951
-35.895 -14.959 71.575 1.998
90.718 -156.286 157.466 2.210
83.198 -10.734 -133.476 1.912
-211.755 27.149 132.839 2.108
-45.955 -64.265 170.923 2.038
172.418 -64.151 -181.912 2.059
175.611 -86.328 -106.864 2.068
99.467 187.196 -90.780 1.907
120.780 -148.325 91.870 1.876
208.997 -129.135 -158.890 1.843
156.019 105.101 152.960 1.948
-10.765 -119.123 -40.903 1.868
-159.350 -105.888 -171.949 1.890
135.836 18.783 -57.201 2.022
-93.345 31.928 -83.941 2.090
201.931 140.496 97.315 1.988
-146.634 -26.496 -136.238 2.124
179.052 82.160 -15.760 2.119
179.324 -149.148 -87.003 2.014
-144.496 170.583 -14.818 1.852
96.043 119.701 67.007 1.956
84.400 -136.337 -0.415 1.955
85.996 -51.773 -28.851 2.031
156.936 91.063 -190.328 2.034
-54.030 -126.938 -3.850 2.048
-92.685 44.345 59.888 2.081
205.488 -13.613 -117.237 1.961
209.301 -141.041 165.138 2.008
-141.263 -72.762 159.600 2.034
-36.235 -19.896 110.016 1.765
-58.051 153.387 -55.638 2.125
-138.663 -18.148 -41.925 2.085
57.604 -10.920 76.570 2.112
-76.099 39.125 -102.629 2.084
85.434 -180.117 -96.455 1.972
-7.124 53.077 105.742 2.037
219.774 -130.619 199.394 1.866
77.587 14.143 -111.006 1.991
-77.056 16.163 -127.913 2.103
-66.674 -2.153 -35.592 1.737
219.269 186.450 32.079 2.029
88.817 -36.032 92.690 1.993
158.303 -155.526 -81.951 1.939
144.944 160.582 -185.243 1.845
-115.369 132.100 78.740 1.981
152.781 128.680 -31.931 2.165
34.722 128.757 54.127 1.976
75.621 -14.180 -75.142 2.064
-90.324 -118.699 -100.611 2.037
203.434 -94.075 -70.877 1.759
170.096 14.403 -62.494 1.983
-45.916 179.009 -11.938 2.019
-182.635 127.185 -70.558 2.018
192.559 109.039 150.083 2.149
-2.355 129.032 -79.106 2.053
215.360 -179.709 149.647 2.012
129.630 141.149 -145.322 2.211
104.256 -96.368 60.438 2.111
-202.162 108.836 -105.694 1.755
197.135 123.011 -44.576 2.012
-113.568 -54.587 -3.958 1.969
-214.925 28.391 88.563 1.895
-164.129 -132.736 -59.806 1.940
200.324 -157.293 133.761 1.853
-163.419 -153.374 83.879 2.176
128.662 -19.465 76.268 2.010
-141.129 57.945 -40.120 2.004
48.876 9.814 139.165 2.143
-7.605 52.216 49.864 1.877
-20.534 -111.810 31.333 1.954
-156.659 -67.604 26.144 1.910
-170.575 -107.778 38.768 2.032
-20.082 -8.049 137.173 2.075
-62.473 -119.607 62.825 2.055
187.669 -99.814 -80.438 1.954
-141.475 177.890 -171.754 1.987
217.429 -130.751 -194.031 1.898
-213.765 148.621 -145.845 2.030
121.032 -57.408 60.138 2.051
-117.884 112.488 110.960 1.789
194.964 -84.450 -179.396 1.945
213.622 89.634 98.738 2.084
-136.439 115.919 189.969 2.089
144.887 127.251 88.577 1.902
-202.608 120.636 99.062 1.923
103.439 -125.387 -0.013 1.905
-88.556 -123.092 -67.761 2.234
-195.045 126.619 177.277 2.070
-131.112 -159.910 116.044 1.981
-60.996 -146.664 -23.461 2.016
212.568 119.784 180.121 1.854
45.308 122.990 -127.137 2.089
-129.344 13.885 -174.021 1.867
-40.400 -52.426 -166.930 2.077
36.105 -74.230 -19.070 2.122
-96.150 74.371 130.437 2.118
-87.302 28.134 60.657 1.837
192.814 170.426 23.417 1.784
-146.933 137.258 -3.981 2.003
156.578 -34.604 -182.205 1.917
63.049 34.256 -173.846 1.993
-43.445 -132.859 73.532 2.132
-92.748 -65.088 178.344 1.803
-160.243 -100.090 -117.923 1.960
195.278 79.957 146.579 1.989
156.412 -79.874 110.002 1.995
-149.729 103.180 -183.571 2.103
-113.597 -183.555 95.426 1.851
-52.193 -55.060 168.570 2.089
-121.017 -54.960 31.409 2.096
96.500 -136.229 90.705 2.248
-78.407 -154.473 27.375 2.067
107.694 157.856 129.770 2.117
148.364 125.262 53.053 2.109
48.546 16.225 39.701 1.923
166.367 91.716 31.380 1.972
-61.561 168.389 -103.778 2.015
220.339 -81.129 12.261 1.935
60.011 -90.558 80.600 2.077
-30.709 -182.846 65.484 1.862
-143.877 105.801 -53.072 2.164
39.602 -7.824 -194.895 1.836
-111.450 -149.876 -83.923 1.997
29.291 23.079 75.734 2.023
110.315 -140.845 139.930 2.091
-98.253 -163.902 -180.815 1.992
1.459 -22.495 -63.592 1.976
-120.835 71.928 -102.950 1.978
81.595 124.932 -119.448 2.095
-150.581 -156.391 -10.972 1.940
-118.808 179.475 103.896 2.032
-4.048 32.884 123.256 2.210
190.039 144.124 49.985 2.020
-205.879 -83.333 -153.537 1.975
156.298 -20.921 11.867 2.028
143.545 39.974 -19.877 1.747
-179.951 -143.069 64.213 1.897
-60.592 42.840 -115.995 1.938
53.391 116.104 -10.524 1.955
109.068 174.244 23.494 1.930
32.241 -175.089 -144.839 2.018
28.485 84.406 -103.638 1.980
195.399 -52.640 -160.678 1.982
-45.042 100.578 -134.250 2.013
13.997 -91.155 117.886 2.059
-57.924 -124.802 9.445 2.119
-82.075 174.955 -80.255 1.910
154.333 58.980 -82.823 1.958
135.880 13.157 82.230 2.067
-211.757 83.158 -176.225 2.122
-12.805 145.763 98.414 1.965
-219.063 -74.073 -124.154 2.019
170.795 105.185 109.662 1.951
187.734 154.839 110.748 2.158
-18.253 -44.497 119.004 2.192
-25.456 159.639 35.351 2.022
-28.006 -85.284 122.460 2.025
42.070 -85.237 -90.634 2.042
-191.597 -144.971 -9.551 2.160
7.912 16.416 72.492 2.043
7.126 181.955 -102.225 2.045
171.584 -58.652 -28.750 2.124
48.164 74.997 -29.473 1.994
-151.668 -0.593 106.730 2.017
-61.107 -11.672 -30.755 1.846
115.245 93.474 130.442 1.991
-109.040 -19.461 36.053 2.030
141.391 -124.639 71.546 2.005
-31.180 -37.900 91.321 2.077
186.249 161.597 139.060 2.003
-141.631 -103.178 112.349 2.031
189.182 124.339 -84.072 1.994
-18.262 -83.725 33.607 2.046
161.896 -130.501 -44.486 2.046
-43.017 -19.228 97.263 2.019
-73.775 -87.708 -50.313 1.988
-144.238 -109.241 -24.237 1.920
-138.536 118.061 -63.940 2.065
111.077 -78.768 -198.559 1.974
-125.761 130.052 72.982 1.988
119.393 -125.778 -159.431 2.236
-208.097 -148.123 178.009 1.806
94.541 -80.466 123.406 2.075
154.128 160.258 -159.578 1.953
-88.851 -161.005 112.263 2.044
-164.296 -171.833 116.313 2.105
-178.134 119.994 -1.674 1.917
144.767 73.185 93.635 1.995
-113.373 -84.614 -110.485 2.105
-2.165 -42.368 113.973 1.886
-144.513 116.866 -138.499 1.983
75.279 41.377 -53.824 1.902
-221.430 149.936 -83.684 1.982
-132.478 -156.568 -178.124 2.031
-2.246 55.171 154.132 2.052
104.590 84.001 -3.106 1.945
200.935 -182.861 -125.495 2.145
-61.781 -2.849 -85.023 2.249
62.326 -165.871 0.576 1.954
177.833 65.097 9.678 1.924
142.450 -53.401 166.308 2.151
126.511 -76.567 -51.020 1.924
22.371 -22.878 -2.085 1.978
-104.388 -11.288 70.684 1.889
55.132 -188.129 39.894 1.943
-163.490 -12.694 53.529 2.150
-31.881 146.921 57.917 1.965
-103.509 18.021 -64.603 1.940
-44.749 82.930 -8.011 1.901
77.089 72.189 61.926 2.013
50.051 -78.013 141.372 2.051
2.699 90.277 32.056 1.960
-12.440 -55.110 -93.832 1.841
-71.747 -158.044 102.188 2.258
-116.469 12.149 -140.654 1.990
163.848 -187.403 -86.318 2.039
-106.147 -16.091 52.194 2.211
125.786 152.705 80.159 2.026
142.724 166.081 -120.408 2.021
164.189 43.973 6.773 1.769
-182.199 -99.795 -143.483 2.013
56.908 106.360 54.957 1.804
-136.552 66.258 155.033 2.024
-220.005 78.536 12.428 1.892
168.510 -156.900 -8.564 1.944
12.001 -175.290 -166.885 2.029
-177.682 -39.734 138.341 2.072
-168.153 -22.280 37.607 1.854
68.452 -80.372 -92.877 2.041
197.699 70.222 -160.703 1.985
173.955 -144.249 20.317 1.924
-147.139 15.190 -145.518 1.980
