44.763 86.712 59.436 1.985
-6.752 -62.349 -147.647 2.092
6.359 76.229 135.725 1.935
186.815 149.839 -158.169 1.928
-116.787 81.604 74.845 2.103
178.478 126.477 183.690 2.008
-182.836 135.983 -72.439 1.995
200.541 186.314 -171.428 2.016
44.761 59.488 -158.558 2.053
-114.665 60.194 -45.788 1.833
-97.227 -169.350 51.518 2.072
-39.864 85.732 131.614 2.009
87.683 -42.695 -24.353 2.146
-78.485 72.188 3.432 1.952
123.622 -141.479 139.010 2.121
-46.650 -133.892 196.238 1.853
94.553 -7.481 -151.436 2.087
-81.178 -101.201 93.435 2.059
-176.107 -11.157 -62.469 2.216
-153.076 80.639 152.953 2.046
77.109 -35.103 4.767 2.032
-25.738 71.608 175.959 2.121
182.105 -112.240 88.024 2.147
-167.589 -51.286 -24.606 2.026
-29.611 62.060 24.450 1.890
92.582 161.948 -66.962 2.038
195.217 51.163 104.317 1.920
102.216 30.304 -32.746 2.217
-143.744 185.275 -149.596 2.009
175.348 33.048 -132.062 1.895
-147.418 -174.781 199.008 1.973
-128.243 -84.111 -100.291 2.033
-51.452 -175.941 -2.880 2.005
169.864 21.097 -23.059 2.058
221.610 -117.462 -8.710 1.808
124.028 -119.513 37.315 1.918
134.353 73.902 129.566 1.944
156.927 -160.215 -151.341 1.725
-4.124 -92.001 -170.319 1.688
10.292 -100.264 59.281 2.118
209.116 -144.331 99.758 2.139
114.651 -127.454 -177.496 2.010
-184.692 31.164 -192.604 2.040
-169.894 157.614 168.355 2.017
-195.067 -112.715 -30.495 2.022
94.761 155.309 85.634 1.867
52.646 -133.913 -71.491 1.978
43.093 159.953 131.552 1.973
192.401 72.744 -187.759 1.887
-106.805 -114.270 31.093 1.954
-129.302 -73.372 -145.069 2.063
134.864 183.791 8.383 1.995
-196.055 81.394 -23.513 1.980
-175.230 -176.240 -65.505 2.127
-46.895 96.316 80.562 1.948
96.408 -177.857 23.664 1.956
25.391 -94.699 73.961 1.950
-30.993 7.126 120.574 2.057
-49.388 44.758 -168.243 2.029
72.147 -136.585 -181.538 2.027
22.443 12.548 78.034 2.038
145.834 108.592 -128.517 2.114
-33.794 -39.554 0.646 2.165
37.099 -139.367 -7.390 2.143
149.295 179.567 108.822 2.035
-97.749 161.274 -21.485 2.132
206.439 2.739 -93.399 2.088
-163.939 -10.849 52.399 2.078
-176.030 82.101 -100.551 1.887
-56.338 165.895 -100.314 2.042
210.708 -98.309 -131.791 2.016
81.624 -35.291 12.316 1.992
222.620 -88.910 -81.242 1.927
141.148 52.157 17.539 1.979
119.922 -84.154 155.854 2.051
6.092 94.345 -103.002 2.118
-124.760 -7.967 25.835 1.987
-83.811 -1.015 -171.768 2.105
169.485 -22.399 -163.778 1.848
-50.121 34.369 135.571 2.053
116.524 32.099 143.650 1.981
-124.831 -104.143 111.549 1.821
-133.861 63.627 -157.835 1.811
-85.120 49.303 178.469 1.959
-134.724 -56.738 67.754 2.002
184.048 -81.559 12.526 2.168
83.816 -149.948 84.724 2.022
96.013 90.553 114.307 2.021
28.740 -53.940 111.128 1.924
217.091 -149.709 51.315 1.912
-127.691 83.311 160.233 2.107
92.223 -47.597 -55.195 1.937
92.015 -32.296 -162.973 1.974
-49.951 -109.433 -42.760 1.913
-132.002 144.831 56.786 2.074
-216.342 -96.171 -50.818 2.020
208.237 2.302 -8.547 1.954
40.230 68.574 -68.418 2.154
145.818 172.692 82.859 2.125
15.730 -68.380 -112.744 2.005
-0.228 -50.620 -20.350 2.003
165.009 -103.328 110.749 1.955
-146.936 55.996 -191.762 2.028
-65.538 -134.492 -162.547 1.757
20.252 12.010 -178.049 1.956
25.889 177.918 116.094 2.011
-117.875 14.339 153.370 2.089
180.650 -42.454 -17.274 1.912
-185.943 -132.677 60.674 1.929
-207.789 175.862 162.619 2.089
35.349 81.303 185.689 1.925
-39.174 -158.177 118.329 2.046
147.454 -143.330 -101.541 2.027
47.087 -167.834 139.432 2.085
129.775 133.429 36.504 1.993
-73.926 -47.431 107.424 2.171
-107.480 -136.245 177.781 1.989
-95.370 -67.149 131.479 1.818
-34.223 -86.788 -80.233 1.894
87.047 -117.582 43.710 1.933
36.738 37.103 126.712 2.052
-206.483 83.804 87.757 1.810
-80.749 95.909 166.449 2.045
62.761 89.773 85.898 1.833
104.166 78.811 -74.499 1.955
147.253 64.252 -154.622 1.893
-167.026 -46.451 -63.899 1.992
-155.967 16.017 -96.964 2.050
50.299 -179.203 193.900 2.055
-187.185 75.733 161.088 1.857
-187.129 -20.207 -51.469 1.882
36.629 -39.264 13.985 2.061
12.129 -2.114 2.804 2.065
150.651 72.599 -90.424 2.084
172.440 -166.350 -152.243 2.173
-148.140 9.409 194.561 1.899
-62.762 -155.757 -102.597 1.937
-2.791 31.768 155.342 1.945
-88.959 -16.903 58.258 2.054
211.524 -178.115 -22.966 2.209
-15.971 41.690 -68.495 1.996
-3.012 -170.930 -112.572 1.976
-115.868 108.410 -82.957 1.824
-128.014 -156.528 -120.316 1.949
-77.475 -109.082 19.878 2.006
-13.300 64.617 -118.466 1.940
185.614 -56.175 -35.428 1.973
-84.734 -51.091 -62.582 1.886
52.099 -6.773 -9.655 1.899
113.788 -54.982 98.048 1.777
179.960 39.565 -104.873 1.958
-105.386 -138.067 -178.932 2.039
-130.320 162.821 -107.522 1.989
-204.636 -77.024 -12.642 1.940
204.476 -18.802 169.385 2.090
-33.747 -113.251 -172.993 1.920
108.946 -15.253 156.502 2.016
-14.446 45.938 153.716 1.955
-89.875 146.461 139.797 1.941
-138.812 -55.938 -119.983 1.854
209.799 124.747 -25.860 1.947
34.679 -138.145 -83.216 1.989
-37.436 179.445 17.236 2.121
162.033 -82.986 84.557 1.993
38.700 65.244 -109.895 2.089
-125.993 102.993 -67.961 1.842
-127.455 31.530 8.348 1.841
150.621 -32.043 96.305 2.094
76.575 180.308 34.187 2.124
45.335 -109.102 -108.350 2.089
-30.055 62.159 69.142 1.957
79.520 23.299 -148.441 1.766
-205.665 -141.723 84.254 2.030
-205.461 -167.039 -110.111 2.047
-39.795 117.024 62.382 1.894
-206.897 -155.851 37.283 1.984
194.195 -173.307 23.697 2.055
106.726 -144.849 10.834 1.949
-105.919 -33.029 -73.627 2.040
-198.927 164.161 90.930 1.997
40.594 54.284 -179.757 2.061
-185.420 -75.321 -96.356 2.035
-26.188 141.936 -35.394 1.952
-28.040 -55.168 159.835 2.025
-169.138 -40.162 -157.524 2.077
-82.234 -96.900 -74.064 2.000
-6.629 182.814 157.683 2.156
-45.678 183.110 158.096 2.086
-35.350 -96.735 26.843 1.881
-212.390 -115.317 66.059 1.810
72.841 -102.474 -174.028 1.955
-222.008 -60.550 -70.046 1.966
-129.234 139.979 31.993 1.968
43.582 148.993 -60.103 1.962
16.350 -135.748 -60.030 1.867
26.066 161.015 80.479 2.051
195.430 116.665 -170.571 2.097
-3.809 104.969 -45.545 2.089
-101.150 131.889 162.694 2.065
189.867 119.156 89.563 1.945
-161.570 145.207 187.503 2.109
146.994 -41.736 172.742 2.062
-211.965 7.157 37.278 2.057
133.091 103.594 -71.663 2.136
-62.711 44.021 -60.054 2.250
73.086 77.101 -184.146 1.872
121.961 -147.035 -105.020 2.138
126.123 164.407 -75.986 2.243
78.871 37.901 -17.844 1.884
183.526 63.546 -127.810 2.193
-178.840 22.885 71.129 1.976
124.206 169.724 -37.588 2.004
140.150 -32.461 -82.623 2.053
-187.037 -142.577 52.248 2.104
155.139 169.829 145.542 2.112
-87.747 8.453 22.182 2.053
-177.417 71.000 -33.880 1.966
61.093 -136.506 121.857 2.115
87.596 -52.194 15.556 1.913
72.684 110.809 -186.888 2.025
118.308 76.793 194.147 1.925
117.508 -137.616 55.355 2.193
25.526 -115.661 126.266 2.068
-17.256 -113.202 -14.794 1.910
-95.027 8.642 18.308 2.035
11.304 124.833 -176.387 2.042
-204.287 -164.813 -40.766 2.081
135.707 4.159 -17.562 2.080
-81.230 -124.913 -111.077 2.087
139.254 -73.014 61.426 2.008
-132.906 -108.150 159.808 2.113
-60.064 182.908 -96.890 1.981
-43.868 94.904 -67.754 2.036
44.753 137.082 163.619 2.047
199.534 -160.509 121.133 1.686
156.129 174.678 -112.223 2.072
-58.156 162.962 63.666 1.960
-221.569 -139.482 70.187 2.015
140.852 -49.236 -9.189 1.839
-32.861 41.612 -83.517 1.938
146.632 169.544 174.008 2.052
12.221 53.537 -26.961 2.128
-218.576 52.489 -90.112 2.215
93.716 85.519 -198.969 2.014
-1.305 121.683 -183.901 1.945
129.561 98.434 162.167 1.906
134.499 -126.803 -1.910 2.079
-132.855 -115.521 28.629 1.897
-122.168 127.495 -172.422 1.995
65.440 54.762 98.998 1.952
-129.542 23.843 168.076 1.964
-66.527 103.336 -198.447 1.900
196.478 89.076 -40.401 1.764
140.852 53.631 123.570 1.957
-206.125 -173.761 -187.417 1.985
-111.112 40.431 -154.973 2.091
56.066 -3.998 -166.876 1.872
-88.056 -49.565 -111.614 1.942
-144.528 189.729 -6.261 2.116
118.343 -138.111 -187.646 1.900
-114.288 69.728 -43.073 2.095
27.190 118.463 199.229 1.851
-87.166 120.835 -21.978 1.983
-184.623 183.466 43.270 2.070
-140.868 -85.647 -114.230 1.884
103.475 182.409 -29.522 1.998
134.221 167.934 -167.795 2.058
167.259 155.006 162.318 1.910
-52.152 -64.787 43.227 1.907
187.276 87.225 140.516 2.118
-38.239 81.716 25.453 1.954
34.885 135.580 29.234 2.015
-164.689 88.452 184.681 2.027
-91.410 91.010 -185.272 1.858
192.755 -0.329 37.906 1.901
-160.005 76.174 116.638 2.081
-84.438 -53.490 -191.176 2.063
166.230 -111.095 -147.159 2.110
215.104 164.135 123.803 1.877
-82.423 56.774 -161.176 2.073
37.534 125.852 118.409 2.122
223.875 -109.383 -176.727 1.926
55.981 16.526 166.881 2.018
-107.409 147.717 41.560 1.872
114.338 -184.528 93.249 1.908
-106.920 178.083 -160.991 1.933
214.125 -152.264 86.621 2.126
137.864 -20.156 -151.684 1.980
166.329 -99.776 172.614 2.102
172.262 -53.542 80.205 2.048
-18.286 -81.067 188.231 2.005
-117.197 -89.243 173.941 2.134
-70.504 -169.202 -20.063 1.968
23.220 115.488 -51.002 1.772
-24.898 -40.735 80.426 2.182
-50.599 152.260 11.721 1.988
220.040 44.309 -8.476 1.946
93.350 120.439 54.506 1.954
-99.226 124.129 -87.327 1.923
-70.905 82.873 77.888 1.899
-180.670 -82.399 69.210 2.111
30.556 82.728 169.213 1.885
109.295 18.185 6.046 1.993
-97.506 -13.509 162.914 1.967
-209.925 -88.463 -185.969 1.919
-134.251 -145.691 -105.383 2.160
24.628 -75.743 -159.568 2.061
191.266 92.625 134.390 1.842
-105.386 -179.003 -26.150 2.060
-60.971 180.279 -139.694 1.988
-83.663 72.175 80.822 2.053
-79.422 21.300 118.444 1.979
148.563 131.499 127.307 2.053
-209.061 116.742 78.993 2.197
95.160 -26.704 -155.430 2.014
211.824 -126.208 -39.828 1.917
175.575 148.552 -128.865 1.961
99.966 93.515 -168.047 1.890
-220.378 124.812 -37.074 1.904
-77.218 -134.518 80.135 1.920
-90.177 29.808 66.457 2.169
206.179 -106.668 -16.900 1.941
187.680 -156.166 -82.887 1.885
188.509 77.958 164.942 2.043
11.963 -67.510 58.671 2.013
-122.774 -180.969 6.418 2.122
52.970 105.440 51.618 2.030
-78.775 27.010 -182.672 1.966
-102.039 -57.224 -14.099 1.944
-96.536 156.756 -182.310 2.037
-112.409 135.358 -88.215 2.069
-143.305 120.130 36.526 1.975
-95.129 -80.113 -38.489 2.167
104.387 74.582 -151.346 1.903
146.489 45.779 46.918 2.034
159.528 138.926 -95.185 2.079
214.791 87.833 46.930 2.038
-28.815 147.133 8.666 2.137
-16.548 93.865 66.332 2.073
157.713 -42.971 -159.490 1.786
-56.222 44.078 -145.224 1.961
-175.983 -34.460 40.938 2.101
126.336 85.173 93.739 1.932
-52.096 -53.105 12.131 1.981
-84.484 -37.235 11.080 2.168
-200.874 67.854 -94.296 2.130
-189.962 84.697 -22.438 1.984
93.640 1.745 -132.923 2.058
-41.725 -66.526 177.384 2.016
-60.926 -110.876 90.166 1.994
129.106 111.073 -186.404 2.008
74.538 -169.981 -176.943 2.066
-105.604 159.735 179.190 1.965
-117.478 76.057 70.520 2.118
-190.003 97.892 -163.637 2.015
31.391 -12.197 50.830 2.049
-104.763 -11.945 74.255 1.905
42.011 -159.467 -95.658 2.087
-58.928 106.362 144.500 2.080
-30.657 -58.121 81.382 2.166
-170.192 -74.972 82.762 2.062
-113.861 -179.785 167.243 1.941
16.138 -155.284 11.401 1.996
-187.611 -41.349 -36.923 1.867
-156.560 -67.111 -145.648 1.962
-50.249 -92.815 23.642 1.987
211.806 -157.883 -100.413 2.039
-186.162 171.825 -41.341 1.820
-41.517 -166.226 -145.689 1.929
-29.355 -102.016 -137.235 1.970
187.490 -55.470 59.565 1.969
105.312 -186.010 9.395 2.018
51.528 -124.091 88.098 1.952
-78.040 37.099 -91.108 1.951
-68.280 -65.374 -87.026 1.912
-85.820 152.621 -159.560 2.108
41.873 48.179 12.926 1.801
-60.121 148.313 -128.092 1.921
23.400 -26.653 -81.418 1.926
89.856 -68.101 40.351 2.125
-187.740 -160.142 130.731 1.830
72.311 25.758 157.689 2.041
124.167 178.578 132.721 1.942
166.444 -155.796 -154.334 2.083
203.402 143.074 -86.671 1.978
-114.187 118.403 196.758 1.893
61.771 116.355 -178.970 1.966
-65.701 -4.496 -150.630 1.945
-105.713 -175.829 -49.419 1.914
112.744 -111.317 -20.097 2.110
-41.946 172.517 17.240 2.035
-115.382 -20.590 178.168 1.972
26.899 -117.350 -80.624 1.831
103.356 -175.774 18.444 1.987
62.566 -100.434 137.218 2.111
195.926 -157.286 58.892 1.910
-52.074 -9.306 53.541 2.084
-57.043 18.323 -15.214 2.031
-224.962 -187.414 164.089 1.796
-187.295 38.587 190.512 2.012
-168.916 -4.661 71.136 1.951
171.314 99.598 -79.414 2.055
73.465 69.041 -143.541 1.942
-21.104 -8.889 57.469 2.163
186.593 166.688 114.721 1.900
95.167 62.816 -17.231 1.932
-132.087 -12.558 130.990 1.898
183.248 -124.343 -199.006 1.950
-98.123 -189.326 75.612 1.870
201.268 152.139 186.202 1.994
-70.113 11.868 -27.357 2.075
-7.059 -54.731 -176.034 1.951
103.977 -173.484 77.055 2.051
86.394 60.417 -182.343 1.935
-54.553 170.805 2.742 2.093
-165.709 -76.276 -37.328 2.110
163.938 -187.146 -96.329 2.033
189.586 29.288 3.728 1.973
-24.368 -77.583 -175.512 1.848
-87.514 109.816 124.244 2.060
-195.821 59.273 190.361 1.997
137.406 181.716 -166.894 1.825
170.331 186.243 83.780 1.954
-169.544 61.708 71.987 1.938
-142.870 9.933 -174.630 1.922
-123.983 59.084 -21.120 2.059
-42.154 61.500 1.555 2.049
-195.115 -34.554 -64.810 2.139
-187.831 68.256 11.122 1.872
143.500 -112.622 -169.898 2.116
14.211 -97.897 -126.940 2.092
156.338 -104.547 -13.866 2.126
-44.441 -35.298 -145.829 1.932
-121.330 45.036 -177.644 2.046
-172.027 -160.403 152.585 1.863
111.310 -119.872 68.521 2.075
-74.243 161.964 6.183 2.071
-77.872 154.415 28.689 1.971
173.276 100.175 146.788 2.073
175.093 0.330 -188.675 1.924
17.215 -29.021 141.343 2.066
22.253 184.534 10.009 2.026
190.769 -101.386 -73.637 2.073
173.847 160.115 178.077 2.006
-154.185 56.064 -161.858 1.941
177.463 -14.294 155.076 1.998
6.007 110.802 -39.759 1.889
172.374 34.425 -99.610 2.084
-179.818 59.191 -176.153 1.999
-100.942 39.337 -65.200 1.899
40.527 -138.008 -123.391 1.989
-211.644 -131.412 141.170 1.926
162.745 -176.932 142.321 1.875
31.293 -18.236 163.540 1.960
14.620 109.621 -17.377 1.888
147.235 183.134 -98.726 2.039
-93.586 32.360 39.017 2.173
-63.337 -44.192 -48.363 2.000
-71.362 38.203 -19.800 1.995
215.337 -84.095 -105.555 1.918
116.245 16.872 103.229 2.122
-76.439 -147.660 21.510 2.210
154.137 81.014 -94.089 1.849
-11.588 84.605 137.890 1.961
-81.864 27.007 -195.373 1.972
53.521 119.799 -53.372 2.012
163.367 -15.369 134.386 2.091
-169.102 -106.644 -183.869 1.998
215.322 34.673 -95.509 2.016
-50.212 1.480 11.374 2.081
-17.884 -14.795 196.047 1.931
136.811 -163.035 -101.085 1.910
87.956 1.646 -98.523 2.199
-91.560 166.348 39.034 1.950
214.816 -100.690 49.383 2.209
179.858 101.390 197.258 2.044
-105.098 -38.891 -24.201 1.963
-6.675 187.127 -146.126 1.995
100.223 56.220 -172.623 1.842
42.696 165.042 78.472 2.133
-10.371 -133.735 -2.284 1.986
124.233 143.233 14.837 2.235
-67.092 -5.548 -161.402 1.881
-201.198 60.280 52.468 2.149
38.225 -188.231 -146.405 2.030
169.447 -48.855 168.056 2.023
27.276 -23.527 -138.191 1.948
12.168 12.995 -149.832 2.104
-112.377 -154.128 -0.064 1.766
-98.996 120.596 -137.839 2.043
-111.919 111.069 -11.956 2.018
156.820 188.931 -23.195 2.142
-157.832 43.052 109.199 2.057
76.971 101.186 -95.357 2.032
111.539 156.890 -146.293 2.050
-183.115 -37.239 -97.222 1.984
-177.715 110.859 81.490 1.973
162.623 23.753 192.640 1.676
-18.155 -75.446 -72.279 1.838
-213.898 92.089 -4.360 2.191
-47.721 -11.877 -109.214 1.976
-71.333 47.931 -134.957 2.023
130.550 -15.630 -116.984 1.997
4.495 71.220 -69.874 2.097
-79.972 94.628 167.951 2.042
-46.815 -134.474 -131.278 1.993
31.941 88.042 -58.910 2.183
94.098 -150.540 -86.631 1.952
-197.506 65.350 86.407 2.035
-69.712 158.204 -4.440 1.943
137.952 -56.041 125.665 1.890
-211.541 186.539 25.055 1.942
151.883 28.053 -126.723 1.883
91.689 55.022 64.706 2.062
90.600 159.661 -133.765 2.004
190.382 130.285 -78.232 2.058
-165.336 -118.876 46.018 2.123
-105.597 44.737 110.342 1.903
-1.258 -173.900 76.881 1.885
-153.913 -132.639 50.805 1.913
-114.827 8.995 -57.460 1.967
169.580 -184.701 85.357 1.853
33.763 -126.697 -195.623 2.055
159.458 -72.005 -69.594 2.018
-181.159 -175.821 -68.647 2.009
211.954 -71.359 -39.333 2.071
-147.221 -106.338 -140.034 2.014
-10.518 -108.263 142.963 2.010
-216.859 -34.944 -158.686 2.027
-142.314 -59.436 140.000 1.908
57.286 -125.065 -113.841 1.975
-64.133 154.372 1.534 2.035
192.132 -64.694 -144.592 2.030
-164.068 26.777 -72.129 1.858
11.794 -4.406 103.644 2.001
-55.536 73.717 -188.331 1.994
118.028 -88.793 58.286 2.037
-155.835 52.142 -51.632 2.091
-164.606 -57.858 -28.410 1.993
146.915 -82.130 179.825 2.092
68.909 -65.738 61.548 2.042
-8.234 89.407 -108.982 2.154
-95.506 116.442 17.085 2.032
92.138 137.606 -113.201 2.070
39.359 -104.934 -84.085 2.073
75.882 76.290 177.820 1.926
71.805 -60.577 -113.263 1.734
127.099 -97.843 -8.750 2.055
220.857 -99.850 142.438 2.046
-47.755 20.798 -114.730 2.009
-156.096 -105.413 -125.097 2.098
210.521 142.570 -35.495 2.007
-146.270 -189.312 196.890 1.939
195.815 178.893 -10.256 2.006
106.188 -120.618 99.013 1.956
-31.623 -140.460 193.940 2.023
-1.646 57.929 -43.687 2.063
43.573 31.024 185.255 1.963
-31.642 -49.613 -151.381 1.970
16.576 185.353 -101.202 1.978
-141.944 119.498 100.902 1.922
142.591 39.759 14.346 1.959
142.229 -70.820 -14.599 1.972
109.459 -143.949 56.212 1.965
-7.930 -113.109 -168.935 2.053
-67.297 168.152 -51.320 2.128
154.689 88.518 -17.667 2.055
-1.847 -23.204 60.436 2.133
-26.097 -36.601 -77.791 2.050
209.186 34.799 -80.555 2.087
114.195 -181.481 -39.965 2.008
-96.631 35.903 95.470 1.942
-37.953 -181.838 10.648 2.018
-68.583 -23.994 75.309 2.057
73.891 24.884 64.204 2.002
-161.544 22.033 124.811 1.902
-7.108 -95.832 -168.582 1.955
141.859 36.649 14.088 1.946
-157.921 -86.442 30.074 1.873
-112.337 112.309 -148.670 2.045
-28.376 175.529 16.857 2.013
152.247 -169.147 8.687 2.036
-27.870 71.256 100.407 1.920
40.327 9.246 -141.184 2.013
67.467 153.460 -57.412 1.944
132.005 188.504 -102.714 2.187
42.154 -37.685 22.330 1.890
133.266 -114.731 93.501 2.212
-197.789 185.188 -137.887 1.938
-23.547 -134.882 93.369 2.010
181.409 133.374 126.248 1.988
135.539 188.617 131.029 1.942
206.273 -161.965 -25.869 2.113
-208.211 36.423 7.920 2.001
-153.761 -31.731 1.201 2.016
221.675 -151.773 -34.299 2.075
-104.905 48.688 -154.118 2.002
158.785 7.398 -163.824 1.814
158.730 -56.666 -76.286 1.939
52.774 -49.956 155.519 2.051
198.026 -171.414 -124.376 2.166
-37.569 129.288 82.526 1.874
176.744 -22.046 -103.708 1.820
-196.163 150.524 173.385 1.938
74.504 -49.237 7.581 2.201
-137.748 -130.806 -159.929 2.057
-100.775 -76.656 57.127 2.017
-138.365 55.997 -157.645 1.873
170.745 -65.166 -19.160 2.131
-86.244 -93.138 194.387 2.016
-61.090 -178.267 18.525 2.055
112.994 180.283 -193.245 2.099
125.909 -57.485 -7.850 1.909
-220.150 -43.159 18.076 1.824
64.256 -83.990 130.916 2.036
101.458 -95.554 30.293 2.002
-190.049 -35.102 150.483 1.859
-129.831 167.745 129.084 1.771
129.693 20.514 198.517 1.974
212.917 -33.449 -1.184 1.918
-90.330 108.711 89.368 2.099
-144.091 -187.514 -77.452 1.911
-11.801 159.437 43.931 1.911
-162.941 88.588 61.913 1.779
6.180 -111.633 42.813 1.967
223.222 -7.697 192.858 2.083
154.047 -165.543 -14.275 1.834
90.327 -173.655 10.802 2.049
-209.463 127.769 101.008 1.977
-132.291 39.404 -156.113 2.070
100.600 -147.709 -3.807 1.859
-96.197 -180.356 199.884 2.099
-89.853 41.247 46.615 2.054
-1.455 -43.586 -20.047 1.999
221.540 123.680 -147.619 2.024
207.918 -70.434 5.999 2.074
-52.368 188.875 121.672 2.202
-213.911 -136.846 1.061 2.135
149.359 129.375 -69.823 2.038
144.369 -79.446 122.520 2.108
18.860 -168.444 -13.975 1.919
71.481 -4.917 -137.363 1.887
-132.399 -21.568 111.687 2.061
35.007 25.774 -165.898 2.091
13.987 140.056 -97.077 2.026
-106.589 -183.782 -174.333 2.013
-198.110 -70.075 -24.129 1.996
-127.846 41.044 177.558 1.886
-139.514 -106.392 -191.852 1.845
98.148 -1.781 -16.067 1.929
211.539 -166.884 -39.338 2.096
19.175 104.293 184.646 1.978
-138.913 26.218 -30.716 1.912
-109.130 119.449 -88.430 1.968
54.133 -6.716 139.735 2.062
-62.313 -96.544 119.455 1.992
-95.714 188.255 -164.859 2.175
-146.941 115.965 -41.920 2.021
143.751 86.355 130.152 1.995
-76.560 100.850 -195.078 1.978
-21.880 95.748 34.359 2.079
3.985 -64.975 -114.985 1.960
-191.794 183.719 199.091 1.942
-72.829 -162.339 -197.251 1.947
-99.381 127.142 -132.919 2.159
-209.757 -145.392 -88.245 2.107
127.909 67.882 55.110 2.097
32.506 -6.856 -139.124 1.979
-219.500 -64.987 -49.279 1.898
21.397 159.260 42.411 2.081
15.781 79.523 182.357 1.859
15.321 177.488 187.494 2.022
70.403 168.705 172.295 1.899
-115.131 61.487 -106.374 2.158
178.244 183.440 144.172 2.089
-155.994 101.996 -177.418 1.916
0.343 18.185 -7.697 2.015
-170.430 -30.140 -110.673 1.847
68.199 107.078 108.293 1.880
-94.062 -105.345 154.055 1.992
100.931 160.716 54.026 2.074
14.507 -34.151 83.401 2.197
25.142 88.962 -148.831 2.100
121.858 -32.472 -157.569 2.168
-221.877 58.785 92.791 2.029
-218.654 -19.706 -147.859 1.951
-60.810 149.379 -145.317 2.154
139.060 98.500 -28.497 1.863
188.658 -133.016 -11.756 2.213
-157.994 -57.283 70.266 1.937
-145.981 -21.386 68.411 1.833
5.599 -79.292 -93.553 2.024
-31.022 154.014 66.237 2.054
119.955 -164.405 -180.622 1.980
214.233 -44.652 3.015 1.984
11.133 24.782 -138.501 2.133
-204.002 155.616 176.844 2.091
-162.899 162.708 54.273 2.177
113.241 67.751 177.546 2.003
53.403 104.154 -52.900 2.019
-64.345 68.634 -85.391 1.780
150.639 85.640 -78.542 1.927
29.937 188.113 118.317 1.955
-208.703 -140.226 138.640 2.260
-216.462 -100.546 -136.649 1.987
-53.824 -17.572 16.986 2.281
64.728 119.322 31.711 2.071
153.320 -44.480 61.547 1.925
-171.789 169.550 113.858 2.038
-206.305 -59.636 -119.793 1.885
167.147 -111.187 39.339 1.862
17.417 -189.496 164.989 2.048
-18.949 29.559 -174.319 2.105
-185.807 -44.547 -179.028 2.014
-36.598 178.711 -1.932 1.958
176.956 125.682 5.875 2.044
-186.384 109.271 -35.664 2.017
56.915 17.523 34.549 1.984
-221.194 -11.026 160.997 1.983
198.513 -73.387 -112.430 1.986
-153.577 -61.662 -31.547 1.995
-87.510 -8.687 120.065 1.810
27.752 55.355 -180.427 1.966
-116.710 -154.616 -143.623 1.851
-77.178 -170.070 142.800 1.853
8.268 -30.065 17.068 2.041
-166.408 -29.729 -126.813 2.221
-65.460 -116.983 74.794 1.766
183.688 -50.820 -185.094 1.970
86.387 -16.151 -116.676 2.166
17.468 -189.848 -186.109 1.903
-177.994 -110.419 84.668 1.999
26.213 -143.193 147.268 1.907
200.856 -189.598 196.411 1.995
-13.559 -44.697 -186.052 2.018
-208.713 45.535 -57.209 1.956
-203.118 -100.067 60.692 1.865
9.725 175.803 43.945 1.965
200.695 155.288 34.392 1.939
-165.381 -115.989 14.223 1.927
203.337 -177.383 -188.479 2.101
25.152 -48.048 89.065 2.083
164.910 80.691 -54.478 2.206
97.765 -155.519 -2.429 1.948
30.365 44.675 136.792 1.960
19.388 -41.182 -178.972 2.067
-82.036 -56.915 -102.710 1.841
-25.687 107.289 103.364 2.152
184.650 -177.943 -14.004 2.052
-74.679 94.253 20.461 2.029
-34.441 -34.172 -95.314 1.975
91.249 111.205 168.864 2.119
-187.577 -119.393 -17.177 2.047
56.773 -78.097 -124.171 2.075
203.459 106.360 -155.083 2.019
-83.483 162.050 -26.394 1.939
223.725 -95.274 -124.917 2.148
-118.745 -175.739 -78.155 2.124
26.921 162.406 105.904 2.019
-183.114 -44.480 190.546 1.885
178.097 -92.719 -138.186 2.030
164.829 89.213 -17.873 2.088
64.086 52.529 -45.058 2.043
-128.371 189.248 18.513 1.832
21.474 39.331 72.308 2.078
195.934 170.656 7.670 1.707
174.289 83.555 -119.256 1.980
-155.214 -55.557 140.969 2.221
160.069 82.670 -94.097 1.820
-54.638 -43.945 95.420 2.061
174.567 142.455 0.392 2.119
-4.666 -79.805 133.234 1.864
10.757 -124.022 -198.905 1.911
-7.007 -45.366 127.443 2.028
70.598 69.251 -185.306 1.899
-114.515 98.438 -165.539 1.953
-66.108 -101.065 -190.587 2.169
-69.542 130.880 194.627 2.062
-54.316 156.047 -194.806 2.212
87.994 149.034 -75.062 1.733
-168.715 -0.522 -90.779 1.861
-153.547 -111.189 32.895 1.853
-78.437 188.705 75.966 1.980
35.311 68.822 47.126 1.921
-141.259 6.450 197.903 1.939
-111.046 145.232 5.737 1.992
-162.201 35.494 -71.492 2.158
196.843 -165.897 129.928 2.098
-209.421 174.531 -91.419 2.170
90.930 -168.139 -181.695 1.938
95.103 -113.360 -60.416 1.980
-30.437 -76.001 -59.242 2.020
3.348 21.161 181.115 1.911
-32.156 127.686 -188.024 1.892
81.577 -133.462 -145.120 2.020
-113.162 -101.544 -126.131 2.077
207.039 7.391 72.272 2.168
-142.651 146.903 166.080 1.847
-148.260 158.113 -153.543 2.026
38.249 -97.397 66.408 1.989
38.883 163.949 -83.341 1.924
-214.542 -54.356 -145.070 1.943
-99.104 64.947 54.956 2.006
97.813 178.074 -2.450 1.962
-33.562 -1.936 21.919 1.824
31.630 107.166 46.598 2.183
-23.931 64.454 -152.427 1.884
-136.821 49.468 21.306 1.903
-114.844 27.688 -27.382 2.064
79.627 -141.261 -119.385 1.845
-206.984 -83.808 -84.526 2.039
167.697 -146.375 50.374 2.136
211.764 173.793 106.697 1.947
-8.580 145.688 144.345 1.969
-202.412 -165.410 -65.410 1.861
-105.569 78.420 -56.077 1.925
-100.466 -32.751 -81.811 1.871
36.368 -33.355 27.813 2.101
142.706 -116.177 34.222 2.070
108.252 152.582 -186.172 1.991
123.089 -102.543 39.411 1.986
-93.776 53.695 66.410 2.108
-163.308 180.774 106.861 1.837
-187.387 -25.360 36.084 2.030
46.055 -168.313 82.025 2.124
24.451 169.479 113.178 2.018
117.294 -177.641 -155.698 2.014
99.718 -143.778 -58.811 1.888
34.533 9.888 -19.806 2.042
138.149 36.504 -155.528 1.844
-83.196 85.911 153.134 1.770
-76.001 -189.917 -19.689 1.943
1.499 -49.485 -188.585 1.987
-26.079 166.321 57.195 1.923
201.761 115.193 5.425 2.202
153.636 -169.043 -72.727 2.092
-220.405 -91.257 38.845 1.931
132.645 -5.499 -31.487 2.038
-100.332 -84.959 25.134 2.131
175.367 81.100 106.620 1.841
-19.999 -187.802 164.026 2.087
173.746 -86.279 -22.560 2.046
-0.426 -85.185 -149.558 1.972
-119.561 81.985 197.087 1.936
159.042 24.455 51.825 1.976
-195.827 -40.637 -132.367 1.955
-194.238 -121.273 22.335 1.871
45.913 -61.588 -7.838 2.129
92.899 40.436 93.613 2.030
-79.546 52.444 -15.467 2.147
-121.527 -10.730 62.604 1.996
104.788 59.962 147.209 2.015
7.300 42.596 34.261 1.982
-80.067 -162.127 46.408 2.107
-147.443 68.021 71.222 1.940
145.017 -18.716 88.847 2.075
47.698 -110.796 -19.169 1.980
27.028 169.834 -170.284 1.998
-25.547 -124.914 -22.834 2.094
-30.904 -188.998 -162.579 2.119
-5.845 109.492 145.977 2.053
87.387 -52.992 176.482 1.914
-93.518 150.372 -28.708 2.016
-140.512 -89.449 -56.165 2.046
-135.736 -19.190 -187.925 1.999
-58.819 178.147 -2.305 2.031
-134.775 -182.080 8.504 1.971
-224.135 22.638 -18.882 2.063
-136.452 -55.683 187.413 2.005
8.646 130.146 9.593 1.961
159.607 19.791 25.745 2.022
-28.566 60.244 -133.692 2.067
-26.329 -129.408 35.693 1.961
40.482 149.989 131.793 1.991
23.202 146.539 -146.667 2.136
-147.646 -68.143 -166.752 2.010
214.309 -17.617 -31.831 1.758
121.538 181.202 193.428 2.055
214.917 124.880 82.448 2.051
-213.832 -42.157 25.604 1.911
134.688 -78.084 161.117 1.912
162.066 -34.460 -68.289 2.090
45.327 114.707 -112.659 2.045
162.578 -98.258 89.601 1.907
130.800 125.121 57.165 2.081
-164.040 -44.410 3.090 2.147
-130.106 -163.826 -132.709 1.926
144.301 105.251 -60.805 1.987
72.603 -132.274 -114.480 1.990
-32.116 151.664 -111.118 2.058
-224.210 81.925 62.567 2.065
96.759 112.199 109.109 2.135
178.517 162.655 -25.397 1.846
156.399 -123.492 184.415 2.032
135.593 87.220 134.313 1.880
163.981 168.912 27.049 1.979
-50.788 100.619 97.905 2.089
62.746 -188.481 -59.343 1.914
-163.775 182.374 53.117 2.199
136.114 -89.204 40.466 1.828
-210.646 -10.444 -104.315 1.992
94.153 65.756 -68.603 2.151
155.956 -24.331 83.617 2.049
198.178 -36.221 12.319 2.049
175.604 89.279 76.727 1.885
214.392 62.744 193.414 1.975
-200.242 -13.502 -158.397 1.914
-64.717 -25.956 -20.610 2.131
-19.845 -120.387 144.104 1.957
-184.782 95.926 -18.743 2.041
126.520 141.987 65.631 1.904
-101.858 164.920 -36.729 2.143
-195.909 132.386 53.393 2.073
-213.977 -37.817 -125.249 1.823
81.153 166.753 9.384 1.871
66.804 86.635 46.492 2.126
-38.875 112.319 -37.192 1.807
139.356 -79.648 141.360 2.011
73.849 -163.884 113.185 1.976
135.877 -4.501 -88.245 2.010
-153.154 73.223 102.160 2.183
-162.501 -92.562 -45.113 1.952
92.441 -15.204 22.432 2.058
-115.233 -60.607 62.786 2.167
91.568 102.206 194.310 2.026
184.200 -123.557 168.347 1.958
93.748 -127.419 59.022 2.152
140.215 -64.383 -112.686 2.123
-221.477 144.183 56.421 2.008
159.278 3.963 40.813 2.041
63.809 -120.216 37.645 2.163
102.432 142.160 -61.576 1.927
-125.996 -31.148 -107.997 2.069
-82.894 130.024 91.420 2.189
-187.724 61.029 -26.791 1.984
155.658 141.419 110.175 1.952
-168.132 -113.751 19.825 2.126
-11.180 95.378 153.071 1.881
221.253 -158.203 43.620 1.954
19.034 173.434 45.212 1.794
-71.671 -48.867 134.493 2.018
-127.226 126.464 -104.582 1.989
-179.396 -8.712 34.104 1.954
-1.710 19.481 -16.960 2.097
-130.082 105.063 89.637 2.089
120.394 -84.541 -60.403 1.931
-222.846 -156.412 -82.057 1.963
94.031 129.054 -182.064 2.031
218.027 -24.853 -58.676 2.030
175.454 173.885 -76.829 1.941
-148.540 160.205 -38.371 1.929
25.739 92.118 -12.879 2.294
14.509 158.847 194.609 2.130
164.000 -20.552 147.821 1.963
-97.148 47.869 37.662 1.747
2.027 127.044 3.923 1.866
-15.648 -43.024 39.732 2.020
214.999 108.559 72.927 1.832
30.579 18.597 112.080 2.115
-68.145 -164.491 197.696 2.050
162.182 67.803 5.749 1.970
-138.342 182.468 -146.192 1.951
-100.001 161.766 -112.788 2.038
190.078 135.071 10.197 2.055
222.507 -122.930 -84.271 1.896
-167.394 -119.302 97.688 2.056
39.509 156.826 198.776 1.857
-184.912 -65.479 115.321 1.672
27.791 79.121 82.164 1.907
-11.754 91.650 -164.400 2.002
-37.014 186.358 -13.895 2.087
48.809 -89.365 -91.256 1.999
-138.504 58.171 160.084 2.052
-51.012 181.839 119.544 1.938
-58.614 153.586 -104.975 1.804
98.377 55.032 193.198 1.889
-0.164 53.717 -60.322 1.739
85.183 -29.185 -119.422 2.205
-218.587 25.480 10.898 2.064
-1.330 -167.157 9.674 2.058
-50.431 53.193 -5.880 2.109
10.511 101.925 31.489 2.034
-134.034 7.716 22.925 2.020
214.718 122.477 129.876 1.981
131.939 -179.536 -59.944 2.058
-197.417 -39.954 -4.155 2.091
212.928 44.604 129.643 2.143
-77.303 16.681 39.715 1.837
-62.722 -57.520 155.322 2.140
132.860 -113.488 -122.142 1.952
89.368 120.344 66.838 2.055
11.599 -175.046 39.164 1.990
143.037 -110.493 65.510 2.002
6.061 -181.550 46.501 1.727
-135.955 118.558 127.020 2.062
-95.970 -1.873 179.254 2.093
-164.989 68.617 103.735 1.876
-64.622 94.026 43.131 1.814
-204.374 9.058 -164.019 2.003
-119.961 -39.767 -136.889 2.011
