182.518 -85.477 -160.267 1.971
-114.681 45.920 154.176 2.033
-108.120 108.922 -44.008 2.009
114.393 -88.578 47.880 1.956
-48.860 68.959 21.444 1.890
-16.619 2.412 48.271 1.952
-138.867 -137.180 7.277 1.863
-128.915 -155.755 190.187 1.965
184.265 169.073 -25.621 1.975
-135.867 81.122 179.760 1.869
196.445 -81.841 47.160 2.032
198.831 -35.351 -134.183 2.102
-1.247 166.683 -26.369 1.971
138.024 11.539 -35.220 2.071
179.081 54.307 198.330 1.950
192.811 11.506 103.430 2.006
48.812 -34.669 43.749 1.993
-90.827 88.878 -92.974 2.061
-202.952 166.898 -126.509 2.059
-103.667 -7.303 23.969 2.073
-20.463 -51.637 42.361 2.190
194.856 26.437 174.142 2.079
-178.413 50.711 -7.755 1.867
-1.462 168.563 168.148 2.114
99.234 24.879 96.330 1.995
35.316 -89.796 -133.510 1.948
-140.828 130.851 -147.304 2.038
-66.977 -59.750 159.292 1.957
156.339 106.662 104.934 2.157
156.863 -182.772 -3.031 2.021
-30.895 -149.933 190.151 1.947
-162.037 145.515 94.542 2.095
-106.985 -123.537 16.498 2.008
177.664 40.529 183.071 1.973
-110.771 -35.064 -119.128 1.906
-13.739 -83.686 -137.872 1.944
-139.736 -18.160 174.138 1.902
-129.099 19.602 -71.241 2.114
40.569 28.187 26.685 1.968
7.407 -42.653 100.489 1.857
80.600 88.332 -99.477 1.884
180.659 -128.204 -23.246 2.156
-16.990 180.250 71.370 1.920
176.764 -181.320 -66.544 1.998
-141.567 106.510 16.015 1.870
-5.946 25.313 -69.499 2.168
86.995 -146.698 -162.845 1.969
94.329 151.062 142.043 2.131
-75.955 -126.047 105.330 1.992
-170.540 28.156 -165.114 2.068
-165.227 -139.147 -116.570 1.803
-134.062 151.120 166.488 2.009
-201.346 -92.055 81.958 2.002
169.054 102.626 -154.032 1.861
213.508 -119.581 -72.210 2.068
-62.960 -155.592 -127.289 2.229
-70.188 -11.617 153.252 2.040
-118.587 167.781 -162.077 2.023
137.811 187.533 100.726 1.796
89.114 -60.793 12.687 1.947
-94.659 59.456 50.321 1.891
-136.759 -17.787 140.282 2.053
70.879 133.467 2.175 1.909
-88.613 0.673 199.782 2.004
-3.845 179.575 87.680 1.942
-129.271 129.906 -92.759 2.005
-167.535 93.162 163.046 1.860
-199.020 -107.442 -122.447 1.930
-83.765 -181.269 -44.035 1.878
177.377 126.196 170.162 1.967
157.624 130.943 41.126 1.921
75.248 148.147 114.534 2.123
4.371 -38.535 -112.037 2.194
134.266 63.504 -82.662 2.051
32.374 119.129 24.067 1.928
2.650 79.161 28.433 1.983
50.407 124.882 -123.236 1.864
-102.094 42.035 99.566 1.946
98.828 -94.855 25.614 2.139
-35.034 -70.805 137.638 1.994
167.970 133.419 -5.398 1.957
-23.427 -160.508 162.106 2.112
11.115 -72.589 98.662 2.007
157.026 177.560 177.282 2.012
-85.707 -155.591 -75.677 2.100
56.504 -105.500 -141.170 1.828
-109.937 105.355 -86.066 2.041
-97.786 127.895 94.117 1.882
163.290 -182.585 -68.844 1.987
180.240 16.029 188.584 2.112
64.185 54.747 -10.968 1.924
212.647 43.381 -173.270 2.018
214.269 -21.738 128.629 2.055
96.830 -46.914 130.559 1.963
39.170 31.233 45.925 2.053
13.386 -21.984 117.658 1.917
-150.502 -113.516 54.763 2.179
118.993 169.556 47.152 1.818
98.508 185.058 48.789 1.936
28.578 134.798 -50.629 2.158
-112.078 30.828 39.155 1.958
164.777 -153.777 -94.173 1.921
204.607 12.123 163.228 1.934
-126.001 155.208 29.503 2.126
-136.213 161.705 -122.797 2.066
-53.293 -92.776 -46.337 1.961
-203.102 65.035 131.654 2.000
-8.784 -135.459 -41.840 1.957
-33.086 -56.763 -67.769 1.935
-138.126 -97.705 -105.141 2.063
-12.510 131.556 -20.279 1.963
-33.132 -11.428 123.885 2.077
-33.518 10.301 -155.828 2.000
-134.549 -9.338 -6.099 2.009
150.880 184.392 -172.001 1.962
79.234 -136.513 141.135 1.910
-166.028 -145.801 131.398 2.006
170.292 145.250 -39.443 2.060
-2.925 183.322 -85.232 2.060
17.003 -35.168 -194.987 2.061
-146.015 -95.100 -99.191 1.997
-201.580 -113.516 -14.435 1.937
65.062 50.406 160.241 2.098
-59.900 -188.592 -186.574 2.028
96.468 -73.213 60.397 2.108
-207.846 -94.289 -14.572 1.940
28.060 140.695 171.654 2.060
74.610 -183.339 102.507 2.040
-135.429 20.034 191.517 1.869
-146.892 -153.150 -63.218 2.018
29.078 51.341 104.659 2.027
104.965 87.601 -18.210 2.044
-86.206 -83.393 111.689 1.945
62.801 132.008 -155.706 2.131
-26.752 -138.194 32.418 1.909
-163.686 169.575 -19.194 2.004
203.274 53.430 150.438 1.912
-4.279 -65.973 -9.417 2.002
-51.231 -93.789 77.973 1.957
-203.090 139.611 48.177 1.986
220.892 49.458 122.336 1.847
28.089 -73.591 127.438 1.997
-77.555 -64.904 -169.775 2.090
6.894 51.722 -68.268 1.979
114.363 126.613 -142.621 2.062
-166.586 85.788 -138.738 1.989
-191.992 -139.545 136.091 2.157
-223.852 28.881 4.933 2.001
-193.150 -184.872 -77.908 1.884
-207.685 183.894 -153.949 1.946
-23.547 -116.208 -44.922 1.821
-181.100 -42.610 173.335 2.076
-141.502 -48.238 -66.926 2.124
-47.655 157.545 45.449 1.887
-48.883 22.724 -13.823 1.972
-128.046 -73.409 130.627 2.109
-132.233 -38.945 -98.853 2.197
105.080 -39.808 -120.839 2.056
123.647 45.086 193.981 1.948
218.120 -45.490 -30.588 2.047
186.453 23.087 -107.920 1.917
-40.787 -127.419 24.105 2.153
40.710 163.955 179.010 2.026
210.461 -164.781 -180.433 1.933
-63.127 111.669 9.305 2.103
26.081 100.505 -166.673 1.904
-142.130 -15.525 -84.542 2.166
-24.149 157.777 -105.490 2.185
-58.350 -61.723 160.487 1.977
-31.805 -167.771 -138.181 1.997
-40.663 -133.858 192.845 1.933
38.113 -39.534 42.316 2.076
-132.773 62.956 -136.985 1.984
105.698 -75.439 75.012 2.105
-221.406 -26.347 155.833 1.905
24.896 -76.597 192.955 2.049
213.781 9.709 163.523 2.014
-94.360 -55.618 -73.514 1.955
77.210 62.153 -159.741 2.035
37.355 134.316 -106.220 1.857
140.099 93.634 112.803 2.037
-185.663 -95.524 -26.598 2.063
-46.924 -145.067 -196.609 2.007
-71.716 -32.719 -92.073 1.988
56.374 28.152 141.584 1.884
-224.422 8.216 35.891 1.969
129.577 168.736 -50.975 1.947
-136.054 -138.317 -74.253 2.094
-113.823 39.796 51.820 1.999
155.565 -79.242 -23.875 2.059
70.664 -51.532 -119.848 1.870
22.347 -109.392 -174.880 1.876
180.824 38.708 -38.107 1.983
-12.094 78.369 103.486 1.858
-148.132 -114.379 135.362 1.931
-65.985 -145.555 3.330 1.975
-113.418 -57.410 -22.801 2.019
131.086 -100.706 -17.367 1.976
179.423 169.239 -197.999 2.104
20.375 114.974 41.320 1.926
57.570 179.985 -61.005 2.054
-17.863 120.278 110.295 1.775
-175.355 51.116 72.260 1.905
80.781 -89.340 39.959 2.142
-209.207 43.009 -101.929 1.948
130.997 -68.020 183.595 2.099
-74.304 -88.419 11.526 2.015
-95.320 -37.077 -114.994 1.952
58.261 -87.816 -89.969 1.920
-166.267 -153.810 0.725 1.892
43.221 -62.018 -48.336 2.013
-181.078 124.487 -192.453 1.876
-22.801 -183.517 175.292 2.063
209.860 -13.828 -151.424 2.010
105.361 46.533 -142.924 1.955
217.528 -44.606 1.262 1.921
-22.043 -85.220 59.118 1.829
172.948 -68.884 -156.161 2.139
-81.249 -109.398 -109.184 1.954
-156.129 -83.065 -153.379 1.972
106.716 -60.662 -87.861 2.010
205.135 -142.708 7.438 1.864
-157.528 -64.349 -86.497 1.976
-111.888 -56.572 -197.362 1.951
148.157 129.547 -156.934 1.826
66.436 154.700 -147.184 1.986
-45.291 -146.092 46.816 1.650
53.377 173.497 83.714 2.051
-13.154 44.371 187.895 2.043
207.974 151.514 -145.240 1.994
108.070 151.878 -150.620 1.998
152.594 56.042 -33.164 2.033
-123.066 142.532 -151.713 1.873
-45.867 -43.628 -5.230 2.079
65.380 124.091 129.542 2.046
-162.210 34.025 197.277 1.889
68.518 -75.434 -132.223 2.104
-9.942 -118.900 132.654 2.212
224.840 164.119 91.432 1.887
-78.581 -8.006 158.951 1.976
-201.501 20.858 172.938 1.957
95.971 145.544 169.895 1.947
-153.146 46.169 97.556 1.906
24.193 159.702 93.523 2.066
195.316 114.680 185.823 2.068
194.142 -80.225 72.767 2.077
132.098 -131.144 -55.844 1.955
-136.675 -10.488 -45.460 2.016
142.978 129.550 184.121 1.959
-57.974 68.304 -80.124 1.938
43.823 -175.157 -153.783 1.909
-94.935 69.119 -166.427 1.815
134.101 118.241 -151.314 1.995
-1.142 -179.070 84.144 2.031
-132.980 -44.130 -168.272 2.049
-108.705 84.006 124.244 1.990
-32.153 28.419 -93.939 2.017
53.241 24.986 -57.928 2.012
-58.692 -137.153 179.973 2.067
-149.322 -40.039 67.581 2.013
-1.927 -182.109 -184.033 1.973
-145.961 16.299 67.408 1.984
-111.093 47.888 -108.685 1.917
-133.037 -41.211 -185.081 1.987
50.396 7.426 79.519 1.799
120.668 -89.330 -87.914 1.894
209.030 -44.028 -132.910 2.049
-82.536 83.632 -90.973 1.953
157.154 -182.550 -50.476 2.208
109.281 53.756 141.284 2.021
200.145 -45.833 -85.319 2.048
-179.478 -151.622 22.109 1.914
203.740 -152.442 79.090 1.903
114.632 18.892 197.115 1.985
-167.655 -97.879 15.348 2.267
36.708 -130.781 102.271 2.113
195.346 -34.088 -46.221 2.038
-17.021 -185.823 103.239 1.980
66.944 168.670 -187.317 1.943
-96.010 78.242 12.762 2.038
-186.131 -46.370 39.100 1.800
-190.640 -147.241 82.494 2.191
-177.389 -183.398 -135.630 2.000
-132.718 21.891 -14.003 1.939
95.542 -54.954 27.968 1.959
222.219 133.999 -74.204 1.911
-95.050 -132.132 -28.664 2.124
203.000 -167.859 -50.731 2.136
-37.182 13.613 -195.549 2.078
63.660 -76.202 -142.618 1.841
-44.154 -169.954 -172.729 1.957
216.159 -137.858 82.733 1.856
-197.752 -133.845 26.666 2.019
-163.768 29.309 -23.235 2.065
222.111 116.172 -80.582 2.055
-181.287 -47.331 -198.552 1.948
201.733 140.858 6.198 2.185
71.949 -171.387 154.139 2.108
73.283 -85.621 157.169 1.942
-156.457 -183.019 44.173 2.161
-147.815 -41.412 -87.443 1.849
221.991 173.045 -116.209 2.112
-134.196 122.946 8.739 2.061
93.054 131.780 154.060 2.045
-213.300 -55.266 35.775 1.976
190.252 -3.560 -103.909 1.999
-110.584 92.428 23.050 1.996
-211.960 176.360 -158.054 1.904
-100.189 152.373 -169.100 1.793
-221.667 -38.181 110.239 2.134
52.085 74.776 35.345 2.004
22.800 10.384 -60.304 1.915
-63.802 58.082 -8.129 2.015
-41.544 183.260 79.709 1.920
177.620 -187.657 -94.494 1.944
30.765 52.419 117.569 1.981
-155.367 108.813 -182.714 2.067
-133.590 -55.014 -166.736 1.840
84.199 -106.850 -108.666 2.142
-36.264 115.166 -151.456 2.097
181.907 -13.264 90.138 1.823
-40.787 109.756 159.661 1.966
-3.145 -123.417 -63.341 1.943
-48.533 -67.903 -135.640 1.966
56.669 -127.111 78.453 2.004
164.430 187.369 -167.813 2.012
140.100 -114.165 -1.409 2.070
-148.479 -124.428 157.228 1.925
-24.851 -178.777 13.456 2.036
151.591 56.416 -43.656 2.115
51.684 -59.142 -163.078 2.122
19.651 -54.934 87.396 2.067
118.261 158.138 -185.182 2.068
139.997 105.823 142.298 2.055
-133.852 38.417 -188.814 1.998
-179.144 -59.295 -126.950 2.020
-138.062 40.648 -15.612 1.944
-202.501 42.776 -194.531 1.757
-106.687 -12.775 -95.049 1.969
-20.001 108.734 8.485 2.078
138.264 -168.609 -5.575 1.908
-72.853 139.231 167.951 1.996
168.814 -50.024 55.146 1.992
-49.505 -63.820 -140.307 1.894
-73.232 24.573 138.452 2.175
214.819 33.394 -38.914 2.055
149.280 135.157 -106.852 1.984
96.007 101.742 99.726 1.979
-117.040 -117.149 133.222 1.843
-88.991 146.802 -63.956 1.828
185.753 87.120 39.964 2.038
-166.333 -109.699 -6.134 2.072
-203.217 -117.566 126.948 1.943
39.836 157.353 163.015 2.110
186.541 -139.713 -156.915 2.000
197.883 -184.371 91.504 1.931
-208.028 80.564 -98.415 1.999
-191.012 -156.439 80.012 2.028
90.101 161.500 84.112 1.989
-97.415 129.083 -20.658 2.094
35.562 56.233 184.463 1.851
136.240 -30.299 -177.281 1.845
38.772 -97.990 -101.046 1.930
-123.264 24.502 -197.450 1.963
125.601 113.531 197.056 1.950
212.554 115.272 180.112 1.911
-74.964 -90.129 -94.662 2.098
12.052 185.116 -188.580 2.018
-105.687 -31.249 -169.411 1.969
109.239 -59.324 -143.638 1.952
122.544 -100.880 -30.903 2.134
171.599 167.992 30.306 2.064
217.870 50.739 -108.706 2.071
67.286 19.744 39.350 2.037
-104.337 27.579 164.035 2.066
-34.511 -135.465 -60.848 2.054
161.841 -188.838 -84.811 1.972
81.835 -57.066 34.794 1.933
-106.068 -172.379 53.761 2.075
-94.587 42.922 -92.831 1.982
-45.930 -94.797 -190.028 1.995
-94.301 -91.252 163.271 2.034
-155.455 -131.858 58.286 1.907
-50.976 91.086 -16.849 1.867
-146.875 87.615 -124.499 1.834
151.473 -4.793 -92.720 2.020
127.711 139.562 113.235 1.956
-195.197 22.157 -165.683 2.050
82.915 -141.640 -165.187 1.998
-87.001 147.063 -98.683 1.955
-32.553 -115.709 -65.052 2.156
74.188 4.491 -41.503 1.931
59.973 -14.438 -196.930 1.931
-6.053 173.971 -91.540 1.948
77.782 -13.915 179.922 1.861
123.780 -25.603 31.856 1.937
-218.070 -53.785 174.645 1.826
-64.779 88.688 -83.960 2.193
-217.513 -106.466 -18.777 1.787
22.782 130.867 177.262 2.082
-50.792 -125.030 82.965 2.138
198.429 -101.752 -29.125 2.069
172.649 -173.754 -134.735 2.010
146.482 -181.164 134.758 2.067
101.610 -153.033 45.848 2.055
-54.519 -80.304 110.175 1.945
-12.037 -60.579 107.607 1.955
-146.118 -78.639 -171.581 2.184
-166.916 38.284 6.848 1.914
-10.177 -181.905 163.530 1.836
140.358 90.966 -31.070 1.908
-178.586 3.755 48.371 2.062
68.315 -170.940 -8.162 2.008
-134.096 -94.203 161.209 2.015
31.018 -99.723 -39.953 1.921
24.955 -124.581 -163.369 1.814
-156.494 10.412 107.538 2.218
-201.728 -85.854 -154.816 2.007
39.399 -117.368 -176.471 1.826
65.409 16.287 -10.913 1.988
117.211 104.506 -83.617 1.925
-138.807 3.567 -185.653 2.041
186.808 -181.720 22.162 2.109
-161.312 9.044 70.038 1.851
182.351 129.299 -24.093 1.933
149.998 146.296 -106.369 1.926
-96.596 -146.012 -6.348 1.994
-116.982 68.977 -178.445 2.185
57.431 -132.817 -10.020 2.063
-184.356 108.766 -83.377 1.955
89.253 100.640 -51.091 2.083
-2.244 181.097 14.060 2.026
191.134 -17.504 -180.842 2.115
-17.604 65.996 -31.670 1.994
-210.172 48.865 7.260 1.915
208.624 -102.770 70.048 1.922
42.870 13.410 -90.922 1.766
-115.683 -12.071 -93.556 2.049
-111.099 147.741 -50.447 2.068
36.400 37.774 134.466 2.161
-140.392 -136.540 -145.275 2.078
15.973 -107.108 97.446 2.034
17.019 -189.047 -23.565 1.883
-17.896 4.290 110.704 1.919
-214.031 24.987 -62.754 1.748
34.647 -8.119 132.549 2.109
-186.973 -36.665 -76.712 2.104
63.635 28.037 -170.402 2.174
-108.228 12.355 15.526 2.040
217.661 47.909 -74.569 2.149
-176.357 42.140 144.752 1.945
-200.015 -96.344 -7.441 1.848
-12.335 -50.516 169.174 2.025
85.669 12.572 -47.187 2.182
-96.458 101.132 -15.759 2.090
142.304 -80.462 -170.447 1.904
208.905 -47.864 24.353 1.993
-99.718 150.042 -97.729 2.120
198.090 40.207 29.473 1.872
136.949 -50.014 42.022 2.050
-103.062 -0.095 157.203 1.924
83.253 148.155 168.378 2.028
-189.921 113.813 46.128 1.997
157.176 170.515 -141.073 1.965
204.827 112.046 -22.509 1.996
80.727 -82.407 -159.669 2.229
-68.004 47.648 50.757 1.874
-96.457 -31.367 53.047 1.969
42.445 -146.657 2.287 2.093
-83.176 -119.164 169.210 2.051
73.534 -91.896 177.094 1.925
-60.319 -189.676 185.748 2.116
-101.692 -66.688 -198.429 2.000
-205.558 23.190 156.409 2.163
-171.879 -56.641 -110.913 2.059
-220.896 15.303 153.217 1.870
199.769 -151.518 -80.279 2.053
5.408 24.244 151.066 2.395
-100.949 -84.085 -59.741 1.964
170.709 -89.283 -57.281 1.947
3.704 168.243 43.388 1.986
7.758 23.082 -105.654 2.022
44.850 -12.201 -165.304 2.021
-73.441 130.159 37.332 2.170
223.269 18.080 185.081 1.961
-106.850 36.357 120.131 1.930
2.116 133.977 180.835 1.992
-69.414 -38.743 75.045 2.030
51.522 103.823 -66.373 2.202
-85.552 69.093 -72.245 1.809
-111.701 -38.299 45.924 2.005
-192.301 -166.697 -117.402 2.072
92.322 -50.067 88.772 1.931
-77.884 20.324 -196.346 1.989
-12.273 145.478 159.678 2.102
138.538 -64.951 11.532 1.957
183.653 183.769 90.957 2.021
16.905 -131.506 -144.916 2.072
200.169 -73.813 65.241 1.997
-121.818 -45.523 -118.363 1.989
-129.722 -179.361 -119.795 2.049
-103.127 -157.119 154.809 2.171
154.064 -140.575 -24.440 1.886
99.405 -58.572 128.081 2.081
-33.215 136.353 -186.966 1.830
-146.652 -90.165 -10.044 1.892
2.776 -41.335 -83.579 1.850
-111.148 -157.366 -149.231 2.051
101.468 -26.262 76.370 2.038
179.437 -42.098 -23.108 1.849
-202.822 -106.561 -99.673 2.003
-27.087 109.335 173.758 2.081
181.749 13.100 -7.014 1.803
-39.526 -77.590 -116.336 2.119
5.872 -58.261 65.546 2.102
177.606 25.594 -146.055 1.841
-88.737 -167.693 176.906 1.972
-157.392 31.379 -40.648 2.122
142.362 -112.867 34.809 1.952
-147.195 133.916 -189.853 1.931
150.577 23.197 -135.019 2.271
119.659 183.688 -15.974 2.122
-147.495 98.417 182.189 2.034
151.445 71.385 -71.322 1.960
-102.743 -28.485 -94.358 2.023
154.812 -151.299 -199.666 1.963
-114.030 -30.088 69.090 1.898
30.298 -180.456 -109.738 1.991
-50.154 -97.255 89.259 2.149
-52.781 11.568 -13.434 2.072
167.719 -115.125 -33.079 1.943
-216.605 -86.756 -92.615 1.832
-36.282 -164.463 -76.665 1.907
-77.285 -96.714 -194.940 1.831
-184.774 -160.319 140.001 2.129
150.507 -10.198 193.107 1.939
2.057 92.912 -112.852 1.957
-110.798 110.455 -160.862 1.963
-60.336 133.098 -176.704 2.006
-148.976 28.833 79.127 2.023
-139.519 6.943 10.941 2.068
124.683 53.914 6.955 2.045
-63.581 -45.922 138.244 2.014
223.032 -46.913 -132.770 1.796
155.861 -168.857 132.738 1.937
-144.866 132.677 41.559 1.982
-116.736 -43.383 -65.611 1.901
-10.743 -75.058 -191.973 1.812
-6.009 173.631 167.038 2.210
174.574 111.428 -21.758 2.167
193.159 -150.562 46.018 1.951
176.231 49.788 71.635 1.996
-145.886 -185.673 168.655 1.966
-180.780 71.256 107.185 1.900
123.766 -96.088 12.064 1.904
217.408 -141.211 109.511 2.142
168.311 -28.894 157.361 1.941
222.884 -172.971 -22.053 2.041
219.275 89.162 -151.851 1.992
-39.389 -135.701 -85.352 2.013
-59.572 -150.643 -72.281 2.080
-206.031 -183.996 -13.331 2.115
-127.679 -35.087 60.940 2.090
20.093 121.273 -81.179 2.074
-139.064 80.217 -173.292 1.970
-189.718 156.161 -159.376 1.987
2.583 -156.205 105.458 1.922
-129.610 -97.632 191.635 1.892
-60.991 -84.199 -119.355 1.799
-53.516 66.671 -56.334 1.988
53.396 181.486 125.674 2.074
-44.706 85.588 -107.626 1.749
84.295 38.496 162.119 2.007
122.053 44.030 -48.487 1.835
-180.945 127.992 -45.711 2.106
-169.201 -146.569 38.698 2.230
-98.419 144.491 -49.380 1.938
-38.196 -125.300 -192.284 2.023
0.782 -28.146 134.053 1.881
-16.311 168.125 125.760 1.760
92.368 -0.013 180.507 1.973
-176.880 -47.066 32.135 1.847
10.974 143.020 -182.812 1.982
93.950 -13.491 7.706 1.893
79.742 59.094 134.870 2.327
-79.119 126.137 156.603 2.081
124.198 84.435 82.295 1.999
61.209 128.727 14.067 2.009
96.183 101.435 -133.196 1.935
115.805 32.041 -142.631 1.993
-93.414 135.909 183.204 1.866
-54.160 -53.638 -182.328 1.804
170.258 149.447 31.153 2.162
-205.398 133.728 132.476 1.939
125.149 63.990 41.061 2.091
-45.104 -68.301 -137.091 2.042
-116.043 53.255 132.674 1.921
-189.124 -162.890 174.494 1.937
212.495 154.733 -100.835 2.020
-56.312 139.911 -16.979 1.852
134.956 144.083 21.757 2.082
-165.502 59.537 -112.500 1.992
17.557 -107.980 99.141 1.998
113.204 -64.250 153.363 1.999
-104.514 46.677 -87.765 1.998
-80.422 -137.600 43.917 2.059
139.712 57.981 157.679 1.941
-107.377 159.301 192.502 2.131
-178.888 -100.086 -115.926 2.080
125.154 -172.952 134.921 2.041
157.800 67.564 -111.118 1.919
132.319 2.729 -89.759 2.033
9.174 160.416 128.898 1.854
-147.262 -0.994 148.221 1.947
-166.890 152.860 74.444 2.089
73.436 -96.566 119.738 1.989
-219.439 155.434 26.760 1.864
103.092 -124.687 4.427 2.079
191.712 -35.804 -112.878 2.050
-107.699 -83.853 87.925 2.151
-25.864 108.102 -91.912 2.026
113.345 -6.870 -105.835 2.035
-201.958 -12.164 71.234 1.989
127.828 -7.946 -69.396 2.040
186.912 -79.833 17.347 2.056
53.097 -41.065 -157.653 1.878
-29.978 -108.047 120.705 2.043
-168.794 -65.984 85.472 2.107
12.213 -161.217 -92.949 2.113
74.670 -69.272 -167.409 2.095
-168.809 127.218 -118.892 2.001
-14.699 -5.079 -29.428 1.844
58.286 167.639 6.428 1.809
174.964 -96.395 -32.391 2.101
-55.864 -111.870 -156.288 1.866
-140.768 186.448 198.655 1.890
103.488 99.988 106.519 2.038
-178.612 17.381 50.322 2.112
98.038 167.825 18.160 1.898
218.728 24.422 170.521 1.807
-45.118 -43.443 -46.460 2.043
-206.766 -55.214 143.605 2.019
-176.741 44.566 -143.400 1.998
200.410 -26.723 104.602 1.875
189.060 -137.810 196.590 2.009
94.304 -132.140 -30.295 2.060
144.418 21.592 -22.390 2.079
-76.920 66.393 -125.746 2.079
55.050 -124.876 32.857 2.017
193.698 -101.592 190.992 2.022
-14.828 66.249 -0.922 2.074
219.785 81.960 101.329 1.954
-71.689 -24.194 -87.828 1.933
165.167 -124.086 185.675 2.004
111.631 -102.782 -183.300 1.950
25.215 -141.439 -121.989 2.086
-77.701 106.675 -191.744 2.174
166.948 -145.204 186.332 2.038
-158.499 125.914 151.080 1.975
-122.597 164.153 -48.539 2.043
-11.460 89.732 105.145 1.807
143.825 -111.637 87.330 1.772
184.336 89.407 196.448 1.773
184.280 161.589 -154.901 2.147
128.830 32.886 -140.354 2.025
-142.944 123.537 -54.674 2.021
-98.012 -20.718 -86.180 2.041
-90.069 -9.110 100.589 1.961
135.145 160.950 -197.454 2.026
-124.178 -117.218 -157.293 2.071
-224.069 -87.462 -146.385 2.086
40.138 180.107 -174.499 1.949
-134.077 72.112 156.395 1.952
207.791 133.797 191.312 1.974
189.382 117.109 95.821 2.034
186.034 6.721 185.834 2.179
-145.629 -83.776 52.978 2.110
-64.434 -126.601 99.839 2.081
68.444 56.803 -148.128 1.869
-93.839 118.657 -140.987 1.819
204.572 -20.787 -8.298 1.891
176.622 141.844 98.216 2.055
70.933 116.568 -65.381 2.046
-148.741 143.842 -123.249 1.983
-31.315 -23.995 92.438 1.893
-36.990 78.154 -194.574 2.081
-172.614 168.227 -70.045 1.957
222.763 -159.508 22.378 2.138
-22.435 -131.905 73.243 2.256
72.181 -0.396 -31.489 1.945
177.959 -45.020 -169.885 1.918
101.700 103.573 157.303 2.131
21.676 -14.095 -123.747 1.902
135.694 105.503 141.892 2.015
123.084 -170.121 87.013 2.161
-133.454 81.387 -123.196 1.841
210.296 -1.959 -146.906 2.123
92.296 -166.421 -53.439 1.914
-75.831 58.130 114.811 1.971
85.509 -78.420 6.005 2.063
118.414 -169.056 -180.950 1.903
-41.943 135.983 -172.931 2.036
-150.370 169.367 105.524 2.218
-172.562 21.736 92.655 2.098
224.491 177.552 -27.270 1.937
200.349 169.546 -143.886 1.973
110.582 37.829 -62.735 1.853
134.266 34.472 -194.211 1.770
48.836 37.959 91.505 2.169
-78.899 154.930 172.128 2.054
-66.118 -76.294 -5.438 1.962
-222.242 -134.919 -4.270 1.916
-172.074 146.038 -92.308 2.060
128.032 121.742 79.748 2.079
84.395 69.914 -155.665 1.924
85.336 82.054 137.862 1.903
155.804 -23.536 82.099 1.948
-122.356 145.637 154.685 2.137
199.948 -159.579 25.116 1.984
213.869 121.557 57.604 2.097
-155.453 125.176 175.965 2.029
-150.573 -66.056 150.951 2.117
-218.835 181.146 128.394 1.942
-195.532 -109.874 166.326 2.173
-114.287 -93.495 4.386 1.990
105.835 -74.152 32.473 1.953
-29.420 176.690 187.931 1.970
75.319 -54.532 182.867 1.752
-108.737 -89.184 45.047 2.128
171.019 -16.044 15.239 2.108
-109.979 -158.059 195.225 2.089
-158.659 83.834 196.441 2.170
132.596 -47.661 9.872 1.869
135.557 -88.638 180.535 2.090
-200.951 112.212 88.960 2.012
-71.882 4.079 -18.669 2.056
136.219 76.385 140.809 2.016
211.569 46.645 -18.201 1.841
20.129 -83.424 -0.799 1.898
108.370 -41.541 -49.855 1.969
-45.475 22.133 49.114 2.055
154.068 -63.270 -190.141 2.017
-104.081 -166.339 46.429 1.944
176.016 -149.239 -172.675 2.132
109.206 168.778 18.301 2.082
110.960 -43.936 -154.485 1.964
-145.892 -60.223 -152.326 1.965
-66.477 -82.379 6.750 1.881
158.660 -128.253 -150.909 1.952
-117.406 21.629 -114.613 1.929
-196.066 -189.281 167.408 1.962
151.096 98.123 -28.344 2.033
-95.569 -178.636 140.052 2.057
-46.588 -60.871 3.397 2.068
18.221 -83.086 -44.306 2.124
-213.360 77.765 94.163 2.082
-219.415 71.813 -151.563 2.217
218.753 112.003 -188.589 1.834
-56.061 -154.766 -127.561 2.025
-160.698 -105.467 164.435 1.868
18.728 100.221 158.210 2.078
188.361 -130.606 -11.280 2.056
199.869 58.561 -180.345 2.079
-97.076 90.934 153.526 2.047
-96.019 -169.508 147.889 1.993
124.927 167.148 -193.587 2.013
79.063 36.993 65.201 1.923
-140.566 -177.281 120.347 1.940
164.025 -150.678 -23.018 1.898
-8.884 32.526 -193.485 2.173
-158.225 153.715 0.704 2.041
-4.761 35.103 156.766 1.868
198.000 178.836 140.770 2.145
110.617 -57.844 -182.939 2.119
-46.206 -150.731 -112.262 1.978
-60.109 56.008 47.348 2.010
-170.983 78.035 199.048 1.846
161.888 -40.610 122.738 2.051
-159.096 -95.057 -77.199 2.126
-18.656 178.176 67.734 1.832
-117.138 12.522 -198.799 1.857
29.982 -17.343 -27.540 2.062
75.329 -136.354 74.405 2.095
99.885 46.613 -79.107 1.920
111.356 183.697 125.043 2.032
29.262 -162.740 48.311 2.055
32.687 -109.187 -72.809 1.976
180.662 59.782 27.703 2.053
178.781 -152.365 157.782 2.053
-209.421 -53.177 156.327 2.013
-219.459 -45.744 -105.103 1.912
195.730 -138.045 -190.014 2.217
78.166 85.469 89.715 2.028
155.245 99.970 -117.685 2.073
196.859 -110.595 99.892 2.142
50.020 108.816 -126.853 2.277
15.192 2.716 -88.567 1.799
160.186 -1.346 52.653 1.945
-33.982 47.642 128.874 1.985
222.428 178.937 109.527 1.980
205.530 38.315 -105.578 2.097
142.215 171.465 70.577 1.942
134.466 -106.684 -153.334 2.038
-162.435 112.554 38.201 1.998
102.261 186.370 -163.989 2.120
-66.872 -27.585 183.216 2.049
91.297 -42.534 -99.261 1.921
-23.964 172.072 -46.425 2.030
-123.083 151.840 193.417 1.882
-149.977 -105.977 -64.279 2.099
-187.359 137.314 -85.426 1.773
-76.058 -183.635 88.462 2.080
157.830 -79.042 138.631 2.048
-176.640 172.474 -174.094 1.986
-59.291 110.529 -69.787 2.027
78.379 -3.882 167.953 1.879
-44.265 -173.192 -156.021 1.956
-78.765 -75.424 127.218 2.068
173.287 -89.359 -171.920 2.036
213.522 115.166 -62.819 1.907
61.512 -180.191 -11.116 2.158
51.143 -177.195 -54.797 2.032
-16.954 -13.763 -155.606 2.109
78.940 187.961 -123.559 1.999
29.841 -9.103 13.939 1.797
-61.002 77.187 95.575 1.988
-79.579 147.295 134.382 1.996
-69.801 -87.218 40.352 2.088
-111.854 145.684 108.057 1.937
-222.273 54.589 -134.403 2.104
-182.669 -146.238 -7.554 2.139
55.190 82.835 -160.258 2.100
-112.494 -45.234 -132.241 1.939
25.427 113.503 122.938 1.982
-176.679 57.582 -15.219 1.954
19.880 -169.630 127.307 2.231
60.450 113.079 142.037 2.237
-215.303 124.277 -105.717 2.150
-141.775 66.014 68.721 1.915
209.677 21.864 -40.422 1.927
-76.915 98.034 52.167 1.956
170.798 -29.717 -146.088 2.150
-224.720 40.619 99.315 1.913
107.332 2.829 45.046 1.887
-113.026 -169.887 -60.340 1.907
13.968 -45.951 190.210 1.965
144.994 36.119 133.329 2.071
-147.707 81.114 90.593 1.946
-79.945 -67.805 -33.821 2.026
-153.138 31.994 87.349 1.956
12.384 -79.977 183.240 2.050
80.948 94.794 198.269 2.090
218.262 173.149 -66.608 2.046
-57.685 99.651 -142.251 2.036
205.689 15.122 -156.319 2.085
-22.805 137.868 19.694 2.051
6.536 -112.211 172.992 2.140
150.632 20.437 29.946 2.033
105.344 -96.008 -25.052 2.091
34.642 -77.410 65.984 2.102
39.522 124.322 -190.823 1.951
-98.987 -73.439 141.067 1.994
87.160 -120.569 -83.401 2.021
195.452 -60.527 81.800 1.978
-25.479 6.603 -142.103 2.019
77.845 -97.855 77.329 2.109
80.905 138.704 -37.348 2.035
125.052 39.952 71.095 1.794
-73.218 -45.093 -145.218 1.788
31.045 89.559 2.144 2.059
-37.763 160.948 193.900 1.775
28.721 -12.045 20.984 2.220
-144.169 120.504 -169.334 1.904
-215.526 -9.377 -163.621 2.145
205.001 81.771 -86.667 1.954
-141.739 -94.627 -162.140 2.089
-177.681 -180.923 -166.669 2.195
116.707 -56.291 -185.132 2.130
188.373 47.743 -191.221 2.105
-189.321 -188.060 -124.326 1.993
-181.338 73.443 12.283 2.114
201.703 179.760 -177.137 2.013
29.791 24.131 199.447 1.993
60.356 106.447 185.228 2.028
-54.499 41.832 -174.266 2.155
20.733 -86.421 -136.397 2.137
-135.508 -97.561 -110.211 1.926
161.625 -10.046 -185.073 1.855
181.616 117.788 -56.116 1.917
-19.170 144.347 -114.853 2.040
71.360 -130.853 -34.013 1.971
-62.313 -13.674 -133.653 2.007
-187.359 154.211 195.193 1.989
133.452 -85.909 128.932 2.031
-129.212 -156.225 -5.734 1.986
-133.979 173.992 81.030 1.916
-157.097 -163.585 140.646 1.964
-109.534 98.185 -81.955 1.874
-3.231 -2.926 -29.857 1.743
172.748 80.952 23.804 1.865
-204.661 7.022 -55.883 2.032
39.072 143.886 194.066 2.009
95.429 -178.207 43.496 2.013
-43.151 -99.201 -61.407 2.054
92.972 28.604 -56.276 1.827
83.887 87.000 -154.721 2.079
-5.914 -9.032 -11.465 1.885
8.345 146.949 -159.005 2.092
-37.375 -95.661 87.884 1.943
75.932 78.895 87.700 1.893
-135.961 96.757 -195.794 2.077
-37.360 100.622 -63.530 1.990
91.388 -77.974 187.829 1.998
-213.033 19.505 48.347 1.905
184.680 35.616 -122.855 1.960
37.722 -75.997 76.882 2.166
-101.559 -16.251 153.239 2.049
-84.920 -146.604 171.992 2.139
36.934 -31.539 119.322 2.067
123.044 32.551 74.987 2.101
-11.565 -29.484 -123.783 1.964
137.606 157.567 50.784 2.009
130.238 -186.366 157.258 1.918
54.330 130.324 -145.773 2.092
-91.612 -86.036 -193.676 2.082
-122.698 -20.883 98.224 2.050
-190.088 -185.787 150.032 2.019
-68.552 -87.139 116.333 1.873
139.730 173.998 -166.594 1.929
28.061 75.942 135.979 1.898
-117.596 149.941 195.785 1.953
-99.232 -31.185 -196.889 2.187
-123.840 -135.981 121.392 1.860
-20.032 171.783 -112.417 1.890
70.786 6.066 -175.938 1.949
-209.757 40.661 -177.070 2.075
-177.386 -80.685 -153.151 2.011
-32.325 -130.531 -12.435 2.097
175.454 186.082 197.661 1.825
218.947 175.732 144.281 2.022
-218.055 -32.496 -173.947 1.985
-91.593 -143.342 -42.203 2.083
-62.955 7.484 -65.011 1.927
-132.690 182.432 177.647 1.861
199.166 98.114 -52.194 1.996
-24.115 47.923 162.102 2.061
18.610 -182.883 83.806 2.187
-131.559 89.938 -59.999 1.996
-136.156 7.981 -79.472 1.888
-57.833 172.199 -182.378 2.094
-87.211 -119.568 190.266 1.925
187.686 -10.789 68.087 2.099
-93.044 -106.514 -116.290 1.774
-148.740 -114.077 146.920 1.922
-173.153 64.087 150.729 1.986
-71.377 -180.358 -62.182 2.013
-101.044 42.751 -147.111 2.131
208.229 119.924 79.504 2.090
-198.596 -120.980 24.896 1.884
-50.701 -134.557 46.087 2.068
127.219 -82.066 -69.312 2.151
-8.020 -64.270 -113.718 2.193
-192.378 98.808 157.104 1.964
-185.401 34.605 94.812 2.148
-156.204 -116.185 119.501 2.029
178.609 38.544 193.597 2.055
-164.286 -107.358 -106.887 2.000
-2.247 43.117 -71.708 1.975
126.483 80.536 -37.469 2.040
180.205 145.662 -191.653 2.085
46.887 28.992 -137.826 2.007
23.851 57.360 -160.957 2.049
-0.487 24.046 -66.845 2.084
203.919 173.045 -48.728 2.224
-11.314 149.759 116.586 1.992
-184.582 -142.816 87.079 2.189
-150.817 -35.386 108.151 2.096
168.448 -163.004 -173.494 1.992
-143.147 -2.740 -87.757 1.998
-156.026 78.286 -189.493 2.088
-56.120 44.178 -28.072 1.854
-54.325 47.715 159.312 2.159
-90.199 140.444 171.647 2.104
108.962 168.261 -183.106 2.036
149.708 -93.929 -128.777 2.067
54.581 -145.677 47.908 1.919
-110.206 94.248 42.374 1.995
-28.461 -148.445 154.213 2.071
56.225 -46.794 118.494 1.935
193.240 -33.357 180.364 2.103
-28.712 -56.090 39.042 2.066
-72.801 110.739 -104.476 1.979
-39.127 73.090 -22.381 2.069
-31.871 -20.692 -68.753 1.949
-34.037 -79.534 -157.927 1.981
32.147 60.319 19.424 2.041
-173.358 33.800 159.417 2.121
-38.611 5.574 158.854 2.171
-200.453 -29.247 -57.326 2.020
-149.422 15.148 109.838 2.102
