78.386 170.178 97.016 1.872
-125.675 54.751 -26.384 2.172
-120.897 -103.729 118.656 1.894
-184.223 68.358 -48.641 1.936
133.258 -92.710 -8.793 1.891
-195.002 -68.921 -135.484 2.044
-77.957 95.139 -140.305 1.846
123.647 149.586 -84.069 2.083
-113.788 -79.834 -94.656 1.952
104.620 -186.286 31.657 2.187
197.471 -46.627 4.135 2.320
-59.085 -162.610 80.019 1.998
-55.883 -56.198 -166.123 2.167
-168.586 -181.576 164.934 2.011
-114.027 156.784 -66.917 1.984
165.803 -152.422 73.922 1.848
153.209 -141.803 89.810 1.916
-184.634 139.059 0.962 1.864
17.691 155.057 -72.351 2.153
153.783 118.968 -74.190 2.070
-149.914 132.214 -145.221 1.933
-15.501 -152.937 164.219 1.842
-128.992 98.379 -73.279 2.131
95.693 -65.945 128.046 1.930
-212.900 111.206 -134.153 1.997
172.366 132.768 -114.014 2.212
-64.344 22.255 43.049 2.125
-197.971 142.352 -173.743 2.167
-123.337 -64.457 182.119 1.988
196.392 -103.050 -97.915 1.948
122.809 103.544 -68.348 2.127
-75.778 54.896 173.732 1.814
-196.366 -125.501 136.185 2.100
156.439 -60.683 114.466 1.976
-222.640 -9.904 -65.829 2.069
1.960 -3.583 -21.522 1.980
-198.944 35.348 -27.482 2.018
-202.921 80.301 48.417 2.193
-75.513 -156.998 97.165 2.184
-178.728 174.291 -156.401 1.909
18.900 158.008 7.978 1.953
-167.014 142.629 71.327 2.021
166.817 6.667 -43.788 1.949
-208.273 168.916 -95.173 1.943
-175.242 149.188 73.971 2.011
186.980 174.215 193.197 2.168
-24.292 7.664 -140.427 2.115
-195.002 -149.670 120.911 2.083
145.719 179.782 -28.247 2.112
-217.204 95.655 101.763 2.068
127.507 -130.911 -168.705 2.058
-201.338 -112.646 -60.480 1.986
-144.928 12.871 -89.713 1.944
36.114 11.477 -173.413 1.981
-92.071 145.346 -144.270 2.095
-114.774 -121.201 192.085 2.212
-26.152 -91.552 72.837 1.982
27.125 -87.006 186.336 2.126
-200.038 176.618 -156.477 1.894
159.117 127.739 178.546 1.796
204.325 38.200 -143.326 2.097
-31.780 145.465 2.229 2.035
76.512 -57.457 174.970 2.038
-110.553 81.509 11.249 2.038
64.076 179.209 -6.143 2.041
121.823 97.417 -123.955 2.100
-34.946 -153.894 74.461 2.084
211.677 -29.595 131.812 2.069
132.130 54.874 -165.312 2.049
-81.527 160.807 -126.394 2.105
-12.715 -36.625 -161.577 1.985
-105.771 -141.917 -197.301 2.099
16.390 -88.136 -135.724 2.079
128.468 18.901 139.809 2.127
-8.724 47.118 -65.852 2.049
-129.474 -30.781 -188.584 1.998
136.120 111.413 191.323 2.088
-182.159 -124.721 158.113 1.922
90.976 -116.374 -37.748 1.859
-189.188 -96.195 -27.778 1.695
23.271 61.639 -105.660 1.840
114.649 -135.010 97.917 2.044
138.523 -107.201 -121.738 1.998
-130.559 -27.760 112.636 1.797
-93.491 92.903 182.268 1.968
-115.012 -30.861 146.169 1.916
-200.420 -3.889 35.745 1.930
61.776 136.177 -139.139 2.037
204.663 -98.994 -80.984 1.947
-87.186 -58.566 -130.465 2.090
137.631 174.421 -94.599 1.926
194.897 -103.118 -170.019 1.853
-209.007 -8.336 -2.412 2.020
49.939 96.573 108.452 2.030
182.239 -142.778 -92.019 1.907
-109.607 112.937 179.090 1.822
-168.013 15.546 70.200 2.129
29.760 -68.528 140.325 2.158
-177.755 -62.443 -89.684 2.021
81.141 62.442 -199.785 1.857
144.659 -11.996 56.623 2.033
84.285 -93.918 -158.790 2.039
205.520 -67.895 -85.766 1.967
16.838 75.134 115.285 2.095
-34.927 -181.442 -177.783 1.834
174.797 39.663 97.938 2.155
-147.065 -73.684 155.430 1.987
83.823 -161.558 139.573 1.942
215.319 -60.939 -108.804 1.948
-131.801 -59.730 105.775 2.013
-2.208 150.378 -93.992 1.897
-195.227 -173.803 197.294 2.082
-55.967 83.920 -144.291 1.993
4.298 2.377 -187.604 1.938
201.644 -119.788 -198.144 1.894
-49.552 -78.136 90.560 1.910
196.476 131.032 136.849 1.716
111.801 -139.390 37.054 2.083
-19.247 -47.621 -107.229 1.927
-121.538 -183.532 8.700 2.025
-65.147 -136.836 152.344 2.043
134.081 -39.039 -96.263 2.094
-94.563 55.971 122.136 2.028
13.711 46.267 153.003 1.901
-69.062 -185.705 -82.129 2.036
34.876 146.012 44.503 1.798
-164.157 153.919 140.301 2.277
-143.457 -95.630 -140.518 1.992
210.040 -81.798 -67.186 2.008
139.766 112.384 -188.269 1.763
-222.313 -84.037 64.380 2.002
17.623 -31.417 104.409 2.151
-217.694 -60.980 -26.318 2.077
127.161 56.313 -78.734 2.075
-210.711 -114.421 -187.634 2.062
-185.511 -130.277 194.312 1.947
-212.115 -105.746 75.661 2.004
-88.988 180.814 54.033 2.030
44.945 -76.555 84.355 2.056
0.476 64.685 182.987 1.847
-24.721 140.985 185.442 1.957
-140.305 -99.158 171.643 1.960
140.433 4.388 29.439 1.909
92.512 -159.254 -0.423 1.940
-34.443 155.697 16.861 2.111
-72.271 -126.951 -16.617 2.128
-61.948 17.956 183.256 1.934
12.010 13.857 -183.152 2.051
-215.045 -184.099 182.369 1.966
57.974 86.967 -198.969 1.800
169.460 115.683 60.770 1.965
24.611 177.867 -184.055 1.957
18.313 -173.546 -37.860 1.932
143.690 -163.855 -131.806 1.879
-123.745 45.029 -170.182 1.922
25.926 -87.987 94.133 1.914
-17.714 143.366 -154.836 2.156
5.499 -90.863 101.511 2.006
156.776 151.845 -123.311 1.945
164.532 -124.136 -13.674 1.947
83.403 75.823 68.702 1.839
-70.687 134.880 -45.663 2.008
55.449 131.935 85.217 1.900
160.656 -76.292 -114.470 1.995
-0.143 -69.345 -88.899 2.125
76.331 -182.434 194.307 2.041
98.938 -24.448 -71.118 2.042
121.597 163.953 151.218 2.003
91.731 8.551 43.301 2.077
-86.833 -3.921 -66.977 2.018
220.827 -109.944 189.759 1.960
199.086 -119.804 -50.361 1.986
-53.979 -1.699 -97.357 2.104
142.497 124.649 -116.482 2.064
62.703 105.617 35.844 1.890
-46.984 -79.233 59.179 1.898
70.259 -177.230 -80.918 1.991
-146.293 45.942 -190.036 2.038
186.722 -106.974 162.362 1.931
-88.132 -149.167 81.164 2.040
70.231 -17.513 -140.044 2.055
-1.915 179.418 -68.453 1.878
-27.337 28.198 -81.646 2.093
174.362 -124.752 131.053 1.928
140.286 -81.922 98.949 2.052
-119.141 -173.085 -194.043 1.973
97.528 68.978 65.687 2.135
18.580 135.983 143.550 1.980
102.309 -179.069 -7.762 1.957
49.468 -87.024 159.040 2.110
-104.273 -124.436 30.089 1.811
-4.524 120.700 -15.050 2.022
204.981 -123.025 52.247 2.114
187.262 -24.110 69.727 2.003
-123.195 -102.519 -192.520 1.787
67.431 154.497 159.360 1.881
141.154 136.945 -123.278 2.093
191.755 117.571 -162.823 2.028
-36.095 -70.608 -170.242 1.989
6.177 146.294 -133.029 2.039
188.271 86.327 85.733 1.763
-77.397 -97.508 -89.445 2.094
54.463 -170.919 36.083 2.056
6.978 -84.234 100.447 2.074
-151.293 -156.558 2.830 1.972
-68.431 -42.417 96.153 1.900
160.820 -94.352 13.744 1.962
-146.830 -102.788 -65.830 1.863
-169.286 168.017 -38.627 1.887
111.210 163.237 6.087 2.061
177.591 -57.240 -182.907 1.948
212.023 185.416 12.101 2.094
121.820 144.233 30.442 2.084
-33.009 -55.279 82.268 2.089
-141.141 -141.520 -196.302 2.184
-135.208 123.371 168.092 1.996
181.721 -120.526 -116.467 2.052
-82.182 -10.852 24.445 1.977
-184.087 72.936 25.598 2.077
172.828 -73.083 -116.153 1.935
108.978 89.864 -160.117 2.016
-138.858 65.833 190.765 1.972
-17.476 -89.373 -103.284 1.828
-43.562 -138.140 -100.132 1.997
-115.049 80.919 -172.872 2.039
-33.907 20.053 51.639 2.003
29.425 99.253 -120.402 1.981
-109.942 -137.985 65.213 2.075
84.785 118.174 -133.794 2.012
202.235 126.982 68.964 1.797
22.874 33.411 -121.580 2.058
61.404 108.295 118.672 1.890
158.261 129.381 45.415 1.967
-158.609 142.707 105.502 2.080
89.303 170.416 -43.800 1.942
-115.231 -1.440 89.960 1.842
-212.784 92.792 59.393 1.888
-57.534 -165.026 -49.387 2.157
-152.507 -10.272 49.045 1.900
131.701 39.799 -115.211 2.102
153.743 -19.804 14.779 1.985
-224.647 24.902 -82.804 2.116
-201.198 103.347 125.785 2.065
177.967 -157.486 -7.443 2.019
-14.338 -31.701 109.768 1.811
10.051 -63.650 181.114 1.894
-200.396 -180.591 -67.312 1.874
106.596 49.228 -77.209 1.961
16.610 176.738 129.342 2.035
30.256 67.606 -125.046 1.957
12.962 -92.384 192.504 1.992
65.547 -79.652 -88.219 2.011
-206.296 -148.633 -54.868 1.928
121.334 45.067 -191.808 2.102
-196.366 174.934 -139.506 2.165
139.680 -50.595 149.543 1.915
-14.928 -151.322 193.581 2.022
198.892 100.843 25.444 2.190
23.873 -180.367 5.836 2.021
-93.301 136.132 -81.323 1.823
215.199 134.029 188.988 2.070
-184.507 37.467 -70.082 2.207
205.974 -14.787 164.383 2.057
-113.087 -96.368 16.220 1.847
102.699 8.244 114.762 1.994
173.355 14.358 -99.177 1.996
-85.934 176.309 -123.097 2.035
171.660 159.065 -183.014 1.940
217.919 -40.939 -186.771 1.981
-70.389 183.187 -166.043 1.965
-199.912 121.799 -196.649 2.044
44.758 -86.855 127.356 1.910
103.641 -32.134 107.948 2.022
17.086 -170.358 -53.865 2.021
-117.664 73.481 -172.499 2.061
108.170 -118.472 111.958 1.943
-200.852 61.504 57.768 1.938
-19.331 -7.589 -3.993 1.911
167.314 -145.198 27.597 1.945
-180.058 -35.288 -32.156 2.044
173.330 -43.807 -57.641 2.070
111.750 -12.399 79.186 2.189
-108.909 -182.486 172.900 2.122
-67.581 2.711 123.672 2.019
161.561 132.707 -143.932 2.041
211.553 -126.393 -80.082 2.112
-152.209 -76.242 -36.564 2.119
126.608 22.610 191.782 2.041
-31.911 122.829 -36.231 2.001
16.800 145.569 108.872 2.137
-46.098 73.287 -177.051 2.184
76.662 -14.430 -155.619 1.891
196.103 41.045 -137.196 2.029
-210.394 -174.422 188.488 2.177
58.455 158.023 54.985 2.019
-26.634 68.509 37.237 2.008
145.352 79.084 164.352 2.037
19.154 5.933 -113.188 1.961
-201.254 186.075 32.317 1.971
-197.808 186.040 -4.367 1.863
87.232 -127.265 -89.278 1.934
-24.891 -84.193 155.931 1.866
124.163 9.124 176.932 2.190
-76.937 -18.472 89.060 2.234
215.572 -72.191 -142.647 2.107
223.344 -91.450 -166.864 1.981
166.052 -116.354 -77.752 1.885
-215.588 -50.928 -197.698 2.141
-158.952 161.746 11.023 2.052
199.300 -136.703 121.414 2.089
84.848 125.091 -113.074 2.134
177.211 -139.307 149.674 2.005
-150.389 64.380 -55.133 1.897
198.861 92.907 -95.714 1.794
133.998 -88.925 53.726 1.880
-181.018 66.824 79.481 2.092
92.787 -83.048 -1.166 1.942
203.032 -92.025 159.322 1.886
58.509 29.999 -163.394 1.998
-98.758 50.778 157.763 1.952
-36.917 -95.291 80.452 2.044
24.761 102.562 -45.144 1.913
-60.173 -56.011 -35.291 1.919
-157.022 186.625 -16.495 2.002
204.686 -176.567 -44.419 2.031
1.073 105.009 2.906 2.026
140.993 26.109 41.573 1.906
31.479 141.245 147.065 1.835
-4.124 88.088 -151.948 2.008
95.015 48.551 -103.685 1.896
61.827 -68.953 86.551 1.892
124.543 -89.209 -135.148 2.037
-66.380 -129.164 -162.059 2.003
114.589 -59.570 -130.190 1.932
87.553 1.418 -145.753 2.139
221.325 26.377 125.561 2.083
48.972 -151.698 -11.888 2.188
145.986 52.604 -127.147 2.175
167.100 17.001 71.696 1.975
-204.853 24.850 -82.854 1.962
-60.509 8.192 -185.365 1.907
-82.265 -130.165 14.395 2.200
175.789 -163.612 100.445 1.800
-208.512 -41.950 -138.873 1.943
221.200 22.203 46.201 1.877
16.313 58.528 -179.460 1.988
-68.425 -58.374 -31.891 1.958
190.564 62.399 -112.479 1.945
170.956 38.055 88.566 1.956
154.980 -28.612 -71.882 1.903
132.620 27.134 75.039 2.053
76.305 61.124 -120.694 2.067
71.992 -116.120 -173.909 2.087
-77.155 180.699 -59.599 2.099
128.930 -45.881 126.304 1.896
-94.227 -108.866 -176.166 1.956
-46.044 88.248 62.072 1.922
-154.101 -68.984 -146.259 1.963
193.223 127.572 -50.136 1.996
-54.077 32.856 133.901 2.117
-181.454 6.930 -161.737 2.004
-160.305 65.994 -35.561 1.839
191.828 156.877 -147.486 1.949
-119.179 150.602 4.499 1.972
61.420 -66.119 39.988 2.037
-124.612 9.847 11.950 2.213
39.724 156.782 -117.686 2.094
-119.852 -94.317 -174.309 2.013
124.260 -120.767 4.627 1.934
-116.587 -16.026 -155.174 2.092
-64.395 -134.622 72.496 1.920
203.640 147.970 86.628 2.024
11.359 129.615 135.596 2.015
-186.387 -58.358 177.626 2.030
-4.831 -18.504 127.846 1.983
213.209 160.932 14.173 2.064
185.075 62.568 -138.872 1.923
89.178 -2.025 -193.992 2.066
-77.324 94.675 53.325 2.040
116.839 177.162 145.684 2.005
7.640 -180.589 -132.911 1.877
145.961 -158.546 -184.426 1.972
166.431 -49.535 -82.126 1.837
186.932 -119.259 173.960 1.927
84.381 -117.065 95.187 2.017
143.218 101.986 -154.052 2.016
-94.764 -154.228 72.253 1.993
73.518 -91.481 -128.867 1.957
-135.290 189.550 -20.510 2.135
-13.114 89.531 -141.374 1.814
33.695 19.395 190.521 2.074
-177.738 93.808 -13.308 1.938
192.202 -183.285 169.961 1.823
182.993 66.581 37.774 1.867
114.992 -127.746 89.450 1.896
-77.591 -67.317 11.991 1.851
62.492 50.276 -146.622 2.024
-94.675 -24.935 140.030 2.106
4.691 -143.830 32.270 2.087
-132.792 161.772 -17.973 2.071
-156.266 -175.807 -69.243 2.030
-66.542 44.301 -155.742 2.087
-124.078 -116.176 163.922 1.957
-136.607 129.037 -44.275 2.194
-152.107 -55.671 -157.120 1.970
9.310 70.091 -95.773 1.919
133.008 130.499 -97.628 1.938
111.776 -182.770 -96.455 1.979
145.322 -152.281 97.593 2.004
142.241 -166.377 60.882 2.067
-154.527 -48.174 -185.138 1.936
-76.575 154.191 -53.001 1.876
-166.581 -169.183 -134.037 1.960
-108.493 -43.487 132.282 2.077
199.974 9.420 -91.590 1.835
-33.041 162.604 180.810 1.966
6.448 87.022 168.481 2.047
83.362 -25.387 -163.207 1.975
174.506 53.427 -46.129 2.021
-141.586 -106.806 49.169 2.083
-198.084 136.957 148.862 1.910
58.119 -58.791 -86.357 2.188
169.012 -189.101 7.447 1.884
-14.243 -56.177 -66.465 1.998
-17.323 130.060 165.680 1.998
15.403 28.257 92.317 1.888
-60.324 -61.861 72.869 2.000
29.121 -88.355 115.421 2.017
-136.831 165.565 -89.125 2.010
107.520 74.687 -173.377 1.868
48.750 -154.317 168.343 2.093
208.328 -177.791 173.399 1.992
-64.721 -186.475 80.163 2.109
-143.170 120.214 43.949 2.004
-180.121 148.964 -181.900 1.935
29.285 -146.574 41.155 2.033
201.069 -127.860 67.791 1.903
123.028 -130.852 -110.059 2.146
-151.928 140.728 158.698 2.033
120.275 -9.781 -178.471 1.992
31.349 152.034 110.341 2.067
-217.458 76.470 -65.861 1.947
115.323 -97.528 98.236 1.819
-16.427 -172.709 164.859 2.135
135.788 -183.484 -158.228 1.963
80.269 -60.615 162.008 1.891
171.858 13.153 142.242 1.943
117.579 9.130 198.036 1.915
86.061 154.110 -118.878 2.032
-68.791 121.836 20.707 1.983
-58.347 -80.798 96.826 2.103
181.142 -111.109 41.967 1.979
15.460 1.207 122.857 2.017
200.120 94.807 35.479 1.991
-18.634 -142.727 -102.382 1.959
117.723 96.266 142.811 1.864
125.521 -134.498 -32.009 1.826
-171.652 45.306 -90.537 1.917
141.962 1.300 -79.298 2.132
177.608 59.443 -194.220 1.891
-128.761 15.382 -134.570 1.998
82.177 -55.652 154.202 1.974
-186.993 -64.398 89.417 2.094
17.152 -123.208 124.135 1.804
-211.789 128.402 -80.779 1.861
35.310 -113.836 101.989 1.776
119.063 125.320 -23.218 2.144
186.496 67.027 -52.680 1.922
152.434 160.646 176.970 1.825
-70.260 126.067 -1.848 2.154
-218.291 -52.107 -57.968 2.114
107.957 -9.890 -90.792 2.011
30.552 149.774 86.731 2.047
5.037 -174.241 -36.407 2.102
-147.161 -8.505 -12.400 2.229
164.904 77.756 157.428 1.976
-6.801 101.146 -2.880 1.932
189.799 -173.731 -118.660 1.962
109.425 -8.139 73.618 1.871
-104.787 163.155 -52.502 2.047
-142.786 -66.055 188.803 2.081
-72.779 -185.496 -99.124 2.146
-165.335 43.034 -22.112 1.854
-166.697 123.227 55.185 1.968
-217.599 -11.378 79.442 1.916
-210.944 -55.059 -150.678 1.971
147.183 182.224 -17.425 2.019
116.762 -48.798 3.058 2.023
-112.946 84.851 75.301 1.978
-208.106 122.936 69.792 2.095
-154.696 -171.898 51.904 2.107
221.425 84.865 -56.273 1.844
-57.147 94.902 -77.091 2.193
219.094 117.361 50.018 1.896
-81.558 67.393 169.923 1.823
132.852 57.116 146.193 2.202
-32.737 146.705 121.761 2.082
-49.360 111.322 111.195 2.063
-222.014 57.527 -190.361 2.120
172.199 144.972 13.875 1.924
107.969 161.598 -19.720 2.007
-51.963 54.011 104.623 2.038
121.093 41.118 -163.529 1.933
-82.347 -78.730 -150.371 2.061
112.255 146.271 34.375 2.032
57.218 -8.627 137.269 2.006
24.189 -85.125 156.392 1.874
-139.946 33.973 -113.996 2.206
40.772 -139.497 -85.046 1.943
-114.173 20.718 -131.132 1.934
-99.981 -100.026 39.886 2.044
179.730 30.702 133.918 2.018
83.891 -83.271 20.193 1.950
171.775 168.501 194.414 2.003
5.470 58.431 188.392 1.967
66.552 158.680 98.558 1.899
210.914 -67.605 -126.570 2.129
-168.482 182.277 -31.361 2.000
-38.594 -172.465 -105.006 1.939
-80.969 -149.716 96.156 2.190
83.031 -130.419 -25.098 2.164
-178.741 -100.867 148.974 1.894
-129.702 64.357 152.168 2.012
-31.780 115.661 -128.167 2.023
115.504 9.757 127.202 1.978
185.551 -177.021 83.682 1.940
224.650 54.410 49.637 2.070
102.818 71.472 91.514 1.998
-62.296 -98.665 -83.380 2.148
-178.947 -32.559 -49.452 1.953
-140.457 33.046 129.916 2.105
-64.018 133.860 -114.217 1.946
34.350 -74.854 114.780 1.946
-70.052 -120.452 -100.327 2.020
182.028 -168.481 -19.010 2.145
195.872 185.836 110.098 2.004
-112.289 -72.401 -42.219 1.921
-42.361 -174.895 189.892 1.910
-74.296 27.551 -138.764 1.937
-84.308 34.879 77.830 2.089
4.135 -41.884 132.237 1.772
-152.283 -29.738 53.402 1.911
-39.013 34.538 45.839 2.000
-54.627 -62.913 148.233 2.058
7.999 -93.395 -157.851 2.047
-68.464 -175.488 -116.854 1.943
-112.492 -12.491 -180.498 2.175
-39.653 -187.958 -96.794 2.091
-164.785 -13.791 -181.199 1.829
-83.560 102.179 161.689 1.985
-7.370 -37.018 21.973 2.078
-185.529 -130.395 156.320 1.972
187.048 44.355 -168.111 2.111
-161.073 127.387 13.432 2.039
180.650 31.711 155.368 1.930
-83.904 151.583 124.267 1.966
147.429 34.286 62.958 1.991
-23.693 -75.739 -30.360 1.956
-173.627 -35.596 -3.621 2.120
211.153 90.365 141.769 2.009
209.974 -23.898 -90.592 2.143
74.479 29.868 26.671 1.825
-15.389 177.599 -35.943 1.968
-136.687 -41.078 177.104 1.883
-180.563 34.683 -167.580 2.063
174.018 -134.626 -27.908 1.925
78.236 183.094 74.712 1.995
-171.117 -147.432 -12.907 2.039
-116.513 60.697 129.463 1.865
104.773 -136.774 169.503 1.993
0.545 123.506 -24.881 2.134
-190.617 -139.050 -29.421 1.832
-110.052 -13.955 -180.149 2.015
-126.631 116.819 -59.533 2.061
-84.104 181.797 68.197 2.205
-49.610 -142.848 140.618 2.088
-14.919 128.892 173.595 1.944
-83.243 -178.875 53.764 2.100
-76.314 33.642 112.165 2.156
-5.691 134.877 -174.984 2.280
42.001 -55.381 -113.044 2.052
156.395 -15.479 73.174 2.092
126.353 -133.966 107.526 1.973
-87.690 -186.821 29.671 2.041
-140.421 50.881 -83.903 1.967
6.010 -114.641 -8.639 2.026
126.084 87.050 -189.085 1.914
118.349 182.200 81.139 1.929
-116.407 183.007 78.092 2.003
-49.768 -184.922 -108.772 2.005
11.882 -146.006 36.862 2.075
-187.267 -63.923 78.307 1.925
150.929 -165.789 -25.493 2.007
-207.127 150.420 37.947 1.904
204.276 -115.648 -72.074 1.895
-15.865 -27.199 -75.863 1.868
214.309 -119.839 184.867 2.151
21.518 -33.741 86.965 2.073
87.452 46.310 104.537 2.032
36.230 -188.621 -144.203 1.938
-3.969 -118.160 103.863 1.911
184.052 182.913 -96.529 1.943
-192.689 -158.760 114.275 2.078
30.971 117.443 -177.913 2.052
-209.350 -90.589 -161.169 1.849
-205.969 141.324 181.889 1.909
18.692 149.299 58.860 1.943
210.408 16.229 -79.888 2.033
-59.060 -87.682 131.122 2.285
174.606 89.543 26.872 2.096
71.206 152.956 198.788 1.818
-70.039 -134.024 52.565 1.854
177.134 26.242 64.894 2.143
175.455 -82.986 111.128 2.067
145.506 -161.047 117.789 1.854
72.220 26.934 16.836 2.069
-209.069 -70.360 117.878 1.947
-171.181 171.039 -86.783 1.952
54.394 172.534 -3.726 2.081
211.831 173.665 -0.400 1.968
-118.671 -148.046 30.606 2.000
16.230 180.679 15.068 2.046
-151.612 51.002 92.045 2.058
-155.152 -143.695 41.486 1.810
37.235 4.408 -39.326 2.210
188.830 96.246 -124.966 2.088
-144.521 83.578 -103.134 1.878
100.033 -120.406 -60.282 1.941
-113.586 -25.462 -182.925 2.038
33.784 74.706 -177.999 2.004
151.706 -171.415 -173.404 1.992
164.386 -131.325 -92.889 1.942
156.897 -152.574 109.914 2.069
66.447 124.307 -2.991 1.853
44.348 -90.430 3.643 2.144
115.128 177.177 -108.879 1.968
-203.167 -158.663 9.265 2.138
5.001 186.941 58.907 2.049
-172.202 176.102 -70.018 2.015
-194.916 72.081 171.954 1.877
-18.433 7.893 -80.947 2.116
-39.850 130.340 -66.531 2.021
-192.200 151.592 131.754 1.934
155.804 -148.217 57.803 1.987
-142.003 -12.098 74.704 2.361
174.660 81.024 -154.484 1.827
-71.960 -175.305 -15.198 1.957
-190.541 173.440 -16.531 1.800
-48.746 103.535 -57.192 2.063
-22.968 -81.996 -181.933 1.890
-95.389 -114.324 89.740 2.077
-1.311 -184.116 122.575 1.896
104.093 157.172 -195.298 2.035
157.412 92.833 65.825 2.033
81.128 -144.917 180.854 1.876
-191.502 168.380 128.821 1.911
-139.991 35.393 54.144 1.989
39.163 103.248 174.145 1.977
-199.987 141.050 83.592 2.098
-101.526 -176.228 -79.993 2.083
22.284 -23.781 -6.605 1.944
-115.267 133.475 -160.081 2.024
-39.395 -179.149 -146.640 1.956
213.129 -162.407 -78.275 2.034
-99.740 -56.304 -170.686 1.956
131.107 -29.607 -50.815 2.031
161.443 29.543 -70.399 1.923
84.517 -127.954 -167.729 1.982
113.052 -5.326 -5.860 1.938
83.001 -165.750 -189.930 1.984
-64.213 130.865 -118.634 1.971
94.130 -180.026 -40.627 1.908
53.903 39.319 166.346 2.116
-112.276 67.628 88.683 1.904
-59.801 -64.213 -134.049 1.958
-95.810 -111.380 152.959 1.893
-135.687 77.174 -197.543 2.155
-40.803 171.064 62.963 2.196
-88.957 -37.337 -44.781 1.797
-113.465 -8.452 -183.659 1.951
99.572 18.466 191.989 1.870
-219.676 -183.595 18.145 1.826
-34.037 -159.836 -21.015 1.971
87.652 -92.571 -20.077 2.088
-6.048 -179.541 153.215 2.005
27.935 -0.060 -147.544 1.951
-83.420 52.520 -28.826 1.960
170.949 46.834 -92.320 1.927
12.560 174.360 10.946 1.999
-174.501 157.387 55.410 2.048
-125.245 48.734 119.115 2.186
216.548 73.602 96.909 1.968
48.398 38.620 -34.914 1.975
-215.487 41.042 86.133 1.903
156.566 -177.473 62.910 2.022
148.309 -108.135 -52.840 1.774
-203.152 163.018 93.067 1.937
-145.288 165.961 -20.725 2.057
56.356 -56.365 -49.995 2.137
106.959 112.968 -58.568 1.999
113.501 -185.927 -151.934 1.801
-199.566 -92.766 -130.194 2.149
-2.756 109.313 -62.017 2.130
-144.136 134.602 -90.560 2.147
193.574 -135.132 -146.548 2.043
172.026 69.340 104.071 2.074
-160.621 -130.130 -25.534 1.819
83.092 81.973 51.503 2.096
9.107 77.489 -86.808 1.981
-192.983 -154.606 14.711 1.926
202.749 -186.017 -9.621 2.047
76.624 -125.175 176.924 2.054
191.482 -19.114 -43.758 1.937
-51.726 131.859 90.302 2.179
-18.039 40.181 172.551 1.926
93.220 28.843 11.404 2.028
27.619 107.695 -104.606 1.994
184.519 15.557 93.584 2.061
150.376 -9.191 -175.319 1.935
118.587 95.367 -158.272 2.063
140.003 116.311 -138.808 1.983
-157.423 87.268 136.102 1.958
84.997 -27.360 185.361 2.036
-76.029 172.013 132.856 2.066
-99.172 53.624 -58.094 1.929
-196.166 91.586 -183.277 1.834
61.469 142.152 -13.337 2.028
59.841 101.917 117.928 1.875
169.032 181.934 -156.718 2.027
-12.694 -120.847 -90.756 1.910
214.054 -21.304 5.770 2.099
-121.888 -72.585 -76.437 1.878
170.696 -120.695 -32.213 1.884
-83.902 -17.268 108.356 2.024
-217.527 129.340 156.370 1.846
-37.847 -177.706 107.957 1.942
43.599 28.845 -163.624 1.915
-65.141 -152.076 -122.488 2.002
166.755 -187.318 -127.572 1.895
-15.469 -13.655 -146.698 2.087
5.811 107.462 101.125 1.865
-102.599 -26.271 156.602 2.118
221.624 -110.624 194.487 2.032
-57.682 -46.013 2.474 2.170
-141.516 169.100 -46.911 2.071
94.420 -104.071 58.139 1.953
14.549 -13.223 11.424 1.892
110.015 -121.708 147.509 1.744
199.591 -75.215 -166.977 1.840
-13.491 -47.338 47.367 2.106
-127.441 -186.450 -138.136 1.766
-174.256 27.987 162.668 1.925
120.801 63.074 40.980 1.725
-120.371 48.124 63.424 2.046
2.298 178.535 -107.862 2.127
34.235 -55.407 122.043 2.100
-10.774 43.650 -1.549 1.871
123.617 -64.589 -21.423 2.037
103.406 -115.874 -57.930 2.016
39.118 113.813 96.715 2.007
38.878 54.519 -184.378 2.092
-186.222 -151.272 34.811 1.995
185.237 109.505 -10.200 2.080
-81.266 -117.375 -36.553 2.056
-94.388 -108.527 -108.411 1.951
34.397 -40.994 -22.291 2.075
181.489 111.745 26.115 2.076
-194.450 -186.877 -131.145 2.092
-76.433 -175.100 -25.898 2.089
-37.264 158.062 -106.783 2.092
63.332 3.077 -165.989 2.018
17.127 -166.431 34.506 2.015
167.616 -90.478 -22.088 2.029
69.324 -59.766 77.096 2.155
-111.114 -55.069 -177.625 1.999
70.646 -96.798 123.240 1.929
45.729 -64.240 -142.722 1.766
-92.605 -100.959 54.071 1.911
-92.683 -106.954 -17.401 2.067
106.481 -93.465 172.175 2.096
-169.336 -156.975 -195.303 1.922
-73.974 95.077 -77.309 2.171
26.331 77.579 -50.392 2.098
90.976 -126.969 32.076 1.997
10.140 151.301 155.972 1.939
-134.810 91.880 -4.740 1.877
163.229 -119.630 -162.063 1.871
-151.908 13.387 -183.875 1.950
-51.892 29.083 -145.035 2.038
129.771 48.011 115.990 2.091
197.949 65.273 155.541 1.949
-133.571 111.752 -132.581 2.103
125.629 -77.173 -183.341 1.866
140.154 105.502 78.094 1.952
-92.816 -162.084 -18.823 1.986
113.115 36.849 -161.104 1.779
56.294 -134.761 60.648 1.999
30.255 -80.124 -111.890 1.912
33.761 -78.229 -148.565 1.968
-32.499 89.317 4.119 2.159
35.638 106.224 130.413 1.902
195.361 142.869 -148.358 1.878
-67.497 41.606 -5.205 2.042
170.497 154.218 28.115 1.888
-74.354 51.674 -148.973 1.962
-79.874 165.076 90.177 1.922
-7.475 -115.427 -99.383 2.041
89.241 45.807 199.263 1.976
15.170 102.010 -178.785 1.973
220.036 -127.147 54.366 1.963
82.369 -71.266 -93.242 1.962
48.549 158.223 -73.357 1.994
-72.499 -71.858 -153.820 1.999
144.278 184.005 -44.431 1.958
211.348 78.526 107.535 2.040
-211.726 -73.123 22.450 2.072
222.781 43.110 -65.805 2.104
-40.208 -129.564 -5.002 2.047
9.916 -176.593 -138.402 1.956
55.867 -93.636 98.536 2.029
130.060 -151.163 26.470 2.006
14.618 -2.187 -110.704 2.147
154.596 12.429 185.851 1.960
67.090 55.895 40.140 2.054
-121.960 153.687 37.601 2.004
-131.985 -152.383 -76.035 1.792
72.099 24.543 145.326 1.903
-100.257 -140.934 74.892 1.966
55.058 -97.938 64.001 1.917
12.772 168.556 -28.084 1.947
170.302 123.938 -99.902 1.917
11.166 -152.563 37.023 2.067
187.974 180.757 159.469 2.035
-95.231 106.604 -136.746 2.127
-116.039 -139.522 10.206 1.972
-195.354 24.235 -8.082 1.866
-125.959 -110.896 103.545 1.899
-193.269 83.899 72.819 1.938
-153.597 37.732 4.478 1.960
35.521 23.266 -155.494 1.899
-159.092 118.470 185.697 2.039
-128.252 178.052 -128.459 2.005
-220.266 170.935 -6.724 1.922
192.050 133.951 -75.864 2.079
66.329 -109.240 -196.170 2.068
39.725 -31.636 152.658 1.901
-116.285 17.755 -139.475 2.005
216.879 64.121 -87.037 2.023
-153.050 28.063 81.883 2.013
-34.139 -166.403 -95.658 2.017
-136.770 102.927 106.858 2.048
-146.991 -79.704 -105.760 1.891
72.670 39.343 142.192 1.929
-13.765 -141.037 -125.506 1.984
14.274 -91.526 -125.552 2.029
76.690 -92.690 -47.737 1.923
220.057 -69.333 30.907 1.811
40.153 -135.078 138.480 2.197
218.792 -104.402 123.075 2.247
68.272 169.212 -49.938 1.980
187.837 128.192 -62.758 1.832
120.381 -121.765 -8.765 1.932
132.160 63.547 84.172 2.078
215.788 58.895 -175.429 1.977
-105.129 182.706 -75.757 1.979
-53.415 -7.651 97.742 2.048
-4.889 144.950 54.903 2.134
-64.754 10.995 -18.273 1.917
196.395 42.414 166.652 2.125
-221.393 177.898 184.550 1.924
-169.887 165.075 155.016 2.130
39.583 157.097 1.730 2.074
-128.193 118.687 -176.384 1.764
20.007 34.291 -101.092 1.995
-67.065 -89.995 137.680 2.058
-136.786 -186.186 87.575 1.990
22.529 95.666 97.812 1.773
151.214 -36.545 16.601 2.177
131.451 96.452 -70.807 1.828
-167.258 164.265 68.388 2.048
191.777 112.488 129.100 1.823
-157.771 -142.409 12.540 1.947
223.587 164.374 -171.332 1.830
168.254 98.470 -75.738 2.173
202.445 114.474 -71.010 2.006
-81.309 -189.393 -77.547 1.830
112.607 -126.448 163.523 1.900
-153.224 33.115 25.173 2.124
-34.767 -134.363 -35.494 1.838
-112.424 169.888 -75.917 2.116
-134.770 -118.552 -106.226 2.024
-41.288 100.349 -150.826 1.816
23.244 51.667 109.253 2.081
-72.233 21.146 56.832 1.983
-59.036 -124.791 75.293 2.066
-65.516 -176.469 -71.872 1.892
24.756 -41.012 12.530 2.011
-144.038 -79.481 53.645 2.058
-49.522 -105.088 92.212 1.956
99.559 -16.171 -85.719 2.010
174.677 76.323 76.835 2.112
-77.260 -175.094 53.336 2.055
-81.429 -56.790 -180.967 2.062
-169.149 -103.623 -157.595 1.972
-168.255 70.606 -152.240 1.965
77.126 -1.978 154.343 2.066
41.764 -178.089 -11.933 1.822
156.074 106.773 -100.164 1.937
-144.133 -96.680 75.277 2.011
120.868 -26.125 -195.789 2.268
74.966 -134.809 142.246 1.973
-183.816 -90.097 177.066 1.854
-99.334 154.751 2.659 2.034
147.572 168.941 2.693 1.981
-128.864 167.995 104.954 1.892
-222.429 95.112 81.812 2.046
68.169 13.030 -90.404 1.868
-177.232 -37.425 -131.166 1.899
-17.146 126.429 -10.493 1.930
111.704 150.197 129.355 2.052
137.018 69.410 -80.050 2.017
89.516 61.076 60.506 2.132
-90.499 179.262 -88.205 1.914
44.987 -141.393 57.828 2.079
188.590 -124.416 186.137 1.914
117.420 -143.201 -159.282 1.898
-195.107 -177.301 -86.730 1.945
23.017 -143.555 48.029 1.930
114.615 -125.067 -65.497 1.963
113.715 49.259 177.259 2.084
-112.167 -57.673 -7.667 2.012
157.868 -89.380 199.264 1.858
224.693 -183.407 189.517 2.119
-66.801 5.842 71.451 2.161
-213.713 135.019 62.579 2.094
-18.739 -47.897 66.511 2.167
110.740 164.376 19.235 2.154
133.431 75.592 103.646 1.937
-206.383 138.218 183.838 1.962
-192.243 -108.761 179.139 1.943
50.301 40.566 16.367 2.024
-172.970 108.148 75.923 2.003
5.521 -184.520 153.078 2.182
78.243 105.604 -89.638 1.994
185.580 -3.617 113.003 1.923
-223.367 -12.069 73.616 1.875
-141.108 14.839 13.302 1.994
148.328 -84.713 -34.352 2.078
79.172 79.561 117.036 2.021
-29.847 50.911 75.037 2.045
89.208 -124.140 -193.656 2.014
111.102 -179.797 -62.609 1.974
15.650 -127.389 -194.180 2.123
-37.862 -98.992 -25.410 2.039
-143.776 -163.602 90.904 1.941
109.859 31.119 -146.004 1.878
-201.861 -136.168 -179.099 1.978
41.566 124.508 -52.604 2.035
132.225 -101.020 -53.768 1.888
77.786 129.411 128.732 1.998
-171.915 -64.722 -76.409 2.090
124.894 163.199 22.254 1.774
-125.050 63.892 118.823 1.910
92.226 44.708 -59.855 2.185
11.873 -71.858 -102.884 2.006
-133.695 -29.757 68.094 2.029
-123.003 -90.184 -138.983 2.035
-216.257 161.100 -66.846 1.947
-165.826 145.285 -32.210 1.999
-71.628 -100.297 24.821 2.009
-143.495 -120.890 59.193 2.030
-78.253 3.353 94.892 1.937
-203.864 -1.376 -24.873 1.936
135.588 -5.141 64.323 1.924
73.460 60.650 -105.753 1.961
-97.708 -23.894 130.681 2.050
58.072 154.722 128.374 2.244
218.355 74.887 -175.153 2.111
-79.934 -155.473 -177.401 2.047
91.292 -41.433 130.405 2.015
177.186 -161.779 159.135 1.779
-86.692 -132.306 118.698 1.900
-135.739 -164.667 -153.806 1.990
-184.770 123.873 137.063 1.788
-172.587 -142.038 -12.961 2.204
-141.621 21.941 92.366 2.066
88.013 -118.965 25.773 1.907
-118.286 2.779 84.198 1.929
93.377 144.554 -99.909 1.835
-8.696 -83.779 183.506 2.016
42.848 -3.231 191.202 1.888
75.900 15.248 -161.156 2.129
151.394 39.972 13.377 2.000
110.318 -61.400 20.861 2.082
-139.187 -140.263 131.588 1.959
208.110 56.180 -123.649 2.087
-134.499 -8.618 -189.442 1.886
78.771 111.648 -83.688 1.974
-224.426 -18.515 117.868 1.998
-20.039 80.274 171.064 1.781
