-164.083 -3.704 182.646 1.758
-79.816 87.582 -199.273 1.903
-64.613 -96.294 -72.819 1.945
-99.356 105.141 -15.225 2.168
66.056 -154.827 -46.472 2.039
-199.585 117.131 124.249 1.995
132.557 -84.586 52.075 2.020
-198.544 -144.631 -131.965 1.784
-148.273 -92.040 113.615 1.911
-80.377 36.769 -166.656 2.118
-98.167 17.374 27.675 2.170
-27.729 -73.285 -35.642 2.023
-43.598 35.342 47.263 1.920
193.672 -35.490 126.072 1.954
-11.561 -51.458 114.330 1.900
-138.550 -52.757 55.147 1.910
201.023 7.642 40.521 2.085
106.029 -46.156 23.351 2.033
191.074 -28.048 0.560 2.026
140.942 -143.279 -114.876 1.937
-197.279 96.408 99.210 2.009
-102.409 156.822 43.966 2.026
-155.791 12.604 -185.165 2.106
-175.920 116.522 190.377 2.066
-159.761 -41.335 23.000 2.119
-196.757 -188.981 -25.730 2.031
-224.803 152.395 -19.403 1.938
-135.613 -88.290 -8.877 1.877
99.085 -182.237 72.248 2.046
126.692 175.870 196.569 2.041
28.864 107.974 18.896 1.987
-4.243 -149.412 64.013 2.274
-114.226 68.660 -30.418 2.089
129.079 85.197 13.585 1.968
-166.215 83.912 -157.938 2.015
-167.867 42.720 -118.268 2.032
-195.971 53.379 -153.448 1.988
99.102 -154.812 -78.353 1.912
13.948 189.991 -160.586 1.941
209.826 157.316 -50.799 2.074
-123.944 147.292 -28.647 2.164
60.059 66.084 169.779 2.148
61.730 -20.111 95.884 1.962
76.691 -57.474 -138.299 1.907
164.224 -85.058 75.425 1.906
62.034 116.246 25.469 1.981
147.431 2.194 81.932 1.905
-186.900 -167.013 -118.694 2.029
-220.310 -10.490 -144.092 1.830
-5.271 -140.245 74.945 1.908
-191.044 -39.601 71.314 1.943
-169.719 -173.274 188.004 1.953
55.644 -41.830 -151.947 2.290
179.372 33.130 -12.859 2.178
-26.566 170.735 131.409 1.893
194.637 60.028 -59.929 1.761
53.263 -107.457 -57.536 2.104
89.830 28.241 -137.144 1.832
78.356 46.374 -184.976 2.094
-112.502 44.962 -73.274 2.220
-140.788 -172.264 -185.304 2.255
200.005 186.507 6.579 1.943
115.633 106.011 147.032 2.082
168.709 156.878 8.857 2.058
26.077 -141.039 92.932 1.753
-189.177 12.295 28.911 1.948
193.011 58.551 121.865 2.050
-38.076 -117.725 68.447 2.167
127.855 -24.971 -66.337 2.105
-64.952 189.419 84.750 1.955
-77.695 47.682 -191.172 2.235
20.951 101.538 129.911 2.046
178.891 -0.769 94.560 1.937
27.897 -186.882 48.106 1.969
203.237 -90.642 22.526 2.090
29.037 150.898 -37.169 1.866
-175.264 -126.672 -16.382 2.068
-181.101 -140.086 12.983 2.070
-119.949 102.941 -182.787 1.852
170.979 179.840 7.735 2.070
25.880 182.599 71.555 1.877
151.581 48.161 194.233 2.023
-60.497 32.828 -164.902 1.839
18.085 -94.798 -128.782 2.146
-169.423 -98.595 -123.306 2.077
106.979 -28.099 -21.520 2.048
-74.157 -84.747 -162.670 1.988
52.414 32.078 140.782 2.053
64.862 -71.939 -163.762 1.949
-195.472 100.489 29.225 2.209
80.182 -73.184 156.706 2.032
128.020 106.309 79.859 2.055
-149.414 0.398 -61.074 1.745
36.924 147.805 -126.750 1.834
215.844 94.857 -111.101 1.885
166.320 -73.233 -57.491 1.825
149.361 -12.260 -117.476 1.946
69.272 -130.590 -122.666 2.221
-55.301 -155.838 159.264 1.781
-64.409 -145.789 119.643 2.011
66.351 -101.582 89.733 2.192
-69.669 47.712 35.392 1.973
-187.000 75.556 1.480 2.003
-221.570 32.528 102.267 2.085
-92.036 -116.418 -127.464 2.015
-64.622 -87.071 100.010 1.748
182.166 -116.609 169.334 2.095
95.150 35.637 -127.208 1.899
190.546 -177.150 42.124 1.945
-108.715 131.066 142.782 2.050
-48.997 136.830 -51.076 2.019
106.076 155.875 166.076 2.044
172.527 178.063 -193.485 2.051
205.394 180.372 7.481 2.028
205.352 -180.508 -82.337 2.039
59.693 17.160 32.409 2.006
-0.704 -81.047 108.665 2.085
166.412 164.052 32.523 2.132
83.638 -107.971 -28.872 2.170
-85.619 -14.909 56.440 2.023
28.179 182.559 127.218 1.919
-108.454 1.100 183.713 2.112
-175.115 10.048 -7.500 1.866
26.235 -109.508 41.658 1.953
-181.590 13.148 141.258 1.819
-33.534 4.219 169.868 1.918
179.888 -110.384 -132.077 1.766
-10.984 -163.421 -30.162 2.055
-28.588 -127.781 199.709 2.067
118.421 -15.732 90.242 2.054
95.919 111.221 -140.869 1.960
123.841 130.388 -90.498 2.099
58.829 27.392 -163.409 1.964
197.550 13.199 17.025 2.026
190.380 -63.873 -30.047 2.094
107.597 54.942 121.085 1.936
107.098 -7.894 -139.182 2.130
-165.515 161.729 -83.317 2.185
10.683 -86.302 -149.074 1.956
213.527 60.813 -153.450 1.815
-207.481 180.898 -115.440 1.880
-162.237 -44.069 113.500 2.085
-99.230 -159.538 16.421 2.008
34.455 189.130 -96.270 2.056
-111.194 123.772 17.724 1.879
-118.904 -150.205 -4.793 2.062
224.553 93.260 -27.704 2.011
-113.369 -98.929 98.521 1.901
-196.784 -186.873 -154.089 2.070
-187.267 69.814 -7.766 1.807
-117.300 -112.702 -165.280 1.930
78.609 54.440 -47.594 2.075
-130.747 44.564 -7.597 2.030
-80.542 -22.116 20.896 1.794
-153.238 30.995 85.450 2.151
165.245 -148.432 190.191 2.367
-42.694 -179.702 -126.573 2.071
184.694 -95.852 83.665 2.039
-23.793 -61.880 25.976 2.020
31.710 123.767 49.103 1.949
44.219 -76.383 176.343 2.251
59.173 90.692 -34.720 2.158
215.574 152.082 180.297 2.009
149.525 152.746 7.946 1.758
-217.153 10.214 -92.061 2.035
32.277 126.765 -170.750 1.958
-162.995 175.855 44.998 2.031
-130.193 -76.025 73.310 2.019
-196.426 -182.860 -71.226 2.010
16.226 -145.997 8.751 2.092
41.564 120.621 -60.892 2.050
-181.428 -99.862 -37.403 1.771
214.709 92.470 -31.266 2.198
8.663 -101.588 6.387 1.797
153.405 187.929 -154.660 1.885
76.005 15.548 -190.213 2.249
19.510 31.973 34.247 1.990
-41.727 -88.972 -106.444 2.024
-192.195 87.722 85.061 1.839
-140.123 128.136 -60.151 2.084
2.367 -136.732 -6.341 2.172
162.865 -63.867 195.322 2.005
-216.639 175.645 -111.246 1.991
-101.897 -149.170 -37.471 1.945
161.994 152.698 61.486 2.115
122.442 66.238 17.779 2.068
188.661 87.819 157.903 2.016
61.468 150.820 -15.935 2.023
55.395 -50.480 -165.149 1.907
161.079 -61.137 -193.140 2.168
194.460 -151.322 37.110 2.027
136.845 -89.263 -43.797 1.981
1.856 14.552 -40.766 2.066
14.774 164.032 -33.888 1.861
-92.845 127.138 136.930 2.028
89.625 -65.076 -108.247 2.054
70.046 75.490 -177.518 2.014
80.714 142.734 183.631 2.093
-169.151 55.746 53.269 2.012
-52.790 -188.732 -89.463 1.926
-53.804 -187.823 150.170 2.044
-182.906 -47.664 -184.247 2.000
202.732 51.798 91.263 2.106
-206.952 -171.590 -55.344 1.767
205.590 135.928 -87.309 2.056
188.605 -3.575 120.386 1.992
45.100 -175.046 152.706 2.064
-198.172 -101.318 -13.135 2.076
-49.623 146.384 -178.211 1.927
85.874 -183.548 -199.215 1.965
160.497 -155.731 -96.458 1.856
130.173 73.481 -197.284 2.022
-112.948 -12.712 -74.089 1.994
86.512 51.340 108.137 2.075
175.662 -31.712 124.405 2.124
-13.090 -188.492 19.166 1.995
-132.098 22.575 -5.497 2.052
118.642 -53.217 174.127 1.874
-22.239 22.264 190.528 1.897
-65.752 97.741 155.408 2.216
177.081 -146.225 -196.345 1.932
120.773 25.865 28.237 2.023
40.366 28.270 52.986 1.917
42.130 141.552 -40.113 2.089
-97.663 -59.349 108.915 2.057
-112.430 75.716 -95.072 1.880
-66.213 -86.525 123.498 2.112
-130.338 -175.464 114.232 1.879
-50.722 145.130 -36.160 2.173
-198.281 -115.057 -181.707 2.046
37.151 -29.582 -189.229 2.041
154.749 57.123 165.390 1.951
-146.659 110.635 -73.057 2.198
179.802 -126.133 70.114 1.993
-87.653 164.474 -107.066 2.017
-176.057 158.218 31.909 2.051
45.028 142.019 -19.340 1.948
-201.883 -46.190 86.970 2.049
104.114 -165.696 103.521 2.048
-205.691 -31.987 -180.028 1.980
-184.073 -188.790 142.970 1.870
209.185 30.112 -44.819 1.867
-213.725 -147.211 -111.023 1.783
14.580 108.948 -18.648 2.059
-212.163 -114.780 97.029 2.001
28.420 30.019 127.303 1.979
18.515 -162.041 179.268 2.002
14.281 89.115 -117.770 1.954
-118.940 85.673 125.288 2.026
-42.221 -145.836 -192.132 2.047
-124.511 -157.384 142.441 2.097
170.160 123.066 169.102 1.993
37.272 -8.440 -170.552 1.893
-158.707 -142.865 156.768 1.990
-119.867 -2.371 -30.062 1.992
135.229 80.392 -123.394 1.928
-3.302 -97.678 -145.801 1.873
-217.793 52.208 109.131 1.965
-94.662 150.124 -128.542 2.024
-29.551 2.149 -0.741 2.241
59.974 181.699 157.964 2.104
-69.972 -0.134 127.874 2.046
209.966 55.507 -49.904 1.958
-81.911 -81.078 -193.307 2.001
-104.944 -123.290 141.776 1.880
-216.432 -19.221 -15.454 1.846
-99.136 -75.409 158.722 2.059
26.515 -140.092 -91.213 2.016
-153.667 35.508 -132.754 2.149
-184.350 77.951 -181.784 2.067
178.042 -73.608 -198.288 2.000
-144.721 177.015 -29.818 2.008
-200.740 86.991 -64.702 2.015
-16.806 6.862 -112.650 1.918
-108.999 -51.446 -109.205 1.941
167.786 33.856 -4.910 2.052
-45.396 155.135 -127.050 1.837
131.736 -130.666 -124.388 2.082
-11.800 140.789 186.747 1.948
138.668 -51.989 -111.623 2.003
-179.319 -163.528 98.610 1.955
-14.194 121.494 -157.225 1.967
52.177 -187.142 -41.113 1.846
74.242 -149.106 -177.508 2.049
-194.515 -61.325 97.306 2.119
54.894 129.213 -147.019 1.970
223.841 145.351 0.790 1.886
-108.382 -12.761 -15.237 1.997
-96.353 138.700 -69.203 1.922
152.232 189.920 -96.081 2.256
-224.661 89.906 110.495 1.882
207.599 118.365 -72.346 1.939
-73.132 -85.518 148.429 1.899
-197.750 -62.926 142.684 1.985
178.849 -170.074 126.041 2.054
-1.481 -31.058 184.279 1.942
201.230 116.386 -106.696 1.981
17.328 54.513 -156.471 1.919
-15.939 -142.129 149.051 2.059
-209.767 50.643 -181.501 1.992
-196.728 -64.918 93.591 1.930
95.496 117.337 40.773 2.070
162.451 -143.225 88.924 2.120
-17.939 -21.178 92.524 1.952
-213.375 -115.115 -73.548 1.946
-68.773 -157.841 -112.650 2.012
-139.868 101.736 157.224 2.054
101.748 154.758 -150.664 1.997
198.017 82.547 110.361 2.046
181.419 56.880 157.611 2.101
197.594 180.574 27.195 1.869
161.682 -141.466 194.148 2.001
52.761 157.214 47.664 1.949
-92.923 -131.927 185.537 1.978
7.834 -168.692 54.394 2.029
42.319 149.875 -155.488 2.017
220.590 -15.846 -102.705 2.109
180.849 137.363 -61.205 2.023
-30.328 121.207 178.587 2.083
-203.693 163.835 8.413 2.011
84.559 99.125 -122.653 1.981
-186.722 181.556 23.161 1.957
-57.562 187.861 56.601 2.100
99.797 133.279 -18.069 2.143
-111.935 25.252 134.916 1.855
-180.735 -84.638 3.213 2.013
-49.402 -181.274 -104.701 2.092
220.174 -172.118 60.216 1.866
223.250 -102.838 89.368 2.065
-92.563 115.709 51.332 1.959
195.029 73.293 81.342 1.938
-195.578 -71.908 -59.336 2.042
168.686 -126.606 -124.187 1.989
178.026 178.851 -148.054 1.973
121.963 -106.808 137.478 2.156
-86.539 -125.224 -28.728 1.938
181.864 -34.621 41.092 1.834
106.312 -113.689 -169.673 1.924
-137.933 -175.936 -161.150 2.033
187.179 -121.433 19.243 2.120
-140.970 -62.454 7.395 2.134
-3.063 97.360 -185.483 2.073
201.429 -55.770 -2.851 1.964
6.173 -128.514 94.612 2.057
2.935 -35.468 65.188 1.974
9.729 -174.857 -141.998 1.933
128.654 -32.441 167.661 1.900
-175.429 76.704 12.774 1.933
68.058 -7.559 82.671 2.160
-168.879 53.466 17.851 2.098
149.331 139.919 36.248 2.033
17.496 181.229 95.412 1.926
-143.583 -58.527 121.067 1.989
104.875 188.553 -120.382 1.920
111.317 -27.449 -72.696 2.041
137.858 156.126 -185.313 2.016
-110.624 2.153 -99.064 1.861
-35.753 -161.012 131.007 1.961
-204.502 82.604 158.032 2.054
96.570 -92.689 -56.698 2.025
193.250 131.481 -163.297 1.887
-2.376 108.668 -52.172 2.035
-218.534 154.562 39.434 2.050
-81.313 183.272 -192.990 2.105
-150.149 72.963 169.072 1.970
5.213 -163.043 -162.430 2.079
27.305 -143.109 179.576 2.075
-129.639 -136.789 -11.708 2.059
179.829 63.309 126.026 2.134
6.938 143.456 -128.441 2.044
-183.474 -15.640 117.502 1.928
17.267 -123.245 16.446 2.144
-79.883 -120.240 22.776 2.151
-90.819 90.602 -93.289 2.024
-153.846 -86.361 -80.777 2.072
-166.086 39.217 111.648 2.109
136.463 -159.044 -108.181 1.875
-126.007 124.152 109.796 1.990
-108.414 -113.816 -75.467 2.094
56.102 -147.655 133.241 2.013
-105.488 171.251 181.673 2.041
-72.735 17.466 -46.328 2.056
102.418 -117.324 29.500 2.036
-112.950 -60.295 -116.868 2.046
-184.628 -109.068 193.342 1.974
-189.978 65.927 80.590 1.888
96.935 2.181 -128.687 2.209
220.370 112.916 46.053 1.937
-114.105 4.065 -12.063 2.062
-143.343 54.446 77.602 1.927
67.836 -39.520 -95.140 1.982
-156.545 59.729 154.146 1.955
-100.085 5.690 65.609 2.044
-55.111 -70.766 190.901 1.917
58.505 5.111 -46.969 1.916
67.207 -63.084 -70.819 2.011
-57.959 -62.615 -62.839 1.950
180.193 -30.061 -97.348 1.935
106.588 -102.830 -79.451 2.099
111.514 -163.271 -28.344 2.065
174.041 -105.002 5.424 2.068
61.132 -91.022 43.078 2.012
-194.346 -33.885 85.130 2.009
138.864 161.125 -14.976 2.113
-216.956 78.756 126.137 2.003
37.191 -85.344 -106.898 1.933
65.360 78.640 113.490 1.890
99.123 -21.698 1.496 2.191
139.579 133.757 188.553 2.078
-72.384 -59.116 -63.650 1.777
-23.891 152.232 -146.515 2.063
213.011 -22.690 78.033 1.981
0.469 2.226 78.327 1.900
152.876 127.212 -27.958 2.013
-24.035 8.112 -118.638 1.942
-190.443 -102.018 -160.333 1.802
189.820 87.248 -191.670 1.863
45.531 -147.232 -113.362 1.906
-28.301 23.775 6.171 2.241
221.745 10.472 50.516 2.067
55.497 -80.898 -170.935 2.193
-4.288 -56.378 95.378 1.930
185.613 -168.078 -127.764 2.133
6.521 45.466 84.271 1.898
114.410 -43.004 43.434 2.064
134.431 167.209 161.590 2.030
7.410 73.989 73.498 2.005
-224.988 28.176 41.027 2.029
90.536 -165.132 5.660 2.150
-129.305 -88.908 171.613 2.162
127.411 -104.060 84.761 2.093
-84.502 -25.673 120.710 1.973
-119.319 -158.031 49.611 2.078
36.009 -98.370 148.953 1.907
53.459 -88.716 151.296 2.124
67.740 -173.974 143.031 1.918
-18.574 36.847 -182.391 2.098
32.692 -90.733 67.941 1.878
-143.624 14.378 -156.343 2.121
-10.100 -160.677 -197.580 2.008
-91.508 -14.282 -52.942 2.119
-144.646 157.155 64.860 2.041
171.711 170.537 -49.419 2.040
-148.876 -135.576 -116.235 2.090
198.645 163.876 142.281 1.941
52.092 -74.603 -60.751 1.862
165.525 -137.682 66.234 1.816
39.845 170.334 -173.074 2.261
160.090 138.281 39.786 2.082
137.288 24.788 171.769 1.898
-136.697 -181.556 -65.952 2.057
135.397 155.000 125.374 1.921
-117.426 -75.683 142.405 1.989
-60.835 97.722 28.512 1.945
85.401 -109.773 129.499 2.005
144.498 -139.340 -77.705 1.874
44.539 -140.520 -125.927 2.147
-50.526 109.390 -95.043 1.851
7.120 -123.871 -6.309 1.944
-67.861 -1.996 137.596 1.947
-86.172 102.843 156.813 2.025
-180.718 -3.092 31.338 1.968
-69.825 -85.152 -141.183 1.954
-68.188 -165.452 117.440 1.895
-39.723 -51.564 195.563 1.809
-95.418 -1.206 47.143 1.863
106.791 -150.099 54.545 2.024
-188.537 -183.625 28.848 2.159
-46.921 -13.405 40.047 2.169
-208.400 99.175 99.406 1.934
26.963 28.606 -182.246 2.048
215.405 25.846 135.307 2.054
-154.046 -53.162 -46.735 2.065
-136.026 -65.479 17.007 2.064
71.922 147.046 -82.743 2.194
-92.059 58.487 -158.507 2.007
-59.155 8.293 -144.698 2.147
141.233 -3.400 136.545 2.044
118.639 -90.447 85.768 1.868
-155.819 85.306 22.695 1.857
-41.807 68.630 -107.042 2.155
-59.478 92.583 -183.978 2.085
-18.083 -132.206 47.436 2.191
9.895 16.794 99.739 1.897
-94.936 140.531 -169.596 1.891
20.626 -145.484 35.366 2.214
75.025 -175.953 98.058 1.924
181.628 102.807 -9.020 2.162
119.945 141.516 -104.132 2.073
-211.531 -18.283 175.140 2.109
-146.074 176.533 -80.690 1.929
47.519 -80.677 -47.561 2.136
-183.917 111.116 118.351 2.121
166.762 37.298 -114.367 1.823
-213.966 66.045 91.359 2.131
106.297 -45.157 -43.177 1.955
-117.163 10.857 25.627 1.960
106.244 110.204 123.737 1.841
-196.078 120.964 -119.388 1.883
110.213 91.540 149.802 2.214
-199.674 182.778 -143.342 2.017
61.811 -135.326 93.129 2.016
-116.983 100.710 -47.523 1.971
90.573 111.306 -32.609 1.888
-30.676 -11.393 -9.951 1.979
167.090 -60.681 76.369 1.887
33.403 -96.949 22.510 1.971
121.684 24.394 -51.619 1.891
143.848 -42.593 -31.290 1.934
96.727 -92.380 -112.904 2.083
-206.946 -16.532 -25.422 1.897
110.731 -88.673 -51.171 2.074
-66.841 32.520 138.044 1.962
0.791 78.514 142.356 1.996
-43.534 -132.134 -86.834 1.893
-181.687 121.235 -44.924 2.034
152.292 187.841 -178.370 1.943
211.315 -150.628 -65.801 1.935
-138.993 44.109 -5.080 1.939
-59.084 -171.648 91.585 1.781
82.037 -134.135 -21.965 2.065
149.769 -100.946 -11.691 2.015
185.712 116.890 144.823 2.037
-139.094 45.775 29.070 2.045
89.344 -72.172 -112.737 2.020
205.437 128.104 -109.669 1.805
26.196 120.932 175.675 1.979
95.235 102.006 181.667 1.945
6.870 -49.766 64.793 1.943
130.366 119.909 -139.322 1.923
-92.204 -96.932 -145.280 2.083
-40.934 91.238 -172.136 1.984
105.729 97.954 143.157 1.970
53.005 185.905 119.415 2.187
-109.333 -115.990 181.042 1.957
-107.049 86.361 85.718 1.869
49.235 -110.950 -148.584 1.956
56.498 128.156 -64.300 2.058
-89.043 -39.709 -152.451 1.976
-163.688 -87.042 127.493 1.954
67.805 -146.269 105.279 1.911
16.090 -16.557 1.349 1.991
60.151 182.722 38.235 2.117
141.992 112.223 -156.776 1.840
-83.748 -5.715 -54.876 2.022
-99.071 123.699 -91.803 1.934
64.575 104.563 -29.336 2.086
-19.684 105.924 -48.373 1.951
-202.403 -20.318 129.565 2.063
-192.362 -168.364 105.863 2.045
74.427 9.183 -103.181 2.010
219.039 93.292 -38.985 2.048
66.202 -79.744 103.167 2.099
171.106 -0.476 -0.762 2.099
128.467 -122.055 180.741 2.086
102.300 -8.137 -174.148 2.008
-216.917 -36.437 35.141 2.063
-157.574 -169.534 -13.650 1.932
116.251 -6.189 66.634 2.000
94.009 -119.182 -138.832 1.884
-165.032 133.910 -144.309 2.183
154.799 31.223 -27.714 1.918
-222.741 109.221 153.775 1.890
-152.368 100.099 -24.847 1.955
105.490 -68.140 -27.563 2.087
-153.220 -39.743 56.065 1.952
-191.131 -160.710 -62.420 2.041
-10.652 87.422 45.601 1.895
11.492 -152.812 -20.652 2.019
85.912 39.673 -169.053 1.920
159.120 -148.201 10.708 2.008
-25.274 5.831 144.817 2.039
26.487 -177.388 53.801 2.073
-63.500 68.169 -45.932 1.884
-199.050 187.403 -13.529 1.961
99.548 68.258 -29.395 1.841
197.926 -149.419 -75.256 2.050
-78.788 16.320 -71.371 1.933
114.204 -7.811 -133.233 2.018
222.321 50.026 17.161 2.086
138.589 109.189 -126.045 2.044
-134.108 145.822 190.317 1.993
-197.615 -54.068 -63.882 1.755
-139.795 -172.162 54.452 1.993
187.368 119.455 -41.935 2.072
95.338 -53.377 -70.167 2.100
186.467 -62.228 -109.799 2.112
-206.640 112.905 171.108 2.210
213.466 -7.095 194.952 1.949
87.812 174.086 -197.201 1.981
-144.598 24.173 -152.592 2.244
19.934 -94.925 159.715 1.906
-183.422 110.863 39.532 1.914
48.830 31.223 134.146 2.028
77.879 -157.679 -0.581 2.200
131.640 50.380 -128.714 1.889
89.237 91.340 -106.960 1.949
-73.788 -63.785 62.764 2.021
75.612 -177.807 -186.001 2.114
-180.152 -149.654 -31.236 2.150
50.402 49.629 -54.902 1.748
199.380 -172.417 31.470 2.043
-90.487 -124.710 -35.181 1.956
93.253 76.435 -72.339 1.978
123.710 110.445 -137.381 2.064
193.171 84.119 35.281 2.033
-215.015 97.589 148.826 2.254
-0.063 -151.073 -58.454 2.042
134.247 -90.557 -168.137 2.024
36.991 -177.659 -25.163 1.978
-140.510 170.744 -48.952 2.013
66.321 -113.247 -154.241 2.053
-12.082 3.456 42.530 1.991
124.468 -163.236 158.058 2.270
121.771 156.564 -58.039 1.983
-88.783 -173.386 83.883 2.147
-58.264 -100.299 -152.288 2.067
91.462 69.119 -91.618 1.999
112.947 -57.275 8.241 2.132
-76.607 -187.633 -179.745 1.942
72.474 21.137 -66.649 1.903
-82.412 32.432 -58.862 2.161
-35.146 -160.655 -101.192 2.125
88.159 -177.595 127.132 1.985
36.718 32.256 -31.953 2.084
-113.103 -30.040 -19.785 1.962
-6.660 -186.782 -2.054 1.998
100.701 -114.869 111.345 2.086
-182.031 -174.277 -30.670 2.017
29.850 -74.939 -122.039 2.026
-55.056 -174.160 137.021 1.956
207.492 -42.613 124.814 2.099
101.256 109.820 154.324 2.151
-39.391 50.029 33.888 1.855
-214.452 62.687 -122.387 1.932
25.410 130.512 85.275 2.011
131.752 96.149 61.376 1.932
29.223 -34.416 188.936 2.077
-108.436 -81.399 -42.368 1.936
196.520 -182.583 23.818 2.036
-97.365 61.903 -186.615 2.047
-137.757 -186.635 -168.399 2.039
23.045 79.227 -40.022 2.176
162.268 -22.543 105.554 1.941
-204.686 136.500 99.836 2.125
94.514 47.069 -97.166 1.960
-46.636 84.963 -34.470 2.043
-82.502 141.713 -58.327 2.028
-54.715 -107.818 113.401 1.881
-202.176 144.922 -118.635 2.041
-170.309 -65.569 121.493 2.024
-61.559 21.511 -64.833 1.710
-141.516 46.782 120.390 1.751
186.796 -69.052 42.261 1.710
37.321 -139.024 105.083 2.041
177.675 132.517 177.030 2.071
95.275 8.215 -91.188 1.897
34.681 141.884 -166.074 1.959
72.029 107.402 132.662 1.725
5.115 -172.879 -95.538 2.098
131.584 28.267 146.471 2.046
12.952 79.105 -14.848 1.969
54.078 44.848 158.398 2.117
66.475 -40.867 -76.835 1.952
125.263 -151.476 -59.913 1.949
-47.426 -83.595 -56.747 2.071
-221.821 -78.557 -198.652 1.947
-51.802 -138.559 -9.305 1.976
-42.181 -25.474 -11.100 2.038
90.984 118.537 -39.175 1.912
20.217 2.826 -21.608 2.059
-179.827 -102.289 -55.864 2.167
-29.256 -4.985 -2.905 2.026
175.338 -104.134 194.288 1.842
50.724 -81.086 -168.161 2.171
-28.454 -141.133 -24.375 2.111
-31.354 -116.017 183.853 2.043
182.611 -165.668 -39.971 2.022
-26.946 48.458 -121.578 1.929
-157.488 59.061 -18.614 1.949
37.672 126.701 15.019 2.157
83.435 -33.645 -37.348 2.189
112.010 163.010 -175.767 1.955
-116.653 106.786 9.551 1.961
-71.047 57.295 105.552 2.145
35.384 155.544 -174.741 2.248
-86.787 110.920 -191.627 1.914
-50.246 -65.688 19.703 2.014
-45.816 -90.448 41.182 2.042
-29.506 29.494 -109.571 1.883
-116.438 184.082 113.850 1.918
169.087 142.452 -180.637 1.905
33.442 -44.066 136.153 2.109
148.931 -71.053 -188.239 2.046
-153.545 -60.480 74.844 1.925
-33.331 -127.494 123.173 2.103
-99.646 146.497 183.622 2.001
-137.149 -36.517 -21.805 2.077
-224.186 78.953 104.359 2.065
-66.619 -14.654 -80.128 2.145
164.897 -122.387 -44.944 2.093
-0.519 -73.294 -63.538 2.162
-55.535 -67.070 -6.794 2.079
-140.339 15.197 168.178 2.015
84.793 -24.091 -102.719 1.941
-74.573 -178.561 182.896 2.159
117.232 6.191 79.178 2.121
153.437 175.324 56.051 1.890
-90.530 -67.411 137.176 2.118
195.802 -175.385 109.063 2.045
-48.335 -5.960 105.927 1.936
-193.160 -135.355 118.393 1.846
134.189 -51.221 154.299 1.832
143.262 8.070 79.932 2.151
-125.599 60.423 128.488 2.073
182.472 -97.867 101.854 2.081
210.743 -90.083 -116.905 2.006
-112.568 179.289 -87.763 1.801
60.358 -94.682 103.603 2.015
51.956 123.142 137.766 1.929
-197.276 -98.972 -21.766 2.302
-128.154 -102.636 -153.811 1.996
41.310 4.407 -23.444 2.098
-182.521 -60.052 39.865 1.907
9.098 67.245 -141.340 1.897
-223.522 76.520 20.163 2.078
-182.682 -0.918 20.217 2.000
54.067 34.519 -13.890 2.019
-190.411 -34.464 -82.229 1.947
204.937 -61.940 -4.125 2.107
224.645 155.815 -111.604 1.871
207.900 49.621 100.193 1.815
-182.063 157.964 113.652 1.915
-49.032 107.276 -178.819 1.955
-6.232 -174.917 68.255 2.064
-116.493 143.361 -10.618 1.922
68.479 -176.021 39.738 2.035
-13.026 -182.292 142.708 1.922
92.617 -115.536 133.903 2.071
-3.687 -65.811 -159.407 1.968
-30.067 -123.504 96.202 2.103
-176.750 -123.817 -29.887 2.095
-42.191 123.886 -173.778 2.106
-93.010 144.224 -22.990 2.123
-34.124 -66.113 188.892 2.055
-140.398 54.947 -173.481 1.858
5.633 -148.927 71.061 1.876
36.424 -180.504 42.466 1.908
-217.265 -135.942 -27.373 2.094
-21.716 -137.196 136.391 2.123
95.241 83.643 161.222 2.054
-141.585 36.346 130.477 1.890
-59.919 -165.542 -116.954 2.180
168.652 -94.687 -105.986 2.149
222.120 -127.774 -53.334 1.784
-134.046 -155.621 65.540 1.848
-97.153 -136.548 -68.047 2.036
-201.283 -157.527 -153.061 1.930
172.448 126.865 -122.126 1.963
51.138 -65.786 64.850 1.961
201.103 154.299 -168.379 1.984
-9.525 16.707 -56.641 2.064
-140.183 103.037 -174.652 2.041
77.847 -168.425 -68.988 2.040
-49.666 -44.816 -82.155 2.085
-2.283 -183.739 139.455 2.157
-33.708 2.108 134.149 1.957
-79.391 -53.155 131.503 1.931
-96.512 -41.984 -181.121 1.805
65.792 151.191 -118.258 2.004
44.454 -88.881 4.760 1.964
14.165 -83.588 104.090 2.093
-190.178 40.950 45.307 2.011
-196.817 -118.547 -62.339 1.883
133.475 -89.238 123.063 1.957
-70.249 -56.077 -17.418 1.924
-47.909 30.579 90.820 2.025
-223.981 126.209 -72.874 2.143
139.258 75.763 143.045 2.098
177.930 161.065 -104.411 2.078
-114.263 -62.525 -120.088 2.213
-101.959 35.394 -124.359 2.053
-219.004 -3.889 120.229 2.180
-106.013 125.030 163.469 2.058
-208.357 64.856 -1.735 2.161
-18.271 19.555 -148.179 2.016
-65.410 -29.605 -155.530 1.848
68.482 -153.725 59.863 2.072
159.958 44.449 -113.321 2.006
105.945 77.178 -35.198 2.139
-186.817 -176.710 18.894 2.021
133.456 163.359 -199.925 2.056
-155.537 -110.402 -99.159 1.988
116.270 -98.641 -100.152 1.950
-196.412 180.351 -38.600 2.080
188.965 8.992 -32.369 2.140
177.489 -122.783 -136.743 2.247
-192.720 96.686 -122.306 2.067
-11.208 -111.323 176.914 2.117
172.304 -175.982 -96.979 1.966
-63.318 -102.601 -70.607 1.896
-209.348 146.234 43.085 2.032
-217.064 -4.316 186.263 2.172
21.819 30.548 62.779 2.005
19.714 -163.254 -123.625 1.898
-119.243 67.757 -166.217 2.018
196.375 182.293 123.920 2.245
-189.744 52.737 130.568 1.950
24.867 77.063 -150.183 2.052
133.238 -152.801 197.649 1.952
43.713 51.039 -77.990 2.028
-6.826 -79.181 6.472 1.932
-104.217 -108.783 -188.754 1.920
-32.238 187.628 -50.201 1.985
-206.570 20.459 22.851 2.047
219.228 -100.259 -100.614 1.937
130.369 165.921 -139.517 2.030
-52.730 -112.024 -166.164 2.038
204.975 180.149 91.187 1.825
17.372 -186.622 -185.721 2.090
132.245 181.725 -104.564 1.842
-181.033 -21.056 -195.624 2.052
50.067 -84.493 -69.887 1.813
13.100 129.847 -154.972 1.966
49.604 -75.219 -24.262 2.181
78.409 -121.527 -7.186 2.139
58.559 80.655 30.767 2.114
72.488 -5.820 17.739 2.112
-176.149 98.488 -106.141 1.938
-130.325 -10.071 192.411 1.835
147.222 105.479 -159.068 2.083
-15.867 -57.404 -176.641 2.117
149.251 47.799 -154.856 2.064
28.105 -108.412 127.031 1.779
129.975 -65.402 -134.651 1.810
-109.226 -77.644 50.215 2.095
136.058 45.836 -152.536 2.027
94.990 71.067 198.181 1.965
163.649 109.167 -144.429 2.019
115.458 104.613 -97.106 1.901
-34.500 39.448 187.583 1.943
-154.441 -95.806 -0.751 2.082
-165.411 -95.641 -131.753 1.821
86.511 -104.437 -181.591 1.966
-114.266 114.606 -189.657 2.084
-39.995 0.515 12.777 2.023
-50.753 138.628 -150.524 2.178
71.348 -26.219 -139.119 1.821
-214.679 -4.319 107.516 2.084
29.197 117.437 172.998 2.180
197.037 -160.639 99.618 2.156
-127.292 -40.994 -144.089 2.007
158.918 150.561 126.355 1.911
-73.524 104.450 -105.434 2.121
-124.499 166.205 -115.123 1.850
-160.431 35.151 46.413 2.053
17.353 -65.301 136.655 2.177
-113.853 -115.560 -88.822 1.767
-51.338 115.096 72.298 1.963
4.677 -60.428 90.478 2.090
-190.283 -70.478 -125.396 1.978
202.553 -90.479 58.221 1.883
-195.669 132.544 106.239 2.093
-2.910 99.701 155.173 2.026
-3.980 -114.446 -97.795 2.020
-158.598 88.708 89.680 2.151
-190.610 183.175 135.104 1.938
66.587 -74.764 -109.513 1.947
-40.074 28.291 8.584 1.922
37.813 54.860 157.798 1.995
74.248 173.865 -162.932 1.861
105.163 -20.612 99.081 1.958
-167.533 -186.817 154.291 2.068
-7.931 153.652 -93.090 1.873
69.102 158.455 158.990 1.957
176.571 -92.908 56.918 2.079
-35.742 -11.766 -45.690 2.065
147.649 7.275 -92.142 1.967
-162.969 18.003 103.110 1.997
171.751 -15.016 146.668 2.019
58.392 182.526 -149.095 1.869
-25.119 89.898 107.953 1.861
-11.308 -75.986 -77.255 1.906
-160.599 134.899 -112.102 1.833
-113.522 11.420 -109.701 2.115
180.343 -129.091 -87.951 2.012
-107.658 109.301 141.872 2.023
-98.037 159.424 -13.454 2.097
158.711 -69.996 -139.383 2.066
-217.821 116.445 -79.388 1.975
13.366 -189.794 174.744 2.020
-12.433 -183.259 -90.231 2.120
56.199 -152.618 194.383 1.948
105.138 105.421 -30.181 1.944
171.738 87.437 -1.032 2.121
-60.385 189.520 79.464 1.892
-210.883 -68.229 -100.157 2.109
82.694 154.064 61.501 2.000
94.086 -35.964 137.580 2.110
127.068 24.182 -72.768 2.038
178.126 73.845 39.267 2.093
-184.667 -127.705 150.384 2.077
-8.600 -52.397 -167.453 2.033
55.252 136.590 -162.424 2.093
-52.337 -38.214 -120.433 1.983
65.480 129.895 -10.771 1.999
-7.656 -84.336 29.662 2.071
224.780 -83.353 -6.383 2.011
-41.757 -125.880 -176.479 1.988
-151.582 100.928 -99.267 1.952
34.390 -69.753 188.451 1.858
-89.123 163.124 -164.213 1.929
3.532 -17.195 173.607 2.015
72.310 82.520 62.097 1.968
-71.864 -23.894 -53.022 1.947
33.705 -147.638 -76.762 1.995
-76.887 45.287 75.071 2.114
79.065 -113.804 -197.456 1.876
207.242 -38.659 -186.611 1.923
-158.662 -76.254 32.941 1.868
111.506 -70.204 -12.314 1.849
-62.049 49.151 -6.049 1.861
-112.897 177.549 87.825 2.127
-140.897 -57.292 49.071 2.091
80.147 35.102 122.044 2.000
-43.362 -60.006 -49.475 2.034
-25.808 -13.751 -171.124 1.904
-112.715 -168.671 57.372 1.968
161.480 -134.267 79.924 1.983
-215.870 -171.606 -117.093 2.018
79.618 -7.563 -74.434 2.049
10.426 24.024 -182.947 2.008
76.885 -185.153 83.336 1.989
-166.011 42.316 -124.775 1.927
-29.249 127.129 84.991 2.111
-50.242 -73.548 -148.968 1.932
32.948 40.338 197.300 2.029
-171.405 148.847 56.993 1.961
-3.937 121.990 -111.717 2.118
81.184 -179.053 133.159 1.892
224.152 -164.699 176.030 1.934
168.841 13.908 63.431 1.961
224.980 109.528 -63.050 2.071
216.484 165.773 113.560 2.098
-2.228 -166.642 96.883 1.955
-216.099 155.264 -57.337 1.945
56.797 78.818 110.232 1.832
34.646 136.724 117.002 2.044
7.215 -24.329 -53.448 1.987
45.744 143.543 53.754 2.038
-176.283 33.657 -80.738 2.018
219.983 -148.450 -7.963 2.026
188.603 150.157 58.018 2.118
-186.627 80.017 -42.062 2.048
-17.908 -166.628 -111.049 2.188
-197.203 142.048 -183.319 1.860
-40.247 22.120 -154.046 2.091
119.968 79.538 190.785 2.167
-223.595 31.670 196.062 2.122
221.458 -80.554 57.313 1.961
6.170 -147.738 -131.356 1.970
177.006 -125.028 35.321 2.063
-153.270 58.718 6.872 1.890
-3.971 -56.574 195.391 1.964
-158.745 -81.241 2.783 1.933
24.119 -95.253 126.605 2.060
-161.517 4.206 -158.925 1.971
-185.305 82.226 180.583 1.964
-92.760 73.531 59.119 1.900
-161.601 -81.511 -155.011 1.969
-94.960 70.771 29.105 2.125
83.125 1.874 -156.074 1.797
157.685 132.361 41.454 1.939
101.541 -69.769 -7.649 1.932
108.408 91.923 193.153 1.929
-213.614 188.797 -89.967 2.158
-24.616 -40.795 42.439 1.796
188.414 134.206 153.910 1.998
222.693 184.503 -43.722 2.009
-13.301 70.958 129.959 1.750
45.098 -63.475 -192.820 2.035
93.230 -158.047 16.425 1.879
115.603 75.150 17.325 1.898
19.136 -155.473 -31.404 2.005
210.714 -179.378 -13.524 2.083
119.247 176.518 46.355 2.067
-140.679 -137.349 -108.785 1.967
145.192 186.270 -22.371 2.152
196.840 174.706 121.447 2.057
40.700 185.706 -15.147 2.014
-33.211 -33.775 175.215 2.021
131.528 -184.676 98.301 2.009
180.462 53.713 -179.911 2.030
-168.479 -10.683 36.255 1.975
-71.246 41.219 -80.953 1.906
204.385 -76.880 -132.285 2.005
-199.965 126.207 35.491 1.972
-24.545 37.111 147.823 2.030
-190.400 -18.560 164.496 1.957
-78.583 -155.787 -0.932 2.019
