91.445 -11.644 101.309 2.135
-153.110 51.485 64.663 1.945
155.035 -54.388 83.569 1.874
132.356 110.520 -190.861 1.928
207.148 -105.944 -160.303 1.946
192.991 33.122 19.265 2.112
170.194 -174.978 -178.051 1.830
-121.868 174.414 144.969 2.043
144.253 -104.726 -1.304 2.005
-0.187 -6.572 -7.542 2.016
217.736 -15.619 85.736 1.984
102.506 47.490 -185.471 1.983
-61.596 -158.017 -2.783 2.041
-224.849 -123.397 143.630 2.111
93.848 94.990 16.808 1.949
25.169 -3.445 -39.986 2.145
-22.797 94.461 -149.837 2.005
-112.072 -69.763 141.930 1.937
-132.343 78.647 -52.372 1.987
-196.551 -120.663 45.748 2.027
-117.954 64.250 153.716 2.109
-50.943 -89.400 42.088 1.967
-22.197 34.095 59.118 2.064
-155.235 32.835 114.845 2.053
44.739 -121.974 62.201 1.987
65.644 27.177 100.062 1.972
-74.088 -68.461 -178.394 1.877
183.478 -158.380 -100.385 1.977
60.489 -171.746 11.616 2.054
-223.525 166.267 -102.265 1.907
61.677 -46.945 46.582 1.843
110.806 162.080 83.997 2.017
-99.023 -184.821 -133.855 1.942
4.680 -93.363 44.536 1.708
15.959 8.331 9.632 2.012
-125.990 93.562 96.689 1.800
37.219 -28.215 36.283 2.127
101.912 175.683 117.226 1.897
40.717 -26.659 35.099 1.995
157.670 50.050 -192.054 1.849
211.847 61.117 51.673 2.073
-206.115 -36.451 166.228 2.167
-100.560 -160.630 -55.854 2.028
203.657 -110.654 8.759 1.812
-194.237 -94.802 -109.919 1.939
-77.434 -88.021 92.480 2.275
-41.830 -51.949 115.109 2.167
190.428 13.026 -113.368 1.886
-217.502 -139.839 168.199 2.022
-52.344 -7.739 100.239 2.034
193.214 26.382 140.760 1.911
170.861 -28.909 179.003 1.871
1.529 -14.071 183.036 1.930
-151.880 -15.880 97.405 1.986
21.476 -107.320 -159.976 1.896
-141.134 145.326 30.911 1.986
-213.928 -115.473 134.427 1.965
-158.285 -114.502 -196.704 2.048
-178.218 35.255 -170.904 2.002
18.199 187.058 133.470 2.096
96.731 -93.875 -124.103 2.008
-91.560 -26.211 -10.445 1.831
169.320 -45.592 -136.828 2.072
164.360 90.456 -57.602 1.952
-45.530 161.886 -64.775 1.952
-202.418 -136.925 -66.452 1.910
-80.646 39.756 -163.113 1.791
12.096 113.156 22.754 2.002
-168.368 -97.766 21.253 2.006
-161.782 14.540 13.690 1.991
206.207 -144.945 -112.676 2.161
-26.901 22.968 -35.436 1.993
91.484 11.411 158.565 2.192
74.205 41.208 98.965 1.954
-221.867 173.290 -45.336 2.037
160.989 98.524 -173.320 2.084
40.851 50.109 -198.565 1.937
-202.778 144.279 -81.365 2.012
-6.950 -72.699 -14.801 2.057
-224.235 -47.356 146.336 1.862
113.199 52.309 -2.234 1.827
-146.883 161.021 124.974 2.197
-158.874 118.242 182.078 2.061
-102.869 -180.922 82.748 1.948
194.188 -93.010 34.764 2.096
-78.589 151.391 159.621 2.117
-90.405 -182.837 30.207 2.322
-108.308 48.123 -151.194 1.953
82.439 178.223 82.979 1.766
176.280 -96.811 -172.311 1.977
-74.598 51.489 6.164 2.030
119.797 -20.866 76.934 2.077
112.127 59.584 130.619 1.910
113.826 -35.255 -101.168 1.863
9.082 -106.672 -111.182 1.991
-18.989 77.238 197.374 1.924
149.017 112.307 50.788 2.071
-93.796 -173.728 80.056 2.016
160.226 88.061 41.310 2.098
-67.207 -44.293 160.904 2.104
-42.385 -114.269 -195.534 1.949
-191.943 114.144 71.325 2.024
164.171 -148.320 -120.764 1.961
-0.122 86.877 53.488 1.935
143.266 77.483 116.307 2.054
-217.920 -167.037 104.932 2.214
-69.904 98.189 56.217 1.925
-80.179 6.136 -139.874 1.853
198.530 14.293 -46.629 1.956
51.695 -181.587 -96.742 1.844
104.962 126.222 189.560 2.042
-70.526 119.134 -65.400 2.116
222.047 -40.335 73.462 2.028
180.671 -60.476 -87.631 1.988
-126.398 -50.580 155.620 2.004
12.911 8.246 -94.672 2.131
-93.766 5.228 37.511 2.172
-220.421 101.359 -14.065 1.965
-3.785 69.667 -35.658 2.018
-211.619 142.137 123.598 1.819
-18.935 -2.441 51.087 2.024
138.893 27.524 -36.421 2.081
-87.583 -117.324 65.814 2.052
71.035 184.693 20.022 1.970
178.396 33.855 -155.189 1.975
86.170 147.358 -150.228 1.964
96.489 -70.166 7.812 2.184
12.803 101.942 118.242 2.079
118.705 189.776 -130.965 1.984
-167.909 -161.242 -13.019 2.023
108.021 18.721 56.676 1.921
-105.261 -34.960 -129.984 2.044
90.999 -176.345 148.496 2.091
148.774 -55.182 -30.669 1.860
-86.106 155.638 78.988 1.912
-148.158 -40.443 91.585 2.284
171.169 46.594 -120.135 2.086
-29.223 56.644 -5.945 1.837
-193.791 162.434 115.774 2.179
91.215 -41.859 -171.874 1.982
155.691 -32.546 198.463 1.930
70.715 167.314 -78.822 1.787
20.942 -182.004 -139.368 1.943
213.618 -154.013 -109.101 2.128
-31.990 2.977 24.314 1.974
-51.758 75.657 72.403 1.862
-69.373 -62.570 198.208 1.992
40.754 172.950 19.752 2.009
-41.256 -144.964 -136.070 1.949
141.060 -64.486 -130.468 2.121
-135.577 -88.985 -137.954 2.027
-106.598 -31.008 -128.651 2.093
45.357 -17.181 -79.552 2.052
56.387 -106.545 -59.437 1.896
-118.952 26.082 94.570 1.844
-46.927 42.011 -45.606 2.081
-134.614 -83.330 -17.552 2.217
178.424 54.517 148.227 1.911
-1.186 -58.099 -120.774 1.943
-105.267 -175.190 -62.927 2.036
115.282 181.078 -117.914 1.950
-143.167 18.556 66.048 2.182
165.539 37.651 170.402 1.942
-220.210 178.568 -147.148 1.937
47.144 -174.800 82.762 2.084
-79.636 87.283 195.091 1.947
192.012 -128.774 -40.196 1.882
-72.544 -115.591 -59.953 2.062
-55.645 -144.087 190.993 2.067
214.391 171.435 194.560 1.953
-206.852 154.908 80.325 1.861
-2.942 -59.963 -128.923 1.858
-182.384 72.778 124.212 1.929
27.522 -53.348 88.024 1.953
31.129 103.412 -93.541 1.890
25.391 42.318 -136.789 2.053
91.131 -62.881 78.393 2.000
41.792 -144.963 -191.897 1.723
-83.430 -109.374 -17.638 2.063
64.439 -128.831 180.008 2.012
-34.758 -109.705 192.367 2.169
48.989 54.396 45.720 2.119
-18.625 -77.366 60.886 1.812
-136.950 71.420 -102.898 2.038
-206.515 62.254 -106.509 2.047
-44.006 -97.468 32.362 1.882
-10.823 -16.084 6.241 1.945
-166.685 66.405 71.323 1.918
146.139 145.791 75.054 1.925
-83.002 -13.697 -133.469 2.152
-148.674 -54.972 -177.491 1.946
-212.989 -7.471 -163.369 1.958
74.192 -13.951 163.372 1.912
47.744 -139.187 -132.586 1.894
-73.089 -175.757 154.710 1.926
-118.810 -122.285 -90.146 2.004
197.819 -140.851 -57.340 2.125
13.624 122.569 -36.261 2.049
197.139 -44.698 177.762 2.025
-78.796 148.120 198.796 1.913
113.121 184.779 18.954 1.964
-185.910 180.020 -176.978 2.082
-193.562 173.244 10.138 2.056
138.449 19.926 -193.971 2.078
29.030 -90.906 103.433 2.033
10.609 -173.740 28.974 2.005
173.453 127.617 -28.368 2.119
-48.438 57.140 -63.394 2.061
-141.220 78.747 -57.932 1.833
140.735 -90.374 -91.421 1.964
43.578 -2.589 103.037 1.941
-45.814 31.380 100.753 1.847
40.876 146.798 193.422 1.937
150.017 -100.026 179.127 2.136
-23.322 -73.089 5.827 2.038
-45.872 183.330 32.174 2.028
132.506 81.930 29.885 1.787
-63.516 -4.252 127.876 1.871
-192.291 63.875 -143.180 2.050
-3.927 -145.403 13.911 2.086
-66.681 -59.116 172.936 2.093
201.745 43.134 -144.849 2.073
-137.785 25.445 93.253 1.937
-58.151 -67.293 32.923 1.941
152.381 187.211 83.664 1.911
123.030 -83.768 31.292 2.014
29.660 -155.913 -169.443 2.039
-9.556 -105.938 -59.819 1.788
68.670 125.365 -16.131 1.936
-216.414 -101.990 -77.800 1.926
-194.909 -52.215 166.658 1.721
-82.084 -128.803 -134.364 1.853
-205.894 130.162 173.412 2.013
109.528 180.682 190.082 2.053
91.541 14.508 -27.265 2.047
132.000 65.966 -178.450 2.033
-169.282 -1.444 83.152 2.071
-123.166 -55.627 -142.079 2.024
43.416 -7.922 -164.001 1.968
-30.803 -45.799 151.922 1.827
206.750 -57.124 -124.391 1.796
-72.235 -16.356 52.647 2.017
-42.358 -116.922 -0.845 1.949
14.297 7.112 38.556 2.026
90.592 -18.193 -9.128 2.104
-178.719 -16.514 40.418 1.931
-27.788 16.601 -179.028 1.870
-126.000 -126.404 100.577 2.053
79.704 179.179 57.774 1.931
171.740 -2.946 -140.264 2.090
-92.519 68.227 -144.181 2.011
48.922 63.328 -61.189 1.941
61.500 77.473 -74.352 1.887
130.808 135.526 187.978 2.063
140.752 -28.361 -177.810 2.064
213.705 -82.269 58.889 1.927
52.147 23.560 61.366 2.093
-58.043 113.806 133.804 1.813
174.573 77.077 20.020 1.893
81.180 4.971 181.482 2.016
174.712 -25.241 -125.493 2.095
-135.402 -175.594 4.634 2.019
-35.094 55.680 150.266 2.104
-157.014 -23.545 -161.381 1.918
66.537 -98.218 188.067 2.109
-21.125 94.643 143.700 2.059
-141.054 -162.667 -118.708 2.035
133.465 55.147 -22.406 2.062
-193.573 126.480 98.640 1.914
2.156 162.071 -120.295 1.902
12.428 -128.590 49.356 2.099
137.231 187.443 -147.604 2.027
-93.698 97.316 -33.047 2.274
16.092 -89.827 -112.570 2.061
-166.658 -109.982 -38.257 2.219
-32.323 -43.473 78.619 2.048
82.365 68.182 -109.530 2.009
-108.851 -23.152 -140.651 1.974
166.014 -179.705 49.259 2.040
89.016 -15.687 -183.168 2.024
-158.447 173.674 -101.427 1.916
-147.756 -163.150 -130.595 1.963
84.346 136.643 183.651 2.022
-137.807 50.596 44.220 1.817
44.628 4.981 176.984 2.004
112.498 -38.238 116.258 1.854
-6.577 166.032 121.457 2.009
-53.147 -100.271 -57.699 1.787
129.656 -83.272 145.299 2.071
174.855 143.811 -103.108 1.944
-135.314 -76.436 123.029 2.176
-100.555 -102.651 146.782 1.932
161.601 -124.630 -116.523 2.015
142.713 -140.771 -125.888 2.049
-159.827 58.487 -127.723 1.951
155.489 52.067 -62.681 1.976
-130.497 -134.821 197.663 2.090
-107.682 186.475 145.920 2.020
-213.948 -93.283 -61.943 2.116
-140.230 -152.301 30.219 1.993
116.113 -173.854 -20.962 2.186
-188.401 -171.087 -79.338 2.044
-185.846 -129.384 143.573 2.081
178.759 130.999 105.987 1.979
99.809 -29.208 -28.708 2.040
-52.945 42.789 182.297 2.015
-54.914 88.918 -33.041 2.065
-104.841 -171.015 -87.999 2.010
115.217 -45.566 197.103 1.775
111.700 102.035 -34.487 2.083
179.941 22.879 21.557 2.002
130.666 -148.368 125.218 2.119
53.596 -107.405 -66.099 2.044
-189.409 -84.138 50.481 2.053
-216.747 -62.708 -74.228 1.886
-13.883 -141.780 -174.261 2.072
116.994 177.744 -55.450 1.986
98.394 76.869 97.356 1.838
-57.049 -105.390 -178.870 1.952
191.742 -22.782 -177.297 2.133
171.537 17.732 -21.135 2.048
204.062 -121.000 -152.087 2.000
163.021 1.304 -198.852 1.864
43.800 -184.604 11.097 1.824
-88.133 -87.901 -147.290 1.952
219.022 152.362 -90.612 2.177
24.919 -68.285 -171.749 2.012
143.620 109.029 86.605 2.212
-195.187 171.373 -42.247 1.855
-56.617 -171.642 21.101 1.894
206.132 -145.973 -188.073 2.136
-139.256 -45.531 70.445 2.133
120.262 -183.905 -96.348 2.171
-197.491 -146.697 -137.539 2.055
-19.636 120.384 152.109 1.960
-144.294 72.911 -158.258 1.895
-144.944 -153.776 -170.859 2.014
-212.560 -113.195 -86.565 2.115
25.248 15.856 146.268 2.113
-145.304 -170.183 139.187 1.883
156.266 -30.999 81.978 2.201
186.573 -140.069 -33.387 1.990
-142.757 107.751 -146.951 2.215
62.280 -32.497 174.632 1.964
-128.545 -130.319 195.172 2.039
-36.453 90.717 73.078 1.800
-104.025 134.570 135.386 1.934
-123.424 -36.346 -78.636 2.037
-134.705 32.885 -27.045 2.020
-100.070 -83.716 -108.751 2.090
-188.161 130.390 68.364 2.097
-0.130 -142.814 -4.897 2.101
50.836 128.917 -174.475 1.914
139.359 -92.516 -185.136 1.941
129.741 145.072 -184.644 1.988
117.702 11.271 -162.432 1.911
-116.080 -72.464 50.250 1.930
163.343 -109.286 3.278 2.048
-5.898 56.168 48.559 2.129
-103.618 -112.377 182.216 2.011
-73.798 116.384 -152.414 2.044
128.990 -117.526 -94.213 2.203
-58.455 -113.490 -108.850 1.983
-16.582 -35.737 -21.054 2.028
-167.334 -24.698 115.459 1.989
131.812 133.378 118.804 2.051
-101.483 176.220 -179.931 1.878
-9.333 -14.315 62.549 2.025
202.297 133.702 130.057 2.023
-134.086 -60.222 -184.035 2.141
131.430 -27.708 -166.108 1.964
-220.859 83.651 -189.061 2.203
-45.689 -103.056 77.752 2.055
149.947 123.912 197.173 2.020
-110.267 -84.137 45.081 2.053
-12.661 85.111 -7.972 2.057
107.772 68.411 -28.594 1.925
-175.065 -161.824 -161.290 1.894
142.096 121.374 91.825 1.930
67.498 -78.940 -132.408 2.045
-110.264 -28.403 -135.328 2.050
-130.398 -17.114 -162.856 1.985
145.778 155.834 70.902 1.852
-4.874 38.748 181.814 2.123
136.290 27.192 -29.967 1.976
24.644 129.993 79.977 1.830
126.819 -188.820 18.215 2.038
191.067 -82.786 -156.679 2.023
-135.178 -67.878 -119.358 1.967
-51.986 142.916 62.089 2.134
92.521 -144.621 172.564 1.871
172.094 97.991 -63.369 1.899
-18.869 -81.615 116.978 1.884
-155.036 155.734 40.868 2.086
138.693 -52.935 164.715 2.102
-68.677 -168.017 -173.324 2.007
-80.772 122.111 102.168 1.911
145.246 9.444 142.504 2.135
-16.951 -90.353 -83.106 2.135
23.286 136.959 -103.756 2.114
44.987 -122.130 61.839 1.941
135.609 89.237 14.288 1.941
85.772 19.462 -40.485 2.004
-32.908 136.780 -107.156 2.193
-223.973 126.621 -119.933 1.946
-39.004 -116.906 -88.175 2.047
176.673 -43.265 -8.297 1.921
84.558 27.551 146.684 1.977
86.884 -146.232 37.870 2.012
-88.392 -86.240 -191.511 2.034
-110.035 162.006 90.063 2.090
143.725 -158.442 -149.993 2.040
4.338 2.399 107.888 2.057
-48.945 151.529 192.840 2.077
25.127 -23.209 -145.142 1.855
-171.514 84.172 172.250 2.042
67.434 -50.559 -136.083 2.071
-12.226 132.401 112.006 1.782
207.757 -162.770 -57.924 1.935
130.460 155.407 -108.262 2.108
160.587 -149.388 67.349 1.989
103.219 72.187 105.500 2.061
13.292 91.316 142.769 1.982
52.331 -25.293 -184.075 1.750
-19.370 -149.528 -157.411 1.978
14.434 -128.484 -164.462 2.158
75.560 -0.118 70.914 2.048
-140.428 -16.958 135.741 2.189
92.669 146.075 44.079 2.184
143.347 177.993 -87.853 2.064
-209.448 -26.603 -166.434 2.088
-13.055 -44.595 -183.605 1.905
164.988 -57.992 101.313 1.978
76.703 94.282 -148.962 1.952
-100.427 -107.018 -91.617 1.969
-25.432 -109.307 129.808 2.068
140.821 -170.837 167.040 1.893
35.275 -144.291 196.258 1.959
-29.505 -114.008 51.085 1.892
84.921 147.340 42.482 2.078
-98.535 42.589 60.521 2.148
-185.614 108.470 -72.640 1.957
206.170 132.258 81.924 1.854
-15.264 151.502 39.094 2.046
21.472 126.138 181.860 1.977
-177.312 57.033 -20.414 1.912
156.883 -37.994 -135.782 2.039
-74.854 -156.323 -125.463 1.891
136.175 -85.906 -66.110 1.882
-136.316 104.727 -92.411 1.970
-113.151 -180.656 -19.831 2.044
-222.708 92.539 40.453 1.862
93.203 137.533 99.937 1.974
-203.834 129.568 18.478 2.112
58.301 56.895 -125.272 1.963
205.297 -158.355 -11.739 2.149
157.277 108.246 -139.361 1.967
175.978 58.558 105.157 2.003
181.815 39.343 19.462 2.019
-24.724 141.108 125.184 1.928
-54.553 127.692 -163.499 2.074
-212.850 79.244 -159.544 2.022
-207.538 136.608 -0.438 1.948
173.437 -158.643 10.995 2.078
116.582 4.587 -148.286 2.045
-59.945 -51.965 54.829 1.894
27.783 8.939 -40.818 1.930
18.523 -63.876 -187.680 2.027
124.497 -84.619 135.286 2.033
41.883 -11.692 -96.248 2.030
-102.035 -135.421 180.723 2.124
15.177 121.967 -137.839 1.897
45.297 66.008 48.936 1.987
-119.799 -125.455 80.122 1.927
-28.732 68.389 164.042 2.082
-2.517 -114.573 -108.964 1.970
-16.717 -12.735 12.943 1.867
-120.225 135.211 164.311 1.971
-52.030 84.143 70.697 2.087
-208.725 120.997 148.364 2.056
199.000 9.599 -51.614 2.126
90.228 138.450 -98.973 1.984
63.321 -20.549 34.030 2.130
-170.800 -66.760 63.232 1.978
-4.382 162.842 -18.324 1.947
-91.573 94.178 104.407 1.835
10.540 -3.225 -105.890 2.148
-139.909 -124.915 58.338 1.957
182.843 26.214 -152.047 2.075
-121.606 -158.223 165.037 1.963
205.476 -109.916 153.618 1.934
-106.464 115.038 132.741 1.945
-61.704 -89.099 28.365 2.035
203.510 82.326 33.744 1.904
-197.885 -164.107 119.341 1.994
-170.693 84.708 -191.306 1.980
-39.624 125.877 154.299 1.992
202.709 163.974 176.616 1.991
-12.576 -18.588 83.551 1.803
73.959 -68.829 -156.218 2.103
-86.114 37.507 -95.654 1.971
-38.922 -0.398 -43.742 2.069
90.215 73.459 41.813 1.996
-60.058 181.542 39.600 1.890
-17.474 -165.826 153.670 2.211
109.406 -73.898 115.194 1.827
0.687 23.580 171.963 2.027
-138.192 119.518 -56.373 1.997
-78.546 -91.528 -100.260 1.998
-99.873 -86.559 -161.911 1.964
99.858 66.453 -127.256 2.111
145.815 61.775 -89.971 1.885
216.361 -80.715 -110.386 1.843
36.430 -73.027 100.952 1.822
-175.975 -172.680 -132.624 1.965
121.971 100.156 20.579 2.054
21.082 -10.532 -6.308 1.997
-137.398 -134.034 195.255 1.859
220.646 159.251 -171.320 1.908
117.117 -164.593 148.501 1.776
192.792 170.646 -76.107 2.066
210.162 -119.782 -29.118 1.966
-15.688 -124.326 -149.547 1.867
-87.041 -30.315 4.778 1.984
-176.430 138.818 -162.953 1.885
8.243 -77.636 103.983 1.942
-18.486 107.768 -188.876 2.159
-184.072 -111.873 129.234 1.997
-33.417 -178.900 -129.620 1.894
104.058 -6.522 -182.774 1.840
147.990 -25.688 -90.977 1.926
-222.238 -35.019 119.102 2.145
-71.528 22.739 35.122 2.005
-59.341 164.132 -36.986 1.991
32.699 -141.320 163.595 1.903
186.120 163.147 -196.583 1.908
-179.506 37.613 -32.868 2.144
33.329 -59.484 198.082 2.016
-120.508 32.643 -23.382 2.060
97.285 -77.458 81.994 2.044
-160.624 176.702 -40.525 2.052
143.596 -90.217 58.584 1.920
2.337 9.231 146.464 1.992
-195.192 -164.335 -10.138 2.009
136.045 64.575 -179.193 2.157
189.774 105.273 179.704 1.865
136.619 172.368 -30.437 1.993
111.770 -12.768 86.461 2.025
30.463 -117.033 -126.011 2.095
-126.255 -130.378 -57.685 2.030
47.525 -40.367 -123.350 2.133
-180.686 -18.387 -99.290 2.042
-151.199 -99.569 15.460 1.904
68.382 -12.778 -199.656 1.834
-49.307 145.464 76.290 2.104
140.868 109.918 122.310 2.040
49.141 -70.867 118.329 1.888
103.020 155.000 112.721 1.922
140.834 1.034 165.014 2.003
-112.612 149.609 160.483 1.997
3.642 -169.398 -57.798 2.013
65.500 184.829 -155.988 2.026
136.317 -182.832 194.351 2.116
104.734 50.428 109.260 2.115
-2.080 -12.363 -158.081 2.000
-120.568 9.726 152.422 1.905
-31.638 -179.432 86.644 2.045
89.941 46.774 60.614 2.077
-11.126 149.186 1.492 1.972
-136.894 64.935 -75.127 2.137
44.752 -185.591 194.585 2.138
-182.093 96.889 -101.551 2.048
60.700 153.719 -13.297 1.927
197.323 -91.345 29.162 1.938
88.846 -76.336 -53.226 2.037
-57.861 148.364 18.948 1.996
170.876 33.282 -166.957 2.021
-118.989 68.164 78.386 2.002
-108.038 178.443 145.977 2.122
136.355 -34.637 20.744 1.898
-55.207 -23.455 -67.916 1.922
145.553 127.126 -94.092 1.957
67.343 26.455 21.736 1.858
-191.102 -69.824 71.843 1.729
-12.453 83.173 58.184 2.003
-19.995 157.092 183.545 2.055
-107.264 -1.975 66.248 1.923
-53.130 87.539 -98.274 2.070
111.673 91.311 66.385 2.020
-93.755 22.028 83.888 2.115
19.349 150.308 -80.502 2.021
-120.235 -127.463 154.145 1.897
14.613 117.675 -51.255 2.162
-148.811 176.406 49.944 2.097
96.387 -133.798 -151.908 2.047
-212.854 -180.316 -2.817 1.932
-71.513 -60.072 -78.363 1.802
103.467 5.471 -17.532 2.068
109.834 -0.791 82.213 2.146
-29.727 -177.748 187.872 1.873
66.245 -79.729 77.480 1.793
-23.936 -114.776 -157.773 1.885
-210.263 127.075 149.434 1.997
143.363 -31.141 -180.366 1.874
-174.553 -141.947 -48.713 2.046
212.057 -45.235 28.639 1.985
102.727 -20.966 -28.653 1.887
41.850 -65.698 -181.483 1.921
-126.542 43.048 9.331 1.960
-106.083 -70.286 138.319 1.845
-215.019 127.900 112.704 1.951
146.580 133.891 -43.949 1.957
-97.834 109.846 -131.848 1.969
86.895 -57.657 -90.461 1.771
-217.973 -185.496 1.302 2.199
177.148 -112.019 -0.425 2.120
13.945 -129.968 97.148 2.057
-17.598 -23.525 171.403 1.925
-55.912 -66.652 164.600 1.869
-208.112 -52.709 70.430 1.851
168.902 -149.843 121.797 2.026
-120.893 155.376 -44.530 2.300
-80.567 -59.522 -130.493 2.003
-13.168 -71.433 -139.959 1.983
-144.746 -36.894 38.343 1.768
156.445 43.186 153.545 1.989
11.276 6.086 -126.789 2.009
-162.662 128.538 151.291 2.059
-18.810 -69.352 -32.798 1.888
-5.005 -154.687 170.548 1.881
192.913 -109.948 134.521 2.048
205.664 -126.879 51.380 2.043
110.301 72.202 75.839 2.033
-80.476 65.793 -27.698 2.082
-205.674 166.825 33.143 2.018
-213.032 -49.221 -133.772 1.874
-98.224 -76.783 30.952 2.041
-16.329 45.409 109.871 1.914
173.372 -121.121 -82.717 2.163
-157.318 167.269 162.528 2.026
-104.957 165.911 70.778 2.004
-124.608 -19.228 103.494 2.199
162.653 85.628 1.031 2.110
186.080 91.750 192.894 1.749
58.476 -115.883 -16.507 2.030
-211.993 -63.286 -21.838 1.905
62.351 175.350 -121.061 2.113
56.521 146.203 83.783 1.859
-4.791 -46.920 55.896 2.057
-50.452 169.518 -192.533 2.126
6.158 3.031 -55.028 1.911
93.041 -13.754 -81.573 2.030
-43.245 95.720 -31.865 1.895
37.109 -34.749 -131.995 1.884
164.484 91.203 -1.990 2.019
212.098 -5.384 175.709 1.990
129.332 -5.273 -35.779 2.241
42.026 -64.747 118.759 1.957
-76.981 -22.740 162.274 2.108
99.509 -165.606 52.290 2.096
-74.837 -10.445 199.582 1.867
22.722 171.213 -43.811 1.977
-8.679 33.988 -46.122 2.083
-37.222 -54.036 -19.875 2.163
49.276 171.646 142.860 2.137
-189.346 129.864 -49.423 2.060
-216.932 -91.898 131.494 1.960
219.805 -9.129 153.973 2.236
-7.296 8.227 172.101 1.807
-163.763 65.601 -107.506 2.028
92.771 135.680 12.686 1.812
-179.837 51.469 10.915 1.837
-179.790 7.549 23.433 2.086
-162.620 -161.383 -124.396 1.935
-138.748 164.608 117.432 2.044
-177.540 100.516 153.012 1.879
-98.640 134.043 142.130 2.021
-71.932 144.152 131.056 1.985
-45.583 -137.552 189.329 1.943
67.973 -146.774 -14.187 2.023
66.415 64.444 115.185 2.135
-18.839 114.503 -2.750 1.995
-11.310 23.362 65.208 2.050
158.945 -107.631 192.673 1.983
-96.183 -144.076 19.820 1.931
-196.474 53.881 -61.851 1.796
1.826 171.319 124.806 1.958
-89.027 24.286 51.512 1.869
-101.656 54.693 -164.660 1.888
-160.910 89.262 52.617 2.149
118.525 -27.083 13.389 2.010
-76.459 171.500 34.538 1.887
-132.882 -149.820 50.125 1.991
-220.773 -65.790 151.514 1.976
-15.599 139.030 196.113 2.079
154.478 132.338 49.539 1.941
-122.709 -70.105 133.525 2.144
-202.316 -176.824 -11.276 2.022
-154.613 -3.223 -83.990 2.220
29.832 -37.127 56.868 2.025
92.366 48.231 -185.565 1.942
150.797 1.560 -105.660 2.009
-97.415 -166.263 -113.323 2.029
68.690 122.643 -82.836 1.996
52.535 69.231 -122.513 1.878
163.127 102.905 -171.124 1.987
128.116 139.254 -2.841 2.073
28.068 -17.832 180.749 1.914
156.316 170.020 -150.134 1.902
-157.254 71.874 -72.415 2.124
-152.376 130.041 107.841 2.075
101.848 -152.486 183.767 1.978
31.218 -176.239 63.516 1.998
-127.319 -132.365 -33.837 2.036
-0.965 119.827 162.201 2.015
171.248 15.777 95.812 2.031
85.288 -3.685 -70.212 2.044
18.639 51.096 -180.749 2.109
-8.092 44.374 -198.773 1.930
124.960 -122.640 112.106 2.087
44.341 28.502 -81.889 2.052
42.194 -146.964 -122.501 1.943
86.774 24.102 53.994 1.927
141.030 122.599 -162.880 2.028
-78.532 -162.519 20.930 2.027
-75.497 -73.449 -106.542 2.012
-206.708 170.266 -176.390 1.981
-194.531 -97.245 -187.881 2.034
-6.388 156.887 -141.347 1.881
-25.990 -18.046 -83.071 2.045
-113.878 -89.322 -141.300 1.737
-121.438 146.592 77.400 2.139
-129.850 -160.455 -61.599 2.096
-100.671 -58.020 -110.815 2.071
-169.887 -18.924 -191.257 2.085
-168.042 73.167 -150.722 2.240
24.194 24.724 119.772 2.093
-39.157 104.002 -160.197 1.894
184.442 -8.360 176.067 1.808
-203.743 100.765 -96.790 1.975
188.632 -43.487 72.262 1.987
25.646 168.549 85.258 2.032
-114.944 -13.037 -169.824 1.922
-29.353 95.240 48.903 1.817
223.324 111.362 -90.280 2.052
-35.361 103.236 59.849 2.064
54.793 -75.903 155.223 2.132
44.126 0.672 -24.810 2.146
25.950 150.334 -137.676 2.146
199.543 -73.553 -196.281 2.009
16.389 38.732 101.269 2.034
-130.822 88.242 -38.649 1.813
-215.682 0.945 -78.038 2.220
116.290 74.485 138.199 2.048
-128.919 117.107 -174.590 1.940
134.037 31.836 68.173 1.869
-219.412 152.380 77.612 2.127
-181.646 189.137 -4.270 1.967
-90.137 72.971 72.157 2.102
-47.762 -22.239 -43.552 1.917
-20.278 -9.426 92.231 1.954
-90.899 -186.292 158.255 1.953
169.929 -41.316 20.619 2.033
-96.827 8.105 -24.697 1.876
149.923 -86.466 193.038 1.919
210.121 -176.772 160.920 1.974
51.384 2.115 167.937 2.069
71.752 -19.976 36.123 1.954
122.392 -86.607 -143.268 1.794
143.850 113.215 -69.764 1.789
-23.300 179.982 -194.738 1.819
-100.376 43.849 -61.860 2.082
42.367 148.678 51.309 2.141
-51.272 -11.892 -26.454 1.923
100.971 -53.382 -78.798 1.983
-126.085 153.000 3.525 2.082
-40.748 -158.964 186.407 1.967
171.495 56.862 -183.773 2.149
162.261 -124.256 -72.601 1.840
80.220 83.035 -167.877 1.968
-114.906 62.782 111.667 2.042
-204.203 79.748 50.627 1.852
34.756 133.669 -194.609 2.077
-47.884 64.235 1.143 1.922
70.272 59.410 -141.538 2.157
36.881 75.677 144.186 1.873
174.808 184.645 95.885 2.006
5.425 97.569 -10.218 1.837
130.057 -68.747 179.522 1.960
-33.205 -141.675 41.941 1.994
86.793 -67.704 -58.299 2.030
-128.792 100.469 -122.729 2.202
-15.142 97.342 67.412 1.971
-200.527 80.404 -151.173 1.996
-78.966 -99.215 -14.915 1.899
-37.994 31.310 155.200 1.992
169.125 66.402 -181.347 1.973
-28.348 93.716 -139.082 1.967
35.739 123.787 -133.684 1.960
-41.208 131.896 -171.668 1.839
-29.472 -5.175 -41.783 1.998
52.731 41.378 3.609 1.957
-71.288 -142.448 84.821 1.962
-0.893 64.645 -82.207 2.089
216.278 2.484 185.836 2.174
198.108 -65.412 56.649 1.803
210.438 -7.067 124.366 1.830
213.666 124.351 -159.900 2.149
-137.152 -22.905 35.432 2.030
221.982 -5.403 88.367 1.972
-60.629 47.484 -65.454 2.024
-160.287 -103.195 46.478 2.069
88.409 7.972 -74.535 2.086
-186.096 102.025 -166.419 2.051
163.808 65.919 -84.521 1.983
178.026 131.343 126.471 1.974
-83.601 -11.796 169.850 2.011
-103.310 -124.730 127.725 1.947
99.204 62.133 -87.004 1.930
-146.090 -24.904 175.285 2.054
53.561 175.700 119.758 2.005
159.272 49.596 -136.807 2.063
-138.762 166.914 105.779 2.076
196.734 84.131 7.658 1.969
-147.684 -11.279 24.206 1.873
-5.316 144.516 -178.649 2.126
-174.970 106.936 28.382 1.924
5.515 -37.567 57.026 2.036
124.622 -19.040 76.909 1.943
139.505 -184.710 140.588 2.071
-25.779 4.689 -168.737 2.000
127.293 -164.907 90.487 1.984
-63.482 -151.085 -8.970 1.961
9.496 -162.028 85.485 2.182
185.996 153.547 -197.830 1.928
169.594 -112.431 -121.478 1.943
-194.600 -121.524 -55.093 2.097
118.822 114.640 -191.263 1.992
-9.343 -72.858 185.092 1.902
-128.083 64.693 63.425 2.085
53.089 -99.709 -32.218 1.997
114.647 -75.430 94.498 1.877
-158.953 -32.372 -57.661 2.061
137.282 -129.701 119.096 1.931
-62.940 123.251 -171.718 2.034
-184.074 16.330 -66.502 1.946
90.548 136.704 47.227 1.935
20.934 55.529 -102.646 1.913
61.768 -43.502 102.973 2.051
-30.982 -94.542 82.870 2.157
175.358 147.205 197.824 2.185
-193.721 152.194 1.173 2.206
-128.640 127.042 -97.044 2.124
-53.738 13.186 168.775 1.941
-77.439 140.424 67.930 2.027
-184.032 -144.027 126.442 1.941
169.952 16.370 -195.225 1.869
117.677 77.220 -70.471 1.911
-83.591 -189.031 69.134 1.998
-195.473 172.328 30.044 1.932
52.043 98.926 -69.094 1.974
85.989 -77.724 82.403 1.940
151.787 187.270 160.206 2.023
97.076 -174.587 -156.781 2.110
-183.746 142.349 32.512 2.034
20.924 -129.557 -109.653 2.077
-62.259 35.727 95.939 2.008
-13.748 -21.465 100.088 1.966
-86.832 -22.865 184.491 1.970
-218.148 -71.569 93.866 2.106
-22.460 -19.822 154.704 1.924
-129.016 48.168 26.308 1.872
75.225 -63.423 151.305 1.875
-30.221 -86.661 95.779 1.898
-71.628 134.623 140.289 2.055
0.222 -110.600 -69.715 1.900
-169.415 63.661 -27.120 1.909
155.464 63.348 78.647 2.000
-214.516 43.642 -151.425 1.924
145.028 46.393 177.251 1.880
-92.272 -15.548 199.280 2.014
51.416 136.223 -66.512 2.182
15.816 -23.134 135.570 2.113
208.515 -163.357 -116.052 2.123
115.788 63.412 51.738 2.031
-180.718 -46.775 8.994 2.021
-49.968 -24.235 -174.438 2.025
37.492 11.246 -117.584 2.069
63.123 117.626 76.301 2.155
-147.858 157.675 13.236 1.926
63.071 -13.777 -100.558 2.078
78.679 102.119 -49.338 2.015
196.565 162.534 74.396 1.874
-26.457 -39.137 -20.652 1.839
-203.400 104.743 186.073 1.996
-164.122 -110.883 71.066 2.138
167.468 -125.658 -144.944 2.002
-158.439 44.269 -187.587 2.033
-126.099 174.352 -0.235 1.979
94.210 120.676 -68.761 2.185
-98.940 -4.577 165.282 2.007
122.319 9.064 118.768 2.234
133.247 -93.264 191.543 2.090
195.792 17.768 77.331 2.198
-135.776 105.556 -129.880 1.875
181.321 -103.133 -65.201 2.008
118.390 118.445 100.198 2.012
-1.373 -134.734 128.681 2.020
-153.752 156.397 -71.465 2.097
-199.944 173.065 -72.011 1.918
-5.998 -70.423 181.192 2.090
111.623 118.709 -73.683 1.890
106.970 92.237 190.935 2.100
65.868 156.177 -86.281 1.986
-22.751 -93.104 133.725 2.184
-102.371 22.369 -187.852 2.137
-201.221 -160.123 171.908 1.974
-7.891 68.275 168.362 2.135
-137.976 -168.789 -71.101 1.804
-204.729 145.239 -40.035 2.213
82.510 -165.210 -194.394 2.076
-17.551 157.005 192.811 1.890
-41.450 -25.775 -88.977 2.094
211.762 -49.180 -169.530 1.853
24.708 121.998 10.919 2.047
-108.175 -17.312 -21.856 2.021
-53.740 88.550 -41.538 2.002
-219.821 52.043 -27.316 1.945
-51.956 -65.642 -163.469 1.939
183.557 -103.492 -184.048 1.796
-136.695 -68.537 187.884 1.929
-6.584 -30.431 -143.284 2.108
-106.023 125.586 102.631 1.880
-203.733 -129.226 -198.505 2.037
116.064 164.301 103.155 1.970
-211.221 -188.006 112.300 1.915
-156.123 -189.791 186.324 1.998
24.550 -161.451 -31.648 1.929
152.610 -89.970 -75.100 1.947
-197.777 175.350 -20.407 1.997
32.342 -91.210 -29.469 2.130
205.050 -50.544 89.612 1.795
172.625 134.469 -145.680 1.992
-22.241 92.462 21.653 2.047
192.101 -18.042 -199.908 2.095
-170.188 112.278 162.202 1.834
-95.991 -162.734 -153.117 2.103
209.924 -48.725 -167.242 1.991
52.191 1.094 110.870 1.862
-57.097 -84.054 -58.658 2.007
25.760 127.414 16.029 1.852
138.436 -71.096 -150.806 1.835
-154.869 -9.582 3.398 2.144
-118.459 59.947 -177.181 1.858
-181.497 157.605 160.090 1.996
-38.544 -102.689 136.162 2.140
-174.178 -81.783 -68.255 1.974
-168.619 -130.029 -110.951 1.943
-44.100 4.732 33.621 2.155
139.836 20.154 -19.315 2.033
-191.252 132.273 -106.518 2.122
-139.940 113.510 196.363 1.880
-148.208 -12.362 -153.294 1.806
-4.136 129.139 -56.684 2.078
211.266 -101.015 -77.465 2.078
134.867 148.695 179.261 2.015
148.070 -99.393 -197.495 1.837
-59.804 -63.064 67.030 1.960
-50.180 -96.596 -119.273 2.107
179.144 -45.090 -159.909 2.046
-176.080 -172.495 17.605 1.906
28.190 -153.394 108.680 2.048
-179.277 -135.049 28.033 2.109
138.222 2.045 -61.759 2.161
8.767 188.578 170.225 1.995
-224.873 -141.378 -54.722 1.992
175.568 -75.160 27.560 2.034
125.473 -28.121 77.240 2.143
92.065 48.104 -30.113 2.060
-7.145 117.187 -48.028 1.989
92.112 -58.189 -151.264 2.220
14.981 133.362 90.972 1.969
-195.786 133.163 -141.708 1.829
-100.331 -150.568 96.847 2.082
-20.668 -30.827 -49.874 2.008
137.924 -96.972 193.925 2.046
29.103 35.020 64.463 2.090
142.834 -175.597 -198.121 2.126
207.111 157.953 9.814 2.024
-62.206 -57.803 -10.594 1.816
-133.544 8.181 -79.964 2.022
-85.653 -40.342 156.616 2.132
30.031 88.599 143.594 2.070
-109.417 138.092 -69.905 2.176
-69.753 16.748 98.298 1.935
-112.618 79.913 -90.656 1.876
-155.405 -185.991 177.575 2.165
145.171 -138.624 173.273 2.054
96.620 76.860 49.526 2.031
71.475 56.199 60.381 2.105
