80.243 -5.077 -197.004 2.033
-181.861 68.846 -187.726 2.068
-162.514 -103.919 22.659 1.869
-199.452 -184.094 43.026 2.064
25.756 100.897 -93.878 1.921
74.735 -131.912 -6.066 2.063
-136.087 -129.504 -174.673 1.959
53.246 -63.337 -172.082 1.963
79.118 110.906 -48.736 2.080
-5.033 175.734 112.090 2.081
-203.037 85.776 138.936 1.829
224.109 104.623 78.601 2.174
158.117 23.924 86.375 1.790
219.403 -16.605 -45.259 1.987
33.637 153.248 78.485 1.928
-200.663 181.497 164.666 2.156
-27.190 34.322 11.148 2.023
-178.769 -42.911 167.256 1.998
-65.395 -122.635 -146.925 2.125
-66.828 19.890 42.926 2.219
132.619 51.724 124.351 1.908
-148.711 87.102 -81.044 1.996
-187.379 142.619 115.145 2.063
-151.315 -78.514 -124.228 1.883
161.675 162.081 48.949 1.826
83.268 -121.804 137.911 2.328
-189.964 -161.952 110.027 1.774
-42.097 120.644 -37.240 1.957
-188.050 -56.381 30.536 2.102
194.855 -66.619 -141.203 2.048
-106.494 188.153 99.258 2.090
204.394 169.121 -140.959 1.973
190.504 148.745 -33.531 2.059
-67.074 -119.838 -13.174 2.139
-162.627 -12.667 -188.086 2.066
-25.215 32.983 -33.041 1.998
100.500 -68.834 -131.142 1.966
-75.004 -80.911 187.625 1.791
-207.251 -76.721 -99.715 2.044
-95.157 1.158 129.958 2.148
-136.694 15.492 -139.462 2.033
-94.586 118.598 108.437 2.215
-30.515 -58.461 43.965 1.945
222.297 -76.727 49.374 1.987
172.590 109.850 55.456 1.914
-132.795 57.119 -156.591 2.038
156.353 112.495 -79.845 1.954
204.679 100.138 -158.901 1.990
-163.624 184.917 -104.306 2.023
56.873 -179.275 -177.166 2.182
-49.992 -158.713 181.943 2.049
-20.007 -82.318 -170.584 1.916
68.148 -116.153 108.154 1.820
13.452 -67.557 196.693 2.113
-177.839 -18.779 -2.543 2.015
24.972 -148.694 -114.782 1.970
-197.338 -84.711 167.567 2.093
183.194 -162.581 -65.203 2.035
-71.738 158.987 109.577 2.050
-58.606 -57.622 64.387 2.074
171.277 65.250 143.828 1.936
-83.654 99.390 -140.518 1.918
141.913 -20.968 -156.090 2.137
-31.568 -48.768 193.870 1.948
-18.820 17.683 -145.530 1.928
200.013 162.888 -68.667 1.974
-26.060 136.024 -16.649 1.890
-64.374 -121.300 156.608 2.042
-203.208 -81.713 -128.401 1.912
-45.979 -117.719 4.604 2.132
-128.406 -108.862 -126.438 1.952
-62.319 -42.229 171.570 1.868
-190.003 77.436 -139.506 2.083
103.219 -159.025 -105.004 1.959
-30.760 89.682 104.407 2.144
168.006 123.691 -58.510 1.943
14.837 -67.951 -168.943 1.995
51.569 -140.899 196.325 2.150
-142.082 -68.202 148.675 2.060
-220.892 72.391 -115.669 1.772
-59.374 145.916 -166.856 1.985
-163.390 -127.076 20.110 2.037
-30.871 -47.517 107.764 2.102
-56.598 -161.438 33.751 1.954
-67.864 189.206 -89.330 1.853
223.216 108.135 -135.927 2.104
175.575 -59.430 159.680 1.936
-175.842 94.142 -153.043 2.090
143.092 69.483 -108.932 1.753
-168.380 44.065 96.107 2.017
97.140 168.441 110.405 2.085
92.653 155.502 118.179 1.898
-51.143 -68.937 -97.059 2.092
109.190 -80.729 -155.756 1.847
158.380 -97.349 93.161 2.108
-70.029 -130.993 -118.203 1.964
64.144 -133.186 78.811 2.097
83.305 -143.914 82.301 2.100
141.883 48.511 -25.627 1.971
193.777 135.349 23.960 1.980
-6.848 -44.772 -163.350 2.101
-166.442 -163.972 -93.330 1.872
-17.957 14.893 -11.479 1.932
-43.799 86.501 -152.561 2.090
165.424 -21.830 -68.817 2.004
-10.960 108.536 120.428 1.922
-221.713 141.461 180.872 2.132
-142.217 -103.878 124.328 1.947
-13.208 -50.005 33.078 1.969
107.808 124.876 43.820 2.125
-119.507 -172.409 15.961 1.907
106.896 72.231 -169.968 2.043
105.225 103.255 178.409 2.107
214.891 85.003 122.653 1.943
-16.724 -45.552 -185.194 2.129
208.488 -63.354 -76.303 2.069
150.907 52.988 -82.129 1.956
-142.433 115.051 -30.429 2.092
16.206 156.330 50.030 1.954
-63.724 -153.321 -185.441 1.830
-73.415 -140.763 126.931 2.004
-172.606 42.686 -95.508 2.064
42.151 181.203 -59.391 2.012
-200.078 -115.264 117.128 2.097
84.837 -153.439 -98.403 1.904
132.406 -143.992 36.219 2.140
57.860 -82.100 -21.677 1.940
-45.407 -61.851 112.502 1.967
147.645 -133.661 56.992 2.037
-102.500 175.353 -14.206 2.083
34.250 -115.355 -14.981 2.017
123.523 -157.910 109.583 1.927
16.708 110.021 61.610 1.973
-44.559 -153.320 -95.012 1.950
42.889 -127.523 59.065 2.014
8.290 -178.537 171.077 2.034
119.551 -131.694 80.786 1.938
117.343 115.621 149.418 2.155
6.063 -58.473 -77.109 2.119
146.990 -43.382 -30.885 2.041
147.740 143.519 42.709 2.019
-156.377 153.457 -103.145 1.962
223.050 183.521 -96.518 2.007
97.212 -86.590 -28.052 2.128
-77.156 -140.474 -30.081 1.853
148.543 -156.476 -43.495 1.841
-152.932 -48.384 -149.521 2.053
152.426 78.813 55.624 1.912
48.264 184.242 14.342 1.885
-170.064 163.597 -32.532 2.030
-64.213 41.302 159.801 2.000
-202.666 134.472 170.811 1.828
-27.009 133.855 165.559 2.189
-199.198 -116.634 9.640 1.973
-54.276 181.379 36.872 1.973
-10.728 -72.211 -15.252 1.957
136.449 -65.194 -10.109 1.871
-82.313 140.002 126.157 2.021
-150.673 -93.590 -60.437 2.004
-73.518 187.699 26.263 2.206
-153.916 -119.283 39.718 1.989
122.095 161.481 192.701 2.014
-132.139 164.450 -198.020 2.064
195.470 -150.255 100.984 2.093
51.050 -71.851 -2.905 2.186
-64.300 -74.366 -104.599 2.137
-198.990 61.155 54.817 1.865
-157.208 -116.883 90.157 1.784
-191.905 -119.859 52.080 2.144
138.604 -182.028 -14.004 2.040
11.981 138.696 93.037 1.835
-68.824 181.406 -41.587 2.089
-202.060 -104.829 -185.589 2.195
-114.895 56.834 -50.104 2.019
15.316 100.099 120.246 1.976
-148.500 54.646 -52.529 1.845
173.957 -3.279 -174.006 1.864
100.078 -20.914 -25.690 2.093
155.732 -106.406 16.006 1.874
-132.086 139.120 149.346 2.013
-204.526 169.590 -101.715 2.080
-203.716 139.237 12.089 1.949
36.053 26.615 65.140 2.057
16.864 29.828 150.324 1.807
81.338 -108.122 78.814 1.983
-56.015 116.227 162.506 2.200
25.366 -30.083 -166.194 2.048
-122.892 40.770 13.281 2.068
-94.101 -83.436 -83.557 1.921
-31.496 54.324 -37.048 2.054
-18.995 156.165 -92.232 1.994
-177.438 -78.912 76.245 2.134
3.998 74.055 -105.136 1.873
171.147 -9.291 108.653 2.166
205.586 69.879 -73.464 1.988
-136.639 100.377 -75.275 2.061
-27.667 14.971 -28.677 1.948
-24.915 -164.283 72.785 1.946
-76.483 62.013 148.358 1.944
113.267 72.562 -64.457 2.074
93.329 189.341 -143.310 1.903
-40.942 -39.986 54.459 1.905
80.016 -87.694 -169.691 2.179
181.632 145.649 -95.177 2.096
125.677 86.152 158.304 2.045
210.244 -186.042 -22.956 1.965
-103.570 76.488 162.431 1.825
24.832 169.556 142.219 1.917
35.543 80.825 -77.735 1.986
-63.050 -18.219 56.245 1.855
214.949 -81.514 -24.145 1.992
-137.186 132.213 -151.145 1.813
0.200 -85.895 136.195 2.261
-184.888 137.268 -2.389 1.942
100.737 -164.922 -186.421 2.069
141.690 15.929 117.684 1.983
134.007 43.274 121.280 2.112
183.712 -46.650 -35.193 1.927
-5.215 9.762 -7.132 1.814
-205.052 -82.649 85.193 1.829
-66.374 -47.000 28.601 2.122
-78.759 71.641 9.376 2.121
-141.793 46.333 -149.314 2.186
68.405 39.616 181.946 1.784
-26.585 -50.564 -104.565 2.089
6.675 170.730 57.666 2.001
131.899 -73.192 -145.306 1.952
-9.437 63.232 -112.601 1.883
81.284 -8.281 -6.098 2.046
212.903 -114.108 -155.907 1.858
-13.174 36.733 187.764 1.981
-105.804 -178.485 23.714 2.045
-26.323 -13.543 -15.422 2.012
208.884 43.902 79.765 1.960
120.985 -97.489 -94.841 2.019
-128.712 -107.163 -162.791 1.922
-148.992 -55.890 -122.546 2.093
58.842 -32.179 -29.989 2.003
144.574 -157.790 -175.792 2.026
99.848 82.402 166.175 2.038
-48.224 -2.921 -89.508 1.851
206.526 150.189 176.248 1.928
118.889 8.207 127.860 1.932
-46.255 -29.324 40.398 2.109
-163.921 -71.992 -104.749 1.890
24.215 -31.856 -148.160 1.902
-146.503 -130.758 -177.076 1.865
-208.415 76.476 51.406 2.039
36.327 169.788 -106.538 2.071
223.175 150.873 -121.169 1.947
9.240 -32.635 10.874 1.856
30.517 142.134 154.285 1.991
-186.316 -180.657 -99.992 1.987
135.238 -91.645 46.475 1.941
16.365 50.330 39.152 2.028
85.500 -41.551 -121.408 1.991
-196.911 115.760 94.064 2.076
43.951 150.644 -108.265 1.808
43.060 187.085 105.113 1.900
223.709 99.391 116.523 2.032
82.373 21.503 199.917 1.956
74.292 132.557 60.683 2.155
-135.200 -157.208 130.960 1.831
85.553 20.524 61.029 1.892
-33.831 10.062 131.796 1.910
187.527 100.939 156.135 2.237
172.398 -106.866 -157.827 2.008
201.355 106.940 -146.833 1.883
167.879 113.514 -66.605 1.859
-172.408 131.346 -144.769 1.887
112.094 55.795 -88.238 2.124
68.906 -105.540 124.214 2.166
78.600 57.252 192.168 1.924
109.544 -98.411 91.991 2.119
134.270 71.709 -189.672 1.873
53.314 131.114 89.641 2.048
-19.263 -69.534 104.240 1.858
122.233 28.122 -24.369 1.937
-209.017 -56.271 -39.915 2.020
214.033 -71.443 -0.669 2.013
-212.151 -114.121 -65.208 1.968
165.830 -42.165 72.913 1.957
-162.619 25.914 -34.114 2.091
-85.590 49.101 -11.397 1.973
-214.507 159.098 67.364 2.046
-19.309 145.143 -60.382 2.010
-92.068 141.373 30.533 2.094
172.009 81.536 72.443 1.939
-12.280 81.149 123.441 1.950
-216.796 179.557 115.333 2.143
-133.380 -47.537 23.429 2.145
-169.490 61.474 126.864 2.141
14.494 -79.610 189.028 1.879
-198.886 -119.059 -151.329 2.060
-26.420 136.791 -169.162 1.958
70.825 76.874 -170.804 2.016
-201.298 124.013 -131.509 1.969
50.784 -118.635 -156.469 1.971
-62.918 5.870 42.781 1.983
-56.035 168.106 -122.053 2.007
174.975 -90.965 -21.450 1.997
21.492 143.359 -72.899 2.003
-93.579 83.394 66.085 1.841
171.565 19.753 -99.165 1.955
-116.729 -169.877 65.221 1.987
43.798 -186.150 80.112 2.221
-19.143 170.834 140.989 2.039
-58.225 32.647 148.077 1.991
-59.188 150.831 -119.809 1.911
124.735 -30.841 172.040 2.044
-60.989 132.575 -144.976 2.080
175.729 46.052 -105.032 2.048
-34.074 104.119 33.209 1.973
117.292 89.419 112.738 1.937
-98.914 -2.488 108.983 2.050
-76.218 -70.556 155.475 1.944
60.493 -62.334 2.115 2.109
77.292 98.572 -163.314 1.994
22.558 172.463 -77.871 2.065
-179.626 129.820 191.000 2.025
-145.589 21.148 -198.930 2.092
121.645 -1.552 -174.878 1.977
58.251 144.770 -60.029 2.027
59.700 -113.398 -16.823 2.050
113.086 96.137 -79.399 2.051
195.998 -23.582 168.028 2.129
-26.143 130.654 69.882 2.066
126.257 -83.450 -122.393 1.921
-200.377 90.978 -166.118 1.954
65.845 -13.703 -103.566 2.005
-11.388 -10.069 -173.958 2.153
-51.858 -66.417 142.329 1.942
14.265 105.954 133.602 2.103
172.208 -107.006 85.923 2.130
203.683 38.356 -146.120 1.883
-153.879 -52.914 -12.312 1.992
142.667 133.987 -96.217 2.101
212.086 162.356 60.500 2.181
9.399 109.535 114.551 2.156
183.500 -120.103 65.672 1.984
-174.548 -176.779 -84.342 2.042
-50.492 48.537 77.154 2.094
89.452 61.141 -30.422 1.987
-16.228 -122.451 163.100 1.905
-111.781 167.546 123.214 1.901
-108.431 123.523 -29.958 2.035
37.148 -10.021 45.997 2.002
-80.836 -165.804 26.999 2.014
81.087 -173.031 186.273 2.030
77.756 33.414 40.784 1.903
30.357 150.999 -104.078 2.119
-159.988 -163.153 -60.685 1.992
51.625 98.922 -83.773 1.968
-66.191 -141.325 -29.316 2.096
86.922 -94.086 -116.783 1.996
56.943 -47.678 -168.592 2.123
75.321 -46.398 -97.465 2.124
-146.332 -127.875 55.250 1.927
-215.758 175.495 69.131 2.020
-152.078 -146.063 -156.851 2.174
-145.582 37.864 103.345 2.072
57.586 0.156 143.205 1.931
29.401 175.822 -172.741 1.745
15.140 111.068 159.843 1.960
-125.833 138.146 -68.282 1.897
218.075 -147.700 133.977 1.791
24.917 173.402 4.991 1.903
-49.549 -33.592 151.340 1.964
-157.417 171.286 27.764 2.045
28.752 101.715 94.282 2.078
-155.278 -13.530 -161.571 2.043
35.654 72.245 -104.209 2.004
64.344 29.021 -67.019 1.983
54.479 42.171 159.827 2.023
164.936 -150.396 108.325 1.863
-141.333 23.826 -106.455 2.078
59.863 22.636 -98.223 2.068
-38.060 97.608 -152.086 1.990
220.226 -66.144 157.875 2.020
156.898 100.295 -141.298 1.966
171.848 139.589 -40.337 2.059
201.597 92.000 -39.519 2.029
-150.752 21.998 43.932 2.049
-142.339 149.220 187.660 2.068
141.267 126.398 -131.166 1.905
56.627 131.663 -10.421 1.853
-212.898 -54.186 117.514 1.932
-142.314 -141.469 12.094 2.021
-40.531 -44.828 -162.285 1.969
-188.177 -65.023 171.560 2.219
208.342 -177.052 131.358 2.108
107.168 -80.169 -130.986 2.015
10.233 59.587 145.374 1.999
-206.908 52.681 -77.495 2.108
19.453 -142.539 -17.364 1.780
162.416 151.580 67.436 1.998
-137.531 125.674 -157.435 2.021
-207.831 -85.156 -17.136 2.106
75.946 70.086 -86.749 2.118
-0.815 62.780 -82.898 2.184
86.547 -157.777 4.146 2.015
145.435 183.393 -180.873 2.101
18.601 -109.372 42.882 1.997
-147.391 -111.170 74.888 2.103
218.701 -148.209 197.087 2.050
126.695 -134.905 192.019 1.863
159.197 -5.113 92.400 2.113
15.469 124.036 91.610 2.075
161.809 142.520 -149.416 1.925
53.390 -34.981 -101.646 1.854
163.200 8.012 165.339 1.939
113.029 -188.914 -13.528 2.000
103.333 99.465 151.897 1.950
199.839 -173.446 -182.323 1.961
-54.582 -160.295 -20.324 1.970
-86.440 32.907 44.965 2.052
-137.986 -178.694 75.879 2.031
-89.654 -93.484 -18.894 2.088
-118.401 -154.826 -5.786 1.911
141.409 93.232 74.972 1.968
213.178 -124.492 85.845 2.256
-94.682 179.310 -63.297 2.178
-172.997 -55.138 -180.845 2.080
-189.130 58.246 85.656 1.820
185.226 38.546 -10.831 1.931
-118.183 113.608 8.638 1.963
196.089 -143.269 -138.088 1.900
-109.849 -61.333 -56.405 2.246
150.050 -150.751 8.054 1.917
-65.248 182.496 -146.384 1.966
-80.102 -158.703 183.752 1.885
53.383 40.112 149.364 1.871
218.499 -56.147 25.932 1.950
-193.291 187.688 -159.514 1.901
99.119 42.510 129.150 1.917
-148.160 1.099 -46.551 2.059
9.396 -178.833 -117.391 1.925
210.484 -90.879 -104.488 1.930
-133.380 19.801 -76.040 2.187
125.630 182.135 -27.753 1.885
88.284 -20.595 48.690 2.044
196.911 -84.181 59.025 1.788
-67.311 -141.290 156.906 1.937
189.276 4.803 -166.964 2.009
128.571 145.223 171.257 2.150
15.266 107.522 114.283 2.014
175.861 152.360 -170.382 2.082
-89.217 144.028 -119.569 2.058
197.877 -20.388 -138.679 2.052
-113.654 130.956 33.817 2.037
178.462 -15.601 -97.575 2.114
-184.346 -17.549 -154.509 1.947
-218.747 4.169 -51.480 1.996
-155.242 102.489 1.171 2.163
-52.894 80.639 24.880 2.214
-76.881 179.382 148.592 2.156
125.947 -41.069 -184.374 2.042
167.634 -142.623 69.671 2.111
-89.906 161.312 137.116 1.937
87.511 116.466 23.952 2.019
109.340 -98.582 -108.443 2.161
-151.437 -45.872 70.103 2.157
-50.989 187.541 -47.422 2.061
193.756 89.687 174.625 2.004
16.033 42.540 -162.131 1.998
181.494 151.321 -95.764 1.902
-12.454 -157.745 90.440 1.862
-118.598 68.389 61.223 1.784
7.796 90.559 64.518 2.083
-56.586 136.850 -27.443 1.921
-33.892 -136.714 172.928 1.876
46.732 110.615 97.059 2.040
173.259 187.203 -29.447 2.038
80.646 -157.073 -138.277 1.904
-46.669 163.998 -117.043 1.925
-153.923 100.277 -170.050 2.002
172.811 73.243 143.734 1.988
191.433 -126.073 -173.866 1.918
-144.458 -189.627 140.260 2.168
-18.561 76.575 -174.436 2.048
92.694 0.329 5.749 1.954
-53.647 -107.353 -154.470 2.094
208.008 170.608 -19.197 1.971
216.369 146.328 -28.023 1.994
-60.142 -152.030 -186.851 2.423
83.785 6.949 141.269 1.931
-15.172 -54.791 -12.104 2.088
-198.415 -132.608 -171.438 2.018
26.966 80.107 83.448 1.906
-61.223 -7.501 71.533 2.013
121.961 180.317 8.793 1.972
223.712 115.788 76.425 1.779
77.763 -178.417 -139.780 2.183
132.704 17.623 -83.911 2.016
-216.771 57.325 -145.434 2.053
-52.352 8.138 -8.186 1.936
147.394 -60.034 -72.956 2.247
-164.384 23.137 -6.884 2.078
125.776 104.879 -87.369 2.124
-188.127 109.975 -181.331 2.023
155.524 40.777 -198.517 2.052
56.870 -189.610 12.729 1.950
115.645 -48.244 -98.646 2.013
204.296 153.372 158.553 1.968
-183.697 94.158 29.873 2.092
-222.835 77.905 -41.633 2.067
207.033 -35.326 16.400 2.235
-99.068 -4.382 -139.790 1.922
99.912 -124.362 -46.774 2.004
-161.287 -87.852 136.545 2.001
144.235 -68.896 -118.371 2.010
-152.316 168.894 -143.207 2.195
-100.357 85.530 -50.634 1.965
-66.373 143.356 -100.402 1.842
-152.226 140.210 -120.545 1.924
-15.429 143.653 119.336 1.968
12.658 67.271 36.217 1.926
-104.157 -147.473 24.246 1.974
169.132 85.014 146.918 2.186
4.489 66.351 76.503 2.018
-62.079 -87.507 54.769 2.047
51.507 -47.672 114.192 1.888
2.211 -69.724 81.733 1.959
82.295 32.294 -147.134 2.130
211.615 -149.811 7.017 2.185
95.718 117.622 133.351 2.028
-151.146 -49.373 -167.729 1.906
-167.472 -155.154 -85.967 1.918
208.748 133.978 53.316 2.154
169.186 -186.230 110.228 1.837
28.383 25.575 23.547 1.959
-90.931 -168.595 -137.872 2.045
47.010 68.906 134.233 2.069
179.834 179.009 -91.413 1.990
-205.282 -126.321 -105.090 1.940
194.285 27.273 -162.743 2.149
180.827 145.156 -100.794 2.117
135.545 106.878 -98.164 1.942
-41.470 100.972 189.127 1.939
162.338 115.366 -87.236 2.100
217.731 -126.908 -143.197 1.974
158.180 16.545 18.359 1.910
125.003 -81.293 41.173 2.033
67.480 58.681 -58.282 2.038
-120.769 -96.745 44.021 1.967
168.370 -134.039 -55.664 1.906
-179.067 173.905 181.033 1.908
129.178 182.807 -129.538 2.080
150.284 -88.776 -51.694 2.209
222.106 59.072 135.395 2.023
156.666 -139.345 5.504 2.095
-15.134 -170.530 -74.786 2.077
-69.265 -53.686 188.553 2.013
-82.655 -102.596 -155.810 2.099
-79.283 -180.075 -172.428 2.065
14.876 -121.723 71.431 2.018
24.018 149.361 150.385 2.121
64.896 -122.311 -160.989 2.011
159.736 -52.985 -144.461 2.004
133.218 121.801 -16.111 1.983
-71.180 -169.358 86.984 1.965
70.258 -31.978 161.339 1.895
-79.822 -76.296 137.231 1.992
-90.096 163.807 -78.038 2.176
-59.224 175.076 94.931 2.070
218.377 174.089 -119.678 2.045
197.436 135.385 75.685 2.152
-175.136 181.517 -70.745 2.029
-187.128 142.932 -73.104 2.034
-189.105 -141.344 4.662 2.028
-14.202 118.438 -178.465 2.000
79.591 58.543 1.458 2.118
51.131 -110.355 154.961 1.799
188.961 128.096 140.180 1.888
126.875 184.534 -134.659 1.981
-153.468 -142.336 -94.044 1.869
143.911 -36.504 -35.910 2.023
172.064 -57.075 133.498 2.038
-120.752 -140.737 4.059 2.068
-20.932 69.032 -89.268 2.023
53.524 103.007 177.596 2.038
-161.355 147.403 151.643 1.974
136.742 -126.694 -80.868 2.096
-207.877 -25.291 3.544 2.126
-48.300 -15.342 178.872 2.001
-81.410 111.748 26.710 2.036
-63.747 5.650 171.991 1.992
181.114 109.614 -134.152 1.742
87.056 -122.805 189.381 2.046
80.427 -72.196 -137.027 1.939
-216.185 123.156 172.744 1.955
-122.617 -158.681 -124.761 2.076
190.204 178.661 160.424 2.193
-203.673 -134.582 75.044 2.088
84.714 -79.208 -69.332 2.041
59.770 -171.064 166.064 2.066
-175.827 80.373 -13.802 1.846
175.791 -107.054 -96.170 2.021
-181.739 -16.504 -69.465 2.085
59.349 125.449 184.452 2.015
-192.506 168.758 -146.884 1.946
-51.379 166.700 -85.423 1.951
-77.986 -111.511 130.184 2.031
42.752 5.731 24.291 2.064
166.558 -56.585 59.402 2.164
114.186 -18.257 151.664 2.031
-108.729 -139.215 -155.610 1.850
103.580 44.728 125.639 1.894
-44.001 184.671 134.161 1.835
20.186 -164.827 78.014 1.979
-158.671 92.994 140.831 1.914
100.622 -5.370 93.697 1.920
-179.556 -23.647 -120.959 2.125
45.008 -47.976 -162.166 2.055
74.322 -68.754 -67.640 1.933
132.646 -71.324 68.792 1.940
65.356 -151.458 -192.040 2.080
115.509 -139.932 -58.385 1.958
-26.516 -136.946 -99.378 2.014
-118.609 128.106 72.855 2.158
-115.399 101.546 190.347 2.033
220.634 -36.496 -113.834 2.019
11.435 163.201 192.502 1.938
82.407 -24.284 180.174 2.086
181.695 99.265 -150.089 1.944
210.408 -125.532 -90.621 1.981
175.039 -109.356 -151.223 2.090
193.458 -167.724 -171.231 1.872
-42.802 -116.438 171.944 2.090
39.058 -113.519 10.572 2.009
-79.796 -83.503 83.307 2.024
53.580 5.151 52.039 2.139
-138.529 123.969 12.238 2.073
97.812 -178.014 -179.414 1.864
32.084 -18.316 184.985 2.169
-1.743 18.867 171.833 1.982
-106.656 -112.185 -35.152 1.943
70.668 185.214 13.962 2.011
55.270 12.732 15.393 2.090
8.205 63.967 -96.486 1.988
153.624 -72.381 196.162 1.902
119.466 87.033 -193.865 2.070
-81.199 109.822 -18.012 1.961
-12.099 -162.525 22.071 1.991
-62.341 -112.822 -166.735 2.092
217.621 -135.035 24.418 2.018
-181.164 -64.404 -188.501 1.925
-183.772 -85.633 -151.338 2.008
-108.272 -18.486 -14.142 1.807
-170.085 -107.172 0.340 2.036
-44.840 79.028 -103.908 2.046
-123.312 98.174 -32.827 2.091
167.589 39.000 83.351 1.987
-132.133 87.070 -191.190 2.053
41.457 174.964 51.593 2.023
69.309 -145.097 1.486 2.055
87.841 175.489 -70.617 1.885
-109.218 82.810 52.458 2.054
11.184 80.872 -20.329 1.997
60.084 65.685 140.968 2.117
98.230 35.798 -169.111 2.116
-70.999 114.571 -68.097 2.145
13.290 -154.287 -38.286 2.052
110.252 17.997 65.172 2.051
18.924 -15.513 -118.203 1.966
-35.848 142.245 182.052 1.906
-123.352 -57.368 -151.042 1.898
-55.318 114.082 130.320 1.997
114.025 96.649 91.366 1.910
52.910 -188.190 193.893 1.860
144.434 -93.378 104.956 1.773
159.204 -165.793 -39.704 2.033
-218.742 23.878 75.536 2.135
-45.137 -119.907 -22.028 1.869
170.619 -166.325 -186.478 2.071
-141.767 134.793 156.828 1.970
-108.241 174.985 -189.082 1.925
-212.463 -111.834 156.007 1.888
-193.038 105.624 88.896 1.933
123.546 121.726 -8.422 2.160
163.750 -164.152 -180.071 2.064
-188.064 80.187 176.723 2.050
83.686 154.243 47.899 2.279
-53.624 60.425 106.968 2.068
69.309 -61.100 140.917 2.039
3.309 87.948 -49.796 1.951
155.586 -35.454 -156.634 1.922
219.555 0.047 -13.102 1.863
-19.834 42.398 23.176 2.153
-205.074 163.572 143.983 1.893
-7.072 -82.083 146.076 2.030
-143.097 99.589 196.167 2.046
-76.591 -43.180 16.806 2.112
170.546 39.494 82.245 2.129
192.750 -46.080 149.664 1.962
190.937 4.902 121.626 1.996
-25.472 41.321 -170.459 1.955
117.703 -54.913 -173.457 2.076
-148.607 148.800 -109.983 2.056
1.060 -39.325 -153.093 2.004
-134.285 21.340 -93.395 2.041
170.130 155.464 0.346 1.927
168.881 81.634 163.317 2.051
-92.385 -54.438 -101.780 1.798
-164.519 -43.290 -16.434 1.908
-8.026 18.501 -105.430 2.116
-119.729 92.857 120.162 2.068
-133.672 -142.954 50.618 1.956
25.197 -40.007 26.234 2.052
-178.037 41.142 167.519 2.016
-119.812 -27.506 191.141 1.907
108.169 54.680 146.062 2.053
52.186 125.255 -191.189 2.065
-133.145 158.476 -58.523 2.120
-3.712 50.089 116.943 2.081
66.519 85.799 125.257 1.988
157.536 53.874 -106.956 2.020
-208.174 -98.622 -143.018 1.933
186.807 3.906 36.670 1.978
-10.245 -155.726 163.544 2.114
-85.813 51.992 -117.134 2.105
-198.897 -44.844 -1.661 2.085
200.867 -188.912 -82.600 1.839
-175.141 35.420 -128.346 2.148
-102.813 -10.455 8.862 1.938
41.022 -167.034 53.234 1.991
-75.758 -47.970 -74.915 1.918
-211.281 153.742 -34.896 1.874
153.429 -39.289 -34.126 2.079
-171.395 -127.290 -106.324 2.107
128.956 107.349 -51.670 2.055
-170.589 -130.054 163.533 1.912
-183.407 44.367 172.689 2.110
104.205 155.610 -143.293 2.079
127.089 -101.140 113.061 1.866
-203.150 -75.530 16.183 2.041
-188.440 112.168 -148.392 1.830
-138.969 173.307 -146.935 2.169
78.541 -108.089 61.521 2.071
-61.620 -31.169 -78.170 2.025
134.530 59.436 144.205 2.062
98.899 -118.922 115.817 2.002
41.078 -149.635 -116.971 2.056
-10.459 -29.241 -122.054 1.992
-61.938 88.940 -61.317 1.996
14.820 125.318 -87.501 2.052
180.439 -118.065 -48.703 2.115
-179.558 60.651 116.940 2.085
76.703 187.636 29.588 2.153
215.833 62.834 77.721 2.079
8.111 111.136 -146.703 1.949
-175.324 -66.264 138.205 1.985
-62.762 -14.130 -36.373 2.014
-218.262 -141.424 42.388 1.811
-61.472 150.203 -30.717 2.018
-45.001 124.446 -50.015 2.032
-178.912 182.317 -23.810 1.906
-157.922 -75.718 -49.843 2.187
-216.213 -87.079 14.850 1.973
168.237 71.679 -65.876 2.120
189.307 -3.905 -96.936 1.979
-217.429 130.182 -169.063 1.871
-49.237 109.821 42.535 2.089
0.148 40.459 -175.255 1.845
-210.982 -59.869 -109.083 1.814
95.469 -30.968 52.343 2.017
164.646 -133.189 51.658 2.032
-143.276 -127.726 198.965 2.006
37.231 -76.788 87.894 2.029
40.750 -65.993 -64.119 2.030
-40.904 18.761 -96.107 1.903
160.409 113.407 -97.301 2.006
124.557 -93.626 -101.170 2.119
191.603 6.934 -126.413 2.274
-164.062 50.794 -141.449 2.052
-211.348 -92.819 140.351 1.977
-87.735 41.239 142.908 1.920
185.574 -116.534 -140.389 1.823
182.280 -61.389 102.101 1.929
156.589 -14.627 43.148 1.957
30.454 169.171 151.281 1.955
191.166 -186.452 105.120 2.095
105.366 65.398 42.340 2.116
184.290 75.599 173.047 1.874
-191.962 -87.229 -30.202 1.925
-168.340 -165.483 -149.138 1.879
107.388 -84.391 -126.146 2.007
84.917 -135.273 -186.676 2.120
-0.602 -186.470 -189.733 2.025
-4.732 23.391 -191.759 2.118
207.165 -170.884 -124.597 2.085
-69.585 -142.059 52.408 1.946
-99.092 -88.484 -64.329 1.995
159.165 14.593 -34.599 1.793
162.304 -10.422 0.861 2.141
102.088 181.861 -33.000 1.919
210.183 -185.740 58.588 2.138
214.659 -108.207 169.767 2.096
-22.158 101.137 -105.148 2.061
-29.663 -24.789 30.753 2.042
186.364 31.883 165.886 2.103
88.686 -176.755 161.153 2.074
-80.675 -68.303 -170.277 1.869
-185.552 -73.777 -12.874 2.056
-129.103 -30.559 -94.801 2.022
-78.884 -106.515 119.723 2.060
148.049 -120.395 41.160 2.114
-84.959 -63.334 146.687 2.079
142.890 -133.747 -186.301 2.012
65.475 -0.797 -57.503 2.005
-90.691 4.343 1.193 2.088
23.479 177.616 -38.121 2.040
-190.779 -21.080 -116.520 1.953
-24.911 -65.359 145.244 1.915
-62.671 -3.410 118.137 1.984
10.437 64.371 -20.341 2.029
-194.830 -175.886 -0.492 2.005
141.228 157.896 156.549 1.830
-103.309 6.827 128.525 1.983
-164.198 139.510 -46.729 2.098
-61.128 24.415 195.928 2.106
144.793 -82.787 -81.845 1.947
-112.035 129.010 -73.463 2.206
12.931 -96.281 -3.674 1.841
-145.138 175.839 55.121 1.984
-64.099 171.830 139.607 1.941
-207.618 -116.552 190.144 2.022
184.663 157.254 67.577 2.281
70.288 -91.807 -125.304 2.006
-56.997 -110.816 -34.782 1.974
-108.038 81.336 50.559 1.955
-139.824 71.264 -183.989 1.910
211.914 120.125 145.677 1.876
-51.672 -44.223 2.050 1.858
175.145 170.702 165.800 1.986
-41.899 164.484 -62.771 2.047
117.411 -185.619 -55.610 2.037
150.545 -187.658 164.289 1.988
-48.238 -151.738 -145.109 2.045
31.463 -19.010 -170.573 1.893
-36.860 -73.903 162.497 2.185
73.790 172.952 -61.524 2.080
6.865 143.991 90.396 1.863
95.409 -122.989 108.396 2.139
-25.772 86.207 -95.774 1.927
-162.407 -136.628 67.779 1.842
-99.742 -143.686 42.741 1.974
-95.694 90.676 -120.972 1.913
-142.576 -180.255 -25.330 1.952
-112.550 -0.813 -82.379 1.970
-105.148 -10.478 -131.048 2.084
-213.330 65.627 189.468 2.011
9.077 -181.052 -132.667 2.081
218.597 -130.363 21.719 1.939
106.004 -80.306 -102.161 2.003
-22.673 110.270 -153.796 2.001
202.815 -101.175 164.540 2.196
68.761 -74.855 -16.037 2.023
-211.827 129.011 -99.750 1.993
-189.106 -105.820 48.372 1.953
65.410 -87.099 161.603 2.052
-8.632 -96.337 72.645 2.102
59.578 -1.213 114.892 1.814
84.613 -37.517 13.344 1.913
-107.910 -146.402 34.454 2.024
13.486 64.146 168.075 1.893
-37.479 113.566 45.512 2.103
152.479 40.376 186.211 2.013
173.055 -126.023 -86.259 1.803
-223.319 126.136 -160.533 1.999
94.512 -96.231 -175.831 2.009
154.948 12.724 195.350 1.801
85.918 -90.968 168.117 1.987
152.056 70.072 -152.647 1.799
-7.637 137.256 -156.087 2.078
206.174 -143.853 15.864 1.928
91.651 -65.279 -108.958 1.798
-92.062 -20.381 -49.408 1.939
45.117 -146.528 68.050 1.942
113.892 185.811 31.314 1.821
-26.209 17.626 74.098 2.132
-221.513 -109.779 120.101 2.103
71.885 4.956 136.635 1.999
155.992 15.667 172.871 1.910
54.919 105.226 -25.630 1.804
76.816 -156.243 150.505 2.100
45.753 -44.769 -28.831 2.048
34.652 -23.809 -80.703 2.077
-4.277 57.507 50.968 1.998
116.199 41.153 -61.848 2.088
-12.491 -71.703 -36.321 1.940
34.877 -26.764 -91.229 2.068
133.061 93.987 0.153 1.960
161.735 30.379 28.569 1.958
-27.729 -136.784 37.684 1.946
124.687 -62.094 -115.117 1.891
139.397 -109.820 79.215 1.967
-4.621 148.627 -198.403 1.904
119.593 82.432 3.348 1.928
-76.481 -145.775 128.317 2.014
44.878 177.387 -121.566 2.001
-145.640 57.426 -152.631 1.996
-45.744 12.672 -95.437 2.071
166.050 35.243 72.693 2.045
55.984 2.691 -161.956 2.030
44.410 38.959 153.717 2.048
-138.836 -22.104 -93.021 1.976
-196.242 99.189 91.009 1.875
128.816 104.044 194.751 1.957
-62.899 22.441 -73.724 1.935
169.253 174.946 77.566 2.120
166.825 64.495 -7.995 2.054
-216.861 14.860 130.690 1.844
130.240 7.133 96.685 2.022
94.436 -125.609 40.680 1.966
-142.274 96.556 -68.816 1.963
156.164 -37.302 -137.566 2.095
-129.664 -186.829 -156.686 2.074
-148.937 -27.480 99.860 1.911
-125.492 45.265 136.982 1.877
-75.332 -25.401 -26.960 1.897
-57.954 -58.745 164.266 2.201
96.664 -140.891 89.708 2.307
100.426 60.963 -191.457 1.990
-113.288 -178.664 -175.346 1.984
66.830 -89.578 -173.316 1.932
32.136 -94.057 -82.721 2.017
112.229 155.194 -19.647 2.197
145.689 -40.915 -109.572 2.008
-134.849 112.580 138.346 2.022
-207.748 173.732 -80.528 2.110
26.488 119.380 112.309 2.075
69.130 37.679 -61.770 1.974
109.966 86.313 -115.985 1.986
-67.329 -166.260 -103.870 2.093
93.791 3.739 199.603 1.969
-169.634 -9.599 181.312 1.934
-37.209 65.179 134.384 2.049
123.416 168.992 -90.064 1.976
-187.269 -126.562 163.635 2.135
84.232 159.023 98.686 2.081
-194.470 -186.035 -147.600 1.972
100.420 5.319 176.348 2.161
122.551 -154.470 -75.493 1.805
137.101 15.513 -16.225 2.008
180.850 187.977 39.724 2.015
159.947 -78.904 -191.554 1.999
-87.136 33.432 -73.964 2.032
-207.406 19.735 -199.214 1.779
-50.395 126.831 2.188 1.758
-220.162 -159.590 -173.133 1.992
24.095 140.158 17.289 2.098
24.723 152.813 -16.981 1.971
-85.014 156.696 21.817 2.042
55.420 137.339 -24.864 2.000
187.368 47.119 -9.369 1.856
-28.768 105.182 -9.150 2.027
10.255 13.694 -54.317 2.103
174.583 -177.303 -43.492 1.882
-217.926 71.097 -63.116 1.669
-122.707 158.347 173.101 2.169
14.388 6.183 163.795 2.020
133.369 -107.829 -120.744 1.940
154.100 -144.544 -113.248 2.017
-131.799 -20.655 103.983 1.992
-175.868 81.991 189.437 2.083
-24.701 -48.430 48.320 2.000
-10.252 166.823 -141.222 2.043
111.709 16.547 136.115 1.997
-91.987 92.780 142.521 1.826
158.673 -128.582 159.579 1.874
-2.305 76.369 -175.035 2.248
221.698 73.728 41.996 2.070
41.547 14.840 151.417 2.112
-175.246 85.299 76.269 1.946
-188.319 -126.494 173.352 2.082
-213.851 -5.860 -75.083 2.051
-109.397 71.637 159.809 2.024
-144.908 90.614 -164.981 1.868
43.621 84.401 -35.442 1.967
-19.479 -126.247 29.561 1.845
-146.041 -14.268 -23.903 1.834
33.729 167.469 77.402 2.076
-98.345 -81.359 63.201 1.975
156.544 35.448 78.029 2.014
-165.760 138.537 -152.319 1.855
-125.348 -54.802 -99.585 2.044
-134.757 -135.384 -10.513 1.975
-50.154 -25.581 -111.414 2.078
-154.971 -105.670 -40.038 1.912
-121.134 31.733 -61.512 2.178
185.788 -151.371 -17.648 2.105
-59.111 102.014 -102.622 2.092
109.561 -70.189 111.184 1.964
-122.409 -59.404 124.296 1.891
69.846 -16.034 99.861 1.910
-149.687 131.323 59.004 1.879
187.785 -141.207 78.479 2.107
136.443 10.724 15.190 2.064
174.933 84.053 43.044 1.926
