221.378 84.511 113.395 2.001
-135.318 9.199 51.257 1.985
-199.510 177.313 139.323 2.040
-168.051 -2.587 -193.781 1.869
72.965 7.028 30.512 2.002
-138.957 -114.616 -35.270 2.119
17.856 -12.500 98.481 1.927
-50.495 -74.390 -167.125 2.031
200.876 -175.105 13.057 2.046
33.378 46.432 138.587 1.947
7.205 -71.093 -11.815 1.818
-165.246 172.185 -186.679 1.996
172.130 -112.390 156.521 2.048
-220.862 93.578 -41.449 2.123
-119.761 -141.146 74.696 2.117
-104.635 10.573 150.574 2.048
112.993 180.511 146.233 2.033
-14.015 182.010 182.311 2.081
-22.757 93.798 -15.733 2.041
172.991 -114.505 6.680 1.915
53.227 70.603 54.836 2.061
-187.617 -88.276 -37.829 1.939
-54.330 56.412 21.269 2.086
-69.116 105.604 -164.866 1.982
204.607 -153.338 -170.152 1.959
-211.904 -113.928 -50.281 2.107
169.664 78.219 133.229 2.001
199.207 108.422 -56.061 2.196
107.130 68.698 140.123 2.110
203.452 -27.259 88.442 1.977
-81.648 -152.328 -22.229 1.928
-105.558 -49.538 60.958 1.979
130.763 -180.114 104.123 2.122
158.565 138.740 150.654 1.870
-38.294 -156.346 166.130 1.764
124.201 -186.878 197.798 1.803
-91.327 -169.592 -94.443 1.963
101.310 168.482 84.501 2.066
-23.049 36.915 146.637 2.075
-39.404 97.943 -33.831 2.138
223.701 -78.870 153.632 1.967
191.575 -17.466 52.071 2.045
151.656 -174.780 199.327 2.112
8.921 -112.121 -145.242 2.157
10.090 28.133 148.774 1.981
-165.250 -162.153 44.345 1.845
206.511 -108.494 -124.420 2.019
-104.255 -28.885 -10.192 1.965
37.732 32.711 -99.092 1.936
-212.129 -122.439 -156.503 2.072
199.609 -62.374 -7.249 1.899
-53.986 -88.070 -17.837 2.041
-23.423 54.840 68.051 1.889
-204.066 148.290 -97.453 2.110
-117.187 141.582 166.338 2.031
-27.652 -161.808 125.322 1.920
-121.234 122.658 -97.593 2.231
117.611 162.496 -12.583 1.937
-8.579 -102.197 82.950 2.103
-159.832 -99.617 -180.790 2.064
179.008 23.196 -19.538 1.987
169.396 103.413 194.305 1.981
-148.770 -166.617 44.635 1.922
-98.429 119.232 189.385 1.838
88.994 187.633 -56.236 2.002
-200.064 -37.631 6.501 2.111
91.670 158.846 -76.681 2.040
-171.152 143.598 40.618 1.941
-59.660 119.170 20.129 2.031
-11.908 -180.774 -147.239 2.128
-122.374 -116.445 -152.702 2.213
-103.598 100.191 -194.047 1.965
59.505 -185.007 134.797 2.210
176.730 151.707 -9.996 1.814
181.048 -95.235 67.408 1.982
181.849 -73.329 -12.208 2.015
-65.157 128.596 169.239 2.108
-185.454 5.566 -185.931 1.999
-166.383 178.138 22.474 2.062
180.235 125.644 -111.819 2.068
69.760 -26.622 -109.306 1.861
101.872 174.724 -23.402 2.018
-191.560 -132.725 -32.935 1.878
-117.263 0.518 -9.466 2.044
-24.861 -155.792 127.204 1.957
-11.953 77.855 -79.398 2.029
193.139 150.623 -101.255 2.016
67.406 36.804 108.528 1.737
-162.137 -77.592 -179.489 1.971
86.641 139.380 -193.443 2.075
157.385 151.365 3.549 2.025
-148.444 22.348 2.346 1.953
-180.465 4.051 27.689 2.214
-151.152 -179.344 -184.283 2.042
186.681 67.347 68.215 1.957
-187.946 64.281 -157.599 2.085
-186.392 -61.317 164.789 1.823
218.809 -37.074 -150.337 2.056
-75.836 132.762 -92.051 2.056
193.689 79.169 59.922 2.083
-81.376 -164.029 7.511 2.221
-122.940 136.195 -5.121 1.921
-198.322 -61.397 74.903 2.072
201.504 165.920 136.089 1.903
148.819 -84.429 126.271 1.830
161.661 -150.325 179.097 1.944
-172.191 -174.214 123.638 1.943
-135.183 -43.501 -24.726 1.824
-212.580 -2.535 30.307 1.927
-196.884 -64.595 68.205 1.903
134.833 -15.646 -122.426 2.006
122.996 -128.796 104.138 1.940
1.547 170.136 -6.285 1.812
-15.236 169.308 -94.708 1.794
224.754 183.694 119.826 1.928
224.220 108.712 63.169 2.034
204.251 -156.025 -101.876 1.956
224.747 163.493 -109.924 1.828
-215.613 27.913 197.783 1.709
-128.014 19.966 19.504 2.182
-21.555 37.815 -100.529 2.029
13.218 131.378 -195.597 1.923
-101.231 56.416 -184.544 2.100
175.885 138.906 -83.246 1.977
-38.022 67.901 137.781 2.182
-92.404 12.629 -144.009 1.974
22.984 94.384 160.818 1.944
-111.793 -60.324 64.005 2.014
147.395 135.048 89.546 1.988
-98.701 -133.740 -92.435 2.130
173.491 115.876 -150.060 2.010
-167.171 98.750 -139.887 2.055
128.353 3.808 -176.670 1.993
168.286 99.114 58.070 2.063
-51.259 -65.961 156.644 2.030
-174.165 -154.707 167.380 1.968
-44.150 -89.601 130.709 1.973
46.674 86.121 174.267 2.154
-174.561 72.294 72.661 2.178
167.274 -11.166 -161.411 2.110
79.085 -14.034 163.915 1.884
125.142 -146.191 -110.894 2.026
192.356 -151.113 102.508 2.024
-214.821 123.928 -129.184 2.018
130.933 -33.992 16.422 1.833
218.711 -69.405 -82.863 2.030
-84.152 -180.226 15.370 1.763
201.718 29.153 136.562 2.145
-219.817 -6.940 82.372 1.821
39.026 101.505 -76.320 1.904
76.293 84.672 -157.961 2.007
125.501 -153.554 -111.993 1.917
83.390 -166.323 112.846 1.896
-133.706 156.725 -7.337 1.847
88.906 1.430 184.966 1.968
30.575 176.455 -1.686 1.959
6.336 147.960 -153.956 2.000
224.105 30.944 -167.050 2.087
-1.845 -152.136 197.743 2.084
-22.078 -23.565 168.729 1.902
214.422 -26.345 119.780 1.901
69.727 131.967 -197.963 1.917
56.840 -185.474 -0.094 1.996
186.464 -43.698 -27.691 2.063
34.913 -188.620 64.114 2.006
-194.312 -31.766 72.206 1.783
-8.981 -136.317 -64.403 2.082
-55.492 -161.288 4.454 2.031
-58.497 -135.760 -138.040 1.816
-29.054 148.262 -112.584 2.124
-189.917 56.921 -10.586 1.993
91.159 70.413 -174.416 2.018
32.896 39.323 -38.638 1.910
-119.009 -68.040 159.489 1.964
77.241 -138.959 -105.272 1.998
-163.318 82.681 -16.223 1.787
175.269 40.043 -195.195 1.918
-64.380 16.237 -139.481 1.900
-42.651 10.581 -20.413 2.064
211.520 -37.216 -10.075 2.189
-46.433 158.839 63.131 2.028
215.894 177.997 -173.387 2.062
190.729 120.387 132.087 2.011
174.119 -94.886 -67.865 1.984
-160.895 135.244 14.025 1.979
-73.351 -31.876 181.019 2.066
-74.389 111.582 -166.080 2.093
-108.613 36.660 -122.201 2.032
-137.156 -19.384 -97.079 2.088
-99.719 160.102 145.720 1.953
198.212 188.678 21.571 2.050
-91.662 -78.431 191.705 2.113
-0.212 144.432 -166.209 2.034
215.577 160.211 53.344 2.073
-196.279 -141.191 -18.841 2.062
190.239 -187.704 151.468 2.212
177.778 26.818 179.627 2.037
156.261 -168.099 81.974 1.975
-141.632 141.945 -140.471 2.200
-52.805 -20.679 -116.441 2.037
-193.736 62.812 -37.654 2.000
-92.855 11.142 -163.915 1.880
73.656 107.573 -172.927 2.128
-94.646 -157.507 156.160 2.050
-48.729 27.887 49.029 2.174
87.636 85.084 199.772 1.989
-175.998 111.725 154.022 1.967
-138.171 61.284 -132.341 2.018
-215.784 5.668 178.269 1.986
-47.761 85.964 140.878 1.882
-39.203 156.560 -36.652 1.968
216.117 74.292 -105.367 1.980
103.496 -143.073 -162.779 1.936
-169.891 -125.072 -88.070 1.791
-116.484 109.776 -3.849 1.846
71.650 137.818 84.054 2.043
-104.102 -72.815 89.643 1.974
221.940 19.784 185.404 1.970
60.750 -52.450 15.762 2.072
21.544 88.709 -98.828 1.951
98.984 -13.512 -75.034 1.992
213.617 82.153 -138.193 2.014
136.348 61.030 -130.372 1.963
190.801 -148.320 70.318 2.008
-194.059 100.758 -29.405 1.967
-101.007 59.348 -195.890 1.965
-119.738 -121.267 71.774 2.094
89.550 -184.819 -110.072 1.997
-89.859 -83.465 -86.401 2.024
84.628 175.563 -119.249 2.038
-222.629 -83.677 -115.087 2.006
-222.195 -180.815 -135.966 1.988
35.096 0.079 -123.282 1.950
-16.289 -163.161 74.513 2.124
-212.900 -149.592 -34.496 1.961
40.850 -181.384 25.884 1.893
200.312 72.850 52.106 2.024
208.445 -117.847 115.671 1.831
-29.495 -60.947 -172.618 1.967
217.098 -9.075 -63.201 1.899
184.021 97.234 -88.096 1.939
197.499 53.655 10.442 1.982
-54.274 41.122 -145.723 2.159
-191.099 -111.808 -18.640 2.049
15.123 24.850 94.466 2.040
-57.740 -19.178 -112.455 2.039
-11.641 12.700 174.266 1.979
-0.882 172.071 168.564 2.203
18.378 -22.350 198.035 1.805
181.603 41.653 -149.638 1.911
57.103 177.601 -4.639 1.962
160.506 60.687 101.850 2.142
185.199 49.204 -26.723 2.034
-139.080 100.691 121.757 1.884
-51.994 -100.403 167.901 1.860
-222.404 -18.737 198.778 1.862
-74.117 35.432 54.322 1.896
181.679 142.904 -169.662 2.220
-137.577 71.266 -163.847 2.052
-178.940 165.636 -0.196 1.890
161.159 -173.973 -127.593 1.997
-120.962 -22.761 -145.567 2.044
6.896 -121.983 -5.054 1.956
-72.840 150.451 63.059 2.094
-20.636 -121.724 -151.186 2.326
-181.516 -63.374 -42.637 2.113
218.332 10.119 -51.130 1.927
121.741 56.141 29.703 2.016
47.276 185.864 -92.983 2.025
-184.274 150.909 -51.711 1.873
-163.434 -134.852 43.074 2.055
84.799 105.064 107.260 2.103
103.782 -158.120 -160.093 1.986
-85.881 14.537 16.177 1.853
-127.384 16.046 -33.377 2.188
-17.225 169.049 -70.123 1.966
63.507 -41.202 153.007 1.957
-173.718 -171.950 -154.097 1.969
41.436 -92.640 -55.280 2.167
-80.790 -11.085 190.595 1.964
-144.039 114.285 -46.138 2.069
-213.544 -10.760 50.389 1.966
-184.684 -45.256 -178.781 2.012
-194.205 -100.760 -185.731 1.930
-67.868 -47.390 -28.696 2.000
-107.737 12.156 196.943 1.882
44.025 44.022 -67.576 2.044
-104.753 -150.964 163.993 2.021
-97.819 157.591 -78.006 1.959
-55.844 111.458 -7.379 1.857
180.819 178.691 111.233 2.068
-217.402 -129.475 -194.541 2.077
59.076 -17.348 -38.229 1.894
-143.703 -185.328 193.128 1.926
-179.628 -180.448 -153.758 1.847
-219.407 4.371 -168.837 1.815
-213.074 107.457 149.287 1.922
-158.872 118.703 184.896 2.040
40.341 -104.687 -119.861 2.019
108.480 177.055 5.451 1.901
68.043 -111.725 99.233 1.981
7.949 -71.518 155.978 2.051
-55.941 56.210 -83.154 1.839
152.777 -42.993 -51.366 1.747
-1.527 -24.446 178.346 1.859
62.931 122.349 -102.910 1.839
-160.005 57.004 103.736 2.011
59.938 130.605 -119.544 1.803
27.091 149.436 -160.315 1.896
-96.474 -121.797 -37.807 2.056
197.729 -39.285 -112.615 2.105
-96.879 -8.935 -35.884 1.938
94.119 -142.443 193.379 1.823
-19.077 6.071 -155.772 1.991
54.125 -4.765 -38.553 1.916
-53.899 170.695 4.420 1.920
149.443 105.111 180.000 2.187
-55.905 175.194 157.119 2.062
-99.646 -144.163 112.208 1.990
55.093 100.885 -42.176 1.991
-53.148 -150.961 196.730 1.979
188.167 -42.119 14.371 1.878
-11.291 -108.642 121.795 2.047
-120.114 70.341 -136.197 1.962
179.895 -58.113 35.210 2.023
-221.608 29.553 132.574 1.957
-167.820 -156.956 73.028 2.195
-157.596 177.009 -26.883 2.019
-129.515 -43.320 165.310 1.908
-127.241 -187.265 -9.120 1.958
50.970 -1.164 23.045 2.232
51.375 113.747 122.920 1.883
-31.467 -189.781 -165.647 2.000
-175.266 63.436 -99.381 2.056
156.814 68.847 39.490 2.001
-11.874 -131.973 -130.050 2.107
-101.784 -47.927 25.994 2.020
-36.282 -10.371 -20.505 1.906
-147.005 -129.867 48.239 1.966
119.421 -89.228 -197.907 2.027
-108.308 -107.775 -196.678 1.968
-215.796 -152.795 -30.937 1.980
59.472 -32.487 -160.219 1.820
11.840 -64.739 -164.878 1.976
34.761 88.607 -196.387 2.055
-181.302 -156.707 126.770 2.136
116.118 -0.141 61.501 1.889
139.788 -75.182 -36.891 1.871
-54.931 16.586 -98.364 1.982
83.797 -115.715 150.718 2.091
-94.218 -83.612 51.561 2.065
216.525 -98.107 -128.287 1.957
-13.703 16.380 -187.126 1.832
216.950 72.487 77.420 1.999
101.784 66.104 71.656 2.115
105.098 156.345 8.829 2.120
200.247 119.678 9.359 2.131
-16.312 -168.992 178.152 1.968
-182.933 -25.165 -124.401 1.898
-117.907 79.913 107.474 1.891
179.942 -155.237 -38.303 2.121
-37.875 -21.705 167.596 1.955
26.287 7.491 -135.038 1.928
-180.932 125.619 -178.068 1.898
-98.205 120.066 154.579 1.994
-80.343 180.564 75.382 2.038
-206.422 -96.667 143.736 1.943
79.291 163.505 -192.962 2.005
111.511 -159.757 34.797 1.959
-152.003 -52.379 -149.963 1.999
-202.354 -175.980 -103.529 1.888
-145.727 182.804 144.242 1.844
-168.931 -164.441 10.771 1.957
113.438 -177.181 193.558 2.077
46.141 -178.020 124.740 1.925
-1.911 188.946 163.736 1.864
-21.129 -61.956 -81.982 1.905
-4.501 27.783 -142.542 2.057
65.872 51.430 -109.500 2.200
168.827 115.574 -162.799 1.934
153.327 156.341 138.540 1.918
6.093 -154.546 180.277 2.167
89.304 -37.879 116.371 1.918
-27.587 71.916 -159.271 1.897
54.221 3.116 -84.155 2.135
146.102 -81.115 170.853 2.014
196.586 48.964 133.488 2.172
33.381 -89.475 103.662 1.967
163.788 -17.260 -168.576 2.095
126.294 -65.801 155.548 1.911
131.847 -78.933 146.310 1.839
-167.705 6.029 -121.367 2.048
51.109 -20.376 191.080 1.922
-2.756 -146.943 -143.194 1.950
113.006 148.320 -193.814 1.910
-36.975 46.791 114.569 1.893
-27.299 103.924 76.552 2.035
-90.953 166.165 -136.006 1.973
102.756 51.196 57.141 2.066
71.591 -22.273 6.721 2.034
79.441 52.084 -78.739 1.850
9.930 -66.060 1.446 2.127
-34.391 -83.265 -94.853 1.883
-183.175 140.878 180.083 2.082
-132.362 128.743 -88.347 2.087
134.676 -119.554 -109.996 2.012
220.617 23.215 -98.422 1.982
129.169 -9.663 66.112 1.959
64.527 36.104 -83.158 2.012
52.923 -174.522 -181.965 2.098
84.277 43.477 54.949 2.095
152.743 -41.935 -67.729 2.027
-2.472 -76.079 -154.456 2.017
37.197 -87.484 99.992 1.825
52.588 71.252 -28.953 2.126
149.991 -123.970 -9.672 2.032
-153.264 5.984 -36.176 2.062
-120.311 124.142 -144.516 1.870
96.854 -89.151 -134.733 2.043
-84.822 -155.645 -62.731 1.964
-37.587 86.436 151.227 2.136
-36.903 -170.742 41.296 1.945
-94.760 -104.033 -127.488 2.100
-75.828 -168.148 -185.234 2.030
-218.833 -16.138 -104.870 1.926
-138.232 113.111 33.344 1.949
210.976 -163.428 1.749 2.086
50.855 -123.670 -115.014 1.854
-145.140 96.958 43.902 1.998
200.107 -96.788 133.141 2.037
-70.550 -86.302 105.194 1.978
-71.491 69.209 -85.601 1.982
-49.816 73.944 -118.199 2.072
147.014 177.455 -94.524 2.004
-15.979 77.744 113.242 1.966
49.230 74.432 64.503 2.065
141.518 -15.407 -121.561 1.868
-98.573 -106.511 -26.755 1.893
-224.586 -146.971 154.402 1.896
-50.257 162.120 177.005 2.018
-129.985 -157.902 -107.865 2.180
-170.069 -63.732 53.393 1.897
28.592 -22.877 -56.061 1.949
-194.542 -152.694 182.678 2.187
122.804 108.576 170.443 2.073
37.588 150.866 196.649 2.140
-17.188 -56.278 56.808 2.077
-207.511 -33.381 -188.278 2.064
-152.965 -2.830 -120.297 2.181
219.438 -136.902 -182.843 2.001
180.541 31.319 178.929 1.793
-171.589 48.343 110.483 1.973
-19.587 -88.267 -73.968 1.912
168.885 65.089 -70.321 1.851
160.088 98.952 142.885 2.009
-135.437 176.814 13.031 2.120
101.275 -185.045 193.359 1.885
-6.850 -132.852 172.540 1.966
-112.179 -27.898 -197.121 2.023
156.279 162.827 -73.147 2.107
-141.228 65.908 101.652 2.091
78.255 -104.595 129.319 2.048
72.923 109.352 -31.633 2.033
-197.210 150.376 -156.612 1.900
196.276 -131.315 116.212 2.083
142.178 23.420 136.344 1.960
122.835 147.067 -17.902 1.845
-104.363 38.571 -169.936 1.854
192.492 174.689 3.845 1.941
50.946 -157.264 29.578 2.092
159.247 -99.059 -71.735 1.986
-162.364 58.200 134.663 2.102
-168.200 146.360 164.388 2.103
-188.993 -22.682 -139.756 1.762
13.970 -42.493 155.049 1.962
-154.920 -61.090 -142.024 2.050
116.096 148.159 -0.458 1.861
-85.060 171.797 -59.159 1.916
129.444 -130.323 10.399 1.946
-190.119 21.863 11.454 1.967
-14.827 -18.212 65.627 1.969
26.968 -47.924 1.112 2.038
173.278 164.736 -95.983 1.964
77.568 -181.581 -85.260 2.053
57.144 87.477 -48.720 2.070
-1.757 134.047 62.415 2.161
167.964 86.533 -85.244 1.938
-103.119 -45.177 142.167 2.051
-114.334 140.581 -4.644 2.167
-204.077 31.958 -6.813 2.039
142.253 3.674 172.322 2.135
61.852 126.205 -61.181 1.929
58.589 -22.587 -127.847 2.064
-166.831 -19.978 -106.166 1.957
16.253 61.999 -118.666 2.106
202.718 134.027 82.674 2.037
173.229 -119.959 3.699 1.821
-21.108 -137.311 34.693 1.948
5.423 10.269 -26.148 2.126
151.668 -189.001 57.662 2.019
-8.296 -187.839 133.200 2.078
31.184 49.195 195.031 2.056
-116.119 -11.907 66.230 2.165
-19.242 107.587 -174.917 2.039
-35.073 10.888 6.215 2.191
-160.357 -175.813 -6.129 2.023
187.365 -25.962 8.201 1.895
83.148 148.990 77.457 1.968
-181.526 80.605 -91.969 1.982
-142.003 91.324 -112.785 1.963
-58.801 143.259 7.319 1.929
-175.378 -163.199 153.128 2.093
-130.850 68.836 35.639 2.111
0.527 22.279 -26.422 1.905
114.081 -163.542 191.250 2.180
124.230 -129.305 105.980 1.870
53.296 -63.362 -164.916 1.858
-186.003 99.047 -24.001 2.065
106.536 37.123 116.051 1.757
144.120 125.653 148.712 2.070
-9.832 -79.774 185.632 1.984
222.763 14.719 73.428 2.023
162.370 108.880 101.840 1.964
29.235 -117.826 -68.100 1.933
-195.768 119.948 161.281 1.995
-209.834 -166.157 -114.049 1.895
98.837 114.823 -102.926 2.072
193.195 58.458 -90.103 2.167
-62.848 -160.466 80.466 2.163
-171.028 38.465 -95.999 1.867
-167.568 58.215 164.781 2.022
96.231 2.442 53.825 2.005
141.226 -1.592 -106.274 1.914
-40.993 13.979 -58.392 2.272
222.039 -178.500 12.495 1.950
-101.015 134.920 97.495 2.053
127.787 -63.801 154.674 1.929
38.292 -188.288 -84.773 2.048
66.837 105.667 103.685 2.160
132.082 -70.637 -136.519 1.959
-51.046 -144.818 -108.166 1.990
-195.577 -67.875 -18.411 1.979
143.944 -151.769 -153.495 1.966
152.174 -11.506 9.675 2.033
-55.261 45.189 113.782 1.911
37.100 -31.799 95.596 2.005
153.748 -98.864 131.953 2.036
44.554 -146.742 193.006 1.863
-17.613 -162.225 129.799 1.881
-23.192 -167.277 181.608 2.116
39.558 127.529 191.993 1.959
220.606 -58.040 -28.317 2.103
-11.732 -93.229 88.526 2.021
-125.311 89.744 -42.247 2.092
-146.392 156.904 -86.689 1.976
208.946 39.099 -4.961 1.985
139.217 -108.749 167.627 1.930
159.272 167.002 -71.333 2.191
-146.994 -29.739 -29.265 1.937
58.915 -88.643 -150.085 1.938
204.767 -107.129 167.930 1.948
-43.576 16.521 -12.567 1.888
105.006 -89.075 82.320 1.998
184.182 -175.093 -98.293 1.982
-121.909 178.878 -33.509 2.127
217.395 128.121 -105.641 2.109
11.451 120.331 192.426 1.939
88.201 20.898 196.856 1.914
111.696 -4.382 -166.284 2.066
-87.687 -34.391 152.624 1.924
-59.957 -157.854 75.570 2.168
199.031 -174.143 197.418 2.141
-83.682 112.935 -183.020 1.973
122.037 -44.824 -158.436 1.971
-89.034 11.693 57.297 1.855
-79.413 40.268 9.879 2.013
131.736 -51.587 86.657 2.044
-94.890 36.778 -0.152 2.051
101.558 -86.249 -13.833 1.885
-2.084 -76.690 -168.782 1.958
-51.035 -22.131 -33.748 2.066
185.619 81.825 181.211 1.995
-168.442 56.651 -112.620 2.057
110.279 -2.261 112.521 2.026
-27.467 -33.029 -130.946 1.958
-17.094 104.571 -182.939 1.772
-89.257 119.563 -92.444 1.855
224.673 -89.330 117.990 1.953
9.751 121.255 -179.210 1.711
-141.272 -26.616 101.944 1.939
38.472 -139.030 -177.509 2.054
-5.015 -134.510 119.726 1.946
155.635 145.592 -49.562 1.975
122.160 -121.145 -103.690 1.985
-111.611 22.266 81.305 2.108
5.443 10.355 -23.723 1.821
204.688 -157.632 81.549 2.036
204.681 28.136 -103.479 1.915
-133.881 -68.242 -6.766 2.019
-218.801 84.939 -133.301 2.122
-67.950 -143.554 77.477 1.773
54.495 153.736 -35.517 2.064
98.610 -70.548 -140.714 2.035
-51.975 68.671 -62.698 1.887
130.162 92.565 -7.092 2.098
97.005 -156.811 -53.613 1.780
100.615 72.881 -116.411 2.019
205.444 -148.234 -1.833 2.035
-185.894 -83.510 -164.654 2.017
-185.431 -145.266 188.375 1.888
6.196 153.358 -73.876 1.936
-168.347 57.077 157.959 1.898
185.010 67.244 44.035 2.007
-90.365 -17.218 -124.953 2.133
113.514 -21.630 160.768 2.054
149.238 176.264 58.878 1.991
-42.909 13.017 -71.210 1.910
58.402 27.484 -128.358 2.022
130.231 167.641 -196.488 2.095
-134.136 28.604 22.272 2.062
-96.761 -16.070 -32.623 1.956
192.970 12.548 133.796 2.084
77.030 88.070 -28.775 2.043
8.389 90.243 -176.906 1.893
113.246 44.811 174.297 2.023
215.736 -143.057 -194.753 2.027
-165.973 151.235 39.426 2.064
160.887 -154.133 -109.656 1.950
216.460 171.347 -130.659 1.958
-157.351 174.201 -122.362 2.016
122.598 -112.666 -172.611 2.005
218.183 37.324 -156.983 2.048
111.295 -95.412 -170.471 2.053
-177.097 25.539 -22.705 1.995
77.379 103.849 -108.764 2.132
89.242 -63.302 -160.607 1.971
34.521 28.423 -24.211 2.033
74.360 -83.791 -103.420 1.839
-224.943 -5.172 -129.476 1.840
92.605 -26.473 47.511 2.021
86.275 -149.055 -70.546 2.073
-96.712 -95.492 -190.505 1.987
117.853 -3.291 -149.048 2.075
-87.417 -117.845 -38.099 1.990
79.808 87.301 39.521 2.017
197.535 -92.559 185.283 1.926
76.798 55.749 196.344 2.147
-2.104 -154.689 5.700 2.076
82.863 -181.893 145.571 1.886
-145.004 -65.265 -43.399 1.956
67.055 160.966 2.759 1.809
-110.304 183.538 131.632 1.998
-64.233 35.036 118.852 1.855
-66.552 -146.825 -34.468 2.173
-63.036 70.717 50.391 1.852
-162.166 147.306 -170.059 1.974
-180.370 -98.853 15.590 1.967
54.833 80.648 -58.085 1.952
-106.388 -123.172 86.084 1.780
-133.762 144.267 13.374 1.965
168.571 -43.085 70.564 1.964
-161.953 -58.086 -124.021 1.845
224.701 107.954 -174.787 1.936
-102.708 -140.135 184.221 2.023
26.414 154.581 -53.926 1.921
88.927 120.114 180.369 1.937
-55.277 146.704 23.685 2.211
55.326 180.964 54.962 2.078
-81.613 -87.027 36.546 1.929
-17.238 -168.727 -37.047 2.037
-12.655 170.535 97.873 2.106
-162.686 -80.677 -90.410 2.101
-43.847 20.824 -0.226 1.795
-72.229 50.901 -198.937 2.212
144.521 141.225 52.670 1.932
176.127 -79.210 -1.164 1.987
69.310 81.812 140.414 1.816
-83.226 -133.439 92.204 1.954
167.602 -79.963 -179.809 2.111
175.385 -62.870 47.436 2.005
47.736 -9.637 -17.302 1.937
-177.502 146.949 78.049 2.039
-116.287 129.532 193.898 2.132
127.956 85.184 14.889 1.991
99.999 103.905 5.719 2.052
-141.619 70.495 18.830 2.096
-143.374 -34.724 -122.539 2.027
-137.093 -89.422 -123.370 2.034
4.563 -13.498 128.134 1.904
-1.292 7.315 121.749 1.880
-85.857 -18.629 42.478 2.001
-96.019 -164.873 32.729 1.996
-11.605 -93.009 -54.437 2.061
-5.868 -176.281 -15.731 2.064
-23.909 -175.044 100.556 2.023
140.161 167.593 -138.345 1.948
162.669 -33.745 158.496 1.950
-167.749 -173.759 -49.512 1.884
-80.526 -135.475 -15.650 1.910
-11.806 -125.590 -7.758 1.733
46.368 -172.309 108.062 1.936
-172.538 163.066 137.733 1.885
132.423 -152.059 87.685 2.222
-2.177 53.547 162.729 1.935
45.708 -41.186 -188.056 2.023
-179.641 -41.426 -62.053 1.933
-21.944 146.771 190.557 2.094
-128.232 73.026 106.160 2.033
-111.217 -175.252 44.939 1.976
-91.896 5.160 -167.954 2.077
-157.461 86.072 0.582 1.842
-59.089 61.103 10.141 2.016
-58.491 174.407 -43.398 1.938
-163.704 189.802 194.886 2.096
141.833 -70.704 17.491 1.948
107.407 135.056 3.658 2.236
-0.055 -115.505 -173.535 1.896
34.206 -184.218 -116.899 1.895
58.043 -172.484 -191.957 1.903
118.639 50.690 92.920 1.930
-203.353 15.421 -184.741 1.807
94.061 156.498 -119.045 1.745
-182.185 135.173 -93.007 1.954
105.612 74.136 81.442 2.095
-98.071 -64.260 88.604 2.100
117.056 60.256 -122.803 1.886
-199.893 -70.735 -44.880 1.891
131.178 57.702 -189.278 1.970
187.264 -173.121 27.721 2.084
21.229 -34.499 -86.691 2.007
173.980 -58.594 -169.180 1.848
52.125 138.577 -51.937 1.977
5.511 73.963 109.290 2.026
-104.065 29.763 90.034 1.990
-50.150 -152.218 139.261 2.015
96.096 167.919 184.740 1.928
-87.179 53.479 3.115 1.928
-192.011 -3.844 67.683 1.934
106.656 152.901 -51.551 1.944
56.120 -55.694 -87.515 2.022
-96.413 -34.368 49.235 2.081
183.612 150.030 -11.620 2.132
6.100 -76.237 75.760 1.907
94.813 -88.368 164.030 1.943
-51.548 75.854 99.142 1.895
-175.164 -29.548 92.820 2.022
9.962 -24.202 -18.375 1.998
-115.599 130.470 6.258 1.879
-28.673 -139.937 -88.559 2.048
-180.215 35.536 187.414 2.058
51.160 182.950 37.744 2.045
-83.689 137.446 -15.372 2.153
107.465 -160.984 -90.161 2.099
53.269 45.383 -136.634 1.969
-208.304 79.839 72.785 2.039
-38.761 57.786 19.345 2.097
132.028 141.648 58.966 2.018
-177.975 -150.036 -103.060 1.918
88.495 -156.923 165.167 2.019
-106.039 75.616 193.489 1.929
-32.484 -172.633 137.174 2.033
-63.782 -52.526 -154.924 1.883
193.700 -33.813 134.554 2.038
-198.537 4.267 -87.316 1.973
-68.216 11.409 72.312 2.020
-215.342 84.602 92.797 2.088
168.541 -155.607 134.809 1.910
145.366 -143.234 171.106 1.934
160.127 -165.637 -129.488 2.017
38.121 -125.193 193.604 2.110
-7.263 -0.028 -85.475 1.995
111.240 -153.959 101.293 2.049
189.034 -78.746 -44.573 1.992
-206.646 112.406 130.225 1.930
-49.835 113.255 -150.839 2.067
-215.919 21.001 61.493 2.014
-30.022 107.965 63.068 2.016
-47.294 -40.808 109.379 1.985
88.749 -141.353 169.472 2.149
-51.855 187.941 -178.478 1.830
98.483 -28.463 194.161 2.063
223.514 -63.793 -146.809 2.018
-171.045 -60.194 -158.769 1.961
82.225 -10.839 -46.314 1.959
186.794 10.085 -23.129 1.881
145.951 71.267 45.079 2.001
-183.801 147.437 -158.581 1.898
-207.988 -126.466 -190.458 1.867
217.565 33.292 -146.264 1.903
-14.303 112.759 -116.332 2.001
43.646 81.066 -44.197 2.050
-80.034 7.477 -72.186 1.854
-147.218 40.801 -20.438 2.130
-192.920 155.040 -2.792 2.054
-91.345 -32.648 77.212 1.928
-205.850 173.456 -92.147 1.958
-214.060 187.204 -60.111 1.994
-13.016 31.643 -34.040 2.130
5.747 -181.240 -108.200 1.977
-35.755 129.577 -68.295 1.922
216.367 -33.482 60.322 1.852
170.182 -63.588 -142.666 2.031
-3.087 -166.053 -26.445 2.036
63.249 126.827 110.792 1.997
-145.774 105.783 -31.816 1.987
-44.558 -17.542 184.387 2.034
189.467 139.072 -85.888 1.976
200.276 105.923 107.717 1.968
199.791 -15.879 -11.021 1.939
208.368 -124.205 38.867 1.910
189.302 166.285 88.584 1.992
214.787 -38.288 -94.643 1.986
96.130 -62.829 123.086 2.062
-75.666 13.433 131.049 1.803
-187.337 -94.822 -87.196 2.091
-208.284 73.158 184.295 2.026
18.823 -129.800 42.180 2.096
93.168 -168.692 -93.102 2.069
-6.239 83.260 71.745 2.061
-50.723 9.626 -93.750 2.025
-20.939 125.523 -65.593 2.101
-129.671 -83.744 -144.357 2.254
-47.458 -170.901 -21.249 2.175
-0.796 -15.847 -28.210 2.054
-28.894 -181.507 -12.277 1.995
-48.079 38.359 -46.702 1.844
-98.074 -4.134 -106.461 1.852
105.317 -2.400 -133.386 1.930
-122.170 104.283 161.202 1.929
-129.771 -162.743 41.335 2.020
-23.354 39.063 23.617 1.870
107.233 -3.757 85.691 2.018
72.154 133.205 -117.097 2.016
-140.045 118.148 -10.981 1.903
-25.405 95.256 -73.140 1.847
200.914 148.904 -161.851 1.976
-178.695 144.018 -18.374 1.960
-64.549 2.145 117.308 1.973
176.467 185.638 76.621 1.976
-116.349 116.594 154.698 1.851
-163.079 -74.963 -109.544 2.113
68.394 15.550 -91.986 2.069
41.812 117.425 89.558 1.954
-195.889 124.962 176.206 2.162
-103.687 106.911 2.531 2.233
-184.941 -40.882 172.844 1.876
-169.947 -109.252 -148.411 1.897
103.401 -147.714 -181.787 2.068
-183.497 129.236 91.939 2.020
116.235 59.360 104.027 1.940
2.558 50.752 130.332 2.119
218.961 -168.712 -90.523 1.890
159.341 -9.981 13.018 2.010
-18.555 -124.941 138.689 1.956
94.028 124.602 11.091 1.944
-47.721 -186.037 102.345 2.061
-187.805 141.970 19.507 2.039
9.007 30.770 -165.081 2.016
-186.917 89.134 155.255 1.937
-217.755 -111.778 189.487 2.136
-156.204 -140.939 -76.126 1.988
-46.494 54.296 -160.313 1.924
-20.309 -19.251 -117.098 2.097
202.490 118.300 139.979 1.943
12.995 -147.832 -24.447 1.877
47.513 -83.916 -113.657 2.083
-94.081 27.134 -36.343 2.057
-186.595 -2.046 52.422 1.873
-100.336 -178.493 -63.613 2.103
29.350 123.940 70.816 2.034
-2.210 -165.855 192.732 2.071
0.338 9.992 33.105 1.944
-123.603 -124.931 131.518 2.013
-141.852 -49.899 -14.382 2.181
-55.196 -31.115 143.155 2.087
166.764 -100.027 -178.804 1.764
111.349 -12.405 36.055 1.830
120.092 52.621 -69.779 1.857
65.850 -24.938 173.231 2.073
-16.230 -55.663 47.354 2.084
102.724 96.079 -179.925 1.992
152.792 -156.882 -162.406 1.993
-181.223 33.228 -86.262 2.088
-93.798 153.007 -114.925 1.956
-146.012 44.626 72.271 1.970
176.844 72.375 -184.410 1.864
72.711 87.863 -38.990 1.929
155.308 174.061 -79.664 2.097
96.397 164.864 35.845 2.160
20.509 147.946 63.081 2.104
148.053 23.685 -112.307 1.868
-195.198 178.437 -44.256 1.891
164.860 158.167 171.436 2.055
-145.445 -188.132 100.557 1.892
-64.748 69.984 47.964 2.053
23.066 129.129 -15.970 2.136
-37.317 -11.409 -152.467 2.148
-18.632 41.844 -168.159 1.948
-159.957 -153.490 116.971 1.900
-151.079 -2.072 -134.942 2.073
-57.835 169.616 12.319 1.978
-94.197 -82.147 127.870 1.769
77.621 -183.659 -102.353 2.001
0.343 23.008 61.063 1.878
62.409 120.852 -75.867 2.114
139.448 38.528 70.363 2.032
-89.210 67.779 -88.393 1.873
-23.827 -39.510 -9.884 2.181
-43.352 -99.389 -102.763 2.070
73.782 92.937 181.871 2.149
196.021 57.632 51.994 2.018
-71.501 37.466 -170.223 1.966
196.161 40.548 -108.466 2.102
-108.944 -119.112 -57.723 2.042
-222.120 113.211 -111.171 2.096
-68.129 -172.930 69.175 2.003
13.004 103.547 97.376 2.040
-152.850 -90.988 -43.188 1.933
214.699 23.758 2.478 1.947
13.096 15.976 -190.475 2.070
0.526 95.608 171.361 2.069
-176.317 -57.984 70.645 1.948
-120.750 -188.051 -78.233 2.123
136.633 54.815 185.364 1.898
43.597 104.178 -117.010 1.886
102.815 -118.776 101.166 1.985
-143.467 55.171 60.689 1.912
-151.882 74.042 130.623 1.883
-118.582 90.347 -71.813 2.150
175.483 -168.299 -138.474 1.887
-86.005 69.655 68.346 1.995
83.592 -67.383 -75.484 1.937
77.409 -96.513 -31.095 2.071
12.729 117.462 -106.636 2.015
117.123 188.794 134.811 2.099
-161.274 -158.944 -173.968 2.032
-207.988 164.219 116.123 2.071
79.947 -157.941 -197.626 1.989
-97.177 47.486 -67.253 1.885
0.232 70.945 54.583 1.913
-28.186 -95.473 -94.572 2.009
-60.687 -21.393 -21.023 2.057
-187.590 -33.825 190.809 1.851
107.102 -92.341 63.383 1.908
33.218 15.836 -157.495 2.060
179.689 -138.924 153.369 1.983
-170.364 -94.092 19.387 2.196
-196.491 -174.751 22.656 1.867
-18.360 114.933 -6.727 1.988
-224.632 -59.920 51.445 1.966
-117.955 -109.267 -121.617 1.864
21.984 94.762 157.184 1.990
-62.010 94.951 196.931 2.098
45.990 -60.598 -99.394 2.121
-17.236 35.197 103.472 1.936
-45.211 -25.109 3.826 1.937
183.851 187.004 28.275 2.094
49.978 -4.645 -48.066 2.047
46.136 64.288 75.008 2.234
-212.385 -153.572 -79.235 2.067
-64.816 -162.002 -175.366 1.893
218.778 -53.753 75.526 1.966
52.701 178.393 -96.385 1.868
-157.136 182.801 99.240 2.018
-36.491 134.549 143.784 1.917
-6.200 132.379 -117.647 1.979
-98.383 177.968 192.393 2.005
-159.589 -187.608 197.910 2.300
164.055 -79.187 -1.057 1.926
121.639 85.888 147.004 2.028
-64.589 157.940 187.744 2.089
46.199 -79.782 170.083 1.825
-69.391 -43.471 159.404 1.923
-220.763 -97.784 -199.988 1.949
-29.216 -28.356 -148.499 1.975
184.602 -114.491 143.193 1.895
-21.574 -1.127 93.358 1.926
-185.747 -69.908 -111.201 1.948
-124.797 53.420 169.062 2.008
-180.936 -74.637 -94.473 2.086
224.290 -152.241 -87.684 1.912
-52.913 -145.757 124.108 2.012
75.398 -106.078 177.444 1.871
57.075 154.339 116.549 1.931
87.299 -36.279 117.934 2.038
-54.758 143.488 -51.347 1.996
-216.373 -116.338 -134.859 1.968
15.236 146.997 70.578 1.925
-90.331 39.554 -18.986 2.104
-155.090 -13.802 -144.410 2.139
187.782 -184.778 179.352 1.895
-4.786 89.738 34.138 1.840
-105.385 -110.348 -18.340 2.158
182.499 -65.626 -191.232 1.942
137.099 -141.890 137.972 2.053
-75.265 46.753 101.708 2.001
115.155 42.916 -37.376 2.040
-143.492 66.755 36.450 1.952
-184.687 63.812 113.578 2.102
111.303 98.206 -142.421 2.078
