120.568 -58.654 -152.900 2.112
-182.075 -79.103 -177.283 2.092
115.011 55.076 -181.610 1.994
207.629 41.868 -108.119 1.996
-127.082 -62.859 83.783 2.046
97.083 151.838 -66.915 2.063
-35.098 14.051 93.049 2.022
22.942 174.907 120.354 2.010
-187.842 72.361 163.824 2.131
-14.855 121.122 -150.486 2.021
126.520 -157.417 -31.688 2.099
168.256 12.115 58.187 2.151
-133.821 -139.188 199.542 2.022
158.328 179.197 -178.200 1.862
-116.135 -32.186 -176.370 1.976
-91.420 -26.038 -65.798 2.147
-20.962 -142.863 106.973 2.016
-109.610 -97.119 138.559 2.084
-29.937 -187.442 114.564 2.129
19.898 119.342 197.505 2.039
-133.286 23.684 -128.357 2.020
-4.702 -188.895 79.107 1.880
-213.346 17.080 46.382 1.913
27.243 99.542 22.503 2.031
111.212 -167.932 5.782 2.040
216.545 -170.700 -60.538 2.170
104.108 109.515 165.410 2.039
20.170 -123.661 -91.515 1.976
224.007 104.283 -130.078 1.953
63.752 -133.035 51.153 2.022
-105.969 -95.806 -66.597 1.958
119.007 81.074 145.526 1.890
-135.022 121.819 -177.963 1.913
-91.252 125.416 92.803 2.088
-65.563 144.949 -87.306 2.123
202.854 -48.001 -110.055 2.107
151.364 138.557 36.252 1.991
34.340 -137.144 135.242 1.917
-203.273 -173.267 -97.206 1.819
112.468 -172.803 -122.299 2.108
139.664 -23.934 -199.878 2.015
79.254 -23.908 101.863 2.103
-82.041 -138.511 37.220 1.922
79.005 -116.943 -72.339 2.100
193.100 40.057 134.962 2.052
-191.100 157.070 155.904 2.076
-143.253 175.926 -42.282 1.955
-52.006 76.046 101.314 1.882
80.689 -94.287 -101.546 2.045
118.048 110.763 194.861 1.949
-83.314 -30.761 56.556 1.969
41.119 46.888 91.253 2.045
48.733 4.517 -95.836 1.942
174.447 -64.465 155.661 1.934
61.457 -112.288 -82.010 2.006
-96.175 -71.084 58.042 2.129
147.985 -1.915 138.163 2.068
208.607 -64.306 -68.281 1.946
41.620 -85.127 2.622 1.974
109.771 -94.101 102.478 2.048
-78.990 141.894 -121.440 1.949
-224.067 -100.257 -181.249 2.070
-138.785 181.764 -199.519 2.112
129.885 106.852 -141.863 2.026
80.177 -19.235 48.494 1.907
-204.880 -64.808 142.818 1.943
-51.739 175.516 -138.338 1.909
-104.343 19.005 -91.858 1.940
-125.823 -182.647 131.723 1.918
135.574 -100.850 157.865 1.974
43.117 -41.133 -99.151 1.981
-44.621 99.041 -162.636 2.117
117.179 188.646 -94.503 1.823
-124.644 74.754 145.722 2.023
67.820 168.388 -45.495 2.077
116.106 -173.921 169.432 1.884
60.300 -170.710 -34.095 2.111
-12.345 167.889 -135.700 2.007
-114.772 156.996 -165.036 1.945
84.452 -178.123 -12.799 1.926
-27.976 6.996 -88.270 2.082
65.763 145.347 -164.027 2.011
-47.781 4.776 99.805 1.915
-85.627 116.602 -16.790 2.063
-144.812 -14.783 100.647 1.807
-41.377 164.864 58.815 1.833
203.397 73.180 -183.588 1.954
-51.631 42.930 185.213 2.067
-27.379 -82.037 -98.400 1.936
18.119 -77.899 -34.072 2.042
122.998 -41.904 154.080 2.013
-121.450 74.857 -149.483 1.988
-66.415 16.100 134.643 2.061
135.629 -66.041 -168.549 2.198
33.291 167.659 73.402 1.950
-214.070 -74.884 124.758 1.964
24.671 -111.483 -156.410 1.895
22.391 -28.218 -173.403 2.129
-52.494 -57.643 108.475 1.827
22.397 -187.397 -67.277 2.160
1.481 45.813 158.204 2.037
51.734 -114.279 -193.739 2.022
218.592 189.895 -164.574 2.042
-216.843 -52.481 8.234 1.990
-150.644 134.319 107.413 1.908
188.104 -79.266 35.379 1.963
-198.570 -107.826 -20.654 2.099
-10.153 110.486 2.738 1.892
149.022 183.966 -88.149 2.058
-74.440 8.294 35.615 1.926
66.700 -187.210 180.274 1.949
-169.466 -155.407 -84.871 2.104
188.338 88.596 32.020 2.028
15.804 -53.942 -150.674 1.982
163.514 125.320 -118.666 2.078
172.167 3.885 41.849 1.964
34.085 153.562 -23.523 2.086
-37.428 -38.048 106.880 1.972
182.228 186.608 184.174 2.088
213.365 90.334 -144.395 2.007
217.811 4.521 -172.727 2.077
-180.357 83.730 -122.592 2.012
7.134 33.615 44.385 2.056
165.967 -92.069 145.752 2.202
196.457 28.868 -118.456 2.029
-28.078 105.087 -197.983 1.883
183.760 29.050 -153.454 1.850
30.989 115.933 85.240 1.979
-220.497 118.980 -45.739 2.126
172.275 -46.622 -94.525 2.012
203.237 -47.231 -27.073 2.082
-213.442 67.572 -167.044 1.889
-159.473 116.909 -196.205 2.093
181.967 -75.172 103.479 2.092
-6.260 152.058 81.731 1.945
-193.715 151.000 98.561 1.919
128.350 16.067 -22.536 1.953
20.453 -16.177 -145.370 1.965
-63.360 -147.433 99.035 1.851
-176.745 142.364 -196.070 2.015
-135.764 -85.906 -116.645 2.135
189.730 -140.548 -74.045 1.905
-154.363 -172.040 49.909 2.101
181.266 -32.761 -192.553 2.087
59.425 -104.700 141.018 1.929
114.391 65.344 160.851 2.153
-28.754 130.927 -108.841 1.897
190.910 60.421 -131.457 1.965
-206.505 -136.443 118.341 2.006
-24.721 123.332 -197.200 1.920
-65.272 -173.087 191.795 1.973
14.511 152.699 194.591 2.050
151.066 136.723 174.136 2.078
15.483 -144.881 71.078 2.051
-198.731 37.686 -157.125 1.898
-162.281 -65.202 -23.684 2.013
104.653 -56.215 161.492 1.899
75.118 -114.945 196.620 2.033
6.750 143.650 -144.546 2.153
-122.461 158.876 -9.114 2.154
222.751 -25.721 19.814 1.965
-72.520 -11.837 -50.691 2.210
-195.947 66.532 142.617 1.992
124.583 31.872 62.718 1.853
-45.907 -120.088 -107.329 2.207
-70.269 142.302 -59.702 1.843
-119.479 -22.473 173.409 1.816
47.992 153.453 -45.889 1.931
14.767 -98.108 -121.779 2.024
82.675 88.077 -199.317 1.960
-157.512 -131.876 -154.981 2.021
-214.213 46.603 59.373 1.895
-23.913 -8.055 -15.694 1.997
56.367 147.231 146.114 2.119
10.708 134.027 -117.249 2.109
33.270 144.783 57.524 2.119
140.930 -88.161 -83.734 1.985
46.975 179.271 -93.274 1.849
-108.673 184.446 -80.799 2.017
137.327 -89.473 -157.311 1.968
143.515 -62.407 -61.015 1.888
49.483 -47.125 -143.950 1.914
-99.270 167.382 5.265 1.998
-175.950 173.492 46.731 2.011
-104.077 182.959 53.253 1.958
-102.620 86.797 -19.328 2.071
130.811 -152.109 -127.644 1.877
-158.920 73.980 176.265 2.037
131.270 114.979 5.038 2.176
-201.728 6.017 -7.462 1.954
136.526 93.671 -36.485 1.905
-41.015 -96.319 116.469 2.266
-223.690 104.065 -0.961 2.260
-16.532 151.429 -1.126 2.062
-71.374 163.678 -66.075 1.946
179.782 161.506 -169.436 1.888
141.302 -130.781 -83.427 2.172
-19.866 -68.706 -72.282 1.902
193.237 19.666 -159.678 2.138
-49.799 182.176 88.279 2.065
32.268 -12.634 -175.087 1.979
97.923 41.581 -112.971 2.137
85.100 98.874 -7.457 2.174
108.495 108.767 93.380 1.936
-145.234 -72.137 -100.562 1.956
-44.128 48.690 66.152 1.883
-156.873 -98.201 125.923 1.932
-68.905 14.906 -118.698 1.901
66.302 82.729 61.401 2.139
-119.500 -76.514 -160.925 1.914
-39.539 28.224 121.946 2.023
217.497 -166.913 174.436 2.058
-91.015 -153.449 -188.342 2.127
3.965 -24.172 99.905 1.953
-107.656 20.549 -66.570 2.022
74.381 -138.611 -27.084 2.055
207.074 61.198 41.862 1.954
-47.984 68.397 -30.160 1.966
-136.529 -72.739 164.581 1.935
-178.448 82.736 2.756 1.902
-217.168 150.809 110.012 1.989
-12.769 154.051 -120.764 2.063
-52.946 -107.313 -7.844 2.098
153.135 66.359 -156.666 2.099
-123.520 -145.274 -171.743 1.988
-73.486 48.593 -52.187 2.070
34.030 -185.795 108.310 1.954
-213.759 -175.143 102.724 1.988
-181.769 -137.096 -102.415 1.981
143.001 -74.742 198.999 2.103
60.085 -105.327 158.218 2.006
-119.679 46.529 104.200 2.122
111.156 186.539 -19.262 1.985
-197.024 -39.868 149.930 1.957
61.381 99.758 -146.596 2.029
34.481 -180.410 -131.016 2.042
-13.376 81.818 -155.690 2.016
-114.354 80.058 -76.116 1.995
2.658 -161.527 7.116 2.011
-116.369 -72.934 -64.744 2.052
219.925 -90.852 -19.287 2.179
143.431 -77.450 -89.882 1.955
91.692 -43.316 66.745 1.983
-171.091 107.019 76.482 1.844
130.649 -72.103 -97.623 2.000
-199.709 -91.812 -25.812 1.922
-193.738 84.655 -90.759 2.031
-99.488 -65.151 -129.919 2.000
42.205 178.575 105.612 2.093
-81.252 26.199 -126.778 1.936
21.098 43.714 182.038 2.122
-65.577 -90.513 -59.492 2.036
114.685 -110.507 -60.903 1.958
-67.267 163.239 151.491 2.221
201.995 57.844 -188.223 2.103
-26.049 49.879 -46.554 2.016
204.451 -76.666 55.738 2.021
-152.311 177.492 190.268 2.071
-208.780 -135.432 12.800 1.998
-132.785 114.189 -188.755 2.045
67.277 -151.859 147.432 1.842
-23.734 35.788 -68.389 1.925
151.820 101.109 181.247 2.038
59.353 125.777 140.182 1.947
-215.394 182.292 -5.660 2.015
-108.382 118.832 -131.618 1.883
-199.651 -57.444 -144.308 2.047
-79.486 -91.613 22.054 2.156
-20.337 -94.338 60.015 2.034
-100.548 -34.154 -40.226 1.956
191.540 7.241 -112.308 1.781
66.400 58.930 70.350 2.146
-147.577 -155.227 -67.833 2.107
-18.869 129.488 46.890 2.055
-74.735 -78.494 -62.739 2.001
-7.999 0.538 -165.785 2.061
49.598 -64.844 -172.445 1.876
-91.172 -137.462 102.047 2.161
-167.959 -65.589 -132.795 2.042
-128.894 14.746 159.578 1.977
221.628 -129.167 165.812 1.807
-68.184 9.221 76.369 1.763
-83.054 -152.818 -93.869 1.919
-98.938 137.427 -188.709 2.027
180.608 180.104 192.981 2.036
-90.831 -170.030 168.234 1.700
-42.071 -7.073 174.230 2.065
150.659 180.029 178.946 2.121
29.891 65.661 67.778 1.952
212.310 -146.689 -65.389 1.914
-206.164 49.604 -148.424 1.828
40.015 124.759 42.234 2.162
-198.850 -93.235 96.295 1.978
215.363 98.619 101.480 2.028
106.248 -144.349 33.630 2.032
-165.828 22.875 -194.430 2.005
-36.527 -63.264 174.120 2.012
60.066 -42.711 -65.129 2.092
107.918 21.213 -87.831 1.950
-130.536 -83.459 -19.599 1.986
223.022 35.967 -104.018 2.144
-38.175 139.285 -82.200 2.031
-49.993 19.035 -154.976 1.990
35.587 -118.023 -68.168 2.151
-100.234 -182.985 -196.142 2.094
-169.664 105.560 197.566 1.997
-195.469 56.916 150.349 1.930
-71.342 33.675 146.424 1.874
-91.686 -29.918 -21.293 1.774
167.502 49.978 69.105 2.038
-118.367 -163.930 150.701 1.940
-167.314 -159.441 136.437 2.014
-19.569 81.802 75.606 1.903
112.156 120.391 -82.922 2.160
3.934 161.674 194.957 1.906
-47.084 -171.249 47.159 1.861
5.419 -54.871 107.032 1.952
197.140 64.392 -149.967 2.078
-164.764 -76.270 28.730 2.103
175.533 138.915 70.718 1.953
23.719 -168.173 -43.487 1.986
-167.484 -154.842 2.900 1.953
-84.252 107.405 -157.213 1.994
-90.796 -104.703 -169.935 2.010
-144.419 188.406 88.662 1.978
167.845 25.027 130.135 2.092
72.110 -40.814 43.189 2.225
-205.161 123.812 -39.222 2.074
113.913 123.842 -146.127 2.026
18.569 -20.886 51.591 1.990
-189.564 -85.461 -179.437 2.088
130.973 88.311 175.977 1.962
-79.732 -150.807 -63.326 2.072
-84.739 -145.286 173.440 1.941
97.788 -108.456 -124.523 1.986
109.728 -76.034 -77.564 1.968
-220.622 133.807 136.747 2.134
-214.883 164.967 123.344 1.971
27.751 49.818 -63.166 2.214
0.494 69.020 -7.360 2.074
-89.504 -60.414 -139.810 1.877
139.710 86.473 116.792 1.768
21.741 -147.401 199.101 2.179
9.142 -68.946 166.014 1.914
210.265 71.193 33.229 2.060
26.984 186.106 -140.938 2.113
72.763 117.103 -73.197 1.821
-96.157 109.241 -130.744 1.874
125.095 -66.983 -80.719 1.914
-213.320 -42.576 93.342 2.001
199.433 -27.361 151.330 2.031
0.237 -164.531 5.949 1.854
165.820 116.786 -59.784 1.840
-187.677 -188.928 -118.285 2.237
-216.602 -21.517 67.453 2.113
-223.473 6.337 67.621 2.091
220.350 -44.994 -92.769 2.033
-119.600 -36.709 -60.620 2.053
173.409 12.123 -56.284 1.862
41.201 -136.505 -152.575 2.001
125.472 -111.098 -26.946 1.879
78.318 64.914 -59.652 1.968
154.263 127.958 61.335 2.057
-83.937 -23.803 -82.631 2.093
-21.326 181.763 165.169 1.858
-153.136 3.276 -116.086 2.169
-159.196 183.910 174.567 2.064
-22.467 -102.893 -93.438 2.177
108.794 -173.506 94.724 1.939
209.800 68.284 160.029 2.123
-166.880 86.516 -39.148 1.938
8.642 -109.979 132.429 2.122
221.089 40.915 -180.703 2.081
103.984 -35.046 75.768 2.091
-152.389 -181.481 -140.090 2.145
166.035 -164.949 -44.184 2.010
-5.840 81.732 -75.875 1.909
-90.738 -177.211 187.673 1.918
126.399 -21.730 196.784 1.963
153.853 -93.379 -67.355 1.996
-63.082 -19.707 165.748 1.968
14.840 -168.118 -162.181 1.896
-6.619 -150.937 144.256 2.047
48.253 -30.547 -146.884 2.002
134.734 -58.773 -121.335 1.881
-81.387 47.641 79.753 2.231
208.005 -53.152 -42.921 2.231
-13.107 42.929 107.638 2.032
-101.987 13.292 -31.061 1.952
-110.106 37.830 -175.509 1.863
117.226 -142.946 -125.844 2.027
90.411 16.325 -125.138 2.018
27.122 -114.276 38.413 1.916
-200.425 -31.853 -165.187 1.891
-64.776 -85.980 -84.651 2.050
-113.125 -138.886 -149.314 2.038
-123.186 20.338 -195.792 2.145
64.206 68.226 -189.058 2.041
-39.448 135.454 175.879 2.007
-102.714 -142.866 -195.458 1.980
162.282 -44.866 -153.737 1.982
-58.678 111.478 -53.672 1.868
-35.810 175.028 -173.044 1.948
198.865 179.787 -139.645 2.080
128.811 58.723 196.276 2.026
-54.922 -116.115 -163.074 1.805
-217.204 -121.448 105.290 1.917
114.210 155.002 -149.543 2.105
174.767 141.064 90.233 1.965
163.488 86.795 -6.760 2.030
-174.272 32.217 -128.727 1.857
-187.495 91.405 156.739 1.866
177.957 174.712 -187.194 2.139
-140.329 -101.185 -52.600 1.747
58.526 166.127 -26.234 1.906
-110.612 142.944 -127.959 2.044
4.140 -27.634 143.158 1.848
-15.992 54.718 -116.081 1.941
-11.424 -142.877 -91.534 2.065
-65.381 -7.905 14.322 2.002
88.707 112.384 -116.934 2.030
158.027 -110.175 -101.648 1.980
61.752 -75.937 -33.879 1.926
66.261 58.430 65.174 2.146
-108.823 138.710 -80.605 2.207
176.374 20.310 -27.488 2.022
-136.028 111.811 100.170 1.881
28.018 -54.208 -145.780 1.950
-170.016 -110.547 115.240 1.963
-65.058 52.601 91.502 2.107
218.144 -188.414 62.570 2.076
-218.874 13.408 162.141 1.893
161.161 37.492 96.784 1.965
-200.191 183.720 -99.307 2.059
5.555 21.192 -69.822 2.140
150.511 -57.841 89.240 1.916
207.988 -120.746 -118.758 1.734
187.456 167.307 -116.862 1.951
187.132 159.184 70.476 1.954
-129.755 124.925 -101.266 2.003
-65.256 189.372 -130.666 2.032
-211.331 59.088 -140.765 1.963
194.985 -132.454 -149.126 2.192
-218.712 119.414 -175.234 2.173
144.052 -3.012 45.064 2.147
188.679 -86.096 42.484 2.039
71.648 23.722 -82.011 1.916
109.547 134.382 140.042 1.957
2.657 141.644 19.867 2.083
-16.177 68.946 29.372 1.931
4.583 99.898 -66.720 2.072
40.349 -167.313 -33.043 1.897
-183.095 95.078 -88.890 1.905
84.994 91.279 183.429 2.142
-217.511 189.184 -76.763 2.003
-131.553 -33.722 -83.439 2.038
-63.637 137.935 24.249 2.112
-176.961 -68.584 -110.019 2.078
54.010 36.937 93.439 1.978
210.475 65.014 42.620 2.082
-42.214 -126.850 7.484 1.978
60.847 -112.391 -173.795 2.220
-52.231 164.137 88.702 1.982
-188.747 98.281 99.825 2.174
-187.815 -83.739 -192.493 2.026
-113.727 -1.618 -170.029 1.960
205.127 98.611 11.078 2.106
-73.878 -80.415 -74.356 2.077
211.950 62.332 187.006 1.825
136.829 35.602 138.433 1.958
-168.874 168.865 154.366 1.914
-16.012 -112.360 154.211 1.839
126.090 -116.328 155.250 1.839
-116.402 138.412 62.114 2.110
-189.669 -13.878 -165.949 2.101
-201.523 -146.138 -31.694 2.012
-128.056 -44.078 -161.902 1.844
-167.781 -109.980 191.699 1.853
-97.812 -63.373 21.913 1.961
-35.862 -109.080 15.405 2.182
52.315 -27.247 28.094 2.003
-197.145 -53.288 -128.839 2.001
58.670 170.173 136.685 2.234
-71.580 97.498 -86.243 2.174
109.277 -67.593 177.046 2.029
-149.290 -110.178 70.968 2.077
2.511 34.087 66.866 2.028
212.337 -81.322 -121.747 2.137
79.533 -114.023 14.125 1.964
-34.594 133.957 -127.604 1.971
98.599 185.165 112.279 2.040
166.144 -141.287 -145.254 2.022
-28.821 -90.806 104.468 2.004
-52.495 31.523 9.964 1.891
2.744 -179.699 -156.573 1.974
92.162 -29.316 129.710 2.019
-89.982 -133.785 -190.268 1.894
12.973 14.702 -135.549 1.973
-101.321 -13.330 132.538 1.955
-131.445 -156.792 116.931 1.991
-204.205 -82.914 19.735 1.916
-163.442 -117.703 -187.622 1.877
212.903 136.752 -115.065 2.097
104.443 -178.740 58.460 1.864
186.138 139.939 127.435 2.043
-133.656 -47.827 185.717 2.001
54.538 -44.100 -69.522 1.926
-62.071 -50.699 -130.014 1.816
184.635 -166.471 33.210 1.917
133.368 -121.628 -183.269 2.037
78.323 33.033 16.214 2.231
129.276 -140.911 130.135 1.913
109.411 122.351 -103.049 2.030
139.745 178.485 -126.935 2.025
152.350 144.109 -128.877 1.934
99.570 -97.532 155.709 1.930
110.618 -171.938 8.781 1.932
-143.674 -18.398 175.547 2.057
61.043 150.715 197.822 1.972
107.929 14.793 -163.989 2.011
216.448 -124.231 65.641 1.889
-169.182 29.285 184.941 2.160
-114.455 -49.836 149.537 2.034
115.178 121.412 103.475 1.927
126.554 125.354 -99.564 1.817
-83.607 -65.936 56.796 1.976
14.027 185.941 -152.698 1.948
-152.276 -69.548 -151.684 1.907
-58.385 105.921 34.905 1.937
185.932 5.522 114.627 2.158
169.485 -2.523 127.781 1.951
195.344 59.240 -192.999 1.981
-157.597 -89.000 77.921 2.041
36.409 -7.809 -88.750 1.922
2.623 132.369 198.998 1.982
-32.606 166.913 133.611 2.129
-196.749 -49.327 -23.909 1.822
-84.385 -122.305 176.325 2.072
36.444 -33.577 50.917 1.869
43.747 77.231 132.458 2.040
69.748 103.083 118.914 2.074
-168.664 -183.585 -79.285 1.886
-113.898 -55.599 79.122 2.165
72.242 -82.680 -38.283 1.916
-19.237 78.842 86.371 2.074
-171.543 172.474 -140.430 2.043
213.073 -145.989 -57.199 2.116
21.501 48.413 57.658 2.079
-197.728 -187.220 -18.165 1.954
188.677 -54.034 109.284 1.926
26.524 39.055 116.204 2.119
10.559 -161.043 -27.538 1.940
-119.226 -85.518 -28.621 2.045
-202.204 -69.945 -171.673 1.891
9.809 -16.477 133.051 2.018
-136.119 -102.153 135.053 1.986
192.369 -181.921 -177.438 1.918
49.044 -20.709 125.178 1.926
198.567 146.307 -53.002 1.860
205.322 34.522 11.738 1.995
-62.630 179.851 93.346 1.932
135.984 170.484 -164.775 2.014
42.989 -80.663 -113.365 1.993
11.010 123.766 -166.254 1.986
94.787 72.446 -64.340 2.212
-212.461 -186.017 144.807 2.035
-102.068 -156.946 -75.370 1.951
-70.476 31.600 25.663 2.002
-166.098 43.551 90.293 1.949
-160.874 -79.342 -39.610 1.935
-171.869 23.201 127.049 1.821
178.731 -24.111 26.457 2.074
-94.123 -44.196 -99.777 2.028
202.852 -183.988 144.895 1.939
207.361 101.819 178.097 1.894
-155.294 -39.493 194.607 2.025
101.447 149.703 -159.510 1.880
-160.795 -134.700 -130.741 1.954
-3.456 132.844 89.539 2.250
-146.756 -40.986 186.536 2.069
-139.287 115.763 101.584 1.898
69.736 13.339 -185.509 2.041
-54.765 78.142 -184.007 1.841
117.490 -79.864 -159.649 2.084
160.719 78.080 -160.870 2.118
-108.473 -10.065 150.445 1.848
-208.746 59.291 156.044 2.070
-217.182 -9.317 20.701 1.947
97.198 117.606 76.485 1.828
-11.590 -184.160 176.774 2.093
-26.557 -108.658 81.605 1.885
-81.271 -74.912 -198.850 2.089
104.173 -55.236 102.030 2.079
-46.051 177.748 101.009 2.021
199.260 -64.392 -38.530 1.921
134.640 -101.983 189.258 2.079
115.541 18.312 -4.318 2.034
-72.331 124.588 192.820 1.978
-125.840 46.290 -136.219 2.042
138.278 -66.118 145.902 2.072
-191.492 -90.052 -167.525 1.977
-40.730 144.912 -170.751 2.004
208.941 137.149 134.238 2.044
-100.375 -20.379 51.824 2.046
178.190 123.943 9.488 2.112
-210.438 -38.778 -177.484 2.105
-199.329 185.010 -164.065 2.089
191.538 -136.928 115.575 1.726
132.786 -63.786 -8.475 2.042
60.589 -173.068 173.757 1.983
-204.359 179.214 -153.718 1.817
113.806 -139.386 47.163 1.998
-111.325 -114.805 -3.083 1.942
18.589 -58.916 162.855 1.963
175.711 66.981 -121.625 2.019
110.229 -136.213 81.855 1.913
111.248 -129.054 139.491 1.886
-64.645 110.092 -40.085 1.994
-211.525 -98.746 22.655 2.234
64.998 -68.946 153.318 1.965
-11.522 10.817 182.282 1.899
-126.990 -8.224 43.238 1.836
-154.710 -147.905 -98.213 2.098
221.101 -140.458 -28.450 2.101
75.273 -56.293 -154.567 1.873
-194.128 -32.888 -5.466 1.919
99.262 152.814 194.628 1.983
37.103 67.341 30.801 2.033
21.132 7.339 -176.560 2.061
-160.138 -49.049 146.767 1.784
-138.759 -10.761 -177.041 2.039
68.232 34.497 71.566 1.836
-150.048 132.627 -63.471 2.176
-182.374 162.439 98.324 2.129
192.981 55.087 -103.475 2.137
-13.971 55.717 -121.295 1.983
153.712 178.186 53.677 1.956
-42.186 147.598 -136.574 2.104
-180.112 87.460 19.569 2.188
-99.221 181.681 150.617 2.162
-19.091 -117.138 166.896 2.085
124.327 157.391 -146.192 1.995
172.614 -119.746 -20.316 1.929
216.583 -32.994 -44.540 1.961
-154.794 -104.228 -71.975 1.976
118.606 67.831 -5.558 1.859
-75.170 177.352 -63.888 1.964
-54.410 74.629 69.651 2.165
73.279 161.785 -51.587 2.034
-170.250 -4.691 -51.118 1.813
-25.573 -149.416 -103.923 2.028
196.188 -171.337 107.655 1.961
-77.050 -100.799 14.613 2.126
195.399 -67.802 -197.528 2.088
-44.157 178.555 -80.971 2.078
201.309 -151.668 118.433 1.916
200.437 1.327 -7.085 2.052
-26.511 -124.593 -62.257 1.999
-173.838 93.157 59.724 2.014
140.494 12.484 -174.542 1.877
114.098 1.002 191.861 2.093
162.795 -141.645 -49.655 1.913
-219.238 85.422 -194.780 2.137
75.213 4.293 -160.137 2.015
92.112 -73.350 115.502 2.077
-218.996 0.282 20.038 2.042
-117.672 43.108 -18.487 2.001
-10.415 -102.636 -118.669 2.002
134.818 35.627 154.875 2.172
-85.532 13.552 -19.778 2.206
12.973 -77.993 -152.155 2.008
-104.967 -1.331 -24.092 2.124
48.332 -34.247 99.837 2.103
201.897 90.619 103.173 2.087
-16.660 -41.611 85.021 1.921
50.231 -166.787 -1.065 1.877
-75.226 65.082 159.172 2.061
-23.679 137.212 194.843 1.900
203.662 147.500 -94.765 2.269
-56.438 -45.913 -74.674 2.130
-155.296 -152.222 -165.759 1.930
50.882 106.137 152.151 1.982
-74.293 -57.311 -18.277 1.879
46.411 -27.089 118.863 1.956
-143.582 -157.381 6.852 1.920
-62.389 155.451 160.646 2.071
-159.317 -21.159 -109.441 2.085
47.593 -103.972 -121.979 1.984
-134.964 54.260 -190.958 2.161
86.696 24.607 64.623 2.002
205.173 107.334 -142.791 2.014
30.751 152.695 -144.120 2.016
97.778 155.843 174.316 2.213
39.249 -66.482 145.977 2.185
91.639 -26.436 171.833 1.889
-108.741 58.620 -173.411 1.911
115.782 -125.482 151.853 2.022
-111.829 1.414 173.242 2.188
208.757 -13.332 -181.508 1.899
-162.065 178.246 4.945 2.011
-215.064 113.388 32.552 2.110
-7.261 116.528 144.631 2.058
-173.114 -77.710 -160.523 2.009
23.732 -189.026 -116.883 2.028
8.129 -157.367 -36.912 1.996
-100.435 83.403 148.756 2.123
-151.486 110.719 -81.939 2.157
69.919 92.143 140.497 1.883
-217.327 176.392 -67.927 1.784
73.691 76.023 49.863 1.989
-136.053 84.924 -66.179 1.943
220.343 104.426 147.973 1.976
123.541 170.955 156.900 2.108
43.640 -180.140 -153.331 1.853
-35.840 16.157 176.829 1.953
7.036 -173.345 -59.558 2.022
-168.453 -164.126 65.219 1.902
-119.835 19.716 52.156 1.912
109.971 -185.434 -69.135 1.774
215.091 -57.738 12.788 2.043
65.116 -102.800 -75.097 1.815
-165.495 35.175 31.225 1.925
65.120 -134.704 105.156 2.039
178.321 54.915 -49.339 1.946
126.702 189.999 196.214 2.029
152.093 116.173 51.921 2.046
-131.890 154.829 127.154 2.019
185.096 -153.412 -132.730 2.013
-124.129 72.090 80.106 1.892
-27.802 -175.023 77.931 2.009
-220.507 93.552 -33.856 2.100
-185.507 75.024 186.583 2.017
159.834 -169.396 -55.982 1.860
-170.795 98.933 -41.999 1.994
-69.492 71.263 19.016 2.092
-93.257 -102.368 20.813 2.036
109.128 31.089 189.598 2.006
-202.553 40.364 21.667 1.857
-138.387 -178.728 -168.459 1.953
-73.816 -79.768 98.022 1.730
119.434 173.644 -14.491 2.112
-113.123 183.069 19.301 2.051
-195.908 105.638 168.817 2.070
159.080 -183.777 -47.160 1.905
-55.389 -159.742 29.932 2.092
69.363 169.819 187.142 1.945
81.963 134.125 45.309 1.986
-96.271 169.881 -79.378 2.143
-173.890 62.393 55.434 1.930
93.633 -10.753 -91.599 2.020
201.101 55.192 179.314 2.062
188.308 154.820 65.050 1.901
-31.792 -137.115 -160.532 2.103
-162.336 96.523 186.415 2.067
-142.927 -74.339 -99.682 2.170
-186.720 -33.703 193.232 2.058
98.837 -48.398 148.384 1.987
141.677 -162.887 157.978 1.822
-133.421 -189.268 184.805 2.054
83.340 -123.416 -71.234 2.051
-216.280 100.371 31.262 2.096
162.179 -3.150 -32.537 1.945
177.998 75.494 92.151 1.986
-163.196 181.293 175.635 2.125
-196.693 158.152 -59.910 2.167
-115.000 178.930 -44.199 1.988
21.523 -158.484 34.659 1.879
64.759 -14.805 198.795 1.856
17.254 131.099 -23.021 2.012
141.694 186.112 -136.095 1.986
135.225 22.619 186.548 2.076
207.066 -92.013 -86.210 1.938
-146.566 -142.335 23.457 2.031
119.360 63.544 171.033 2.088
123.308 74.820 -94.544 2.030
-178.854 -48.051 -152.542 2.123
80.821 -40.950 180.365 2.044
-208.536 86.680 -96.656 2.171
-34.224 -186.942 80.279 2.037
133.301 -95.445 169.120 2.001
82.704 162.733 -141.852 1.962
-113.273 109.368 -196.890 2.076
-156.599 157.451 153.686 2.207
-75.480 108.478 -199.219 1.817
52.091 140.172 -39.298 1.948
191.166 168.306 98.018 1.901
-209.182 -49.259 38.551 2.116
79.181 62.099 145.135 2.029
176.099 105.158 141.168 2.079
-120.354 126.779 -39.225 1.891
182.683 -113.759 14.639 2.097
167.605 101.794 -109.651 2.035
13.557 -99.397 -21.724 1.852
182.305 6.230 13.292 1.959
218.095 -49.034 23.885 1.924
148.022 -27.011 -97.964 1.904
-176.710 38.715 39.015 1.911
-201.738 -35.036 -182.773 2.118
190.886 -102.268 35.929 1.958
60.461 111.549 19.111 2.133
202.023 -156.430 -196.789 2.054
-8.512 4.305 155.582 1.928
-48.686 -90.271 47.533 1.764
165.884 -17.128 76.931 2.017
71.834 88.191 -70.601 1.955
-48.436 -148.961 -183.324 1.915
213.209 -7.753 -192.492 2.044
10.586 -145.442 173.332 2.062
143.087 85.747 -65.943 1.889
68.283 -157.668 -174.033 1.965
-40.054 -176.438 -96.339 1.856
124.762 -123.354 81.559 2.125
-221.627 112.382 -113.296 2.190
-155.982 -72.230 185.157 1.883
109.996 -54.361 -74.594 2.177
-43.860 153.657 186.577 2.132
8.670 -138.266 137.061 2.138
164.294 -75.653 -51.902 1.969
19.625 16.114 -62.708 2.237
199.637 -133.526 -102.555 2.075
-33.169 188.549 107.087 2.090
-66.677 132.496 81.969 1.988
-39.230 -144.073 100.339 2.077
181.866 -138.303 190.035 1.844
-83.849 -103.606 134.408 1.931
-115.024 54.687 -32.392 1.899
78.996 42.704 -46.066 1.869
148.507 -86.494 -55.000 2.071
-181.267 -124.393 -124.358 2.152
-25.882 -133.775 -147.770 1.889
-144.156 -17.014 -30.774 2.100
-49.847 -99.694 88.574 1.786
-167.799 -89.429 -120.211 2.022
39.956 -31.906 -147.866 2.039
105.706 97.481 -69.797 2.034
-142.965 -176.470 164.185 1.908
4.968 48.829 -79.600 1.947
104.301 32.858 89.782 1.830
-37.186 -146.070 -85.589 1.901
193.678 -54.288 126.666 2.031
15.917 172.208 -15.645 1.882
-21.022 -29.508 -155.976 1.748
-17.060 98.177 191.359 2.185
6.806 43.530 -16.435 1.954
158.942 -69.171 102.755 1.967
-200.288 -35.706 -165.271 2.051
-112.076 138.695 116.027 2.044
11.370 89.419 74.974 1.945
-0.883 165.783 -193.192 1.942
128.171 145.343 -32.321 2.015
-127.745 96.009 -118.632 2.084
184.977 27.070 -144.994 2.100
42.913 75.354 -7.069 2.005
52.324 56.228 -137.115 1.962
160.079 146.616 -93.189 2.089
50.939 -80.959 186.998 1.921
147.496 143.355 -8.775 1.790
-41.886 42.155 -179.036 1.902
172.901 86.151 75.001 2.084
92.981 127.427 179.540 2.140
32.701 144.425 -90.628 2.016
43.582 184.102 -160.655 2.005
115.453 -2.993 110.489 1.975
-100.330 119.407 132.699 1.864
-200.953 170.551 -167.755 1.965
167.148 -60.968 63.000 2.047
97.214 174.217 -8.696 1.875
192.439 -5.194 -57.833 2.043
20.967 61.301 81.222 2.155
-117.105 9.263 148.881 2.200
133.547 107.635 -132.458 1.886
99.598 79.479 -12.870 2.042
-166.780 -80.421 -34.740 1.914
-52.756 64.420 13.632 2.064
-128.660 45.370 -62.361 2.076
-44.148 122.016 128.934 1.785
-124.703 -132.174 -152.931 1.972
18.605 15.662 141.144 1.997
200.946 -130.171 -100.711 2.044
-195.348 68.243 -127.851 2.176
-182.441 6.005 -107.297 2.006
83.613 -189.417 153.623 1.949
131.703 -164.370 -60.287 1.995
-52.400 -188.238 8.087 2.125
-207.417 -128.263 -164.109 2.029
-150.973 2.727 117.337 1.991
153.876 4.211 -121.036 2.114
-88.604 -158.284 -106.658 2.011
-154.473 170.247 -113.644 1.944
123.781 16.519 78.964 1.959
163.135 125.827 -62.712 1.996
-216.227 -6.682 -56.467 2.148
57.613 169.617 -38.096 1.972
-80.326 87.217 28.118 1.942
-165.707 -101.420 -194.547 2.181
-87.655 152.429 -191.879 1.852
-135.427 -100.371 -193.412 2.006
26.336 -171.491 -102.975 1.976
164.861 -130.491 178.301 1.991
141.285 54.698 -112.751 1.941
-193.883 -78.733 -110.554 1.961
125.143 84.869 79.048 2.017
-196.281 -114.707 75.922 1.956
216.791 -71.346 -2.167 1.882
-75.263 136.417 187.472 2.072
-128.401 -88.916 -180.780 2.122
-27.572 -189.672 -119.824 2.042
-82.002 80.656 196.486 1.941
99.529 -92.389 -57.733 2.138
-114.719 87.529 39.455 1.984
-134.102 44.491 -91.855 2.057
-130.275 -175.420 3.496 1.998
101.072 76.892 -110.291 1.981
187.492 189.243 -29.054 2.044
-127.807 -93.508 -8.814 1.970
137.369 135.616 182.581 2.104
215.094 128.916 113.008 1.919
-188.890 -13.256 -17.460 1.981
-102.540 -187.633 -160.946 2.176
-202.190 -24.333 193.538 1.969
145.488 55.335 -62.448 2.022
128.557 122.866 50.464 2.105
-50.561 147.487 -35.124 1.988
96.713 5.061 130.212 2.242
106.663 -66.098 -11.455 2.017
-34.870 126.572 47.067 1.889
-59.590 133.840 177.554 2.066
-47.870 -35.048 180.989 2.010
-145.940 144.483 -192.838 2.090
-13.579 -30.068 97.205 1.916
4.971 66.228 123.304 1.872
-98.682 23.303 70.693 1.918
-30.011 81.389 60.129 1.954
212.541 133.706 122.037 1.886
121.055 -60.083 -77.865 1.968
201.570 -57.772 -128.239 2.035
75.992 -39.036 149.055 1.908
-50.354 -117.299 12.516 1.943
174.398 4.924 110.158 2.098
-223.019 153.470 77.604 1.963
-158.247 78.048 80.049 2.004
-160.442 -108.437 4.707 2.130
158.743 -49.973 6.252 2.207
-190.681 -163.084 163.114 2.106
159.314 17.652 40.559 2.085
188.398 -114.483 1.603 2.047
223.232 -4.052 -102.701 1.922
-115.944 14.555 183.786 2.050
215.339 104.768 80.220 1.960
-62.770 128.869 -69.469 1.920
224.132 -166.153 -64.549 2.073
79.663 -45.006 -89.474 2.115
174.776 184.922 113.650 2.231
-203.232 86.332 -168.337 1.960
-171.077 189.539 -43.928 1.767
165.954 70.761 112.624 1.909
173.397 101.892 -137.735 2.158
96.587 117.793 -154.626 1.954
161.489 26.367 -179.894 2.078
22.467 161.816 -129.638 1.956
-145.348 -81.182 150.564 1.825
-119.998 174.949 88.098 2.064
185.208 125.647 -174.281 1.981
-48.052 -24.269 -161.710 2.111
158.490 48.961 -187.815 1.957
132.027 179.271 -60.096 2.085
207.064 18.590 -65.865 1.970
-194.455 74.258 -38.756 2.033
211.015 59.107 133.372 2.052
-61.932 -120.254 -125.509 2.026
-194.368 36.955 53.370 1.942
-199.247 29.702 137.883 1.906
222.448 112.642 124.066 2.097
102.547 33.370 136.633 2.099
89.504 1.089 173.213 2.016
107.564 -159.058 112.106 1.754
-1.380 -3.314 114.910 2.101
117.569 179.692 86.643 1.759
-100.883 -56.703 -33.269 2.155
-154.345 -137.143 -80.035 1.846
-217.982 28.369 -158.250 2.051
-21.098 -44.048 -62.932 1.842
-44.987 -104.507 -62.919 2.022
139.648 -15.149 91.670 1.895
-114.806 -152.993 -73.680 2.024
52.598 -51.559 13.507 1.972
211.834 38.860 -167.357 2.089
-167.792 -118.555 108.178 2.090
-91.917 14.734 -36.816 1.992
208.952 -19.997 -125.735 2.077
180.608 -53.628 -159.436 1.971
-131.828 18.460 -168.540 1.888
109.713 -156.399 128.980 2.047
-11.153 -167.051 87.079 2.138
-164.820 -14.104 45.662 2.167
143.592 94.257 -140.010 2.051
12.164 177.404 -97.632 2.161
-166.315 47.081 -44.199 1.951
-117.631 150.556 194.229 1.902
-67.455 69.510 -68.610 2.181
