53.085 140.218 159.219 2.042
189.533 -155.007 -111.792 2.047
-81.239 60.037 -34.035 2.000
-130.509 46.209 -171.895 1.924
-160.800 -8.785 -70.264 2.058
16.475 115.711 -30.678 1.950
158.505 -180.973 -138.386 2.065
115.675 -112.523 96.238 1.968
88.403 -45.743 102.865 2.017
-224.998 -95.496 96.940 2.017
-125.889 146.072 20.900 1.980
43.602 -80.743 -198.066 1.892
205.620 -136.361 7.873 2.089
-202.575 188.289 -27.339 1.878
-128.501 133.006 -153.844 2.147
-34.621 117.906 -98.557 1.999
-12.563 29.467 -198.126 1.892
-73.560 58.175 91.010 2.163
8.379 -170.484 -2.138 1.915
-204.899 112.661 -59.316 2.070
-93.531 -71.252 85.875 2.132
-96.344 -10.333 137.027 1.870
-159.121 -150.967 -10.074 2.058
144.843 -120.012 -98.505 1.956
81.993 52.384 -56.714 2.022
-132.255 -115.863 57.192 2.052
-66.546 26.480 -31.512 2.017
-55.728 81.868 42.043 1.903
-105.159 -51.726 196.751 2.010
-81.904 -0.839 37.188 2.214
82.223 136.202 -36.849 1.996
23.686 -178.449 125.664 1.966
82.568 62.871 196.298 1.856
-190.158 162.720 51.832 1.863
-196.263 93.883 29.524 1.953
-90.286 72.719 135.475 1.936
-216.419 -52.222 -78.080 2.128
21.868 87.411 -29.609 1.947
104.345 71.065 74.357 1.864
-17.523 -118.451 -58.606 2.028
192.361 59.623 -80.397 1.943
-72.087 28.483 -159.784 1.961
-152.954 -33.215 199.026 2.079
-218.363 171.434 70.047 1.988
75.954 75.253 96.185 2.022
-116.143 93.465 -134.248 2.104
-181.400 157.193 17.282 2.160
112.904 -53.911 -67.234 1.952
28.328 123.735 -82.113 2.149
12.484 -160.516 164.246 1.942
-163.434 -129.287 -179.412 1.988
-126.025 -135.273 169.772 1.996
130.462 -117.132 51.895 1.889
-108.405 49.130 -0.697 1.991
119.882 -94.386 -58.730 2.054
109.779 -95.957 -69.247 1.780
46.404 -35.676 159.154 1.949
-20.018 182.124 -42.386 1.801
40.846 0.506 46.142 1.822
214.994 185.108 25.903 1.910
-74.252 -43.154 30.344 1.917
224.989 -17.926 -100.062 2.239
-124.108 26.689 48.648 1.953
-17.479 89.693 -97.608 1.933
-156.538 -19.676 149.534 2.069
111.516 14.989 99.116 1.830
56.894 -28.134 61.161 2.035
-177.587 52.876 57.009 2.148
197.280 -58.586 70.224 2.275
-22.168 -49.953 91.652 2.068
195.935 130.520 151.773 2.022
106.439 34.572 42.860 1.913
3.308 -18.172 136.537 1.814
-76.035 9.388 -165.644 1.936
120.483 151.794 60.129 2.156
219.136 85.648 -3.050 2.121
-137.626 -111.392 -123.566 2.075
-57.939 6.209 118.750 1.942
192.510 38.244 -22.049 1.947
155.103 -119.253 12.401 1.949
138.154 -74.618 32.341 2.052
18.682 106.202 -43.383 1.821
61.613 63.142 -87.291 1.988
75.321 -189.357 152.992 1.941
113.154 24.335 -79.766 2.079
196.109 -175.146 -141.436 1.905
-209.604 106.119 -93.367 1.981
-52.673 77.251 -27.011 1.908
175.468 -176.688 -31.438 1.950
-194.246 -150.512 47.193 2.022
-191.653 -6.467 -23.372 2.055
-30.800 -65.277 -166.573 2.025
24.074 -44.656 -90.082 1.939
-161.773 40.511 -75.483 1.956
69.129 -76.901 -32.788 1.961
170.979 81.776 -138.920 2.121
-151.401 -39.045 -54.562 2.019
34.414 -146.854 -12.080 1.904
159.911 112.594 -151.434 2.019
-83.593 155.491 -119.743 2.123
-141.865 -155.229 -54.043 2.005
45.321 -87.051 -99.846 1.906
50.084 -159.190 51.766 1.942
-10.123 -114.353 -1.793 2.077
-164.221 88.557 187.383 2.009
-110.820 91.276 -85.611 2.004
116.903 87.580 175.681 2.145
-224.054 64.064 18.733 1.863
-99.709 -114.291 -139.156 2.124
164.093 9.161 45.759 2.031
-162.771 158.282 -197.322 2.091
34.761 76.119 -180.892 1.970
53.593 101.426 124.227 1.940
-203.287 -99.129 142.794 2.068
-21.831 -146.217 181.671 2.041
-3.078 14.225 -170.679 2.228
-71.409 10.764 63.976 1.933
-16.838 -44.649 68.138 1.850
25.609 24.552 108.425 2.136
-158.778 111.483 -124.159 2.018
95.097 97.908 123.960 1.977
126.461 -162.055 -101.777 1.921
215.762 188.762 35.335 1.927
43.021 -84.439 10.420 1.852
116.936 -50.406 189.840 1.926
-194.924 166.055 -10.498 2.067
72.490 -56.732 -37.768 1.802
-21.511 40.658 111.350 1.932
-98.590 112.189 65.722 2.024
170.227 -45.669 65.876 1.936
15.730 74.590 -93.832 1.970
-75.993 -36.140 -136.817 1.968
-76.357 -154.099 -45.455 1.834
-192.294 -181.119 -35.963 2.123
-129.854 -92.285 114.955 2.118
-127.055 -89.667 -138.501 1.871
-47.188 -94.183 -25.913 1.979
-172.260 -31.708 78.817 2.023
217.218 -13.693 -60.156 2.084
221.326 142.004 -77.966 1.809
204.728 96.948 147.333 2.002
92.883 -61.108 -187.565 1.887
131.064 -151.907 56.000 2.121
163.680 -95.758 -107.965 2.056
-100.059 123.288 3.301 1.999
42.836 -152.050 126.128 1.962
-183.756 63.143 126.710 1.891
34.769 27.740 46.401 1.964
157.324 -54.478 79.276 1.952
-43.084 -84.481 106.656 1.904
112.662 135.474 -165.535 2.072
120.032 -116.128 -86.296 1.920
-181.627 -39.093 107.953 1.986
155.194 130.557 -137.286 2.145
-107.332 117.481 111.691 1.942
-50.765 29.425 125.854 2.052
100.707 23.271 -73.392 1.979
134.739 137.993 21.269 2.058
37.252 -83.169 32.357 1.935
-84.872 -65.626 8.945 2.055
-86.619 -33.413 180.064 1.946
57.603 27.429 -2.956 1.916
-76.519 -35.257 111.778 1.980
-41.293 -30.281 -51.933 1.858
-85.660 -15.165 76.983 2.055
201.994 -144.105 -95.222 2.023
219.222 -135.797 2.450 2.076
-78.874 143.741 -195.941 1.873
-175.677 -149.026 -52.463 1.935
-223.925 149.172 131.768 1.895
90.643 132.920 -182.151 2.032
-189.156 -185.839 182.766 1.814
-188.591 24.490 181.661 1.994
-151.125 7.545 144.657 2.108
27.786 70.524 157.688 2.101
117.810 49.375 100.935 2.059
34.215 -31.776 47.871 1.877
-110.810 130.374 181.241 2.004
-216.745 96.719 2.911 1.902
67.374 92.509 -86.722 2.001
141.292 15.884 196.572 2.106
84.565 49.295 -16.207 2.188
215.866 -9.793 150.988 2.029
-107.181 -151.428 -46.848 1.971
-58.151 -136.543 127.084 1.874
37.436 133.809 100.976 2.013
-34.992 5.746 -169.752 2.080
148.509 155.085 19.817 2.009
2.795 -179.128 -96.308 2.128
26.515 83.408 -122.591 1.857
-43.876 131.004 -85.800 1.889
36.017 173.638 107.943 2.062
-208.227 -141.967 -104.145 2.098
-96.176 -184.668 -48.643 1.922
206.846 -119.502 -139.534 2.068
155.605 69.597 187.812 1.876
-165.462 -13.287 -125.399 1.843
-56.705 -122.343 -75.832 2.107
81.702 133.482 173.867 2.133
-143.052 -24.794 91.825 2.128
83.877 180.652 132.882 1.749
99.159 -33.854 101.728 1.914
-75.453 -45.065 -177.693 2.131
90.757 -4.174 179.190 1.900
-213.807 -58.852 -128.321 1.893
179.091 105.216 103.414 2.144
-202.816 -136.305 179.049 1.942
184.185 -156.478 -188.593 1.901
132.115 90.684 70.552 2.139
170.647 125.554 -91.545 1.790
-186.286 -120.694 -163.647 2.179
-107.351 -12.697 164.541 1.981
-177.665 -74.554 53.646 2.054
117.309 74.080 7.512 2.088
-189.967 -155.413 -45.004 2.024
-218.057 -15.161 89.546 2.039
210.992 -69.042 -147.537 2.012
-184.232 95.163 138.429 2.024
162.357 -137.046 -136.442 2.124
-36.831 -129.264 74.444 2.031
193.355 -11.849 -107.101 1.856
93.543 -105.556 164.519 1.962
-165.524 52.418 113.284 1.996
-174.589 -76.352 69.927 1.867
86.242 -155.448 88.819 2.006
33.740 -101.965 -164.157 1.960
148.737 163.492 -196.226 2.136
-197.252 48.640 2.631 2.127
-132.322 16.689 -141.718 2.026
-193.742 -148.736 -96.799 1.994
-110.155 3.655 73.186 2.022
36.132 94.280 -17.575 2.107
-194.114 -23.037 -30.698 2.129
68.759 145.641 109.216 2.024
24.178 -7.912 -81.324 1.982
-11.066 -137.648 -29.009 2.088
-176.025 -23.284 -64.101 2.127
-203.328 126.592 -8.235 2.009
-116.910 123.035 130.704 2.071
-14.368 -45.565 62.660 1.927
177.896 -178.630 32.723 1.969
-70.607 161.799 -195.613 1.811
141.853 -108.046 -29.253 2.073
-76.149 155.033 -143.187 2.003
-181.800 -50.543 -189.406 1.900
32.077 93.204 -195.696 2.051
69.544 170.904 157.813 1.940
86.095 17.996 36.825 2.041
131.766 -38.665 110.714 2.087
-203.790 149.007 -54.915 2.102
-171.716 156.285 -81.626 2.153
164.795 127.746 61.373 2.088
158.896 -159.587 -177.438 1.840
-25.539 13.178 -13.361 1.952
-11.661 29.706 -26.417 2.030
137.620 -144.881 143.578 1.978
-93.439 90.584 -108.379 1.950
37.269 88.768 -171.201 1.996
-167.571 177.077 -161.598 2.079
-125.302 161.572 -108.784 2.100
-185.448 -66.017 78.273 1.930
43.910 -70.169 199.558 2.014
-43.057 156.305 124.799 2.063
51.381 170.945 165.162 2.012
-77.430 49.730 -2.949 1.996
212.044 -117.790 150.670 1.809
-198.987 0.920 -118.746 1.933
-216.530 133.923 -7.333 2.055
166.249 -189.915 -64.188 2.015
-150.229 -68.224 20.918 2.092
131.887 -161.544 -126.603 1.777
59.847 -87.719 31.621 2.026
162.281 -156.362 -29.831 1.899
107.355 95.888 -53.497 1.988
24.268 -89.669 -135.657 1.929
-92.708 -182.539 51.763 2.092
-48.477 22.608 -76.042 2.044
1.352 -69.939 -150.413 2.083
71.820 -50.695 93.193 1.988
157.653 -148.106 117.252 2.178
155.576 -107.358 74.757 1.885
38.401 24.711 -70.351 2.021
-89.143 -7.269 12.737 1.919
110.309 2.747 64.064 2.009
-92.323 -143.245 -35.510 2.140
207.218 65.293 -110.390 1.895
-124.857 121.717 52.744 1.980
158.698 73.466 81.016 1.906
196.014 110.487 139.955 2.006
184.369 -0.933 -192.953 1.943
-26.380 62.786 108.654 1.969
110.310 136.517 69.315 1.768
-22.428 83.082 -97.895 1.879
-127.575 84.817 -185.384 2.060
59.975 109.136 -31.942 2.056
189.315 -137.178 156.124 2.131
-194.398 -21.756 -170.273 1.861
-210.311 -183.155 -104.898 1.866
-77.842 120.467 120.944 1.861
-45.679 -0.949 -100.115 2.082
149.706 -164.509 -31.444 1.883
-141.766 188.225 -143.689 2.022
47.237 -110.077 62.901 2.097
-13.372 37.672 46.011 2.081
58.106 3.156 -120.433 2.175
-88.528 41.708 18.501 1.935
115.299 51.276 -94.843 2.078
-153.831 155.996 153.748 1.927
-53.001 13.081 -160.666 2.277
172.275 34.061 76.864 2.012
112.079 45.443 -190.681 1.943
-179.148 -65.530 -66.387 1.970
79.285 20.588 60.994 1.853
-34.489 -18.966 57.394 1.946
-175.415 76.539 79.319 2.090
213.321 61.717 -183.321 1.993
104.707 6.234 -28.773 2.201
222.318 14.890 -37.367 1.884
-0.213 -5.075 -150.854 1.980
211.067 -144.195 -148.558 2.096
-21.351 175.321 -94.215 1.977
80.408 -7.996 102.295 1.952
0.345 -186.642 71.504 2.049
-111.062 -155.323 -151.423 2.030
-35.285 -176.995 120.412 1.890
-46.633 -8.896 46.119 1.866
-170.437 -92.574 192.322 2.079
-73.379 177.016 64.970 1.962
182.522 61.949 93.181 2.199
40.169 -127.513 55.621 1.929
-169.458 109.042 143.702 1.996
4.462 -94.221 -151.745 1.993
152.408 -66.142 119.200 1.848
75.977 -3.791 185.322 2.034
-54.649 -115.742 176.455 2.165
187.991 -132.293 7.909 2.112
83.546 -2.497 -125.622 1.906
-93.614 -147.888 16.101 2.166
64.166 103.854 180.305 1.975
-46.227 77.178 117.031 1.984
-51.008 -169.120 20.384 1.975
21.231 -70.368 16.749 2.084
106.054 113.563 86.227 2.026
-49.555 -62.134 168.349 2.053
82.497 40.745 39.088 2.090
60.333 -165.233 -121.718 2.064
-134.456 167.350 136.917 1.959
192.678 -180.116 -176.561 2.151
-148.224 2.532 196.567 2.122
-20.423 138.252 135.219 1.816
120.178 -32.013 -122.318 2.065
-180.411 -113.380 145.946 2.127
180.514 -15.252 39.089 2.022
109.894 173.580 134.609 1.988
-213.509 -59.402 -146.264 2.025
-133.845 -133.380 -180.836 1.995
167.929 85.049 139.383 2.002
29.625 112.716 -115.493 1.985
-180.691 86.255 96.288 1.939
199.604 -158.513 191.974 2.041
110.459 105.061 -128.115 1.840
87.294 -82.953 -165.570 1.955
-58.878 187.990 16.508 2.133
-149.042 154.659 -30.523 1.876
42.037 25.868 -162.722 1.949
207.624 189.186 -57.898 1.838
128.162 173.944 50.332 1.991
200.336 99.274 -7.831 1.975
56.098 179.627 -150.064 1.928
140.609 -132.988 12.238 1.814
-129.634 40.517 -109.675 1.885
70.238 -161.059 74.998 2.190
83.523 115.872 7.896 2.069
-77.849 63.783 94.807 1.983
19.809 -66.898 164.398 1.847
-117.238 73.924 97.017 1.963
-60.313 -62.576 90.686 1.855
51.512 -53.876 -89.324 1.912
-104.230 22.942 37.519 2.003
213.937 -109.080 -31.733 1.927
189.599 -50.481 26.950 2.054
-149.797 -133.877 26.799 1.923
174.338 30.065 190.725 2.030
-200.737 82.897 101.206 1.968
123.523 173.887 -94.810 2.271
196.046 -159.330 -165.222 1.986
199.453 90.540 -128.621 1.968
116.790 121.333 -39.070 2.096
-156.085 19.874 171.947 2.058
-59.899 -8.477 -41.129 1.886
-23.392 174.920 139.002 2.280
192.310 11.012 148.119 2.000
-57.977 -113.189 -32.921 1.865
-168.015 -18.804 -124.534 2.135
-3.930 160.073 24.821 2.262
-121.728 -157.275 -142.677 1.924
178.143 102.585 174.086 2.216
-157.796 19.549 -66.460 2.134
-146.172 -121.326 -142.005 1.987
43.158 97.658 87.607 1.991
-139.594 -10.805 38.843 2.024
164.911 -133.695 158.860 1.988
125.788 -84.588 1.622 2.019
-32.459 62.542 143.742 1.995
5.328 57.185 -97.522 1.976
18.093 -19.478 45.946 2.006
17.547 -51.541 -12.754 2.023
93.684 116.240 148.237 2.060
-115.817 -13.521 163.783 2.011
101.252 -118.931 132.490 1.988
-33.851 -32.488 -107.797 1.968
-193.380 69.011 -85.574 1.955
191.795 -154.171 39.032 2.061
44.589 98.233 -192.886 2.091
51.377 16.876 -69.406 1.996
95.720 124.221 42.343 1.935
-213.935 -165.270 -43.160 2.036
-197.096 157.547 166.094 1.992
50.301 72.949 36.132 1.825
211.519 109.467 -171.255 1.824
209.203 -121.210 187.476 1.970
-5.059 101.365 -97.725 1.962
152.500 -41.417 -145.892 1.946
124.355 -169.060 -107.242 1.856
202.932 157.845 71.546 1.960
29.364 180.507 54.979 2.091
-134.002 -175.132 -95.320 1.992
218.150 171.126 -46.984 1.784
115.069 105.268 71.281 1.949
162.212 -164.386 -116.167 2.107
208.925 -90.443 103.624 1.852
-16.932 138.311 -15.281 1.884
-23.662 144.944 -3.984 2.206
173.719 -136.575 169.134 1.941
224.274 161.475 -127.931 1.952
-26.375 91.570 -166.869 1.881
-167.034 -149.411 178.635 1.989
192.319 53.534 -67.623 1.953
-27.256 -160.421 79.572 1.965
165.817 81.686 -89.384 2.028
-175.946 132.138 11.353 1.886
-172.695 113.271 30.973 2.141
136.763 165.652 126.305 2.000
19.340 -76.567 98.658 1.967
-168.258 175.776 13.505 1.988
44.865 45.476 -194.919 1.973
-11.597 -69.508 52.819 2.032
36.679 -54.200 153.713 2.079
150.557 -116.403 -65.070 2.008
-158.676 -98.523 29.450 2.082
-12.516 -74.630 165.133 2.100
-146.550 -115.082 130.584 1.877
-47.477 68.733 170.042 2.125
-162.020 -123.684 -64.817 1.910
-144.609 -88.565 125.978 2.100
-99.449 -38.327 147.178 2.176
94.635 -57.807 87.200 1.783
-74.378 -122.539 -71.373 2.055
-68.582 82.564 73.999 2.042
-52.129 42.993 81.066 1.809
219.278 -142.027 -13.694 2.075
-142.708 93.716 80.690 2.105
-142.954 71.665 -2.181 1.931
123.980 53.609 -125.498 2.025
205.384 -57.232 185.563 2.018
220.207 -189.887 -118.982 1.909
126.316 98.759 -129.760 1.915
-169.326 -94.711 109.878 2.025
183.857 -101.776 188.956 1.954
121.432 7.703 -150.703 1.983
25.363 -173.059 -72.249 1.930
15.910 136.136 29.516 2.037
224.608 118.093 84.186 1.988
-39.463 68.188 -24.949 1.931
-133.144 -3.079 167.468 2.162
158.339 -140.867 -156.076 2.020
130.653 -168.801 -171.041 1.946
-183.284 -130.051 30.881 1.841
29.745 103.133 -71.301 1.992
70.788 173.665 -47.594 2.005
-202.325 60.387 10.765 1.912
163.840 167.352 -73.166 1.830
-31.864 127.623 40.965 1.985
-207.976 139.797 -23.462 2.041
-197.821 118.372 -121.745 1.965
-37.197 -61.906 110.431 2.093
216.052 -103.008 104.930 1.980
22.522 -155.169 -45.520 1.878
-120.901 34.174 88.032 2.013
-5.711 103.405 148.942 1.888
-224.602 -173.604 146.011 1.979
82.257 -30.374 -75.231 1.961
-186.121 167.557 -172.574 1.967
-175.015 169.026 111.132 2.099
-91.331 164.664 46.892 2.185
170.824 179.832 -109.927 1.841
83.043 -133.966 -70.202 2.002
-159.738 -46.545 161.473 2.092
115.857 40.559 146.517 2.122
-168.068 63.029 196.190 1.943
65.735 -132.643 -55.585 2.018
-196.894 -104.131 -118.702 1.938
-170.138 -42.056 -65.440 2.104
-54.750 -93.958 -95.233 2.109
176.447 144.144 -111.435 1.998
208.622 119.946 -56.877 1.975
207.045 -14.257 143.002 2.058
-136.865 -157.149 -139.480 2.086
93.123 -2.061 42.495 2.030
-54.942 -132.973 62.950 1.984
-115.899 -153.916 19.791 2.064
213.742 32.761 -122.211 1.912
23.399 -36.627 8.115 1.907
-107.324 -170.229 88.511 1.925
-194.722 125.452 -156.583 1.945
136.544 -149.584 -1.776 1.890
204.922 102.853 155.038 2.191
197.508 163.232 11.976 2.062
-43.959 -114.804 99.345 2.007
-131.603 -34.117 68.898 1.926
201.320 77.586 -185.937 2.053
56.890 -30.992 119.466 1.958
-152.025 44.394 86.461 1.878
-51.478 -17.431 -178.570 1.933
-37.891 99.436 166.544 1.868
-41.573 -170.415 113.341 1.898
-76.891 94.136 70.851 2.121
25.759 161.065 -139.829 1.794
18.940 15.110 29.243 2.154
-208.888 -13.080 -189.167 2.076
25.385 -42.099 -193.924 2.047
72.683 122.800 12.765 1.990
12.931 62.203 -178.099 1.955
91.601 -9.748 190.580 1.985
194.956 -52.263 91.400 1.852
-6.845 -57.545 -132.074 2.264
-57.242 -134.289 -152.906 2.234
84.035 -183.851 117.386 1.988
168.427 -99.868 -3.528 1.969
121.745 -27.339 17.212 1.964
-138.411 71.984 94.750 1.999
-170.180 93.585 185.306 2.104
209.072 149.899 -170.353 2.029
-167.615 181.189 115.698 2.229
-156.373 -57.107 -5.030 1.913
-196.106 -103.412 -80.540 2.048
-98.791 16.800 -36.734 1.999
-70.756 -74.557 -71.219 1.988
61.503 81.873 -14.415 2.144
-160.377 24.963 150.428 2.056
-114.890 67.949 -178.305 1.836
77.984 -123.465 -175.538 1.858
40.973 51.151 189.987 1.997
-112.107 151.556 20.123 2.025
-57.701 -127.400 17.809 2.114
-13.031 15.514 -187.280 2.041
122.700 169.443 70.258 1.940
66.579 112.878 148.896 1.949
-94.937 -104.491 -87.044 2.079
-134.456 154.572 -48.638 2.015
-8.497 -76.085 127.355 2.006
-204.831 -170.240 194.197 1.896
122.310 -80.826 -133.344 2.075
-219.850 124.929 12.895 2.018
108.746 -166.955 -44.812 1.933
160.308 31.006 136.214 2.023
137.715 60.952 193.938 2.036
-30.208 -13.685 124.214 1.952
41.503 -66.866 109.909 2.082
-36.604 -105.249 114.140 1.881
74.901 -156.184 -135.641 2.027
-38.823 3.728 126.087 2.111
-112.940 -78.490 72.245 1.987
211.537 -126.051 121.382 1.821
175.983 95.834 67.344 2.036
-144.606 -128.554 134.019 2.113
-94.966 6.294 -137.977 2.059
12.770 132.222 57.987 2.089
125.123 -73.203 -91.595 1.997
144.765 79.767 -180.779 2.047
-24.769 -146.054 -34.170 2.058
0.510 32.454 64.193 2.006
103.586 129.793 -95.374 2.072
179.903 -117.370 -177.975 2.141
-122.660 112.250 -69.434 2.129
88.524 -164.025 -147.809 2.043
56.309 66.554 172.964 2.041
-96.415 61.027 102.284 1.881
195.118 -115.201 -151.049 1.820
-82.351 153.222 -80.800 2.167
-48.639 21.661 -158.572 2.069
99.207 -44.307 -7.050 2.084
187.542 -51.991 -112.596 2.055
-60.251 -76.789 190.448 2.044
112.728 6.101 -190.334 2.052
46.649 35.879 58.578 2.208
-119.244 117.719 50.592 2.022
159.640 144.362 -50.880 2.062
-185.297 105.791 197.538 2.011
103.807 -171.497 86.506 2.084
-21.789 110.088 -40.961 2.025
15.749 98.489 -184.964 2.114
39.350 -45.904 -77.978 1.983
-221.178 -81.673 190.779 2.014
120.502 15.276 69.717 2.122
192.222 -51.355 -9.721 1.698
182.148 10.820 -70.372 2.022
165.693 -123.682 22.573 1.991
94.904 -86.764 -131.053 2.098
-47.125 -90.046 -132.291 1.903
135.848 -71.451 -140.105 1.814
-201.545 136.069 140.236 1.901
10.354 98.581 152.899 1.972
-213.046 -145.481 115.414 2.163
-69.840 172.488 -106.550 1.913
-111.748 -139.837 23.709 1.819
165.306 -64.215 -74.507 2.100
11.343 95.540 31.939 1.996
186.021 75.962 109.364 2.117
-70.681 -102.165 -68.453 2.005
197.565 -73.339 22.107 2.156
-155.609 4.924 51.571 2.034
118.657 48.681 -196.013 1.923
-20.458 67.598 84.066 2.177
-171.003 136.414 167.569 2.068
30.562 24.567 -5.312 1.890
198.414 54.370 192.367 2.124
-72.932 47.350 -177.224 1.646
28.607 1.173 39.848 1.921
36.983 -128.979 84.704 2.081
27.273 -137.080 162.403 2.026
-192.745 -1.231 -191.054 1.973
10.054 140.915 36.789 2.047
-78.966 53.839 -117.057 1.966
-187.798 -137.919 0.632 1.951
-85.879 128.531 -177.004 1.993
162.315 0.622 -195.930 2.003
-79.202 144.773 99.418 2.110
-11.458 24.924 -10.368 2.042
147.872 152.430 55.363 2.010
43.458 -20.652 130.807 1.966
105.423 159.380 51.608 1.977
-48.369 32.729 6.676 2.250
130.943 -170.050 -186.076 1.977
-113.894 142.039 145.954 2.115
108.637 -78.531 9.075 1.940
41.852 139.776 -125.095 1.814
-46.014 35.887 -137.258 1.863
169.830 28.383 -30.687 2.238
157.270 56.736 -84.135 2.081
122.909 117.727 -114.816 1.941
-211.037 -162.881 160.988 1.966
93.818 8.814 -158.051 1.959
-137.212 32.244 66.147 1.968
-158.580 -99.301 -173.201 1.904
195.719 -48.948 -196.703 1.972
-14.593 -50.645 180.568 1.977
224.831 -35.130 -66.248 1.947
112.704 119.165 -103.830 1.890
134.655 166.010 102.370 1.798
125.676 -90.697 -3.845 2.028
-74.723 -61.697 -76.317 2.057
96.337 75.654 112.951 1.944
-147.081 187.423 185.133 1.842
-152.490 94.271 135.736 1.950
-112.948 -85.964 37.975 1.935
200.894 -131.447 -111.258 2.017
29.750 -70.311 -164.941 2.193
-147.287 -50.335 -60.586 2.155
74.288 -77.475 56.544 2.034
-107.027 7.708 145.788 2.240
166.976 -87.184 23.685 1.882
13.590 -69.988 -0.190 1.884
-138.548 62.236 150.664 1.973
-168.437 0.914 159.725 1.988
-103.911 -145.670 -186.532 1.834
152.702 149.596 -171.415 2.012
-127.930 124.909 48.868 2.194
176.881 -13.169 -19.977 1.951
90.526 -51.623 -70.790 2.042
19.065 -154.732 -181.548 2.181
25.703 102.190 -8.412 2.010
-135.190 120.179 95.670 2.182
62.989 -51.959 -94.238 1.997
14.984 -133.478 -199.602 1.933
141.016 -167.519 -135.598 2.063
-97.359 11.114 7.437 1.969
138.711 145.353 -123.070 1.894
-52.827 101.448 -137.483 1.994
222.771 69.798 -127.682 1.962
0.700 112.568 -94.053 2.119
-13.003 -64.864 -16.489 2.047
139.514 -51.702 -46.595 2.030
-134.679 35.765 73.449 1.939
125.474 47.013 -62.425 1.914
-91.415 136.925 73.917 1.891
14.767 -137.189 -42.057 1.982
6.768 71.325 128.903 2.039
9.084 -83.578 -194.730 2.007
-159.062 -64.129 -145.931 2.049
-169.523 3.678 -24.576 1.972
-149.157 64.441 -58.883 1.941
64.603 54.961 -185.209 2.009
-130.863 145.948 -43.120 2.023
-170.031 173.096 -68.985 2.050
96.134 -177.388 160.138 2.267
-205.681 -114.154 -155.771 2.102
89.865 -155.693 -39.247 2.006
-159.595 160.938 -149.510 1.917
69.901 93.012 120.083 1.714
-156.607 -104.725 131.877 1.965
73.676 -89.936 62.798 2.046
44.075 167.263 97.839 1.956
34.682 58.735 195.519 2.070
-119.959 -89.481 -165.469 1.965
111.559 24.103 144.686 2.091
-71.577 -149.741 75.081 2.061
-199.549 96.040 -7.369 2.161
-153.664 113.653 -134.101 1.942
-31.246 37.173 -138.650 2.041
32.910 12.082 90.152 1.841
-56.420 -137.501 164.153 2.163
137.718 70.103 171.441 2.143
-6.563 -84.246 -140.885 2.030
-4.838 143.685 158.193 1.976
116.538 154.874 88.267 2.017
-196.036 -136.939 92.099 1.980
133.436 -8.694 107.261 1.928
146.875 157.773 -3.727 2.044
-31.648 130.644 150.249 1.993
-61.672 -33.250 -3.165 1.950
159.635 -57.022 -172.837 1.994
-70.671 124.934 4.896 2.058
134.320 -41.645 123.095 2.135
106.124 42.922 -31.036 1.941
144.955 -9.155 56.661 2.030
-216.467 32.977 190.720 2.009
223.953 -107.870 193.118 1.969
101.552 20.243 58.790 2.050
-76.949 156.230 -33.839 1.928
-169.435 -111.395 -108.012 1.986
-29.797 -149.056 -59.111 1.734
-201.769 155.234 -26.090 1.875
194.235 183.121 26.336 1.954
30.046 -3.407 1.702 2.205
155.331 -101.663 -194.106 1.869
-154.839 -157.026 94.654 2.104
-15.570 -55.863 111.395 1.918
210.710 -106.437 71.311 2.081
220.315 172.158 -21.640 1.846
-55.533 24.743 170.289 1.918
77.752 -150.960 -15.828 2.031
215.603 182.223 98.014 2.003
-95.471 -95.769 -127.344 2.043
80.882 -22.382 -92.870 1.905
-198.306 38.849 -195.491 1.841
152.704 80.094 119.603 1.990
76.486 -70.686 -149.411 2.037
-8.337 185.563 88.018 1.988
-164.979 123.692 -58.835 2.109
-95.992 118.505 -13.332 2.166
151.832 -134.102 21.980 1.942
62.369 178.965 155.901 1.889
129.972 -156.939 172.677 2.040
-16.436 -92.336 134.750 2.164
45.163 -127.173 -143.837 2.093
63.147 115.266 -165.429 1.956
108.699 -8.117 84.672 1.947
-194.099 74.312 -8.173 2.190
120.099 53.628 -13.360 2.001
-26.326 55.558 85.925 1.902
106.681 -155.319 -159.606 2.086
-205.821 62.156 -17.114 1.919
-202.635 99.141 -34.838 1.926
-181.860 43.525 -124.915 1.918
-22.449 -149.508 186.526 1.991
-128.219 -71.961 77.474 2.153
103.748 -80.625 131.222 1.872
94.426 -72.269 -26.314 2.098
-86.937 -46.948 165.017 1.856
-143.683 180.917 -131.443 1.907
207.131 12.680 110.897 2.019
-95.196 -93.638 168.972 2.253
76.859 -22.668 -171.684 1.937
-16.117 69.410 110.025 1.878
-35.454 -71.346 -198.909 2.043
-177.439 32.713 -111.855 1.912
-74.374 161.082 -13.954 1.856
147.823 90.988 -196.504 2.135
136.156 -120.795 171.512 1.826
-54.828 180.376 -22.492 1.919
-106.517 -150.595 -159.142 2.004
223.180 -25.172 -145.809 1.917
136.943 -76.763 54.883 2.012
14.183 90.473 -91.497 1.983
99.817 -151.889 89.765 1.848
-4.471 142.126 58.898 1.935
-12.120 139.545 -119.431 2.002
30.917 117.884 188.100 1.849
40.682 -175.492 19.058 1.935
137.472 105.463 56.651 1.959
143.673 158.059 64.641 1.998
189.904 62.652 -150.828 2.093
159.957 46.812 102.026 2.047
149.764 -162.061 180.723 1.890
-63.909 -113.910 -15.453 1.869
-110.602 148.735 88.278 1.991
-20.836 147.851 -152.279 1.990
99.742 152.677 -26.063 2.072
138.195 41.038 85.929 1.758
187.969 -12.152 -180.497 2.010
-76.017 -152.741 62.128 1.933
28.992 -159.930 4.850 1.983
-54.935 -127.155 -164.826 2.039
222.848 176.577 -10.325 1.904
-47.242 -132.145 52.277 2.110
-46.044 165.182 63.826 1.885
205.497 115.083 -67.182 1.781
58.742 -168.640 -76.507 1.865
50.362 -162.173 -17.720 2.166
29.008 -84.749 93.369 1.901
-166.994 146.500 173.442 1.990
-153.451 -28.628 168.471 2.024
-153.213 71.896 178.807 1.994
-52.753 -168.419 187.792 1.935
21.581 -148.376 -46.380 1.801
-101.067 2.699 123.390 1.892
-173.798 142.335 -140.449 2.091
-134.521 74.958 -33.262 1.998
140.727 -36.495 -163.886 1.914
155.190 139.258 -175.424 1.911
211.779 122.505 -23.266 2.061
49.080 46.791 -80.961 1.908
-59.680 112.092 142.632 1.999
-13.123 157.075 -39.885 2.009
-80.233 -65.625 -199.134 1.930
-134.738 102.874 -179.725 2.121
-75.428 147.760 150.451 1.950
-197.862 -61.560 143.900 1.973
-90.038 71.215 107.712 2.064
14.930 -170.963 -157.506 2.089
-87.367 115.779 -12.675 1.955
85.443 -19.528 -166.582 1.840
121.518 40.365 -100.271 1.850
-7.348 -51.211 193.127 1.998
31.380 -112.078 124.677 1.970
140.945 133.804 -26.598 2.009
-116.224 -134.812 145.607 2.131
-68.067 140.043 -130.330 1.880
-87.322 -148.578 -135.585 2.003
174.589 110.944 15.806 2.008
-49.911 134.919 -182.384 2.124
23.847 -108.452 -23.971 1.997
-46.106 -48.994 -179.851 2.099
20.985 -18.129 -131.806 1.899
-24.132 53.734 -140.924 1.995
-62.382 -171.544 100.763 1.867
-169.090 -104.814 0.346 1.989
-149.047 109.752 13.579 1.978
-72.300 -20.899 17.896 1.820
-85.880 -151.828 -178.988 2.101
-39.916 -121.449 -91.395 2.157
139.247 28.212 -187.092 1.883
0.574 -7.129 30.835 2.090
-117.989 111.757 98.461 1.977
-129.361 29.849 72.357 1.929
95.575 16.424 107.744 1.946
176.015 6.804 -49.468 2.016
185.566 43.610 117.323 1.901
-87.334 -179.427 -150.930 2.106
-202.806 75.749 22.509 1.638
203.552 135.312 -185.279 1.921
-33.588 77.488 30.859 2.080
-29.516 131.339 -85.419 1.967
17.639 179.509 178.755 1.895
26.161 -48.043 -170.661 2.053
114.171 -74.385 -159.787 1.993
175.772 -174.335 197.103 2.031
182.121 92.382 199.975 2.113
18.903 178.821 -170.549 1.987
196.230 95.017 -142.126 1.956
70.993 178.937 -198.569 2.095
-104.199 55.561 192.927 1.969
13.774 -166.078 -23.392 1.916
51.247 -108.526 -141.949 1.984
-82.104 -15.232 68.986 2.124
16.201 1.069 95.704 2.093
-69.563 -162.030 -92.099 1.908
-116.116 -41.240 81.287 2.016
185.002 -37.177 130.304 2.156
207.422 -130.200 55.735 1.989
206.920 28.196 -127.919 1.997
207.189 129.846 65.831 2.009
44.079 80.130 25.622 2.062
89.328 -186.958 -30.197 2.113
11.020 -188.671 51.880 1.806
165.219 87.580 -133.940 1.813
214.905 189.297 7.057 1.994
-123.087 -140.203 -74.567 1.956
48.113 176.242 23.250 1.903
222.949 10.164 44.272 1.966
-112.358 -90.422 123.739 2.024
-61.144 10.082 96.596 2.107
65.854 146.754 -91.817 2.016
-118.799 153.105 5.650 1.987
41.546 -15.453 131.421 2.077
20.767 147.907 83.626 1.991
-52.033 6.897 -98.536 2.129
-116.359 86.969 -115.839 2.007
190.044 -7.770 42.775 2.132
81.762 -52.301 33.312 2.140
-137.229 -162.582 -178.145 2.059
149.198 -101.016 -41.132 2.004
68.942 -153.337 98.007 1.896
-63.773 -57.779 178.541 1.991
179.956 -161.002 -62.703 1.849
22.451 -18.123 -105.768 1.993
-220.910 -187.717 -88.722 2.132
158.220 163.368 -22.562 1.879
-124.151 -171.153 -198.993 1.983
175.159 -43.331 3.763 2.064
139.861 146.001 89.913 1.835
35.796 0.367 -194.881 1.953
-210.850 104.088 191.183 2.044
-72.018 82.853 38.069 2.094
-98.054 -110.696 187.864 2.051
-55.179 57.750 -54.074 1.909
-108.004 94.630 124.643 2.144
-123.880 94.271 17.338 1.884
-169.280 -105.696 81.926 1.962
177.724 59.667 135.304 1.911
-142.442 -45.106 -42.395 2.023
46.926 -49.427 -46.796 1.885
-187.868 155.500 115.713 1.981
108.148 -7.004 -123.223 2.070
8.017 38.070 -187.169 2.002
-64.491 41.531 -6.940 1.877
-180.722 -134.190 67.806 2.002
-23.017 180.395 -124.525 2.066
86.057 -27.702 -31.429 1.974
-221.911 151.525 50.248 2.174
175.362 -149.259 28.856 1.934
193.387 -153.360 116.993 1.958
22.294 -130.554 -118.263 2.008
-193.637 -128.223 -76.304 1.988
8.158 60.460 167.307 2.083
168.859 -19.150 58.243 2.113
-70.202 38.107 -148.812 2.053
-59.405 135.042 40.882 1.882
-99.469 175.575 119.395 2.057
190.320 170.930 97.839 2.104
-89.858 145.640 -197.842 1.903
46.559 -139.058 -59.555 1.971
159.382 151.728 119.106 2.129
-128.989 128.198 -95.838 1.912
152.338 59.959 -135.566 1.900
-78.299 -187.215 194.987 2.067
-0.753 68.847 129.028 1.930
-101.574 106.269 -72.841 1.702
-156.926 -70.581 22.935 1.918
205.878 -53.019 46.946 1.968
-143.206 -38.806 -199.935 2.084
208.317 121.102 39.005 1.957
-25.400 130.831 -21.919 1.991
155.827 104.391 183.843 1.950
-197.397 -57.126 -143.436 1.782
-104.744 186.304 153.308 1.944
-102.664 -34.841 -95.802 1.988
157.725 71.865 -97.582 1.975
-196.463 -109.906 143.176 2.118
-34.923 39.469 -17.452 2.081
-115.359 -55.545 -33.017 1.843
-192.937 65.926 128.152 1.846
194.579 160.625 -125.921 1.974
106.754 30.005 -154.943 2.185
173.668 -11.565 18.564 1.881
67.641 156.216 51.978 1.929
65.338 162.139 117.993 1.921
107.283 131.091 -188.563 1.998
183.758 -177.643 114.761 1.869
-144.365 56.970 -2.102 2.027
-113.536 85.002 165.926 1.930
-28.087 131.976 43.576 1.986
-221.021 -9.757 93.286 1.924
85.357 143.497 -92.495 2.183
1.212 183.972 -178.563 2.161
-114.406 -164.159 -126.875 1.910
-114.670 53.843 135.679 1.875
-149.316 122.204 -41.318 1.915
159.173 -44.953 -165.704 1.917
30.065 163.773 -151.457 2.066
18.427 11.435 48.657 1.913
-28.362 -58.189 64.700 1.855
-178.173 177.527 -20.557 1.932
129.485 157.777 -93.923 1.972
7.293 -59.830 -75.144 2.105
153.099 29.848 57.662 1.803
-117.562 -42.214 124.920 1.967
169.827 78.902 -132.530 2.124
132.799 -57.969 96.501 1.825
