-62.395 -6.368 164.212 2.010
-52.799 -63.216 45.932 2.017
-196.599 -90.667 199.627 2.044
86.886 48.396 40.223 2.114
6.507 68.787 -4.126 2.015
154.513 -49.733 -155.329 1.915
167.637 28.521 44.733 2.080
-35.869 8.057 109.900 1.989
212.060 5.384 76.789 2.000
-156.436 7.350 95.135 1.959
132.037 107.787 37.976 1.808
-54.719 -105.818 40.117 1.958
6.939 158.842 -127.749 2.099
-17.211 -31.318 -145.576 2.134
-56.631 107.990 -20.071 2.031
-111.992 -111.611 98.139 1.921
138.178 -5.664 30.889 1.890
-141.252 189.079 -81.343 2.208
149.455 -153.365 -116.755 2.065
-106.667 39.683 -162.237 2.117
57.808 168.584 -143.995 1.938
-28.615 128.885 -43.819 2.040
182.338 170.958 133.695 1.796
222.663 -33.265 -22.673 1.985
-151.345 185.845 165.729 2.035
-78.842 -101.953 148.264 2.025
-83.970 -174.620 -67.294 2.004
-44.312 -84.747 36.650 2.096
72.346 -128.410 -196.722 2.028
-165.550 96.291 35.771 1.918
127.052 -79.354 169.237 2.048
-111.226 176.178 -155.445 1.920
14.134 -51.031 159.197 1.830
-181.890 177.481 114.155 1.932
-57.576 -53.761 -50.183 1.950
96.903 -38.126 12.024 1.865
187.745 89.279 71.706 2.064
129.728 -51.709 102.999 2.113
37.802 67.020 176.472 2.041
196.508 -60.766 -18.446 2.029
9.564 126.620 -1.858 1.978
-74.007 175.725 77.481 1.923
165.908 69.714 176.567 2.014
-61.069 42.241 112.471 2.016
208.576 148.671 -143.701 1.932
174.799 156.614 -146.913 2.088
-174.090 -68.357 108.029 1.952
-43.753 -130.302 -192.920 2.058
-198.995 56.030 -18.344 1.829
11.863 -40.826 -146.603 2.065
-146.443 153.162 -70.039 2.052
-210.042 -11.804 -132.173 2.024
-114.334 173.661 199.747 2.018
2.411 158.033 -198.032 2.154
-112.603 -168.402 113.417 2.002
36.577 -85.440 22.022 2.033
91.575 -168.589 169.989 1.990
-108.490 -170.804 -18.282 1.921
-142.072 -59.912 88.450 2.051
-68.264 18.102 -178.620 2.158
158.534 -157.998 100.019 2.133
-96.373 -138.772 -78.403 1.886
-66.331 -77.710 -195.214 1.902
165.012 -87.445 -81.396 2.004
118.533 107.712 -32.498 1.791
-156.454 -22.924 -99.662 2.022
-88.729 68.135 -10.526 1.873
-100.181 -71.736 -171.392 2.109
188.275 174.007 -2.043 2.157
156.163 170.655 142.592 2.004
-126.344 -142.905 -0.714 1.980
-177.650 52.050 -99.666 1.824
213.791 64.455 -163.208 1.984
-81.898 57.350 112.365 1.895
-219.335 70.397 107.556 1.894
127.976 -175.828 196.215 1.963
-215.947 -49.586 -55.912 2.058
78.011 -53.459 -121.898 1.891
-130.462 3.673 95.636 1.926
-58.921 -106.842 67.731 1.973
71.346 84.993 99.851 1.878
98.436 73.264 -181.613 1.790
-214.156 -187.029 128.738 1.873
149.687 34.586 77.383 2.105
-103.638 95.078 -107.675 1.813
-68.771 -175.920 -65.192 2.144
-34.014 -80.492 10.553 2.009
-57.555 -36.129 180.420 1.999
43.135 34.995 -24.604 2.031
1.035 20.581 -1.191 1.763
-151.893 -60.804 16.983 1.874
187.981 110.295 110.667 2.069
-39.597 -182.520 107.276 2.004
26.953 -21.437 85.829 2.237
74.424 94.094 -96.141 2.183
205.433 31.123 73.307 1.837
204.753 -155.356 -182.821 1.931
-15.121 67.060 -165.445 1.987
-83.027 98.984 -180.580 1.841
164.849 -167.967 -21.505 2.047
36.337 165.954 -93.163 1.984
119.613 176.681 -193.492 1.898
42.252 -26.912 161.045 1.804
-147.384 18.507 -9.178 1.954
-114.831 169.983 -103.999 1.980
-79.916 7.222 130.715 2.012
-27.839 -55.781 -79.838 1.903
-133.358 58.845 -28.907 1.831
-37.508 126.559 -42.507 1.994
-38.007 11.174 -14.382 1.955
96.833 75.429 -173.344 2.008
52.375 -105.615 11.457 2.026
-102.978 78.118 69.385 2.019
-62.699 148.810 -24.645 1.905
-55.298 84.009 -162.790 2.149
191.097 -151.518 -126.075 2.043
193.866 -20.368 165.326 2.067
210.414 155.536 130.048 2.001
38.827 72.711 93.534 2.127
78.485 -39.566 105.336 2.058
65.184 -4.220 -73.847 2.104
-98.445 4.099 184.050 2.077
-125.332 -101.461 135.703 1.900
-116.429 -8.479 177.819 1.910
18.773 -188.612 155.665 1.975
177.029 -169.835 -186.674 1.912
167.176 75.098 152.614 2.004
-165.001 65.114 -29.119 2.089
-79.810 60.661 142.494 1.762
-217.954 54.705 2.787 1.948
-137.253 -158.191 -48.136 1.801
-174.730 -101.725 -99.788 2.098
221.011 45.354 59.383 2.089
-43.073 86.297 28.668 1.948
4.182 136.466 87.495 1.939
67.567 -2.777 -164.991 2.048
145.744 38.576 -106.064 2.097
-224.016 186.089 -109.506 2.064
165.795 30.859 -178.110 1.988
-183.548 170.491 34.128 2.171
198.690 -92.853 16.703 2.084
-132.489 -96.435 -90.297 1.991
-117.826 -62.179 170.501 1.879
-206.864 -141.923 131.002 1.953
-217.047 144.944 -15.597 2.088
-128.109 146.554 119.601 1.896
-88.621 84.348 -72.375 2.163
90.238 113.135 32.090 2.077
-118.789 -153.368 -52.729 1.960
6.473 151.211 -134.855 1.971
-146.919 175.501 -54.198 1.940
216.841 -114.673 61.023 2.201
-129.025 131.138 -15.481 2.035
-71.155 -153.611 -18.962 2.049
23.532 -78.667 183.965 1.860
-108.590 -46.571 -189.051 2.205
-187.549 -83.013 25.056 2.058
-191.591 -63.634 -141.634 2.034
24.939 22.334 -36.418 1.874
15.724 -50.401 40.024 2.006
177.908 184.191 -147.145 1.889
135.931 -74.766 -28.667 2.114
176.275 -137.282 134.669 2.008
214.021 95.024 -118.010 1.758
212.578 -42.272 -130.099 2.060
-79.638 -168.878 -36.154 2.062
-143.053 64.851 -93.202 1.842
58.079 -180.279 -131.166 1.943
-48.904 -11.963 2.490 1.908
219.893 5.377 -198.224 2.042
150.197 72.769 -126.971 2.113
162.809 91.560 157.354 1.853
158.347 88.676 81.448 2.043
6.749 -186.765 -150.980 2.141
-43.076 -153.954 86.236 2.075
-181.598 -181.072 159.183 2.107
36.472 -85.581 124.351 2.052
223.895 -84.250 153.427 2.063
142.262 97.591 -42.664 1.937
-145.819 -177.831 -145.759 1.918
-42.090 0.793 -99.931 1.989
-194.434 -28.706 -132.246 1.860
-104.057 -137.945 -174.839 1.983
-172.256 128.345 118.252 2.033
-194.663 49.954 87.067 2.017
54.207 -69.728 41.176 1.913
214.838 17.256 -153.300 1.915
-21.661 56.334 167.427 1.972
8.716 -88.294 -76.830 1.778
186.072 -116.966 -49.068 1.878
-158.068 6.388 -156.865 1.828
203.473 173.279 -44.159 1.929
-82.985 148.329 -85.460 2.080
-9.252 128.650 -192.343 2.014
139.645 97.308 38.092 1.984
-185.009 -57.488 0.878 2.050
-58.793 78.008 -111.413 2.127
80.017 36.790 -168.292 1.966
-130.181 189.437 -172.423 1.918
-88.562 56.738 13.844 2.000
162.161 81.368 110.923 1.895
-149.939 73.055 157.979 1.973
-44.719 -135.109 -40.730 2.271
122.889 -29.958 174.547 2.022
65.691 154.540 -27.505 1.997
89.167 -4.169 -9.985 2.033
-160.831 -111.800 -147.621 2.197
-178.222 110.000 113.530 2.171
-110.150 -136.251 44.168 2.003
-193.742 -143.552 154.112 2.013
-2.708 92.995 45.023 2.028
-221.017 26.101 -105.174 2.004
-26.050 177.562 183.321 1.896
-53.304 30.493 -140.255 2.148
18.775 -141.328 -91.484 2.053
170.407 146.563 123.927 2.002
25.702 9.580 148.896 2.040
-190.916 44.678 136.710 2.017
153.221 2.214 -167.863 1.937
28.253 73.830 39.459 2.054
-138.588 -93.882 109.963 1.972
-40.476 -81.563 -177.848 2.045
-178.042 -78.034 62.963 1.916
185.744 7.137 -168.679 1.818
-219.805 -93.460 -3.597 2.104
-182.152 55.286 -191.661 2.003
-3.758 -163.712 -68.498 1.739
-179.413 -123.133 19.794 2.064
138.819 -42.471 11.224 1.959
126.411 -189.686 10.845 1.983
96.368 -154.101 40.749 2.113
154.726 46.071 -44.960 2.082
-122.776 -155.102 -152.288 2.006
181.080 0.358 47.757 2.042
-110.838 80.996 -18.142 2.226
133.686 8.856 -122.223 1.932
-43.607 74.874 -70.241 1.877
124.720 45.661 -108.087 1.948
-115.151 -189.463 190.017 1.948
47.032 -39.438 182.831 2.091
-102.176 183.998 -173.428 1.805
-118.520 108.863 187.434 1.884
-208.321 52.820 -195.416 1.933
118.379 -53.465 141.186 2.094
78.616 40.883 -65.958 2.103
71.520 122.634 146.188 2.050
-194.138 125.310 -36.586 2.176
78.718 -30.471 -1.443 2.146
-4.810 43.092 154.539 1.925
-153.046 -137.889 -115.818 2.072
-89.801 -64.556 8.045 2.056
56.188 -176.146 -15.373 2.031
106.029 1.007 -25.163 1.799
205.649 22.443 -189.480 1.965
-119.104 12.386 31.297 1.923
-124.115 163.419 138.553 1.998
-94.040 39.349 193.401 1.970
-152.246 -118.992 188.774 1.860
-127.195 -106.540 105.901 1.873
-153.131 96.925 36.870 1.977
-29.470 -100.568 1.043 2.054
223.161 168.988 93.804 1.933
118.585 -128.608 103.016 2.053
118.749 -1.710 87.070 1.897
-56.021 24.877 148.243 1.914
185.663 -156.731 98.613 1.954
-178.484 14.896 28.373 2.059
-43.573 -149.070 -153.316 1.913
147.861 -97.979 50.835 2.046
220.733 179.488 142.037 1.866
-57.454 45.315 -179.546 1.932
178.088 -76.242 47.934 1.999
132.793 20.897 49.583 2.132
172.824 -184.299 -184.915 2.110
-217.805 148.477 106.363 2.003
-128.555 -119.851 -187.355 2.065
213.144 65.613 103.720 1.914
172.835 181.783 135.525 1.917
33.538 167.522 119.317 2.020
143.072 -172.430 -166.589 2.170
216.891 108.844 60.954 1.916
-171.910 -53.404 -154.013 1.925
-91.582 9.802 -156.959 1.984
-26.369 4.056 -86.804 2.034
109.309 -83.266 -7.736 2.056
-138.692 -24.150 -79.965 1.879
206.802 180.507 -32.329 2.115
187.285 -106.488 -43.822 2.065
-23.439 -24.250 -77.196 1.919
74.722 -146.123 97.049 1.954
121.194 -32.937 179.518 1.843
-11.175 -92.043 -96.894 1.914
-153.272 144.676 175.254 2.068
170.094 78.338 -190.400 1.982
167.017 -120.721 35.642 2.063
-9.526 -138.414 -16.134 2.132
51.295 14.439 -108.170 2.002
-110.372 167.348 32.574 2.047
12.341 -150.838 -102.010 2.104
-218.081 21.253 -140.808 2.122
142.453 51.589 128.554 2.049
-100.387 104.667 102.756 1.998
-60.520 122.413 198.900 1.970
171.085 80.999 74.224 2.144
-84.491 -135.277 -25.170 2.021
59.078 116.985 -38.868 2.012
-90.087 25.027 14.783 1.933
224.523 -166.677 -4.780 1.998
-94.425 -146.224 -46.476 1.988
6.304 67.906 164.026 2.147
-126.881 -82.644 178.605 1.973
-217.486 -17.378 -50.860 1.914
57.436 -117.006 103.922 1.987
52.115 -87.955 54.691 2.024
185.265 90.931 119.470 2.068
-33.033 -59.145 38.097 1.974
-108.673 -1.864 -172.602 1.778
220.682 183.231 24.535 1.856
151.068 7.309 147.720 1.966
44.707 17.639 76.183 2.046
81.782 163.294 110.175 1.869
-100.778 -94.365 4.541 1.940
206.778 154.406 86.348 2.075
109.565 -105.133 132.557 2.018
218.912 111.459 115.851 2.123
-77.221 157.933 122.342 2.092
79.262 21.616 71.014 2.054
-110.323 167.745 148.010 1.892
149.477 -66.696 3.932 1.880
16.183 -20.192 -105.508 1.968
-16.421 81.063 102.654 1.999
84.401 149.318 -50.360 2.146
-149.809 111.231 -52.877 2.024
194.448 19.277 106.613 2.099
189.119 106.338 -52.385 2.104
34.045 -156.017 -63.341 1.910
17.587 172.692 153.342 2.070
-68.891 -133.209 8.002 1.994
73.956 4.260 -149.203 2.047
-133.253 15.320 133.274 2.017
216.201 154.238 -86.448 2.087
103.238 45.232 -129.191 1.974
-37.507 125.107 93.616 2.168
-1.693 65.130 -46.667 1.882
-48.481 -156.025 94.901 2.207
-38.848 -114.582 22.373 2.129
-86.277 -177.372 114.468 2.090
176.769 175.395 -62.819 1.866
-57.119 163.490 -103.059 1.744
169.216 72.814 39.612 1.882
208.355 -134.435 -156.700 2.214
-204.717 -73.781 126.402 2.008
-131.688 128.522 178.124 1.992
215.960 140.827 -120.875 1.952
33.749 -146.675 -190.226 2.001
135.423 -147.995 -176.602 2.107
81.088 134.308 -67.539 2.048
-56.604 -189.276 -183.501 1.984
-211.644 186.368 69.084 2.037
118.036 119.438 161.339 2.086
7.942 -116.565 -86.772 1.897
-179.190 158.371 194.163 1.958
-120.549 -50.163 -98.127 2.050
98.138 111.363 -146.327 2.147
79.580 69.219 191.496 1.980
99.388 -76.105 151.406 2.045
-83.277 148.369 -127.130 1.928
4.642 -125.704 -182.285 2.016
-221.935 104.645 -37.371 1.766
148.505 158.742 -180.465 2.054
6.134 -79.653 90.539 1.887
114.361 -168.888 -118.372 2.165
-94.992 31.480 -95.850 1.982
21.099 178.113 -110.275 2.014
-152.799 76.194 179.493 1.985
206.566 -171.748 -18.701 2.007
-173.173 -120.856 31.756 2.013
-31.041 73.266 82.806 2.004
116.377 -6.366 157.417 1.992
-20.914 117.202 -50.373 2.024
164.291 -163.399 -171.188 1.986
-130.121 163.564 104.744 2.055
-148.080 103.839 124.509 1.872
-194.874 155.436 -166.885 1.882
181.695 -158.692 197.410 2.068
67.907 -51.850 -55.146 1.995
-154.253 160.007 160.798 1.973
-107.253 -2.947 -173.303 1.921
187.442 -111.078 -135.442 1.969
27.917 -59.433 -197.982 1.848
167.963 -91.822 -157.638 2.083
-126.568 87.130 118.446 1.996
10.159 -70.074 -179.271 2.083
-26.887 188.101 -113.680 2.059
-223.623 -12.899 128.787 2.097
121.223 -107.447 119.046 1.906
-166.335 94.433 63.594 2.061
-210.292 -182.739 -8.252 2.041
-216.079 -70.825 164.168 1.984
127.641 -51.724 -140.280 2.025
69.901 -16.529 -163.298 2.108
99.357 -74.467 30.922 2.109
14.730 163.795 69.399 1.944
136.239 -85.850 174.347 2.146
-56.485 -56.170 153.174 1.977
-146.517 -71.697 -101.022 2.049
-42.565 -163.205 167.261 1.941
54.658 -70.751 174.799 2.011
69.483 -164.567 -132.294 1.927
-205.818 30.763 38.590 2.037
45.758 12.601 182.235 1.755
112.513 -154.793 104.337 2.123
130.698 5.725 7.650 1.896
-63.353 -165.600 -125.034 2.003
146.349 -156.199 90.769 1.840
-74.350 -136.679 152.268 1.855
220.020 71.284 186.874 2.118
-16.525 141.671 -65.591 2.109
-61.087 113.968 -182.032 2.143
161.607 75.554 134.851 2.049
-135.220 -128.802 74.541 2.107
168.924 -95.503 97.568 1.942
-84.991 -11.308 -8.078 1.999
7.315 126.969 142.850 2.093
-95.997 -26.030 -148.105 1.959
151.344 112.918 -105.611 2.025
-25.536 -18.399 -165.930 2.040
205.530 81.298 -181.913 1.958
-93.999 164.185 -63.307 1.938
-152.588 174.755 106.670 2.117
145.350 164.572 153.029 2.084
-126.770 80.595 195.696 1.885
-145.556 135.541 -123.267 2.061
-75.457 149.989 -151.988 1.746
114.485 -134.491 85.866 2.149
-57.718 85.126 -22.564 2.002
-115.998 -28.771 -121.683 2.029
180.587 171.056 -149.030 2.043
-107.644 -96.945 -13.215 2.000
-14.258 -65.401 -13.214 1.885
123.847 23.657 147.424 2.084
150.059 42.730 118.738 2.051
-68.620 -105.915 147.000 2.155
94.014 -93.725 121.775 2.121
153.447 2.756 178.934 2.151
221.786 61.702 -188.256 2.008
209.390 108.178 -109.248 2.034
-2.151 -128.131 163.691 2.062
91.753 137.598 178.347 2.165
190.591 -60.236 -53.487 2.037
48.285 -110.309 73.285 2.039
143.409 -68.092 -174.331 1.976
-142.368 10.749 -14.321 1.945
-0.962 -183.067 4.297 1.948
-147.339 83.364 97.292 1.796
-84.124 162.075 -73.251 2.173
-168.884 -51.676 -91.968 2.185
93.149 -19.701 71.410 2.038
-116.832 -118.999 -3.040 1.792
-174.507 128.592 45.621 2.060
134.669 -143.401 -104.045 2.226
-213.081 -28.102 -104.603 1.865
-139.418 148.674 -155.640 2.053
132.685 146.244 -195.499 2.032
-88.360 91.199 19.406 2.098
-49.993 -60.010 69.296 2.092
5.314 -81.145 -161.441 2.059
146.560 -14.154 163.108 2.156
-126.378 -137.310 -165.801 2.078
-181.209 159.434 90.862 2.104
113.771 140.451 99.632 1.952
200.664 78.638 132.725 1.827
-80.209 71.217 142.897 2.087
-100.717 42.774 51.778 1.957
46.500 -41.705 23.258 1.997
195.556 -36.552 -61.433 1.937
-66.761 -163.007 54.061 2.214
213.043 50.389 8.521 1.910
34.037 -26.399 59.320 2.026
4.070 -112.798 27.130 2.143
49.664 -50.176 58.851 1.937
-86.049 6.332 86.105 2.181
-60.125 -166.281 -51.915 1.820
-49.865 -31.485 11.576 1.916
3.215 -142.849 -20.870 1.943
224.306 102.518 -83.599 2.004
-110.148 8.206 140.596 2.021
-204.069 179.444 -92.678 1.905
123.158 -70.524 95.850 1.892
99.750 148.306 -40.665 2.153
213.157 9.690 -197.596 1.873
22.015 59.806 9.230 2.159
53.950 6.755 116.116 1.781
24.325 -24.809 102.850 2.082
95.715 -99.241 105.841 2.058
136.713 -111.472 -72.450 2.115
-176.065 -153.443 -113.237 1.844
92.769 132.958 73.965 1.801
175.244 -128.400 -112.273 2.162
188.840 79.934 69.184 2.056
29.029 78.654 74.552 2.059
-196.609 66.286 116.048 2.028
-139.396 -163.585 -16.230 1.981
182.657 -78.504 25.936 1.910
207.527 -105.955 12.204 2.144
-2.886 -34.797 127.750 1.903
176.374 -116.334 -194.478 2.032
-176.210 -56.939 -124.044 1.894
-166.070 16.780 76.773 2.008
165.384 -74.228 118.466 1.838
-110.913 26.982 -26.589 2.050
-59.973 73.752 2.298 2.120
-182.625 -179.223 100.938 2.027
-36.391 40.697 196.609 2.047
36.555 174.138 -110.356 1.983
-75.982 46.996 -95.346 2.166
-37.798 86.600 5.459 2.106
95.813 -4.343 -164.584 1.979
129.033 39.793 197.441 2.045
85.791 121.557 131.914 1.940
99.088 -130.054 50.746 1.991
-92.806 -134.654 -42.607 2.108
60.549 175.836 187.983 1.932
-70.230 -72.712 -96.466 2.081
183.778 52.655 -170.776 2.165
214.929 -126.281 162.228 1.796
157.211 103.649 -74.748 1.894
-63.731 -119.368 -12.459 2.038
131.271 -127.184 -123.785 2.128
160.598 -143.229 55.009 2.160
-124.430 -150.759 114.440 1.738
-15.931 -74.061 48.225 1.982
42.019 -162.353 -27.336 1.987
12.234 -34.698 -44.788 1.860
-23.912 -87.096 115.324 2.208
-222.810 -54.523 -51.263 1.880
-99.303 -14.234 77.331 2.131
118.634 -15.343 117.702 1.920
-101.206 3.864 73.885 2.082
22.374 142.392 95.161 1.962
-171.326 -128.629 -126.460 1.981
-25.995 -137.754 -132.488 1.832
-67.732 -123.266 -27.350 2.115
-102.662 91.714 -147.674 2.180
77.444 -174.969 -147.799 2.036
64.143 -80.043 -18.537 1.929
174.903 79.841 -91.468 2.040
111.437 -67.606 -77.070 2.041
-143.931 7.944 77.111 1.999
-6.071 -176.518 132.176 1.945
-62.346 -19.939 60.438 2.092
213.650 -97.880 31.519 2.084
85.600 19.243 -94.057 1.705
-142.163 118.410 -28.387 1.988
85.896 141.921 125.119 1.960
199.780 111.287 12.407 2.062
-26.634 -17.272 -172.786 1.935
211.192 105.620 -103.036 1.987
218.610 91.292 -147.017 1.966
-203.308 32.977 -9.947 1.948
11.796 63.572 41.145 1.969
168.306 -176.962 52.873 1.847
-153.064 137.428 -50.407 1.823
-70.129 -24.280 -128.130 2.109
96.963 -107.566 -128.424 1.913
-212.667 -71.886 -159.138 2.010
46.875 90.349 113.935 1.967
-130.540 37.638 -1.679 2.051
220.360 -70.131 77.024 2.043
-132.089 -117.441 152.083 2.103
151.837 -168.006 4.322 1.974
-133.137 167.946 -147.402 1.999
35.646 144.422 41.048 2.024
-30.755 -92.465 -149.083 1.946
-43.363 -69.768 31.719 2.066
132.590 -100.590 -168.004 2.039
-180.455 176.430 -63.847 1.999
60.646 -126.577 -54.029 1.981
-7.925 -158.545 148.342 2.069
-32.435 30.177 -86.585 2.021
148.018 5.757 131.072 1.919
-177.034 -45.656 -16.803 1.852
-38.464 -153.404 122.031 1.892
-178.262 -72.537 -103.306 2.044
-190.970 123.405 138.647 1.853
-133.435 -36.986 -37.489 2.062
93.831 -149.650 -36.563 1.929
117.924 -111.476 -170.219 2.057
102.947 46.902 118.584 2.102
201.796 -84.043 -45.749 1.884
-148.523 -136.581 195.366 1.948
161.342 -103.573 6.970 1.931
-180.297 -32.429 6.213 2.003
143.889 -71.392 180.563 2.099
-153.230 114.318 110.501 2.089
219.498 -170.933 146.115 1.955
-209.760 74.475 129.622 1.922
-195.969 -169.921 139.186 2.005
17.630 -160.974 27.176 1.970
-27.387 -114.655 -125.292 2.147
-106.576 -156.733 -135.975 2.039
212.353 -74.879 -130.139 1.925
124.214 43.305 -29.242 1.940
6.354 -161.277 -165.943 2.179
-115.636 157.090 31.761 1.844
-194.968 -25.300 13.279 1.974
-21.018 -94.759 -72.871 2.060
40.692 6.630 -86.205 2.025
209.300 52.947 -13.373 2.151
125.298 -31.165 -17.176 2.136
31.458 -31.511 66.176 2.142
-131.434 145.637 -83.310 1.867
-31.732 -74.772 188.838 1.994
-92.398 166.263 115.748 2.107
-116.540 -102.922 66.128 2.049
95.901 91.800 27.622 1.833
-38.258 -144.374 104.884 1.959
93.776 -101.603 -65.850 2.036
89.931 157.690 7.125 2.145
212.284 188.555 142.526 1.888
-120.765 -148.765 -196.692 2.061
-62.934 -48.895 57.298 2.011
-206.377 164.697 199.696 1.913
3.646 -46.806 191.056 2.037
222.825 -98.016 185.364 2.053
-214.944 -129.762 -53.437 1.952
-49.761 -28.452 -110.129 2.009
-83.848 144.731 -104.899 1.970
5.178 -90.499 -78.612 2.029
19.617 -155.240 -12.978 2.107
-62.484 -19.470 -140.181 1.894
3.933 75.837 78.037 2.081
126.693 -156.216 -139.865 1.951
54.823 -17.576 159.675 2.093
222.834 89.730 -59.199 1.790
-133.322 177.379 -74.696 1.890
-193.753 -14.446 -11.836 2.173
-125.664 -104.508 72.670 2.024
157.445 14.053 116.297 2.053
-25.874 -124.509 133.688 2.170
69.151 -155.051 1.048 2.039
-0.253 159.850 -184.313 1.984
-24.620 -44.675 -125.695 1.911
144.237 65.766 -27.971 2.090
-196.895 13.492 -99.257 2.080
131.026 -8.180 -137.350 2.024
-162.149 -34.979 -51.730 2.059
-9.039 82.921 -59.290 2.086
-113.934 -2.628 -8.026 1.950
-158.957 159.604 -181.317 2.024
-219.095 -95.943 -110.872 1.935
-62.408 71.910 100.750 1.955
-188.650 44.503 26.300 1.973
94.013 -155.509 26.310 1.857
158.189 -136.270 -120.028 2.095
-94.819 159.534 130.490 1.975
-127.431 -55.875 -188.802 1.996
33.795 35.473 -7.961 1.886
162.690 149.337 45.838 1.965
54.157 186.631 53.976 2.056
120.533 -14.597 58.464 2.022
177.599 162.613 -177.745 1.944
-201.596 -181.395 -132.761 2.046
-100.033 -84.193 109.785 1.858
-53.852 56.779 60.957 2.037
171.243 11.814 -116.103 1.997
127.796 -30.558 61.228 2.011
-60.721 71.119 87.960 2.035
-128.723 -129.892 155.627 2.183
-6.381 -97.226 170.811 2.083
-149.004 -45.944 -97.557 1.943
-186.093 132.393 -114.117 2.007
-21.397 -172.882 -143.838 2.141
-39.165 107.221 123.810 1.863
-34.847 128.304 38.812 2.102
-64.840 -44.203 -116.676 2.055
178.749 129.473 -134.361 2.002
-212.330 141.545 -137.928 1.843
-33.162 -36.181 35.005 1.889
-175.877 52.624 -138.027 2.082
222.529 187.181 -98.856 1.798
-168.250 -79.337 -3.987 1.939
125.332 151.580 181.389 1.990
156.925 6.294 -129.746 2.071
209.771 -131.893 125.790 1.870
201.221 65.649 -27.846 1.874
-63.805 -184.571 12.650 1.991
145.951 -144.470 -183.074 2.013
126.024 99.615 186.459 1.936
21.883 -169.211 -184.656 2.081
34.113 16.317 108.083 1.881
-32.489 163.316 46.440 1.987
-111.983 -126.242 149.003 2.279
7.238 103.415 92.167 1.693
-172.139 35.491 -10.504 2.063
208.253 -70.115 96.061 1.868
-118.986 3.940 -4.469 2.050
75.606 19.018 -170.513 2.016
106.757 -132.484 -146.635 1.971
-172.603 -39.327 -111.165 1.920
29.906 93.090 49.234 2.088
-152.601 27.480 -75.461 1.945
-140.611 -152.988 -78.353 1.960
-145.522 70.895 -91.208 2.016
183.294 119.362 -93.844 1.986
-27.700 16.683 -192.189 1.925
10.949 -112.947 127.373 2.054
-55.677 123.073 25.576 1.919
-115.984 -121.173 -63.765 2.015
-194.457 165.438 139.703 2.068
-133.779 -80.570 -175.971 2.087
11.636 13.968 -81.384 1.897
-172.270 -120.144 53.813 1.987
88.990 -47.888 1.393 2.046
-0.530 173.634 93.295 1.899
-143.350 -28.694 -187.155 2.087
53.309 -122.832 -6.250 2.041
20.613 -182.439 -42.175 2.076
55.350 -0.874 -188.129 2.003
194.732 -145.865 172.196 2.082
-20.060 166.001 -183.354 2.139
-45.049 -7.586 -61.864 1.996
102.901 113.526 10.484 1.962
134.813 -119.579 150.404 1.856
188.646 -34.078 115.397 2.069
-17.164 159.390 -118.725 2.215
206.378 53.206 126.784 1.871
216.096 -71.288 78.035 2.173
-161.706 -188.580 186.878 2.250
-143.513 29.878 44.534 2.063
-38.798 -83.202 -34.576 2.039
94.624 7.843 68.642 1.939
205.588 -83.204 -109.297 2.101
186.979 -159.980 -47.760 1.875
-158.966 115.151 -50.375 1.944
101.708 -168.560 -32.157 2.130
52.925 -178.324 -32.179 2.051
-195.348 -114.547 46.197 2.096
-156.178 -58.263 -125.627 1.888
-53.914 -36.397 175.631 2.048
-3.530 181.006 96.464 1.783
-43.663 14.224 186.100 2.008
-209.300 56.656 111.821 1.928
48.144 -84.993 -81.215 1.931
102.533 -57.930 136.649 2.019
49.412 -41.292 -62.206 2.087
-15.862 -36.225 -31.987 2.000
7.555 91.743 -3.022 2.020
-175.744 51.974 -187.507 1.947
11.156 -46.700 -157.699 2.026
171.914 84.349 -111.514 2.077
66.712 19.979 95.159 1.933
147.808 -22.636 120.136 2.000
58.302 -95.183 -127.926 1.917
19.990 144.856 126.306 1.979
85.356 -138.758 196.295 2.012
-200.794 109.208 163.911 2.010
-42.395 -54.483 147.287 1.926
-141.438 -121.872 -179.393 1.985
-148.770 89.554 0.799 2.072
14.337 -20.633 171.582 1.957
-33.403 51.393 183.530 2.200
-16.103 -151.442 60.219 2.058
140.062 -76.907 17.223 1.948
176.004 8.124 175.023 2.057
-125.369 89.654 -51.607 1.921
-3.299 -117.019 -56.399 1.939
11.977 -108.773 51.130 2.015
32.369 -9.870 4.967 2.038
-100.750 68.485 199.201 1.855
-92.314 -155.130 -24.835 1.954
39.169 53.930 96.441 1.814
-212.291 -3.149 146.096 2.055
220.220 13.233 -176.099 1.805
140.336 -150.360 -68.334 2.005
62.522 -132.515 -89.775 1.967
186.769 189.934 -43.544 2.084
-160.626 53.193 -173.717 1.843
-115.331 -32.153 -98.027 1.991
-75.809 -36.534 -113.431 1.963
-154.173 -157.591 159.686 2.037
-64.993 169.808 -39.945 1.962
-144.688 -17.770 -148.876 2.029
-216.588 104.701 -104.018 1.957
58.341 95.761 106.293 1.980
177.654 -171.107 129.564 2.007
-88.241 50.983 141.119 1.975
221.911 184.999 -73.119 1.959
-132.917 -44.964 -164.795 1.977
192.032 -76.564 6.900 1.875
143.408 -7.525 52.268 2.128
-154.220 -13.597 72.902 1.932
1.211 -108.523 156.388 2.051
-43.734 130.570 45.283 2.034
20.062 -49.885 -52.042 1.941
-64.259 -27.047 83.514 1.955
-207.756 93.125 165.903 1.940
-66.569 -93.320 -172.276 1.979
182.179 74.424 -64.686 1.978
-95.435 46.344 35.905 1.941
130.472 80.519 -149.776 1.883
-52.119 60.860 -71.941 1.837
124.447 161.234 -155.684 2.145
8.050 25.332 186.732 2.042
-33.662 80.131 90.619 1.968
198.457 38.140 144.277 2.094
-93.371 109.742 57.036 2.004
-59.728 167.656 132.758 1.970
155.224 91.555 -195.145 1.896
60.368 66.458 157.437 2.072
116.229 24.163 -157.899 1.887
135.384 124.562 -81.268 1.904
-55.734 63.085 164.012 2.037
-132.590 -16.727 183.609 2.000
-110.470 -114.342 25.723 1.995
-23.941 -155.504 79.995 2.062
158.501 49.023 -142.398 1.996
-192.708 -29.127 -80.992 1.905
-43.325 174.265 -32.181 1.895
-108.815 106.153 119.110 2.303
35.837 -184.475 -127.383 1.865
-148.465 76.261 156.581 2.177
215.465 -103.849 -22.518 2.050
-220.905 -101.220 162.242 1.976
93.982 94.035 -102.899 1.997
-1.547 -0.701 -125.886 2.183
-40.666 -182.394 -136.277 2.034
-68.376 -96.779 -154.451 2.045
51.385 7.883 144.215 2.060
35.756 -144.225 28.372 1.985
93.534 -54.511 40.773 1.918
14.252 23.608 -145.725 2.183
92.881 81.862 -129.066 1.831
-213.589 58.571 161.094 1.975
-215.919 -89.887 -29.052 1.977
168.830 -167.330 -111.991 1.992
11.202 -6.217 -73.295 1.972
116.684 170.235 121.006 1.909
-41.566 -30.662 -121.515 1.965
216.157 -123.132 153.010 1.965
-39.972 6.200 -125.790 1.965
-114.719 -122.817 -92.171 1.869
21.643 -70.519 -108.275 1.903
167.300 -33.476 -159.039 1.914
106.518 83.314 58.525 2.146
77.732 -103.918 -10.333 2.041
-224.671 64.200 64.601 1.904
6.503 -101.246 -113.226 2.024
31.060 82.799 -130.891 2.068
58.612 178.473 -58.787 2.030
-74.496 47.257 -74.701 2.120
-181.398 -8.309 185.611 1.878
106.427 -2.244 -154.252 1.983
214.644 163.991 27.650 1.818
-137.755 177.441 -79.998 2.281
-210.064 -33.790 63.076 1.989
-187.120 -161.916 -122.878 2.109
48.259 189.479 -160.139 1.885
129.956 -19.333 158.885 2.238
158.234 -189.158 80.388 1.885
5.770 161.154 189.590 2.153
-50.710 -76.294 -74.654 2.028
95.465 96.898 103.591 2.162
153.016 86.531 77.684 1.930
-36.775 21.454 65.382 2.007
-101.007 -140.351 -72.865 2.145
-59.111 164.208 175.049 1.998
-221.914 147.415 -0.809 1.987
-127.520 183.066 -68.598 1.961
-85.209 122.695 4.963 2.056
-90.715 -100.832 127.282 2.116
-118.584 21.285 -125.854 2.084
46.529 34.605 -67.190 2.145
-221.166 -129.622 86.259 2.005
-50.214 103.655 -64.057 1.948
56.971 26.788 32.997 2.227
-19.556 -8.819 162.199 1.922
52.945 52.413 -42.425 1.843
108.820 11.777 -32.996 2.035
-129.604 89.974 -83.690 1.971
-201.097 -25.805 -35.016 2.028
12.463 91.622 2.599 1.912
-62.033 -188.985 -59.794 2.197
-171.546 27.577 -154.780 2.025
-42.625 72.293 -78.005 2.032
23.794 -138.771 198.945 1.845
201.430 49.718 -186.908 1.917
98.257 105.967 33.794 1.993
124.983 -174.408 43.629 2.165
2.668 -111.084 -47.347 1.915
-124.887 -0.425 -163.646 1.966
-203.393 160.362 145.511 1.990
53.701 -41.285 129.819 1.733
211.336 -123.874 104.769 2.024
98.738 142.002 -91.663 2.086
6.468 70.677 -73.486 1.971
213.177 -61.115 -142.336 1.961
91.847 179.247 -116.644 2.117
219.796 -17.691 -127.519 2.017
196.590 56.629 -54.795 1.992
-114.002 69.970 -178.557 2.157
164.161 27.230 191.919 2.009
-204.672 79.534 -105.633 2.260
218.525 6.030 -100.835 1.938
-97.949 -128.800 116.028 2.015
-108.616 126.604 115.016 2.089
164.809 104.025 22.653 1.948
-169.977 -128.662 -96.645 1.954
-5.700 -133.560 -183.104 2.055
185.766 -158.804 18.109 2.060
-2.441 148.844 -41.674 2.013
-41.789 -0.521 -125.018 2.019
93.644 16.442 -74.956 1.880
-73.600 86.505 -50.904 1.873
-73.017 -94.127 153.019 2.195
90.169 72.414 -146.791 2.035
219.345 -27.650 86.567 1.842
202.809 -170.332 26.003 1.998
128.052 109.280 54.488 1.938
106.976 60.993 149.304 2.041
205.366 -11.883 113.029 1.911
211.512 140.637 -77.763 1.849
133.221 -121.247 94.573 2.077
214.102 61.103 29.995 2.148
-107.492 -25.553 140.860 1.886
-16.861 -43.816 -169.397 1.935
60.959 -109.340 152.509 2.026
-89.495 171.563 -136.732 2.110
-131.168 -12.199 -82.587 2.083
213.958 153.075 28.576 1.956
-68.244 -50.026 -141.272 2.025
136.777 -13.099 81.139 2.129
-50.320 171.441 57.309 1.986
95.376 -146.295 140.509 2.241
-44.457 96.244 14.082 2.084
15.280 -104.828 149.430 2.018
-190.658 121.794 -149.020 1.955
28.538 -39.591 -133.353 1.937
-131.610 -116.554 88.494 2.034
8.870 162.820 -40.460 1.997
25.356 -171.930 192.683 1.887
154.826 -157.353 -153.142 2.023
81.718 158.470 37.285 2.043
30.941 -23.767 -101.981 1.957
140.528 -66.849 -173.978 2.142
-219.951 -77.756 151.423 2.063
-180.651 -85.550 103.519 1.915
59.107 -166.320 -103.662 1.965
117.089 -71.249 -136.073 2.068
-90.416 -136.723 148.586 1.815
30.414 110.856 -154.759 2.081
83.423 113.797 183.608 2.004
63.884 1.710 -10.922 2.058
219.983 16.083 -141.168 2.016
-173.652 -22.289 135.666 1.917
-169.099 -143.769 -169.205 2.142
-74.710 -133.756 -194.612 1.828
-81.453 -174.207 1.794 2.285
127.109 -139.689 64.732 1.945
119.907 -68.788 115.781 1.998
90.393 -25.636 -59.014 2.064
-126.434 152.179 57.895 1.961
-187.089 60.083 -31.037 1.822
-95.777 125.617 -0.721 1.953
-144.420 23.020 4.040 1.828
-196.465 -89.342 182.007 1.983
-187.154 -157.318 -195.200 2.058
38.644 139.867 -25.105 2.125
-41.201 119.860 -100.747 2.102
203.642 181.424 78.088 2.116
150.575 188.309 87.969 1.898
92.173 -127.646 115.187 2.018
110.094 90.390 -31.446 2.025
-71.175 47.300 82.331 1.900
-131.973 29.071 1.620 2.050
140.695 91.992 29.538 1.982
-154.095 3.781 53.809 2.000
101.718 149.243 -68.783 2.118
-58.593 45.612 -100.951 1.940
-79.038 -2.467 -176.309 1.823
-43.245 52.310 -27.317 2.085
-36.492 100.245 3.946 2.195
-202.246 187.176 177.411 1.994
16.978 21.373 -14.477 2.082
-137.455 180.305 183.428 2.056
-91.894 -28.137 -144.672 2.017
12.947 94.985 187.082 2.042
-52.712 -125.621 -141.258 2.201
13.594 146.548 56.869 1.925
-162.883 -83.723 -59.157 1.973
-117.549 -168.962 -58.900 1.955
3.625 145.201 -50.355 1.974
-198.988 119.144 120.431 1.979
-37.813 132.419 -54.357 2.051
-151.956 -22.487 -42.951 1.913
-206.430 142.732 114.180 2.114
-33.482 54.806 50.492 1.923
-119.666 -88.627 133.013 2.077
-35.063 133.620 89.675 1.901
64.318 189.793 76.521 2.115
