-163.463 56.358 152.206 2.071
146.986 172.369 -183.813 1.985
-93.989 -68.504 -98.655 1.836
-125.711 -10.697 9.055 2.059
107.584 88.741 186.928 1.929
123.826 -179.179 39.324 2.066
-153.156 -79.463 128.589 1.854
122.509 -157.952 95.719 1.917
-141.175 -91.758 58.351 2.058
183.382 181.648 -4.194 1.988
47.359 71.627 -80.928 1.918
-127.214 -80.261 66.273 1.811
93.757 118.682 138.453 1.871
-199.977 7.566 -34.188 2.050
161.271 137.912 -30.202 1.914
-56.495 142.136 123.231 2.001
-152.852 -181.771 68.430 1.891
40.655 91.240 -41.568 1.882
-224.845 1.153 -43.273 2.143
-153.015 60.458 -47.387 1.854
16.111 -143.230 110.893 2.076
61.259 -28.818 -176.398 2.257
83.383 108.885 31.823 1.938
-8.198 -178.807 -64.831 2.058
-13.103 -91.454 -51.069 2.192
-82.783 125.894 -12.743 2.042
-124.322 172.196 -20.785 1.951
-197.669 53.813 199.026 1.915
-67.900 2.875 183.604 1.969
139.485 -93.850 -121.265 2.193
-149.950 -183.807 83.445 1.881
-222.440 -85.726 -97.468 1.992
122.810 -80.878 -32.611 2.010
29.946 9.238 -194.368 1.841
-21.846 -158.790 -185.620 2.017
144.779 54.265 156.044 2.025
-145.367 25.788 114.716 1.910
-48.173 53.802 -26.199 1.724
93.086 -67.477 165.739 2.000
-73.504 144.011 -75.773 1.990
-98.783 10.663 152.906 2.006
2.305 183.200 30.743 2.080
-3.782 -66.017 43.328 1.988
162.403 -130.492 23.474 2.075
119.965 -100.059 2.347 1.982
-194.703 132.335 125.649 1.978
-220.492 -63.101 27.108 1.930
77.466 166.952 11.785 2.140
99.222 -125.376 13.556 1.943
-57.585 189.590 -52.667 2.033
58.551 172.589 199.043 2.026
145.007 -77.604 45.832 2.058
-124.810 111.156 159.701 2.075
-29.101 -131.346 139.082 2.075
35.512 106.582 -37.675 1.999
16.523 155.936 -101.626 1.962
217.942 -146.170 -10.806 2.178
-193.945 -75.941 -109.031 2.051
43.956 120.548 186.139 1.980
82.608 67.945 41.283 1.989
125.677 -92.466 -164.267 1.920
83.826 39.395 95.857 1.999
90.827 22.503 74.690 1.971
-109.983 120.229 -103.034 2.081
-49.745 -115.423 -124.178 2.154
33.280 54.281 23.465 2.009
-219.731 31.879 114.439 2.052
-136.269 2.526 145.114 2.210
8.168 113.707 12.070 1.977
179.888 32.487 -173.862 1.783
-208.793 -174.133 -73.445 2.052
-133.903 123.910 -3.909 2.237
145.168 -175.678 127.042 1.937
189.545 -94.745 -83.391 2.086
16.869 109.544 -89.101 1.888
160.902 143.807 165.757 1.950
110.902 177.668 -100.445 2.006
-97.691 63.448 111.170 1.829
-51.649 -184.336 70.473 2.030
-45.104 15.393 -119.167 2.061
213.927 -183.956 -54.885 2.005
-36.363 10.208 -150.637 1.954
-189.362 -95.655 -168.022 2.090
127.344 -77.317 -120.770 1.974
-210.054 29.215 -142.279 2.087
172.675 74.111 21.507 1.808
-155.175 -32.001 -115.121 2.032
187.423 -42.243 90.657 1.902
-35.085 169.841 -178.140 2.092
-30.464 -64.115 -118.662 1.946
174.167 -137.784 139.238 1.931
-216.019 53.764 71.561 1.876
-180.123 -114.852 83.010 1.950
-187.813 96.331 66.222 1.799
-222.646 -5.171 108.142 1.931
10.558 -76.137 -114.342 1.934
213.085 -125.950 98.811 1.918
21.959 108.013 53.399 2.148
-68.090 95.438 -76.945 2.146
151.252 106.301 136.963 1.963
-208.521 97.907 -125.594 1.996
-11.267 -68.856 -133.881 2.283
47.855 70.949 12.507 2.017
-178.019 -185.091 133.381 1.953
222.166 -179.910 8.496 2.085
91.680 61.809 110.462 2.013
40.044 -114.852 191.968 1.944
74.659 150.646 -155.711 2.044
-163.785 20.966 151.755 1.910
201.049 36.609 -96.907 1.874
8.509 63.633 173.221 2.078
54.770 -37.340 -5.941 1.994
-213.640 117.531 -170.544 1.897
-143.823 79.205 87.808 2.019
154.971 -150.213 -176.153 1.903
60.091 144.954 -111.318 2.073
-84.840 -84.824 -116.765 2.000
-201.233 -147.188 132.249 1.973
150.813 -111.631 -142.926 2.121
-208.734 176.974 59.082 2.098
-83.085 -72.426 -106.817 1.914
80.942 -150.952 196.255 1.890
43.115 -151.306 178.963 1.882
160.094 17.275 154.257 2.001
-39.386 -108.902 -37.744 1.964
40.605 10.278 43.404 2.085
-144.708 162.650 -160.948 1.877
121.183 -5.438 130.257 2.127
16.052 -65.837 -153.463 2.056
-39.954 -178.482 24.384 2.009
210.520 6.256 138.297 2.082
-9.482 -68.771 95.686 1.975
121.676 3.801 139.955 2.042
35.616 -70.783 -125.849 1.916
141.509 -69.043 -14.609 2.003
-0.592 54.701 42.683 1.931
144.411 -136.988 185.228 2.141
-211.081 88.373 -165.175 2.045
27.269 168.565 69.062 2.028
75.444 -64.173 99.921 2.030
-214.644 99.326 -124.467 2.020
-39.122 116.808 -136.586 1.940
203.266 5.162 33.128 2.053
-77.463 -135.324 -96.013 1.997
156.282 170.280 -47.651 1.825
-188.872 -125.074 65.299 2.027
-113.371 140.874 105.057 2.134
204.867 -71.536 95.244 1.925
201.436 -101.527 95.348 2.138
36.797 -134.821 154.034 2.125
-99.537 -145.114 4.173 1.970
-212.227 54.341 10.894 2.005
132.829 154.289 61.052 1.951
-221.859 -51.685 68.298 2.168
-116.783 -4.506 67.864 1.955
138.632 -143.540 -63.549 1.859
-111.981 116.096 -187.128 2.158
185.041 -12.923 156.566 1.956
122.805 76.182 13.260 2.077
-136.217 128.771 4.223 1.885
-183.409 -80.875 -183.700 2.076
-161.451 80.304 84.675 1.800
82.849 71.341 -10.348 2.037
-175.123 -135.481 8.037 2.003
86.344 -116.668 -32.402 2.018
-186.349 21.602 -15.504 1.927
-216.437 39.081 145.194 2.063
-57.479 180.553 -165.393 2.026
90.493 47.943 -23.270 2.134
-198.387 -96.356 -106.919 1.971
152.606 -24.201 -140.637 2.090
-80.445 186.514 -156.426 1.957
207.361 39.029 -106.089 1.949
-59.309 -180.676 91.152 2.007
44.875 -159.521 127.194 2.205
207.654 -138.115 -136.394 2.066
88.947 -29.557 185.006 1.907
9.738 -57.560 15.310 1.985
206.253 3.412 -130.078 1.811
-100.874 139.290 170.642 1.788
173.422 141.837 -98.086 1.904
-75.459 58.727 -161.116 1.918
128.690 -56.406 51.348 1.875
114.478 -141.967 -133.375 2.149
123.605 164.839 -85.065 2.016
-217.871 2.333 -22.416 1.899
-179.921 -62.110 46.331 1.957
-222.902 112.939 -116.404 2.057
98.463 3.571 72.162 1.926
-209.743 -86.457 29.917 2.142
194.666 -0.788 72.254 2.063
79.638 -55.567 196.528 1.986
-181.298 -45.248 -128.687 2.004
48.603 -43.388 -126.459 2.114
154.244 -132.351 -59.497 1.983
-115.025 -140.143 166.794 1.899
45.421 144.286 141.126 1.871
-63.128 -3.573 -82.432 2.031
98.889 -123.661 -80.552 1.927
178.639 -99.382 -27.947 2.091
146.497 21.417 -189.125 1.905
-96.526 73.692 65.273 2.087
127.669 109.298 107.407 1.855
161.732 -27.791 -46.866 2.138
71.339 147.606 144.357 2.152
-64.618 123.098 169.544 2.096
213.891 157.808 177.163 1.993
44.502 -2.173 -164.065 1.890
12.123 97.855 114.133 1.985
-36.071 -85.341 37.098 2.143
183.139 -15.889 -11.327 2.152
-215.663 -10.471 -142.524 2.207
108.791 -43.453 -170.997 1.917
-129.729 60.062 99.063 1.742
-213.625 -181.683 47.155 1.855
205.772 164.110 129.553 2.018
-79.973 -22.752 151.469 2.004
85.717 -79.586 -164.056 2.045
37.309 -161.448 -171.894 2.053
157.674 96.067 -153.519 2.104
-117.251 120.460 -81.630 2.085
89.905 129.920 -142.064 1.947
131.301 -23.032 0.487 1.961
-58.015 -60.273 15.050 2.139
84.821 31.326 93.036 2.038
-32.628 162.572 -45.300 1.895
48.394 36.081 -83.316 2.101
90.018 -183.741 -197.810 1.964
166.247 24.828 -188.471 2.020
220.974 187.429 7.456 1.971
-147.502 -47.467 -3.371 2.076
171.581 -152.373 139.481 1.996
-215.617 19.605 -24.970 2.027
10.034 -44.292 -114.476 1.978
-49.842 -73.045 79.130 1.903
-70.267 65.766 37.252 2.080
170.999 42.450 95.907 2.052
150.664 -123.957 121.263 1.846
-200.850 -164.742 46.091 2.149
-143.993 -94.042 60.084 1.903
12.608 166.648 17.802 1.835
191.551 106.060 121.098 2.073
-38.471 -113.823 91.847 1.948
-185.871 -87.284 172.479 1.896
-139.100 -16.353 -167.110 2.232
-92.958 181.938 -128.685 1.962
-165.002 -85.857 131.448 1.895
-3.504 -115.222 164.004 1.984
-64.379 -22.274 -153.036 2.037
-113.511 30.812 -116.964 1.876
-218.715 106.745 62.094 2.130
-31.613 -60.152 69.583 1.891
197.058 188.135 -132.394 1.962
-111.954 132.301 -137.340 2.042
-93.843 70.026 33.874 2.006
173.410 69.572 179.357 1.736
81.194 -157.782 131.133 1.925
6.832 99.584 115.850 2.041
135.382 180.408 109.173 2.067
-199.440 -7.555 126.380 1.918
185.255 -105.224 182.495 2.068
-61.399 143.814 -178.453 2.007
156.152 -66.048 -195.462 1.904
71.795 -112.540 -120.142 1.904
154.324 -186.283 30.736 1.909
220.819 -55.174 139.775 1.838
166.142 -189.909 118.339 2.008
59.584 84.221 -197.864 1.850
164.568 -108.744 -53.302 2.083
-152.787 30.636 171.499 1.994
-14.402 160.457 -154.955 2.073
-121.349 -189.706 -10.975 1.987
-183.655 146.224 -192.890 2.014
-119.192 89.276 51.300 2.032
-223.449 -76.337 104.168 2.112
37.721 -189.249 -150.146 2.065
35.985 -50.616 151.490 2.005
74.391 53.222 159.264 1.889
-67.241 -111.337 -157.824 1.928
131.311 36.019 91.982 2.118
-86.264 163.699 137.912 2.051
40.055 79.934 -36.380 1.932
20.846 -185.797 -111.317 2.029
219.437 -93.868 -18.976 1.922
-55.070 -70.837 78.360 2.086
-90.473 20.119 -122.377 1.870
-200.149 10.924 82.019 2.123
84.418 5.743 -146.322 1.885
223.807 -112.803 143.128 1.991
70.047 136.970 -34.827 1.954
15.757 52.607 166.335 1.964
-31.631 25.380 -56.382 1.895
109.502 122.797 29.700 1.937
-68.908 129.439 -170.715 2.013
121.207 82.649 -93.280 1.999
-140.300 -123.345 -23.931 2.017
119.782 -92.658 -81.062 2.048
220.238 -95.134 -40.337 2.182
-101.251 150.296 -16.806 2.210
-99.721 105.583 -14.357 2.171
155.925 -21.240 -108.045 2.074
216.037 -54.302 -90.994 2.087
-169.680 -40.640 18.877 2.060
209.332 -107.129 -96.052 2.166
-32.881 4.529 180.017 2.158
-169.282 -85.419 -97.583 2.122
-123.588 150.412 146.938 2.262
211.322 -178.904 121.326 2.145
75.815 -186.444 37.014 1.982
85.959 -24.452 40.092 1.971
-59.018 13.417 -174.497 2.218
-48.368 -16.017 104.830 1.746
220.727 81.820 -109.915 2.129
-164.017 -154.551 -163.655 2.165
194.308 -153.152 -0.711 2.054
-184.232 159.051 -48.027 1.832
-211.584 -26.432 83.405 1.933
-201.542 -4.409 -131.131 1.879
-175.034 96.752 199.868 1.669
146.545 59.900 101.081 2.057
92.068 0.128 -148.297 2.028
-139.545 142.870 -163.325 2.012
220.888 -182.057 95.641 1.912
58.642 157.357 34.893 2.134
-143.041 114.665 141.155 2.132
-146.694 -189.948 -111.441 1.963
21.205 123.411 -169.222 1.948
199.363 109.127 -164.441 1.871
152.788 99.166 -18.967 2.058
169.010 71.840 -43.558 1.954
101.638 -46.699 195.229 1.844
-93.295 181.527 -183.400 1.855
6.068 80.863 131.361 1.995
-65.910 148.236 4.313 2.127
-206.308 62.433 -20.729 2.042
-85.488 -34.490 -79.929 2.092
-17.508 138.473 -167.782 1.923
11.676 147.702 5.952 2.044
-173.809 -60.938 -146.059 2.094
31.930 -47.657 52.345 1.902
190.254 -110.780 6.915 1.892
161.430 121.773 26.578 2.069
30.270 -129.391 -23.608 2.060
-217.563 55.224 -71.764 1.952
221.605 -6.565 -147.607 2.005
170.582 -68.593 -151.719 1.853
-203.865 -126.086 41.993 1.899
-53.056 -107.935 52.413 2.115
-5.264 -0.714 -31.303 2.042
83.735 32.361 -144.579 1.850
23.744 -131.555 136.801 1.978
-190.749 97.748 -38.970 2.028
-36.968 -179.639 139.810 1.994
45.996 -140.677 93.983 2.032
-151.058 -175.326 -115.635 1.990
-175.925 -111.875 123.419 2.009
-43.376 68.326 23.343 1.982
-122.720 179.844 137.223 1.952
-203.099 97.508 -85.349 1.983
-49.963 -18.105 21.992 1.964
24.676 -97.634 -194.931 1.900
-223.890 -81.484 -29.522 2.023
112.717 -166.031 -96.989 2.099
192.881 -113.604 -40.236 2.073
-115.113 125.416 7.395 2.138
183.259 -29.610 -102.164 2.062
-183.948 14.939 -54.577 2.092
219.197 99.471 -127.686 2.170
-155.197 120.864 197.146 1.987
-166.388 -123.099 141.435 2.148
154.000 -9.796 190.503 1.940
60.755 69.834 -106.030 1.859
-218.771 186.903 150.800 2.116
16.317 10.917 -11.158 2.085
115.821 -85.773 78.156 1.934
190.491 54.800 -73.510 2.085
107.061 -23.443 -71.413 2.148
95.498 -117.413 -13.799 2.058
132.478 -112.899 -111.164 1.856
96.537 169.742 -141.095 2.188
-138.618 -84.329 41.094 1.997
-61.964 177.686 166.181 1.938
128.128 160.911 -5.824 1.891
-58.564 -37.053 -0.417 1.916
-218.195 54.498 -83.961 2.011
183.722 -74.422 156.730 1.942
81.184 -107.493 -7.906 1.856
-173.725 -62.236 139.629 1.936
224.897 91.058 -77.733 2.124
-56.793 -91.023 4.398 2.078
-142.985 105.485 6.644 1.797
87.987 -184.636 9.505 2.037
-202.790 -142.463 -198.602 2.129
-168.596 8.441 -99.744 2.062
-117.513 -98.968 -161.644 2.147
62.276 -3.283 -178.085 1.821
72.887 -146.359 -86.092 1.925
-169.822 -124.198 -91.389 2.070
-201.673 6.183 15.060 2.098
4.745 -69.418 185.476 1.982
2.482 -56.357 -176.724 1.843
-137.874 -21.235 -37.065 2.035
-202.423 -69.798 -18.564 1.915
94.693 -189.564 101.065 1.938
-100.918 -58.937 -0.306 2.039
-132.240 -160.244 99.168 1.846
129.891 144.033 -163.633 2.075
-92.515 52.257 168.659 2.090
-49.332 104.573 156.455 1.907
-46.367 -39.358 -36.023 2.015
128.828 90.127 -109.124 1.824
-162.748 141.721 59.110 2.193
-212.730 -171.186 -30.488 2.006
-38.430 -117.392 -1.726 1.978
184.995 -171.624 -23.062 1.858
-181.173 -110.246 -190.195 1.858
194.061 -48.709 114.094 2.212
22.955 -149.446 -63.102 1.922
-160.080 -43.968 -184.377 1.701
-179.301 -16.286 -129.101 1.954
-206.857 -25.177 95.645 2.007
-137.736 32.443 132.297 1.912
177.546 -161.023 -129.460 1.941
44.342 -133.469 -128.692 1.956
-36.431 -101.212 197.313 1.957
-101.615 -153.109 -87.639 1.959
-184.026 -52.726 -78.452 1.752
-46.032 -22.460 -113.879 2.009
-211.933 -172.495 -103.455 2.167
122.341 -179.472 -93.369 2.069
134.409 -145.826 80.506 1.956
-77.263 26.949 170.843 1.857
-70.497 -100.257 -143.227 1.862
-59.317 184.965 69.540 1.786
131.853 -61.065 75.762 1.926
-18.605 56.137 -110.240 1.939
171.668 -88.087 119.459 2.067
2.687 55.717 148.797 1.924
190.614 -32.611 189.849 1.951
-132.699 -180.006 -126.689 2.083
-19.818 20.038 25.355 1.951
-72.579 130.181 133.999 2.138
63.803 0.532 -91.189 1.835
51.989 -28.990 -123.768 1.981
205.519 -159.772 29.357 1.891
-62.168 77.831 18.426 2.117
-144.008 -163.598 -84.785 2.043
10.988 22.543 196.680 1.983
62.545 143.458 193.054 2.142
-99.258 -83.302 -192.636 2.131
-160.634 -4.283 -134.377 2.253
66.439 -167.607 -20.906 2.070
-178.315 171.044 -80.844 2.051
223.589 28.048 -14.546 1.995
-88.549 -159.264 -7.889 1.925
-75.947 -25.113 153.735 1.833
-186.769 -160.824 -199.255 2.036
-102.692 -36.997 53.770 1.938
150.044 35.631 166.925 1.737
159.306 23.978 -40.788 1.990
46.372 175.158 -35.104 2.019
55.529 73.666 155.487 1.978
-75.474 144.133 -18.173 2.008
-73.586 -90.245 -87.036 2.019
182.336 -1.192 120.423 1.966
86.419 -5.862 164.103 1.966
46.640 66.418 -70.038 2.109
107.213 24.348 -110.676 2.069
67.816 -36.691 -31.292 2.212
-24.640 -136.686 185.228 1.994
13.263 98.073 -133.945 1.958
185.354 60.137 156.509 1.957
164.994 89.816 107.212 2.094
5.807 -78.710 135.460 1.925
73.211 -86.302 -97.453 1.771
158.180 -9.115 46.548 1.901
210.538 -147.763 4.820 2.010
-84.215 115.435 75.021 2.076
209.114 -23.989 164.905 2.002
10.539 86.629 169.740 1.834
185.937 97.657 -39.157 1.944
-60.655 -4.988 -166.968 2.097
-45.765 -156.301 136.797 2.091
25.133 114.494 126.232 2.057
39.761 -180.795 -199.878 1.834
-33.193 -121.903 -83.893 1.994
104.769 166.570 -95.228 2.098
149.189 31.646 -188.246 2.105
40.963 -61.622 -127.737 1.882
97.307 40.613 131.220 1.832
210.925 67.900 -39.035 1.900
60.563 7.083 -19.766 1.964
195.007 132.742 -166.619 2.057
100.111 25.106 -125.967 2.013
103.720 -132.479 -194.132 1.991
20.724 5.792 -185.894 1.824
189.583 157.576 -145.225 2.222
-148.798 -75.228 -53.401 1.775
77.485 -11.682 163.485 1.933
190.710 -159.166 -141.046 1.950
-68.581 -101.714 -93.972 1.749
193.670 -165.546 150.076 1.718
-11.021 -31.659 -54.465 1.885
-148.873 -44.330 72.476 2.016
50.816 -4.170 178.564 1.887
40.584 75.830 -123.842 2.102
11.296 -57.548 77.931 1.983
13.191 -39.130 -120.794 1.992
-52.000 -19.368 -68.571 2.165
-111.711 -142.029 125.648 1.923
24.750 -114.561 179.069 2.031
22.188 31.715 158.846 2.001
-197.858 148.945 -18.267 2.101
38.159 -109.204 -153.966 2.012
-149.719 106.581 94.859 2.030
60.299 116.491 22.174 2.006
177.265 -45.038 -27.655 1.882
190.348 -180.330 -91.202 1.964
-55.284 -102.894 -178.216 1.804
6.741 -174.080 33.321 2.055
-179.502 -11.195 -6.964 2.062
-193.591 -183.358 18.615 1.892
19.546 -167.966 -175.828 2.113
113.797 46.877 -74.535 2.117
-3.284 -30.123 -92.746 2.027
-164.934 24.988 155.221 2.037
-43.703 -22.845 -10.356 1.937
28.839 -8.863 167.105 1.963
-187.391 -63.698 -77.949 2.119
57.790 11.556 137.470 2.115
-20.677 -135.771 -58.869 2.194
221.851 140.206 -63.445 2.147
169.117 -54.100 -164.170 1.945
131.272 -102.570 -57.495 1.890
-107.627 167.957 -10.943 1.967
56.032 56.259 8.781 1.923
-201.420 -109.497 -161.257 2.134
133.505 -136.050 93.349 2.054
-24.679 33.544 172.941 1.927
145.286 -146.017 162.842 2.004
-105.758 -152.517 -165.252 1.905
173.836 -27.277 7.458 2.002
224.944 135.016 -21.263 1.985
182.693 51.355 84.918 1.975
-57.582 -106.627 -67.532 2.008
-114.622 -19.223 165.306 1.996
28.159 65.571 152.249 1.962
-205.576 54.974 -90.917 1.698
184.332 -24.437 134.190 1.966
-27.159 142.275 -0.091 2.005
-19.107 72.614 122.667 1.946
-125.763 102.843 194.457 1.954
-20.574 130.010 139.792 1.903
-143.093 29.280 84.351 2.027
-125.143 -157.339 -79.372 1.991
-142.664 -108.941 170.463 1.863
-114.074 -115.206 41.501 1.927
131.877 -92.219 -54.296 1.981
45.356 119.604 -2.390 1.973
-85.321 -65.372 42.327 2.021
224.409 -178.477 103.210 1.940
79.830 -97.769 -37.170 1.988
97.293 -95.513 73.995 2.041
82.220 -183.434 -163.182 2.035
-203.749 -157.673 -78.745 1.952
29.150 -47.808 -3.658 1.995
-65.850 -135.096 149.895 2.070
-39.823 -98.818 -24.481 2.085
-208.275 28.898 7.633 1.887
56.713 -156.924 -118.728 1.942
-213.420 -47.634 -108.327 2.143
95.427 7.464 120.306 1.999
56.187 -42.074 14.263 2.111
-145.324 -77.890 -36.611 2.036
-211.148 -123.475 138.467 1.984
-11.524 -21.022 40.505 1.851
147.548 76.175 0.066 2.011
-222.578 -66.361 63.315 2.082
131.770 26.762 -110.020 2.053
-137.364 -165.711 -142.671 1.918
38.590 141.630 157.117 2.004
174.970 25.213 54.925 1.955
221.462 120.845 -104.831 2.051
214.395 24.008 195.869 1.918
66.548 70.583 12.331 2.008
73.877 -151.513 -101.762 1.998
205.646 -43.350 85.253 2.101
-211.481 -57.686 191.803 1.986
95.224 39.687 160.139 1.871
-176.915 154.811 157.329 2.036
12.686 -92.064 176.507 1.909
97.112 -107.872 -31.691 1.946
-193.406 128.944 -190.005 2.051
-218.128 62.712 -154.905 1.897
99.521 170.184 -31.836 2.052
174.182 -162.319 -129.520 2.053
-176.357 -64.009 92.168 2.032
-199.127 130.569 141.892 1.871
-190.965 4.769 -40.247 2.232
177.383 -49.376 -153.826 1.917
-157.426 67.031 100.096 2.094
159.598 -51.125 -100.400 2.140
-51.585 -3.542 -73.618 2.041
-168.305 -118.468 109.354 2.094
118.674 134.215 -37.542 1.936
40.166 39.418 50.973 2.044
28.061 -102.517 143.611 1.871
-164.248 21.995 -167.945 2.054
-158.688 58.506 -188.404 1.977
140.444 187.179 -183.454 2.094
-56.591 92.138 -158.814 2.019
-74.545 77.235 143.763 2.013
-133.627 124.571 62.647 1.861
160.284 -35.945 -146.640 1.834
139.034 -75.775 172.211 2.090
-10.697 -140.282 -149.951 1.920
-106.625 164.778 160.963 1.964
-3.468 178.881 -39.456 2.120
51.505 133.044 -12.685 1.892
8.064 -118.474 -31.731 1.851
214.727 -67.629 -21.080 1.950
89.793 97.665 -21.272 2.065
-185.135 -4.319 -170.262 1.931
155.879 -150.004 -9.069 2.137
67.385 173.842 182.704 1.958
-126.871 184.605 -129.259 2.101
-63.087 79.652 120.971 1.961
-218.284 -117.003 190.931 2.140
-34.199 -14.139 143.214 1.997
203.819 -189.711 1.320 2.094
206.288 -123.656 -55.628 1.738
-115.141 74.561 141.190 1.861
-212.944 105.721 142.276 1.963
219.596 -72.310 59.846 1.848
169.803 -113.929 -55.232 2.035
31.603 -182.846 26.053 2.081
-88.922 78.580 -144.339 1.965
212.921 -114.476 -3.532 2.056
-193.480 -9.309 170.522 2.120
39.821 -141.033 199.635 2.195
79.870 -158.127 13.671 1.937
-159.666 31.535 -106.124 1.926
53.743 -88.970 95.203 2.155
136.697 173.041 -189.524 1.908
-174.562 131.444 179.488 1.932
-180.964 147.894 -64.756 1.965
-75.634 147.560 -72.685 2.063
115.286 -140.917 71.256 2.017
90.769 123.855 -133.185 1.982
101.369 -78.586 -28.518 2.352
-68.602 37.593 126.014 2.027
79.998 1.374 63.262 1.974
-12.263 25.881 146.771 1.900
194.776 -161.521 174.140 1.902
-54.115 150.452 18.218 2.210
-47.590 -186.726 -131.887 1.803
-77.669 81.420 -127.273 1.995
-3.243 29.302 46.277 2.049
-55.327 -56.704 15.300 2.055
-177.682 -15.552 139.475 1.961
-159.694 155.177 -52.831 1.956
18.130 132.707 -52.573 2.037
137.020 98.582 -10.603 2.308
-80.764 -63.019 -37.738 1.947
137.298 -166.590 -112.630 2.047
214.100 28.943 -54.446 1.943
-222.091 177.595 -141.481 1.895
-186.335 -119.678 -70.214 1.873
-109.900 -109.559 -180.081 1.957
141.390 170.648 -153.966 2.023
-96.222 -130.832 18.541 2.068
190.155 -165.053 76.410 1.974
192.725 -108.208 -33.141 1.961
-5.488 -114.864 -132.369 1.972
-146.635 152.849 112.990 2.194
185.863 -122.728 88.980 2.035
-28.517 30.557 -103.891 1.906
72.750 -40.217 -195.938 2.051
36.700 -1.968 -61.350 2.151
104.127 39.222 -78.342 2.083
132.192 112.168 -58.879 2.044
37.966 -13.736 75.702 1.908
130.979 -67.752 49.170 1.975
199.412 -54.406 84.325 2.005
-61.373 186.004 -60.655 1.980
151.643 56.708 -132.142 1.889
117.745 131.517 102.662 1.871
22.775 109.478 -24.401 2.102
-126.963 -83.499 56.482 1.945
-157.334 1.831 -60.460 1.936
-66.279 63.853 121.736 2.110
6.709 121.218 75.007 2.061
214.727 -169.926 -160.304 1.974
148.212 105.594 -172.582 2.024
181.385 35.763 130.731 2.050
-29.650 100.460 122.586 1.890
-109.791 -41.326 -118.690 1.866
-147.084 -85.055 -125.949 2.002
51.622 34.336 -51.707 2.113
94.031 -10.088 -38.403 2.042
-203.112 -9.952 83.145 2.077
-7.135 12.675 -73.273 1.930
19.802 30.841 13.776 2.051
89.396 153.517 -64.329 2.284
55.095 -80.894 -132.074 2.122
188.154 182.070 -171.151 1.933
-21.760 113.297 -101.462 2.221
7.594 -8.566 -17.301 1.884
-44.620 140.038 -10.418 2.078
-100.756 135.217 -69.218 1.884
-15.346 119.141 -94.564 1.910
-88.615 49.446 50.881 2.114
-24.914 170.430 -72.248 2.049
-108.640 -69.126 -24.401 1.977
-97.037 42.213 -91.272 2.061
-223.813 8.011 52.894 1.892
-88.717 -105.835 -128.350 2.103
133.251 112.099 -76.415 2.080
111.695 177.278 -178.196 1.998
40.006 81.710 -140.232 2.080
-216.542 -43.221 -186.556 2.044
137.553 -158.608 67.736 2.095
-210.881 -114.658 -10.084 1.984
-68.605 73.251 74.899 1.905
-65.408 -0.746 -27.889 2.086
40.233 -180.127 -138.103 2.033
130.457 -0.766 11.060 1.947
-201.670 -129.720 174.677 2.040
-166.278 -2.074 10.994 1.969
-156.840 -10.799 160.780 2.021
-142.679 51.172 144.005 2.046
112.259 106.729 61.899 2.024
13.512 -44.762 -94.200 1.984
102.340 7.546 42.633 2.110
-179.350 16.375 -98.927 2.026
200.662 182.292 -142.804 2.051
-196.350 135.411 71.956 2.104
-44.358 160.515 -161.655 2.132
-11.129 5.966 182.601 1.950
65.259 101.460 90.502 2.127
10.505 -133.147 134.850 1.987
52.445 -45.834 18.780 2.060
74.486 31.123 -41.245 2.107
-191.835 15.494 151.455 2.072
167.365 127.850 -10.096 1.929
117.839 -45.344 133.393 1.991
-163.701 135.763 -160.219 2.082
36.943 -131.982 121.661 1.977
39.460 48.736 26.282 2.079
173.336 180.922 -105.370 2.060
-81.142 189.665 164.954 1.908
-109.226 34.397 128.185 2.136
160.879 108.418 -190.635 1.860
-5.909 -138.853 184.424 1.963
-220.442 118.906 176.554 1.991
-207.688 72.466 -60.443 2.038
-69.459 114.240 100.281 1.895
22.724 91.571 -191.109 2.115
95.253 81.068 -185.174 2.061
125.147 -170.727 -63.354 2.081
116.597 -65.424 -8.280 2.018
-141.132 46.080 -55.203 1.875
216.372 28.070 26.845 1.946
-143.855 -46.034 43.737 1.917
-214.909 -44.200 120.736 1.790
102.160 131.569 -34.524 1.909
20.151 -89.962 53.152 1.853
137.579 -172.406 103.536 2.081
-5.777 1.453 -161.637 1.738
-116.406 -44.831 164.001 2.076
-97.955 -120.598 166.706 2.030
-157.409 -118.744 -194.823 1.954
-146.758 -165.751 -173.403 1.879
-31.507 -102.777 -33.956 1.997
167.284 -5.878 -113.691 2.002
-145.070 -153.118 1.112 1.976
128.480 49.039 157.927 2.026
-129.489 85.742 128.719 2.126
172.711 178.639 48.372 2.083
13.236 176.244 -93.275 1.777
-202.983 39.645 71.875 2.025
205.374 118.069 164.251 1.913
-200.069 165.411 -115.190 1.969
125.068 -144.778 4.399 2.022
-187.399 62.136 -99.392 2.067
155.328 -122.514 140.899 1.963
-147.670 67.123 -97.196 2.118
-148.561 -183.932 -171.755 1.952
-144.139 97.180 151.479 2.178
22.483 46.785 -181.724 1.921
-215.874 137.350 162.560 1.939
224.227 -14.483 12.733 1.981
-120.574 -136.164 -177.205 1.866
-47.775 89.610 130.733 1.995
-213.080 -133.375 -104.599 2.080
-202.221 166.540 -6.632 2.061
127.996 -49.042 183.511 1.990
58.599 -163.117 -129.202 1.828
-203.171 -8.892 149.420 2.010
186.204 -98.841 94.901 2.021
32.113 154.332 119.073 2.057
48.634 77.244 -34.281 2.033
-106.056 -55.106 191.721 2.068
70.430 154.150 -170.049 1.961
35.613 117.128 120.744 1.867
-13.195 -158.762 182.145 2.033
-206.254 111.984 72.044 2.045
-204.092 -93.683 44.869 2.052
-165.817 -31.688 -130.965 1.818
-86.172 131.866 184.336 2.152
-160.776 -140.423 98.710 1.951
145.988 -186.503 16.462 1.839
92.712 -107.637 -106.464 1.832
-195.943 -128.374 67.054 2.004
-107.645 -130.238 -103.523 1.943
-154.869 -37.710 -130.321 2.017
20.414 60.039 -37.815 2.079
-181.437 110.565 -174.484 1.986
13.674 -13.147 -38.709 2.043
2.185 3.931 -97.068 1.857
168.039 -42.551 -43.317 2.119
-104.001 -59.609 181.513 1.969
66.651 124.798 96.701 1.911
217.845 -48.470 52.437 2.083
206.206 -6.341 -186.377 2.076
-210.000 -172.339 39.670 2.116
207.476 -28.297 191.322 2.015
-111.800 -99.162 101.970 1.712
184.351 -179.826 -126.110 1.904
-179.043 -13.759 80.077 1.905
186.937 35.326 -125.123 2.049
-193.329 111.786 -103.905 1.959
202.250 -178.191 100.930 1.868
-44.871 163.032 -71.979 2.184
208.094 -165.366 -174.436 1.762
178.696 -118.605 -58.852 1.954
18.619 -63.471 -174.084 1.848
27.946 -77.086 -43.075 2.040
97.865 -178.530 169.365 2.087
143.897 5.901 39.116 2.188
-135.974 18.662 -141.526 2.006
-204.888 -66.406 57.093 2.122
61.666 163.709 -167.955 1.982
119.364 160.712 -133.656 1.871
-110.642 -62.422 25.869 2.071
-137.172 -134.695 20.833 2.067
69.782 -29.131 99.348 1.900
113.192 -47.651 -70.509 2.161
-210.122 -151.361 172.553 2.054
74.039 -50.553 119.269 1.943
-104.337 -106.174 96.661 2.051
-158.011 39.740 88.226 1.906
95.381 125.373 17.077 1.808
163.302 188.163 -150.426 1.976
-129.132 163.836 -18.678 1.957
201.922 103.533 -150.485 1.961
4.300 -75.577 155.347 2.008
-26.143 -120.453 133.810 2.186
-173.003 -150.370 23.592 2.142
72.438 3.519 -127.950 2.035
16.934 103.170 161.176 2.173
-61.216 -79.884 -133.935 1.915
113.211 -167.492 22.117 1.847
-175.292 -151.969 103.315 1.902
-0.930 0.065 3.754 1.884
86.296 163.923 140.339 1.978
149.441 187.269 -66.974 2.226
-106.929 -7.625 -8.485 1.991
-194.878 179.407 113.925 2.112
92.665 -6.768 123.083 1.994
48.091 -42.600 -148.577 2.098
-176.888 -14.071 118.233 2.048
-14.697 -157.440 -2.095 2.016
-152.652 63.247 3.219 1.946
-214.599 44.961 -193.633 1.962
-80.696 -2.112 -8.621 2.100
-174.835 180.013 -52.682 1.994
178.913 -73.470 -30.686 1.919
205.501 -172.330 195.589 2.020
64.423 -177.233 -30.249 1.806
104.687 21.253 -46.030 1.953
-54.330 -70.287 -11.110 1.786
119.170 49.233 -151.654 1.968
-45.440 -181.200 75.197 2.027
-154.381 -142.697 6.307 1.934
3.088 -136.978 171.557 2.049
-110.881 -11.305 -124.975 2.047
59.197 -169.331 -150.619 2.018
214.778 0.872 130.926 1.982
119.112 6.378 176.594 1.844
-122.810 -32.575 121.510 2.063
177.622 -111.449 154.381 1.931
167.841 -54.143 195.873 1.887
-1.677 -95.143 -89.681 2.131
-152.376 100.307 -19.094 2.084
118.649 49.362 110.747 2.062
-134.044 187.932 -100.353 1.851
203.578 -87.804 75.635 1.847
218.715 -124.586 57.071 2.117
224.584 -164.414 19.646 2.017
-24.796 -189.776 41.974 1.939
82.837 -145.891 -29.706 2.064
62.433 -161.939 -114.514 1.996
95.769 -79.826 -159.737 1.928
162.629 -54.869 127.575 1.892
-64.050 16.562 -77.836 1.763
-46.646 172.507 155.843 2.060
-10.467 32.364 157.730 2.076
25.094 -119.591 64.787 1.931
52.398 139.955 156.813 2.016
-207.248 -34.931 166.386 2.056
194.101 -6.329 94.959 2.275
13.183 123.303 -77.605 1.891
-84.802 -159.409 -78.525 1.953
-189.928 159.445 -85.955 1.925
-108.994 6.852 168.472 2.147
-88.291 146.024 43.624 1.839
87.879 -108.643 187.712 1.993
-180.854 153.407 63.527 1.892
-139.171 -186.868 -112.432 2.126
66.884 162.577 91.811 1.928
20.264 113.011 107.417 2.008
2.534 36.732 -64.477 2.074
-25.823 -171.370 -75.360 1.905
179.474 130.843 -34.934 2.032
-219.660 172.658 -17.039 2.010
-24.098 134.743 60.245 1.978
189.025 27.400 -35.047 2.008
-90.148 -53.425 168.249 1.892
-135.923 168.779 137.189 2.005
-154.563 123.583 -119.793 2.153
175.076 95.478 -131.122 2.079
-7.964 -134.800 100.299 1.949
-172.851 24.533 131.839 2.069
56.579 -19.193 190.803 2.003
-75.504 -176.226 -152.129 2.109
143.381 178.273 -152.108 2.091
-14.318 13.457 39.201 1.826
29.278 76.543 142.573 1.946
-221.503 -169.965 -125.706 2.105
-147.184 -152.830 -13.177 2.177
-60.803 -73.850 -117.187 1.891
157.973 -34.840 170.376 2.114
-170.953 -136.656 107.564 1.818
52.865 63.247 -61.015 1.799
63.571 11.204 184.882 2.027
34.455 -152.820 113.081 1.862
-206.709 -48.315 5.475 2.087
-76.872 27.846 -122.144 1.918
45.737 -71.704 45.156 2.098
41.462 74.359 199.807 2.142
-188.558 9.475 -144.708 1.853
165.536 54.695 64.248 1.968
-140.199 87.075 -173.748 1.866
-163.747 -32.656 -92.447 2.007
62.665 128.139 -94.270 1.839
166.884 -8.156 84.422 2.145
-219.278 86.581 65.580 1.906
20.774 163.723 16.692 2.009
168.613 189.645 -60.254 1.977
-53.755 -147.775 -48.697 2.035
-202.855 -132.350 -123.297 1.919
10.159 69.445 114.585 2.045
-216.279 -64.784 122.478 1.988
-40.887 -171.044 -134.521 2.236
-184.428 -22.080 148.543 2.074
100.154 -2.412 36.850 2.119
143.725 102.757 -7.200 1.998
-109.964 65.702 131.754 1.825
18.178 -156.591 60.525 2.119
150.842 -77.165 132.393 2.120
-198.173 -127.602 174.326 1.974
55.446 -35.401 153.364 2.041
43.377 185.267 149.549 1.994
-85.562 19.860 -119.785 2.007
146.867 -154.798 -145.955 1.961
66.108 62.875 -88.732 1.973
2.873 -50.448 -150.702 2.049
43.954 -59.462 -106.642 2.185
-106.101 -117.923 -146.940 2.017
39.808 -15.144 27.050 1.988
97.492 -14.375 -179.037 2.033
159.849 72.211 61.547 2.078
-190.613 -62.574 -192.565 1.992
-131.931 83.452 -20.234 1.839
218.937 127.798 -15.601 1.809
-132.859 145.012 31.528 2.172
-77.978 -163.398 193.533 2.130
-143.187 -63.629 -183.446 2.047
-64.422 -174.633 157.661 1.996
216.129 99.428 -44.733 2.005
56.263 123.567 105.325 1.962
-114.862 -137.634 -89.925 2.064
107.341 162.194 34.549 2.092
-170.314 157.065 86.837 1.999
139.507 143.687 167.363 2.150
-59.689 -147.355 51.686 2.088
57.473 -62.932 -104.215 1.817
49.825 63.730 -35.502 1.990
-158.101 -36.696 -10.406 1.965
