-113.270 -73.849 63.690 1.876
-86.393 -3.498 -101.163 2.079
224.861 112.192 -178.883 1.918
48.475 131.505 153.928 2.037
148.445 -150.625 36.153 1.990
-189.327 19.326 -133.913 2.046
-66.655 17.488 -138.458 1.938
-81.668 71.169 170.543 2.133
-102.282 107.434 38.456 1.942
-139.765 -129.636 -148.826 2.034
-13.191 -162.139 144.040 1.825
-74.175 -34.908 -16.448 1.921
-62.515 157.766 -156.349 2.010
-103.955 -91.834 140.639 2.009
-42.319 -35.024 64.961 1.984
-135.698 24.268 29.738 1.999
-207.697 67.765 -171.302 1.926
-129.913 59.441 -116.591 2.032
-98.941 -178.031 -50.981 2.075
150.023 144.716 179.160 1.872
-127.376 131.233 146.569 1.961
105.612 29.030 -196.264 1.974
-24.037 -113.645 -120.181 2.000
-52.219 85.732 -22.231 2.237
218.776 -12.119 190.481 1.877
6.753 -48.388 -174.947 2.014
-73.776 -35.494 192.613 1.969
-172.677 29.709 -87.111 2.171
201.554 -75.640 -77.844 1.916
48.709 144.702 -192.177 2.140
-59.242 -99.262 -5.660 2.017
59.919 146.611 79.805 2.066
-17.452 -90.605 61.729 1.698
121.502 -34.336 42.314 1.957
156.259 -120.392 117.955 2.028
-129.850 26.945 63.772 2.064
52.555 141.921 -76.100 2.079
183.586 -97.207 29.064 1.968
170.224 123.630 -25.132 2.070
-44.600 -0.714 -86.987 2.123
164.874 -188.377 -180.763 1.899
-158.385 6.325 58.490 2.105
-173.843 93.184 -156.023 2.068
93.826 -148.009 10.223 2.074
133.657 -105.960 112.390 1.940
-24.050 -75.613 -124.337 1.992
-132.056 19.590 -51.139 1.967
-71.850 -76.280 -130.675 2.119
-62.757 166.738 -26.326 1.906
-62.351 -170.922 122.431 2.138
-119.979 28.786 -159.537 1.865
55.381 -31.701 18.468 1.926
-114.085 -156.874 -85.779 1.946
-209.830 28.989 1.138 1.956
-150.730 130.284 143.047 2.183
187.310 -99.594 89.151 1.932
-113.500 -59.786 -21.453 2.132
166.290 -167.084 -53.226 1.929
-181.661 -55.397 -171.643 1.963
-12.875 -43.908 -89.084 1.970
-52.026 135.556 48.017 1.904
-177.114 -32.293 83.946 1.950
-9.082 166.222 -180.710 1.977
-56.484 -7.143 132.674 2.229
0.091 20.955 16.713 2.006
81.104 180.825 -146.048 1.838
-121.082 34.172 -45.002 2.071
68.371 150.151 -25.446 2.002
36.065 21.495 1.620 2.026
-115.655 -103.847 116.946 1.891
-114.084 85.646 -86.848 2.056
-72.720 146.969 197.764 1.894
55.192 -154.590 66.208 1.953
-28.381 69.309 36.203 2.008
43.079 176.950 -74.914 2.051
67.558 162.083 191.596 2.069
70.414 120.682 129.093 2.027
188.385 139.000 54.003 1.890
150.998 -32.877 167.930 1.772
-153.669 0.113 114.948 2.091
215.028 -123.034 -24.230 1.841
134.576 132.989 106.776 1.817
-65.444 -174.760 -102.484 1.982
-10.732 -148.649 110.653 2.078
148.191 14.994 111.346 2.067
84.235 -159.333 169.623 1.933
-28.711 -137.392 34.470 1.965
213.047 27.698 -15.585 2.104
-73.214 -40.521 11.690 1.894
219.779 128.355 -156.175 2.049
-174.112 121.171 176.232 1.965
185.211 9.130 148.708 2.104
-223.131 -82.328 -42.119 1.947
37.862 -42.960 -193.852 1.869
-168.166 -98.958 83.324 1.943
-114.281 128.879 108.198 2.053
-49.788 116.200 -178.347 2.057
20.689 -170.043 -182.889 1.912
151.101 175.447 -67.623 2.029
-159.884 83.103 -115.651 1.929
93.404 -147.465 168.919 2.085
-73.560 -85.733 -25.246 1.936
89.986 -139.330 67.565 2.004
-180.555 29.776 115.413 1.963
1.268 4.816 83.324 1.978
-89.876 150.136 109.378 1.831
-171.368 -41.938 51.917 2.049
26.029 -66.736 -157.455 1.933
103.323 -13.164 -188.920 1.976
-117.159 95.042 66.698 2.048
-65.859 2.842 134.429 1.893
123.751 -55.262 108.615 2.044
154.826 55.887 -29.244 2.042
-183.907 -35.327 28.331 1.971
-101.278 -189.136 58.234 1.998
-107.622 -145.089 -108.956 1.938
131.588 -161.603 -101.414 1.967
195.182 99.013 -22.314 1.958
-132.477 -118.688 30.868 2.009
-81.354 69.485 142.517 1.986
-35.755 -34.562 -61.336 2.021
172.291 -89.594 161.045 1.989
15.831 -1.004 33.111 1.815
41.191 -77.283 -78.925 1.892
-55.135 73.860 14.388 1.957
40.587 12.758 34.335 2.120
117.457 37.713 121.483 2.050
-165.982 -71.293 -134.270 1.980
190.202 50.819 -91.450 1.951
79.616 92.015 -10.215 1.811
177.832 -123.390 146.618 2.051
-30.307 49.938 153.618 2.126
205.875 188.217 85.079 1.951
85.321 24.315 -54.441 1.984
-218.992 173.289 187.653 2.068
-168.949 123.514 136.336 1.989
63.171 -15.335 38.127 1.933
223.808 178.512 -184.625 1.774
-218.848 -8.690 119.345 1.978
32.038 101.700 -37.781 1.945
-199.042 -73.387 159.589 1.944
-180.227 90.180 -136.706 1.984
-185.439 169.013 162.071 1.922
205.052 56.908 -110.925 1.984
-204.396 146.558 -86.147 1.869
195.352 166.351 -151.342 1.995
94.038 -67.459 -136.258 2.101
-146.714 -138.309 23.969 1.993
111.883 117.791 -5.076 2.114
43.952 52.928 23.131 2.020
-163.177 -150.074 -102.001 1.943
-198.828 -185.081 -88.268 2.093
4.073 154.381 152.388 2.023
1.910 -8.711 3.426 1.953
-158.746 -103.906 -97.489 1.867
-85.816 20.239 8.458 2.002
150.910 72.017 -136.036 1.840
222.541 -99.350 148.296 1.897
-186.834 -2.474 -97.098 2.210
139.082 -62.975 -10.951 1.945
86.306 152.258 -83.633 1.833
-167.103 175.827 54.807 2.061
208.803 -72.868 25.492 1.980
-162.502 -15.469 187.904 1.866
-128.101 -111.945 -10.427 2.201
136.982 -135.087 -7.586 2.093
-198.649 -155.201 -167.026 2.079
-162.506 45.975 196.689 2.098
97.074 -64.306 -117.616 2.037
210.844 86.830 142.885 2.123
134.824 61.924 -149.997 2.015
32.052 -28.355 107.940 2.050
221.008 -182.572 -187.733 2.043
-179.623 189.534 -104.978 2.003
140.848 -125.899 -87.044 1.952
-30.194 -40.561 -160.204 2.102
-219.955 18.174 168.172 1.956
44.250 -67.560 107.826 1.915
70.865 157.314 -39.903 1.852
-190.711 100.418 -50.039 1.986
-136.055 -124.531 -47.190 2.060
40.161 -52.718 155.608 2.130
-194.657 -57.587 -164.558 1.908
84.911 -72.016 -45.159 2.212
54.873 -142.735 -97.997 1.992
104.253 36.220 115.489 2.012
106.385 182.485 112.840 2.071
151.544 13.144 191.172 1.845
166.315 -176.548 -134.466 1.847
14.336 -145.660 79.717 2.001
70.353 88.880 -26.620 2.068
-222.125 69.082 -115.499 2.078
-149.566 188.114 140.456 2.130
205.580 -86.244 -47.538 1.946
63.938 -151.640 -3.525 2.158
-92.267 129.983 184.271 1.967
171.822 180.354 -57.629 2.134
129.644 -108.860 121.464 1.800
120.315 -86.175 -50.136 1.983
-34.750 19.612 -30.574 2.063
-83.312 -159.407 -81.432 2.065
165.684 95.149 -51.750 1.931
-26.091 -69.532 96.616 2.052
0.168 153.293 39.233 1.978
191.455 -111.730 163.310 1.755
-29.118 -141.268 9.404 2.015
-132.584 -65.314 83.314 1.887
209.541 -70.142 -96.207 2.032
-136.355 -74.943 -3.773 1.932
-181.436 -60.959 143.448 1.874
-111.538 -32.097 176.288 2.086
-207.999 157.821 11.953 2.074
145.099 -58.111 133.559 2.022
2.387 129.235 171.508 1.972
205.667 -15.917 13.023 1.979
103.045 179.040 144.835 2.001
-173.791 -137.701 66.688 2.093
-23.402 -14.364 73.292 1.869
-149.144 71.623 -76.349 1.932
-214.811 153.460 19.206 1.958
219.111 180.572 -172.507 1.766
51.273 181.900 25.109 2.103
-193.065 100.784 -19.824 1.881
125.193 -124.072 -51.746 1.982
-16.132 -25.582 20.033 2.087
90.059 -164.274 -82.460 2.336
105.530 -173.289 -68.072 1.864
220.957 -170.833 130.089 1.976
112.818 -127.575 32.796 1.818
143.361 -104.589 147.786 1.942
214.363 -47.606 90.509 2.030
-50.470 0.123 199.469 1.946
15.025 -100.525 186.761 2.185
129.270 -156.020 170.143 1.987
206.362 -183.070 165.591 1.947
179.832 -24.289 57.908 1.956
19.642 9.029 149.695 1.944
105.029 -183.491 124.300 2.078
80.198 -92.830 -113.461 2.166
69.730 -155.941 -60.406 1.869
69.783 42.572 27.968 2.011
-0.966 -55.035 97.194 2.016
-68.000 45.541 84.334 2.020
-36.870 -136.380 93.274 1.872
78.113 -131.960 82.263 2.103
64.453 30.347 -125.461 2.048
-71.353 9.787 6.981 1.962
98.122 -117.482 120.345 2.059
222.943 -4.694 104.395 2.081
-146.662 82.847 42.382 1.948
-80.238 186.393 -74.877 2.023
-93.576 -90.752 22.730 2.041
68.622 137.976 120.092 2.085
-165.241 181.687 -94.302 2.253
-207.085 26.954 -66.031 1.917
21.646 -169.701 187.630 2.081
155.575 -140.505 -144.979 1.922
-196.136 -101.338 -108.010 2.037
117.039 -88.364 -165.043 2.013
-25.537 -90.073 -33.735 2.035
-77.607 107.503 130.927 1.999
-120.712 141.645 -22.160 2.063
176.725 -110.427 10.333 2.077
135.060 -7.599 67.862 2.086
224.666 -129.374 -168.604 1.816
46.735 -85.582 -66.427 1.988
-17.019 -109.414 2.893 2.027
57.793 5.844 111.130 1.892
-143.129 69.023 113.652 2.066
-5.930 -2.305 79.708 1.999
-208.703 154.907 -176.152 2.037
104.720 -171.520 135.349 2.045
157.846 -78.579 -146.758 1.925
-171.681 146.952 -24.756 2.030
185.499 -33.171 -155.356 1.984
223.057 -159.469 100.010 2.049
12.672 -7.629 4.371 2.008
-54.443 28.990 -94.994 2.123
-29.763 -132.482 2.881 2.043
-45.707 121.657 4.742 2.010
-194.028 -189.838 111.985 1.962
173.865 -92.165 10.094 1.900
147.233 -9.986 -178.780 2.082
15.964 71.812 -182.051 2.083
190.597 64.428 107.321 1.767
-22.977 -131.795 77.513 1.748
-65.741 28.939 -31.591 1.920
-210.349 127.884 -86.057 1.981
-137.334 -17.887 -135.827 1.980
218.135 -90.806 -188.128 1.978
-134.853 -114.141 156.740 2.014
47.487 117.552 163.948 2.017
-48.710 3.802 -80.744 2.028
-138.847 138.335 -37.495 2.070
55.649 -4.794 161.054 2.258
-4.034 51.676 -178.575 2.058
-55.870 131.549 -32.555 2.012
159.618 -42.856 -93.560 1.924
20.544 -188.841 112.016 1.968
-196.169 26.675 146.441 2.049
205.741 -128.985 155.003 1.978
214.240 162.815 -129.118 2.061
29.293 31.831 140.820 1.810
-157.024 163.832 -19.964 2.154
81.369 166.479 -164.496 1.939
-212.537 -83.946 -45.610 1.896
46.221 58.091 93.001 1.973
106.254 -136.242 -118.114 2.020
-209.328 -173.636 -68.628 1.947
129.571 6.334 -23.956 2.004
191.265 -181.425 102.653 2.045
-91.042 -95.980 -35.176 2.116
47.699 -158.203 -34.769 2.035
117.846 98.173 -60.891 2.103
186.848 -90.016 -32.695 1.966
-122.837 38.447 59.180 1.998
77.989 -97.733 -149.627 1.971
-169.113 181.689 99.541 2.065
-189.694 -36.515 -41.156 2.012
123.053 -71.352 -119.091 2.002
-99.398 177.976 100.268 2.050
-146.190 150.021 174.144 2.006
-49.793 52.051 -115.240 1.832
64.446 53.766 -68.126 2.044
-68.983 -0.217 99.384 2.162
36.394 -89.123 -8.541 2.071
165.300 111.124 -150.225 1.959
147.821 107.683 -172.738 1.865
18.091 15.727 -122.424 2.125
195.435 -188.678 43.252 2.001
-63.505 -111.272 182.087 2.019
199.302 -36.354 -52.852 1.920
-36.029 -112.984 50.573 2.075
-75.541 68.962 78.854 1.857
62.787 -158.982 149.302 1.988
-156.316 69.561 -34.774 1.911
-30.521 23.182 -140.074 1.858
136.466 -184.047 -28.959 2.033
-219.769 -163.765 19.287 2.201
-110.129 73.508 -152.525 1.998
-70.371 130.400 -90.847 2.193
90.937 24.656 -59.893 1.955
-223.851 -0.857 -26.121 2.089
165.606 -4.982 -119.045 2.163
122.754 -83.898 157.054 2.087
-187.409 120.430 -102.835 2.046
-166.688 -109.782 180.007 1.996
-203.827 109.210 -163.359 2.096
213.055 175.851 -49.920 2.074
-126.851 -22.648 -166.049 1.970
62.112 92.257 157.832 2.044
-143.911 29.379 -172.939 2.227
66.616 -98.745 -131.292 2.061
-75.401 63.684 -129.345 1.947
71.836 -98.955 111.948 2.106
-117.679 46.731 59.351 1.853
-149.393 93.893 -45.260 1.912
-189.216 -100.722 120.441 2.005
-66.188 -17.367 123.876 2.059
-129.865 155.157 -164.575 1.999
62.094 -61.871 144.075 1.912
217.306 -81.254 67.863 1.795
97.253 -156.380 97.749 2.177
-117.599 67.683 2.520 1.949
138.192 -136.457 4.631 1.943
-130.162 172.288 -193.875 2.065
220.449 -41.612 -121.697 2.031
177.558 67.711 -71.300 1.995
30.085 9.060 149.537 1.890
-174.553 -7.434 -198.750 2.009
23.490 -165.832 66.661 1.935
36.017 122.497 0.576 1.934
134.018 -137.556 -42.201 2.091
-89.219 166.325 -56.483 2.236
22.517 -171.770 -9.597 2.094
189.219 48.949 -97.978 1.930
-76.084 170.996 13.479 1.972
-74.228 -74.504 159.251 1.895
-20.969 -124.771 -30.721 2.257
189.483 -139.121 73.691 2.026
-165.219 99.841 -193.005 1.762
-87.002 38.910 -118.016 2.023
-166.293 -31.054 -39.897 1.865
-214.904 -152.388 14.234 2.229
-71.578 12.667 146.846 2.050
-53.993 -41.018 -80.189 2.029
-196.397 188.965 19.181 2.028
-32.799 -122.697 -35.645 2.040
141.294 -66.335 -177.446 1.925
-42.222 77.364 73.630 1.818
4.781 37.809 81.710 1.958
-198.282 -48.467 -26.900 1.896
-173.974 4.536 186.204 1.923
163.600 2.044 52.748 1.884
5.586 17.084 -27.539 1.892
96.512 146.665 188.586 2.003
77.664 30.460 -154.918 2.023
-183.794 62.082 58.500 2.058
-39.591 68.712 -155.774 2.012
75.602 -67.091 125.301 1.922
127.043 -17.971 184.130 1.867
-142.302 -173.442 -57.597 1.939
-196.486 -70.177 168.011 2.013
-161.291 -189.733 173.397 1.926
209.535 -169.970 170.585 2.057
-132.032 -124.112 -196.132 2.121
-120.490 85.081 -31.511 1.965
102.445 3.640 163.757 1.969
205.020 -98.102 -49.829 2.108
-126.909 -38.286 23.485 1.962
78.001 111.737 -187.489 2.116
-87.252 162.247 -95.971 2.069
-13.242 -111.383 -126.117 2.056
-172.359 -2.994 -21.762 2.064
141.891 75.163 48.930 1.930
-207.732 24.638 48.719 2.014
224.679 -158.179 -111.376 2.097
176.232 8.540 45.436 2.067
122.012 -61.778 -57.752 2.129
-149.757 138.892 -19.133 1.786
-161.099 101.138 104.850 2.039
-173.729 82.477 -160.249 1.911
-13.995 -106.593 -133.522 1.928
-13.010 31.408 141.241 2.107
59.102 -77.267 57.652 2.064
-46.581 -181.724 159.210 2.078
-176.226 -82.775 94.948 1.925
219.945 21.767 32.785 2.019
21.003 -125.709 35.194 2.117
163.441 -41.154 170.371 2.104
-205.852 -146.212 35.585 2.044
123.174 -160.185 140.734 1.934
-82.334 -30.358 -173.320 1.981
-200.277 92.994 67.304 1.943
-8.235 -95.715 80.458 2.017
78.791 -103.185 48.794 2.011
122.165 -162.065 -54.587 1.958
79.423 -57.954 154.367 1.886
-104.098 95.721 113.594 1.882
220.096 156.150 143.973 2.044
65.637 -61.562 -55.681 1.870
1.663 -8.875 157.552 2.002
108.230 -12.199 -79.274 2.161
173.356 -66.746 106.067 2.025
-202.642 120.928 35.356 2.030
59.040 21.827 198.737 1.953
-28.155 -56.116 -127.985 2.036
153.216 73.837 -86.872 1.732
184.582 116.599 43.102 2.031
1.829 34.708 -152.504 1.871
92.162 -32.658 -83.746 1.844
-41.928 -128.774 -32.421 2.076
-222.237 176.001 -68.641 1.995
-94.751 -93.964 -124.126 1.898
-178.704 132.650 81.743 2.145
207.187 139.423 -65.365 1.879
138.510 -92.377 104.267 2.034
-81.659 79.690 -76.683 2.015
145.401 84.832 193.846 1.956
160.124 65.077 151.153 2.093
-42.472 133.727 180.730 2.125
46.798 152.048 194.277 2.157
48.977 -182.764 -130.480 1.932
-60.266 20.974 -72.262 1.841
157.932 104.933 -179.256 2.035
-119.150 183.055 -196.705 2.191
-218.755 89.046 152.555 2.031
-39.144 151.153 -70.318 2.182
-172.840 79.918 95.783 2.020
12.783 -116.406 188.946 2.064
101.127 -24.054 199.045 2.080
-64.626 -105.261 -107.671 1.812
197.924 67.319 137.615 1.929
196.181 32.766 183.077 1.798
-181.401 -137.293 -193.687 2.043
-127.650 -79.633 193.021 1.899
94.019 -111.501 14.330 1.891
176.300 -59.102 136.249 2.178
-17.459 156.746 -143.617 1.984
153.326 146.977 -173.579 1.883
-208.387 -185.798 -20.645 1.925
-45.389 -123.854 197.637 1.946
127.466 107.061 111.539 1.733
-29.257 125.822 2.624 1.812
-217.232 -155.808 195.414 1.967
98.218 -130.167 -33.817 1.784
-101.966 -83.938 -56.390 1.912
-188.796 48.858 104.489 1.991
187.478 76.300 -100.718 2.141
-123.623 48.963 126.044 1.915
143.429 -55.584 75.643 2.031
-113.784 58.206 97.978 1.915
120.741 -167.642 -80.755 2.053
-174.216 -49.644 43.707 1.978
-43.969 -184.049 -114.207 1.861
172.611 79.084 181.874 2.082
-173.608 55.605 -10.190 1.818
188.105 -106.772 18.982 2.057
138.425 112.654 9.727 1.990
122.682 -185.778 -195.962 2.136
0.671 143.515 118.050 1.788
1.367 -32.968 -131.719 1.890
-44.056 -7.077 82.493 1.963
-72.509 -29.003 181.889 2.046
121.712 17.530 134.356 2.040
-210.801 -145.368 -48.003 1.915
168.905 -122.715 -152.307 1.884
-66.740 -49.460 140.479 1.954
-187.408 184.121 83.587 1.964
96.750 -25.945 150.993 2.190
125.198 47.890 118.582 1.885
48.190 125.518 152.938 2.107
5.051 47.716 41.384 1.930
-172.492 -109.525 -124.293 2.017
215.261 100.277 -50.967 1.938
-224.561 -43.232 -165.537 2.044
-14.927 179.927 -101.033 2.151
31.766 -149.153 -89.582 1.924
-222.476 74.054 -169.155 2.055
83.750 119.942 -58.792 1.870
222.894 109.645 4.388 1.895
145.518 154.776 72.404 2.226
8.721 -45.582 26.725 1.941
34.064 -145.324 192.905 2.067
55.298 127.622 43.001 1.881
35.498 152.918 162.495 2.099
-47.694 -80.388 83.310 1.917
-42.054 88.732 -17.877 2.012
-158.920 -46.351 -58.867 2.062
5.262 180.700 107.951 2.011
118.841 130.851 -171.743 2.056
-37.197 -116.613 -176.306 2.087
-57.214 -135.707 -32.314 2.126
69.354 98.603 -38.812 2.119
-144.835 167.862 -20.273 2.043
-88.959 -181.006 26.177 2.014
162.043 -155.712 128.902 1.785
133.610 33.054 181.378 1.940
-166.458 -132.467 188.595 1.984
123.260 126.872 5.074 1.972
204.354 91.818 186.423 2.033
168.958 15.157 131.521 2.001
136.452 -59.441 -12.986 2.011
-135.192 143.404 20.012 1.796
103.256 -139.347 -138.134 1.841
-201.919 -153.412 -140.886 1.946
75.191 -145.951 161.677 1.980
-142.465 91.393 164.179 1.956
-199.474 -78.114 12.783 1.935
102.486 176.388 38.633 1.985
149.939 73.091 -158.557 1.950
-189.955 167.769 97.893 1.979
-14.947 166.106 93.934 1.995
-72.359 -167.926 74.056 2.014
-73.298 54.373 146.465 1.958
-44.689 62.184 80.352 2.008
-173.451 2.218 198.138 2.062
17.404 19.287 -36.169 1.847
184.457 17.023 26.692 2.135
180.975 183.118 137.799 1.953
-174.763 -24.483 15.932 2.083
-8.473 -144.293 -110.911 2.058
8.900 27.087 184.985 2.058
190.271 -84.168 -134.792 2.044
-30.392 -150.215 88.666 2.046
87.654 160.396 34.392 2.088
-71.638 81.823 -179.528 1.984
-147.115 38.701 -123.163 2.010
-165.255 -105.511 -9.621 1.974
195.804 100.964 -158.239 1.949
-140.108 108.350 55.583 1.971
95.186 149.125 96.101 1.945
22.231 -120.754 60.478 2.038
-117.042 -188.630 -47.659 2.022
90.299 -129.503 108.290 2.044
30.389 -22.906 152.252 2.069
91.117 -8.592 -57.453 2.078
94.236 11.163 78.560 2.067
29.300 108.804 -97.151 2.035
-140.564 -88.131 133.404 1.947
-148.208 166.108 171.616 1.944
-23.890 126.690 -26.606 1.893
-156.251 119.443 -135.027 1.658
-202.062 -10.818 -156.006 1.783
175.577 -76.777 34.334 2.006
-97.187 -109.220 198.296 2.018
179.494 83.975 -23.095 1.997
42.024 170.261 -77.342 1.859
-172.237 37.823 183.057 2.004
-27.985 -81.335 -183.978 1.884
-54.341 -53.400 89.265 2.009
-95.677 -181.906 102.575 2.040
-157.081 69.861 -142.517 1.962
177.934 11.455 46.677 2.065
-138.758 89.437 154.678 1.898
58.174 30.491 142.652 2.103
-221.708 -131.427 183.465 1.996
-129.246 86.875 -14.806 1.967
82.096 -165.535 -114.161 1.999
142.877 183.439 195.511 1.929
100.211 -114.953 61.289 2.093
-113.441 129.436 -47.851 2.121
-161.475 138.460 158.273 2.037
45.200 -112.760 86.111 2.094
210.432 148.803 -120.471 1.867
-171.466 131.223 106.164 1.882
72.810 67.944 -53.973 1.925
197.165 179.919 186.771 2.047
-85.891 76.590 151.237 1.845
7.145 52.392 -159.443 1.879
72.777 -8.426 -125.573 2.050
-193.132 64.936 -99.865 2.071
-60.623 107.054 -125.888 1.902
12.920 -24.265 169.477 2.177
32.303 -69.400 9.131 2.105
-162.099 156.816 -39.450 2.096
-218.673 -95.132 -91.893 2.082
223.537 90.741 -50.918 1.959
24.877 118.181 72.813 1.961
146.105 -117.572 38.208 2.063
50.172 153.449 -125.643 2.024
-187.728 95.153 -105.009 1.908
-141.182 21.946 -30.036 2.144
129.196 -139.095 185.338 2.038
-212.266 -80.844 -151.258 2.106
117.266 -33.875 -54.294 1.889
63.898 166.816 36.423 2.006
-37.931 -10.467 7.779 2.099
-109.969 105.721 -115.185 2.056
-123.024 -52.136 63.246 2.102
-23.385 -7.789 -178.814 1.933
-100.726 -1.183 -153.446 1.910
146.302 174.642 139.176 1.930
21.176 168.906 -57.105 2.184
183.047 85.518 -97.593 2.081
-13.901 -71.305 -196.548 2.128
-169.233 -121.681 -30.182 2.028
-162.001 110.950 -63.664 1.902
44.825 168.217 171.097 1.810
59.176 186.796 -187.045 2.090
-38.448 -87.844 -84.036 2.074
-138.963 44.133 188.237 2.168
207.276 98.164 123.806 2.048
111.441 -44.676 -157.060 1.950
199.026 -162.713 -185.236 2.108
32.440 -185.367 -192.913 2.053
170.356 -103.474 -38.302 1.754
102.320 58.763 198.983 2.029
-96.157 -112.261 -111.376 1.959
-128.147 89.512 117.175 1.891
207.931 -108.471 -162.587 2.053
91.010 -90.905 33.243 2.048
34.166 -96.363 9.861 2.168
133.527 47.381 -176.762 1.950
7.628 21.138 -52.007 1.975
-197.222 88.031 -71.135 1.872
51.764 120.377 -141.676 2.134
215.569 -107.476 129.725 1.925
-111.994 9.755 84.746 2.046
-213.739 -0.840 60.343 1.926
-51.908 43.776 -151.629 2.125
171.098 57.627 -76.234 2.007
167.502 69.662 192.288 1.989
-32.265 13.785 180.949 2.040
-61.370 164.309 -190.635 2.066
204.416 -140.979 -109.428 2.115
-130.149 150.510 -19.020 1.747
78.083 82.011 164.634 1.991
-183.029 -32.984 -111.342 1.917
-99.614 32.924 -149.670 2.081
-92.680 111.471 -130.046 1.901
197.154 183.687 121.909 2.081
94.862 126.069 -135.357 1.949
-41.904 -1.363 92.553 1.913
-183.432 -160.057 189.535 2.000
127.848 53.200 104.122 2.014
22.389 108.466 -99.288 1.894
-191.459 -45.458 -109.723 2.017
-207.252 42.891 44.882 1.843
-9.946 -185.966 46.601 2.045
138.397 114.196 -123.566 2.150
-168.227 47.882 -24.274 1.937
94.937 -50.555 148.351 1.955
101.248 151.300 -128.076 2.081
92.126 76.795 131.725 1.941
-168.215 -53.085 181.615 2.053
-140.853 61.469 -180.398 2.037
-59.462 -175.912 25.037 1.750
29.341 9.959 -63.520 2.027
113.073 146.121 -99.229 1.969
66.035 -136.885 -32.343 1.860
-46.727 -49.471 81.560 1.996
112.857 -118.468 -140.854 1.872
-198.765 -51.500 68.746 2.064
197.397 119.494 -71.663 1.947
128.417 50.397 39.188 2.069
20.739 1.337 56.770 2.044
133.177 28.982 45.722 2.025
-27.354 80.507 34.083 1.959
125.970 142.408 -62.146 1.923
-189.220 33.735 -175.932 1.961
10.741 26.098 54.806 2.034
159.589 96.525 196.158 2.018
224.749 -121.835 95.236 2.062
-196.958 56.921 135.349 2.077
-120.538 35.300 78.973 2.006
-63.100 -19.037 -43.728 1.887
10.367 -88.903 -174.741 2.153
-54.564 -185.073 -152.119 2.015
-216.205 148.311 -65.020 1.881
-122.603 107.172 21.178 1.946
-78.781 85.956 2.035 2.107
25.598 94.509 31.339 1.963
165.781 97.950 61.526 1.819
25.671 141.940 -165.675 2.047
81.149 112.906 40.923 2.138
-88.322 39.297 25.643 2.127
180.842 188.295 -159.952 1.919
12.160 -95.464 -104.922 1.931
-87.909 -151.426 185.448 1.969
70.607 31.867 31.098 2.005
146.081 -5.139 -72.992 1.932
116.960 -99.964 34.953 2.053
215.395 62.958 189.881 1.903
121.268 -118.835 183.838 1.827
-22.027 62.828 -44.519 1.890
169.471 40.298 119.005 2.078
-201.074 -160.265 18.307 2.034
-93.869 89.429 107.053 1.866
-56.545 143.407 -21.682 1.880
-194.885 -155.094 176.590 2.041
-102.811 35.312 -117.003 1.988
64.763 -169.817 -160.119 2.051
-37.071 41.373 178.296 2.053
-162.902 -146.756 87.107 2.039
-109.813 -181.021 35.780 1.994
40.898 -21.309 -168.302 2.011
171.984 72.604 60.990 1.966
113.372 61.360 -10.262 2.072
75.206 -3.538 123.101 2.006
-200.322 116.054 143.935 1.869
-183.477 82.363 -189.454 2.015
-76.753 71.352 -157.878 2.047
-128.834 -164.027 2.967 2.254
-156.789 63.716 -66.264 1.880
-80.628 -13.389 12.933 2.033
59.910 77.399 85.000 1.908
177.801 -182.595 -8.211 1.980
-149.212 -17.337 -166.558 2.018
-192.268 40.734 97.080 2.083
-216.471 -126.771 129.436 1.879
21.578 -52.696 83.154 1.926
94.781 159.788 -39.038 1.940
210.371 23.894 43.033 1.894
131.482 121.040 179.439 1.888
-144.643 96.038 36.516 1.867
101.672 -32.006 -168.825 1.970
193.828 -150.376 5.953 2.009
-123.572 -70.590 49.680 1.988
70.618 -105.422 95.459 1.887
144.453 186.507 30.280 1.859
177.355 -118.485 97.818 1.978
198.812 110.567 -198.519 1.951
146.285 -16.235 116.316 2.012
-41.664 41.639 -91.162 2.004
89.473 -148.801 77.337 2.007
160.611 56.653 188.641 1.971
71.161 -131.212 24.750 1.980
61.767 71.970 -141.326 2.043
192.395 51.310 -183.054 1.966
-143.329 69.143 -24.855 2.105
-53.833 7.792 111.230 2.067
-73.444 186.211 -122.889 2.136
43.450 -62.194 0.070 1.953
136.399 -132.585 -156.299 1.859
-73.904 17.574 19.313 2.090
-108.163 5.085 30.337 2.069
-6.321 -24.721 82.746 2.058
-190.638 37.202 -138.767 1.986
187.944 -0.810 -16.280 2.291
-174.699 -136.271 33.590 2.037
175.582 56.572 -163.442 2.039
218.690 -88.361 107.547 2.154
31.151 38.324 -23.334 2.261
-22.967 68.534 186.873 1.942
102.312 -147.894 -148.065 1.862
90.126 58.996 118.813 1.954
111.065 -147.038 -15.901 1.941
-3.514 -43.213 120.633 2.060
4.341 -153.795 -52.588 2.102
-24.396 163.645 -54.258 2.156
-105.530 135.865 -35.484 2.054
-121.322 54.011 -163.423 1.906
-106.573 3.379 159.745 2.150
-30.220 -91.535 136.355 2.074
98.810 -59.617 168.091 1.753
-101.098 -126.533 -149.086 1.969
-76.212 -187.987 -53.319 2.059
74.980 -51.990 -156.008 1.970
-14.392 172.342 -76.770 2.008
-118.871 -114.662 -131.225 2.111
120.634 46.534 65.258 2.068
6.415 146.138 -145.120 1.923
21.698 -165.961 -100.498 2.014
-87.863 126.988 -69.418 2.202
32.830 -141.083 96.923 1.832
156.331 61.782 -195.944 2.011
-67.007 -64.834 107.243 2.018
2.127 -129.468 -20.661 1.942
-67.711 56.676 -80.167 1.948
-207.991 -136.164 177.819 1.964
-93.639 -100.553 -26.792 1.905
-151.018 -186.443 -93.075 1.985
172.767 -118.244 -90.943 1.887
78.993 48.645 -197.374 1.979
-165.822 -182.636 -198.956 2.045
-206.384 98.365 -167.149 1.975
76.401 143.006 89.835 1.845
-141.162 -97.924 1.907 1.823
40.353 -1.852 103.005 1.941
-165.765 -28.276 -155.360 1.890
136.874 153.415 40.825 1.963
-206.822 -20.374 161.929 2.260
22.452 176.986 80.897 2.017
158.466 -60.544 198.396 1.983
-169.964 -132.351 119.182 1.830
-110.866 -150.220 -140.662 1.922
191.779 -70.143 -145.606 2.008
90.270 162.103 159.188 1.967
44.252 -37.520 -37.490 2.037
-107.890 -77.586 -168.787 1.978
-49.646 72.307 92.660 1.908
0.328 -31.862 -54.052 1.969
-165.016 60.487 110.326 1.897
-160.530 -185.967 -70.043 1.940
30.924 127.279 -2.356 1.994
95.097 -38.708 44.623 1.889
42.820 172.662 -107.941 2.174
-107.504 125.924 46.972 2.059
-61.697 -182.209 -111.186 1.991
-80.333 58.537 120.738 1.933
82.235 127.166 -121.332 2.074
-127.355 -112.934 176.068 2.115
-25.916 -151.054 -4.232 1.956
138.002 69.879 -15.828 1.930
39.224 -138.573 128.241 1.990
21.361 36.806 -36.385 2.130
-71.181 -23.399 148.189 2.112
-115.382 -75.452 42.018 1.906
111.380 -65.891 106.792 1.941
-81.608 53.702 77.464 2.059
72.742 -115.359 -78.917 2.127
126.817 39.488 97.935 1.932
-205.974 177.030 -52.453 1.949
62.054 109.217 182.680 1.979
174.614 -184.017 96.535 1.956
152.436 -57.255 -57.588 1.967
30.415 -58.384 -188.822 1.893
181.987 54.539 -46.033 1.898
-86.738 137.051 24.537 1.964
-11.963 -101.314 124.562 1.981
141.960 137.051 36.127 2.106
1.054 152.745 145.705 2.111
-191.446 -155.897 -189.316 2.106
-153.836 -8.431 139.143 2.010
-113.711 23.058 184.204 2.097
-206.891 79.169 161.423 1.940
141.126 -39.992 119.551 1.951
96.995 -107.904 158.922 1.857
-145.318 64.349 121.198 2.057
94.304 -131.043 -22.617 2.103
-197.543 58.778 -153.167 2.103
-108.940 -144.929 181.530 2.124
-4.004 -92.539 -147.501 2.060
-63.997 26.507 57.428 2.163
-49.134 -163.659 53.775 1.969
-28.795 -69.521 -178.935 2.072
-144.605 171.153 181.819 1.892
-74.028 -52.767 182.569 2.001
83.194 110.637 151.939 1.756
139.694 130.740 101.672 2.038
-14.332 -57.401 93.702 1.753
-3.841 182.670 -146.630 2.030
215.265 65.770 96.962 1.983
-180.637 172.506 89.742 2.249
-15.051 8.745 -124.280 2.054
21.046 -144.382 139.055 1.948
-102.132 -131.948 133.616 1.991
-46.417 -144.846 112.642 2.144
-29.302 156.887 4.755 2.039
20.632 32.229 -133.988 1.934
20.951 -188.373 135.861 2.019
203.211 98.309 -34.881 1.683
81.084 -21.034 61.252 1.861
-189.542 170.116 115.743 1.813
-173.885 -58.620 126.312 2.104
-92.888 1.021 64.006 1.983
-64.251 -119.850 -166.018 1.979
-98.698 160.823 6.587 1.959
87.843 -2.167 74.137 1.896
23.262 -2.058 30.515 2.139
-5.664 -77.187 29.227 1.972
-222.468 126.283 -123.623 2.091
-10.140 -16.476 -143.838 2.077
76.655 165.827 -18.422 2.091
-37.204 108.478 67.905 2.033
-6.219 -101.004 -83.435 2.022
94.834 -181.935 111.549 1.932
86.311 23.385 194.456 2.100
114.290 11.144 49.457 1.876
42.975 -142.068 -160.118 2.123
5.664 -144.632 -134.919 1.813
224.374 -36.868 110.141 2.116
199.898 -138.741 -160.396 2.000
-170.840 103.912 125.162 2.001
-208.827 -188.351 155.568 1.992
-24.292 -108.797 -59.436 2.036
-92.676 -8.479 105.370 1.971
172.475 -83.636 -167.428 1.852
17.505 64.067 130.282 2.049
138.219 -183.059 189.588 1.956
23.004 -45.571 60.635 1.954
185.289 -33.125 -140.192 1.974
22.972 -105.172 55.108 2.004
157.900 -64.835 165.923 1.814
118.347 157.589 -188.951 2.041
167.891 52.667 -74.119 1.801
149.685 -14.568 21.558 1.930
152.195 -29.666 13.633 1.872
-184.433 -36.637 -182.088 1.998
-180.745 182.541 -175.388 2.007
-9.531 51.023 -8.705 2.191
195.394 -145.726 -145.361 2.042
179.899 -174.256 31.467 2.159
-212.887 16.862 -30.809 2.078
55.887 -157.807 -101.250 2.048
-205.930 -3.617 122.033 1.871
197.408 165.675 -27.016 2.021
223.309 -179.290 -60.675 2.007
-50.058 -57.972 -70.912 1.943
-175.052 78.937 163.348 1.756
-163.473 -178.064 117.705 2.016
214.456 140.389 -188.102 2.030
77.007 50.091 -2.972 2.055
175.711 -130.889 -89.600 1.938
49.324 -17.766 -139.665 1.838
71.195 143.151 190.555 2.033
174.628 79.638 145.317 2.035
-224.603 -22.461 -54.291 1.828
-149.717 9.405 118.818 2.106
-62.983 -175.701 -134.701 1.942
192.048 -128.304 71.490 2.131
-205.890 -39.130 -75.259 1.922
170.111 165.495 -6.903 1.924
-34.436 106.430 153.372 2.006
191.446 -176.381 -105.018 2.087
-58.057 -61.766 -24.347 1.934
-67.838 27.316 -128.549 1.790
184.431 12.146 -116.115 2.034
-124.628 -115.887 -122.842 2.001
-162.602 -136.176 5.921 1.957
-106.197 152.701 161.494 2.003
-88.798 103.875 37.311 2.050
-27.903 -30.846 -112.386 1.935
34.278 50.133 140.600 1.931
218.253 -43.689 192.357 2.152
163.586 -154.187 186.816 2.053
184.009 -176.959 184.484 2.149
126.538 -127.820 19.066 1.950
-32.992 -64.732 106.191 1.942
-202.148 152.087 -126.219 1.787
-149.557 140.458 -145.869 2.238
-139.587 189.214 146.512 2.246
-13.438 19.509 -81.006 1.879
-14.010 -118.400 -114.402 2.088
97.771 75.197 -104.878 2.133
184.002 24.459 -7.639 2.043
56.187 -22.282 182.131 2.088
3.742 -170.227 94.726 1.978
0.839 39.489 18.009 1.849
218.366 123.760 -107.810 1.992
167.266 133.606 56.429 1.967
93.719 -45.943 134.119 2.010
221.961 64.506 -59.672 1.934
-56.257 91.051 35.682 2.127
-115.037 152.654 14.043 2.201
-213.258 -31.124 177.800 2.014
-60.302 -22.015 -67.702 2.107
210.493 176.624 -186.925 1.909
-8.212 98.450 -135.953 1.918
-92.810 88.080 148.536 1.948
222.433 -142.367 -62.802 2.035
-146.376 161.167 -11.281 2.098
31.666 72.216 -52.131 2.034
-13.511 76.184 -189.804 1.843
-62.009 64.494 -108.392 1.944
152.100 -67.462 72.061 2.144
-80.401 17.436 -112.163 1.958
-61.330 -93.474 56.274 2.015
102.930 -39.036 -106.599 2.172
