-153.045 -183.547 78.624 1.925
-60.349 121.831 120.685 2.084
-199.642 176.238 -177.422 2.147
-131.290 -86.903 -79.149 1.922
-3.071 -158.031 -4.463 1.829
57.451 -36.639 124.538 2.073
103.827 172.393 156.370 2.084
57.768 -153.499 -37.510 2.018
39.811 -71.203 97.791 1.982
-191.861 -0.741 36.760 2.032
201.236 163.426 -42.995 1.887
-128.382 2.089 166.661 1.674
62.372 -133.391 30.037 1.832
-114.614 118.929 -67.033 1.964
88.302 177.931 138.041 2.068
-66.393 24.910 198.489 2.015
7.945 -100.228 120.746 1.940
-0.111 95.388 -164.433 2.015
144.837 -160.899 -43.389 1.969
55.113 180.349 50.017 1.936
-180.113 70.265 136.459 1.869
-106.895 -8.895 -71.313 1.985
-219.629 -53.497 -125.940 2.137
-114.195 -32.351 -169.316 1.863
-95.894 89.005 -168.491 1.873
178.974 -156.771 -0.005 2.152
80.525 -153.401 172.965 1.940
115.044 107.041 -168.773 2.148
-203.601 -45.998 52.397 2.045
-215.214 26.636 178.173 2.201
-198.546 -117.628 43.747 1.995
-190.666 166.794 -115.102 1.927
-222.584 -26.664 144.098 1.895
-214.883 -26.911 -93.206 1.987
-22.027 89.897 -199.586 2.048
-174.047 -14.958 -140.680 2.064
76.277 -41.296 182.398 2.044
-140.718 91.215 -143.692 1.927
148.617 -147.247 104.394 1.814
18.147 -4.109 158.757 1.782
-116.735 -112.607 -31.577 2.197
212.211 -103.291 -170.596 2.058
124.669 151.798 68.499 2.008
-73.569 185.840 -61.658 2.142
-1.204 -24.483 88.165 2.211
51.733 24.802 37.721 1.895
42.240 94.806 -159.878 2.072
-90.748 -69.663 117.022 2.102
57.929 16.123 -7.812 2.101
-110.278 -88.190 -139.445 2.034
-86.163 -149.044 80.763 2.015
-102.353 175.939 -126.577 1.985
-117.044 99.304 -15.495 2.101
-188.550 -59.004 199.350 1.902
-10.010 36.339 50.654 1.956
25.023 -149.647 -97.403 1.850
51.890 17.894 -32.267 2.112
23.494 -45.933 140.101 2.062
-109.011 31.663 59.512 2.044
-173.260 112.073 -175.451 1.968
-144.484 -131.659 -149.595 1.841
-12.309 -144.399 -98.480 2.091
216.654 -128.103 -114.164 1.975
-17.699 -146.129 33.258 1.870
-50.057 6.566 -109.088 1.772
116.563 -133.692 24.946 1.977
-200.677 175.401 79.215 1.923
-64.269 -101.687 -165.613 1.928
176.843 4.869 -2.768 1.970
-2.384 -186.520 -117.587 1.980
97.881 -100.510 118.934 2.106
-111.321 1.891 -98.624 1.877
-73.863 170.574 -70.132 2.054
-18.345 9.555 70.340 1.985
17.902 -138.419 -20.224 1.963
85.855 55.113 -181.868 2.025
134.789 -106.302 113.247 1.878
-79.181 -22.365 -11.817 2.093
-214.540 65.412 -25.119 2.045
171.113 -113.234 -132.284 1.960
193.142 -89.595 -164.830 2.288
30.338 -135.114 18.386 2.073
91.009 -177.855 3.202 2.035
-69.282 -160.198 -76.997 2.037
132.114 92.219 -17.360 2.032
-166.223 125.742 15.518 2.068
215.577 -106.539 -69.308 2.147
2.119 -183.131 108.369 1.877
-114.785 110.236 -197.464 1.907
-176.592 -118.537 78.981 1.971
-132.367 -79.774 12.162 1.958
-12.931 0.855 33.701 1.815
-141.959 104.754 5.719 2.028
4.424 -152.317 -39.459 1.906
37.534 -17.157 -130.219 1.936
-5.023 64.027 3.775 2.195
-184.917 80.589 19.315 2.028
196.278 43.964 99.871 1.990
74.219 22.520 38.154 1.892
19.660 -16.081 15.607 1.942
3.961 -44.287 44.580 1.835
-12.851 17.355 39.861 2.036
154.830 -35.155 20.544 2.027
-120.587 -29.212 -8.434 2.092
144.495 -73.578 -180.996 1.949
-219.018 51.748 22.130 1.995
148.848 -144.838 182.176 1.908
-170.325 -153.455 154.164 1.988
176.110 157.657 -94.555 2.108
-33.284 -174.690 -31.301 2.147
-180.582 -6.705 -27.734 2.073
218.460 153.168 54.499 1.916
-78.930 -98.893 -192.280 2.004
-175.783 12.004 -137.689 1.980
82.666 -163.338 -6.118 1.983
53.406 -83.299 -5.309 2.056
-195.756 -154.327 87.793 1.980
64.257 -127.819 -198.220 2.103
222.245 23.501 -29.693 1.891
129.932 184.144 4.859 2.022
14.493 -135.223 -60.604 2.021
101.917 -156.055 -26.704 1.925
0.033 58.819 -4.867 2.023
70.731 -43.537 116.393 2.085
119.884 180.764 -171.158 1.885
140.260 1.418 -176.190 2.080
-199.178 68.240 -107.770 1.945
-94.308 103.565 139.022 1.975
125.237 -94.865 -77.006 2.000
115.254 -18.637 -69.679 1.983
-151.999 173.305 195.011 2.091
188.560 133.484 55.164 1.877
11.102 -87.569 163.535 1.991
-143.316 -165.436 82.885 1.940
-123.819 137.340 -0.525 1.867
-14.338 -107.307 88.526 2.084
-13.480 116.398 -117.498 1.916
-81.989 -98.379 124.776 2.007
22.306 187.727 -167.455 2.031
32.430 115.193 -136.671 2.059
-159.104 22.163 -154.021 2.000
-40.878 188.487 117.986 1.968
180.191 -107.980 -32.632 1.793
-30.934 56.458 -82.419 2.006
-205.081 157.779 70.844 1.789
-178.255 86.111 117.492 2.056
147.757 124.798 84.779 1.897
202.585 104.338 -115.149 1.977
72.333 92.120 39.924 1.858
81.383 168.132 128.571 2.073
-218.296 173.806 181.955 2.177
136.894 50.209 71.658 2.113
-18.045 169.575 79.913 2.160
18.508 -161.369 165.254 1.863
-74.758 -139.423 30.831 1.918
-64.965 102.116 169.359 1.792
45.118 -78.561 -78.812 2.053
6.459 2.832 -173.551 1.966
100.407 188.748 190.704 1.998
201.001 -108.475 -168.327 1.856
-112.783 -59.815 -9.128 2.129
-95.464 22.275 -10.545 2.028
154.221 55.857 -150.639 1.905
122.358 -5.533 -187.377 1.923
17.261 -100.655 64.555 1.950
1.746 38.723 75.533 1.999
-8.870 -94.764 112.815 2.077
47.329 -95.634 -179.013 1.871
-224.154 76.174 174.333 1.832
-120.468 -63.061 -179.036 2.049
-6.974 155.870 -158.458 2.044
124.881 -178.733 -146.456 1.966
52.877 -75.348 56.118 2.036
58.651 -149.212 -49.569 1.990
222.256 101.181 110.623 1.917
132.292 49.333 -116.300 1.965
-223.667 108.276 -106.024 1.914
160.074 86.206 71.078 2.004
-152.821 109.209 -121.601 2.010
-86.104 -147.765 188.643 1.946
166.159 -133.680 176.121 2.177
152.609 0.963 -144.452 1.830
105.239 129.906 68.400 1.979
-9.180 -166.839 195.419 2.058
62.135 -141.184 -96.003 2.008
-11.586 49.302 187.288 2.131
175.808 -109.908 89.059 2.129
167.667 110.876 95.286 2.058
-134.218 -51.259 188.534 2.021
-211.315 -183.964 197.867 1.886
-17.385 -137.106 161.726 1.958
-158.862 9.737 -49.056 2.010
-55.786 133.451 106.727 1.934
-2.843 -132.696 147.441 1.996
89.320 156.734 -105.558 2.136
-135.116 118.916 69.842 2.018
-91.813 106.459 -147.377 1.940
210.138 122.706 162.782 1.962
87.316 169.464 -137.186 1.970
77.482 -2.116 -42.968 1.892
84.868 -38.647 164.210 1.924
-14.498 28.225 -76.720 1.950
31.809 -181.988 -58.633 1.923
69.543 142.861 52.808 2.152
-137.156 11.359 -170.362 1.967
-133.851 -141.767 -97.331 1.873
-216.180 -90.484 -199.754 1.913
-214.217 47.463 -75.865 1.984
123.552 -78.410 -90.635 2.016
24.730 -182.699 -137.139 2.020
-184.972 11.195 -28.033 2.156
193.535 -77.253 -178.300 2.083
-197.752 -49.837 -27.870 2.019
-74.409 -57.152 -175.398 1.994
222.557 46.356 -192.504 1.965
-4.720 -130.441 153.435 2.049
105.016 153.330 166.970 1.751
0.864 -7.729 -80.222 2.042
56.221 -83.322 -6.387 2.033
206.767 111.032 24.435 2.021
101.794 -25.759 170.387 1.982
32.558 105.595 100.079 2.173
46.255 -60.337 -29.127 1.975
-162.393 -184.320 -145.980 2.214
194.447 79.570 -42.439 1.970
59.916 86.341 -112.679 2.087
86.004 -108.864 36.827 1.960
66.139 130.342 -2.818 1.967
-189.875 104.401 18.279 1.898
-38.687 -114.359 2.141 1.898
-34.295 -43.071 -93.064 2.077
96.687 -157.800 68.196 2.031
135.460 48.989 137.495 1.973
-208.583 93.847 101.183 2.031
-142.161 95.234 -98.272 1.859
-108.033 -11.070 -131.383 2.003
66.602 -3.730 -170.539 1.796
-169.788 -167.613 -92.986 2.089
40.672 1.704 192.273 2.042
31.335 53.791 169.572 1.980
-28.355 17.249 126.921 2.050
-122.137 185.629 -22.087 1.891
-100.209 68.680 -199.801 1.962
-176.616 -6.455 -35.115 1.928
-198.596 52.563 -52.547 1.982
-173.498 76.892 -131.845 1.981
123.464 -58.142 -151.334 1.971
-111.561 -129.766 -102.502 1.979
64.091 -150.237 -11.861 1.992
43.689 114.149 14.592 1.938
92.505 147.982 -166.454 1.895
-15.474 92.863 65.445 1.965
70.332 -123.126 -126.805 2.104
-135.727 81.164 58.144 2.121
21.303 -12.658 148.646 1.962
15.055 -173.958 73.850 1.996
118.238 80.946 -137.129 2.088
49.366 -29.372 -120.239 2.065
-49.487 -15.327 52.112 1.959
-50.409 9.379 -94.051 1.865
210.602 77.953 50.720 1.893
-127.503 10.258 117.044 1.869
-160.471 -34.762 -103.558 1.893
-115.181 83.137 67.195 1.832
-61.176 -22.573 -176.717 1.881
224.862 97.707 -10.766 2.086
177.689 61.108 -23.088 1.946
75.998 -51.885 -60.456 1.949
170.287 33.939 -114.436 2.142
7.450 88.319 52.483 1.969
166.799 -39.609 -58.802 1.964
23.431 -0.096 56.659 1.905
110.136 -12.192 -103.120 1.986
213.757 -55.783 33.822 2.080
-184.472 82.505 42.443 1.954
-170.880 -66.977 115.777 1.928
-48.079 149.637 -6.660 1.892
-60.454 82.058 -180.513 2.038
-218.452 -108.499 -135.577 2.095
178.998 54.220 -0.295 1.845
-129.039 171.978 -114.503 2.245
-58.278 -42.285 183.111 1.954
166.824 -60.253 -159.678 1.912
194.146 49.334 -106.167 1.925
-134.658 157.071 -101.719 1.871
118.435 -104.376 26.477 1.817
-86.860 -10.934 -108.350 2.190
-131.478 54.354 88.577 2.073
-20.070 10.663 -58.864 1.959
136.749 42.735 -53.092 1.990
137.710 187.560 -0.636 2.046
-171.674 -116.225 -27.193 1.925
75.864 180.354 -164.287 1.817
14.198 -60.268 -67.301 1.847
23.438 -80.057 73.429 1.998
187.939 -31.964 108.464 2.035
-128.451 -166.068 -72.962 1.901
-151.448 -150.214 62.963 1.881
102.368 -149.656 -2.421 2.074
-196.705 50.216 -186.801 2.110
-158.287 149.016 27.420 1.836
44.782 163.284 111.551 1.967
-83.585 73.851 -157.381 1.913
185.240 10.961 -116.267 1.928
145.145 -115.146 15.987 1.925
-183.762 67.057 59.144 1.857
94.251 -76.631 42.818 2.093
-149.760 -159.252 180.576 2.004
-164.167 -116.142 -160.492 1.978
-99.996 128.721 -59.279 2.042
-121.160 -150.907 -189.624 2.064
-24.295 -66.469 193.327 2.084
161.961 -44.078 -86.215 2.000
-61.023 -170.426 106.279 1.911
-50.673 -136.864 -172.557 2.079
180.485 141.233 -30.437 1.915
33.345 -36.686 59.341 2.068
106.285 -20.739 182.809 1.919
-216.932 -63.718 -193.108 2.115
98.435 -81.371 148.521 1.972
-194.141 -122.333 -185.959 2.065
82.304 61.137 48.811 1.830
53.550 -152.288 91.799 2.094
-170.981 71.281 -126.657 2.152
97.271 152.024 173.114 2.028
-167.614 -45.302 92.628 1.981
50.602 145.509 -73.436 1.892
1.886 -65.496 -130.126 1.951
-147.824 -64.226 50.367 1.979
156.416 -55.249 -52.833 2.193
100.478 -113.124 18.988 1.896
35.850 33.012 131.335 1.833
-100.748 189.497 -181.660 1.934
169.861 107.987 109.093 2.089
80.634 -167.169 113.241 2.052
-153.816 -23.057 -100.457 1.860
190.603 -43.449 105.644 1.871
-168.158 113.420 -190.514 2.082
2.245 56.601 -108.239 2.128
-120.108 -127.089 85.331 1.941
-79.563 -115.263 70.188 2.152
-164.486 -1.453 197.084 2.107
9.448 -34.627 71.121 1.972
-73.332 -177.988 -115.419 1.890
-140.574 -54.393 -27.827 2.079
176.464 23.342 112.397 2.048
-104.956 -165.706 68.837 2.122
-210.022 143.333 -21.508 1.978
-159.768 -113.290 58.184 2.138
-108.676 -69.458 37.500 2.066
-157.901 24.255 -113.134 1.985
166.599 14.105 -128.622 2.002
-83.970 163.969 181.996 1.994
204.816 -153.303 91.681 2.014
162.445 -82.199 -171.447 1.872
-44.150 -3.883 -69.229 2.018
83.318 158.215 -138.422 2.105
219.688 113.369 132.349 1.919
-74.919 78.056 -100.099 2.113
195.701 187.990 -133.329 2.082
-176.759 107.185 -25.298 2.137
-202.161 111.199 52.477 1.882
-211.774 -158.074 157.601 1.975
6.675 -120.321 -15.906 2.279
142.365 58.943 -187.304 2.074
-19.763 -63.404 -30.764 1.894
-209.831 21.529 -50.292 1.934
197.611 26.605 -47.522 1.963
70.269 141.842 -55.296 1.930
-94.121 -80.296 49.370 1.961
134.710 116.023 86.714 1.982
-187.561 49.354 -182.372 2.130
-152.939 86.554 -124.526 1.936
-122.618 179.442 -52.277 2.042
190.291 -18.271 86.370 2.119
-17.833 161.112 -63.483 2.002
177.282 172.122 -12.591 2.011
-129.036 -90.247 19.670 2.091
95.928 54.525 110.461 2.278
-59.797 134.298 46.288 2.006
-68.649 -81.086 -18.475 2.068
98.645 22.060 -172.494 1.952
105.339 -44.148 161.361 2.139
-215.484 176.763 192.457 2.142
12.695 -188.649 117.806 2.176
221.482 148.102 -155.203 2.111
32.636 126.926 -57.973 1.967
192.880 55.061 -18.376 1.956
158.743 177.696 109.308 2.032
-56.085 86.923 150.267 1.824
3.279 129.471 102.612 1.942
-2.911 107.253 -44.030 2.028
-98.829 -83.278 81.036 1.947
-45.125 -62.221 -172.084 2.013
105.862 -97.250 128.814 1.998
-129.988 -185.470 -44.259 1.964
21.478 -45.046 128.715 1.882
98.070 -107.697 73.369 2.015
32.139 -21.835 40.239 2.013
-45.208 -126.704 -151.270 2.122
4.092 -103.404 58.535 1.950
222.655 -37.084 89.989 1.871
-124.089 95.061 139.306 2.074
23.977 135.449 -42.813 1.975
16.507 22.668 -89.679 1.938
125.591 -138.806 -13.957 2.050
-198.580 -40.706 122.695 1.958
-53.054 -21.080 158.056 1.986
-188.725 101.129 -55.814 1.996
-67.102 21.411 98.062 1.972
154.685 -20.128 -54.342 2.212
-105.014 183.877 -117.108 1.973
-39.778 35.364 88.454 1.960
-221.350 54.723 -185.535 1.924
-49.266 125.536 -69.804 1.785
-47.022 21.720 -25.875 2.164
-125.862 -4.578 -165.580 2.052
132.675 38.669 -30.071 1.996
75.907 134.712 -38.065 2.176
11.715 186.677 -156.276 1.998
167.421 2.902 23.786 1.945
-129.203 -36.881 82.860 2.002
-198.448 73.731 195.821 2.034
-194.998 -107.664 4.304 2.023
136.313 -27.043 192.140 2.089
-224.529 -5.230 51.219 2.113
160.622 -170.470 50.503 2.065
202.561 27.193 -187.586 2.082
-24.260 155.084 -199.651 1.884
-140.423 -125.765 0.025 1.934
88.176 42.332 172.797 1.974
174.935 180.307 28.038 2.065
-153.661 0.926 -160.406 2.161
-164.944 189.922 -67.434 2.043
-1.161 -94.094 188.158 2.030
-168.499 -170.681 -79.011 1.962
-69.253 86.481 37.276 2.045
214.117 20.674 -0.133 1.909
-186.687 85.215 -85.280 1.968
-192.771 85.930 92.758 2.066
57.332 3.896 38.526 2.096
-39.220 -70.246 -182.309 1.787
90.317 180.780 -48.283 1.933
98.529 -10.987 143.652 2.114
166.569 187.584 147.221 1.813
-94.325 123.904 -92.977 2.037
-135.074 -161.751 -25.884 1.982
-118.782 15.669 198.283 2.009
-180.989 36.756 -39.933 1.882
-88.964 -78.441 -7.133 2.202
-201.825 -160.646 -32.799 1.923
-179.700 -177.014 -168.549 1.874
42.899 -20.866 67.618 2.102
91.903 -97.509 44.546 2.003
39.235 86.198 11.714 2.132
144.792 42.556 182.910 1.946
120.471 134.703 120.804 1.997
-211.205 38.018 -121.148 1.993
-70.077 -139.138 -161.582 2.074
66.344 -150.294 132.297 2.011
76.972 99.658 120.498 1.758
9.747 -177.629 12.474 2.008
-82.591 155.953 -125.371 2.058
22.328 -16.924 51.136 1.812
-70.136 -23.612 -47.539 1.920
-55.679 -121.151 -17.596 2.023
70.308 -67.470 -162.053 1.955
216.341 170.361 -99.106 1.922
-69.425 -188.222 89.726 1.964
-128.561 -86.562 186.255 1.967
204.417 -79.810 127.761 2.147
199.738 -127.807 -67.567 2.145
52.239 115.258 129.940 2.080
217.120 -172.761 96.531 1.964
-132.791 -151.029 -169.208 2.164
117.455 55.527 146.396 2.174
182.777 -127.354 98.546 1.963
52.188 -50.248 133.475 2.091
-163.010 -54.189 -18.306 2.152
-121.271 126.901 -195.637 2.142
51.405 89.083 29.466 1.969
43.056 -130.095 -70.731 2.073
155.074 148.549 18.126 1.926
204.612 -161.998 172.456 1.913
74.591 -33.259 -82.935 1.903
157.362 20.866 43.984 2.055
36.524 52.053 44.738 2.017
44.095 -173.807 -136.686 1.744
-171.419 -48.924 141.827 1.904
-192.973 -42.931 -59.930 1.834
33.596 66.705 -69.120 1.954
122.166 98.696 174.298 2.056
-153.408 -30.624 28.964 2.005
21.558 -60.251 -82.919 2.175
182.574 -182.273 -60.888 1.928
-131.473 -81.297 -124.370 2.085
-146.261 -78.850 49.251 2.042
75.459 187.554 -39.339 1.968
62.197 -180.972 61.289 2.156
208.086 39.690 77.606 2.009
-53.590 -158.200 -160.832 2.000
-69.702 47.124 89.876 1.869
-132.051 -175.799 31.699 2.014
178.395 -135.797 -125.932 2.022
117.731 -131.862 -161.140 2.061
14.459 143.140 -13.538 2.136
-107.779 -76.495 -107.690 1.944
48.227 -142.425 154.933 2.157
-12.741 145.963 59.107 2.181
-35.840 -4.604 -6.252 2.084
38.997 130.679 -100.980 2.047
-56.333 116.287 -43.411 1.962
-178.982 139.609 -117.372 1.987
15.989 119.008 -168.100 1.973
-190.466 112.548 -50.932 1.955
-134.249 169.390 3.560 1.898
151.787 -188.622 38.505 1.887
86.033 -154.186 146.267 2.074
-195.120 132.785 96.847 2.096
61.121 -173.804 15.351 1.995
47.946 11.889 -70.058 1.709
-117.650 -54.711 1.047 2.165
-37.071 -186.032 80.792 2.137
-62.668 89.338 168.012 1.859
-125.034 -15.060 -194.546 1.940
-102.567 52.483 -192.064 2.047
-116.738 165.652 19.633 2.104
13.168 -143.535 -107.916 2.038
214.086 47.441 -180.069 1.918
-108.238 -127.798 18.546 2.011
169.161 -21.186 -52.464 1.786
118.447 -131.982 -119.458 1.896
173.085 -147.705 136.563 2.062
-132.827 -64.103 107.351 2.035
195.533 -167.742 -7.780 1.990
-85.927 133.805 192.173 1.959
-165.350 -158.388 115.117 2.149
-4.357 124.291 -165.160 2.040
-83.053 -140.974 -19.839 2.128
106.049 -4.331 -176.567 1.864
-184.316 21.519 -196.650 2.081
202.038 102.394 -174.145 2.210
-0.976 -122.597 191.712 1.914
74.363 48.082 48.615 1.883
34.661 -107.379 113.965 1.999
-201.114 65.497 149.086 1.961
-71.129 -94.029 140.331 2.068
-92.803 105.410 -185.851 2.071
110.928 -79.584 140.655 2.071
121.703 -90.717 -137.521 1.979
48.622 -186.198 98.947 1.925
102.526 79.516 45.153 2.236
-175.434 179.937 88.766 2.102
-139.646 187.266 143.534 2.106
195.029 -160.258 138.535 2.129
-55.311 106.620 151.005 2.099
-205.273 -81.874 105.552 1.970
57.584 56.312 84.368 2.015
124.354 -78.290 8.295 2.089
5.827 157.275 -3.430 2.107
-166.914 -156.625 14.818 1.885
34.158 -47.843 88.096 1.974
-224.106 -97.561 62.973 1.967
-26.640 -137.221 -166.757 2.039
-51.832 -20.900 -98.988 2.019
-171.785 -5.333 43.679 1.773
-55.939 -67.234 155.080 2.216
-194.540 -82.090 133.931 2.089
136.504 66.910 -16.463 1.985
-167.668 -132.142 152.607 1.879
36.729 -141.813 55.612 2.002
-187.502 -39.781 -69.752 2.119
-52.314 -92.141 61.288 1.917
91.018 124.543 -38.249 1.844
-41.235 -6.784 -65.396 2.149
-118.368 -76.043 103.400 2.078
-136.547 -14.768 -67.390 1.821
-5.268 -176.952 155.008 2.032
-113.876 48.477 149.282 2.197
136.454 126.586 10.602 2.055
-48.114 79.812 30.345 1.916
-89.869 -52.207 109.976 1.894
138.314 173.610 -24.758 2.067
212.362 -46.894 122.572 2.001
149.540 -8.036 -26.558 1.853
197.234 -37.470 -199.168 2.208
54.115 -30.815 -31.137 2.132
-156.046 -62.163 172.313 2.044
-99.188 -81.739 42.097 1.981
44.917 -95.383 -51.710 1.967
-84.572 84.865 -169.429 1.862
-71.376 188.429 53.089 2.026
-131.394 12.209 186.894 1.977
-223.192 53.274 -112.436 2.051
56.663 -134.974 140.469 1.967
157.498 152.057 -44.922 2.050
55.933 18.150 97.845 1.857
50.534 -60.512 -46.305 1.942
-170.250 9.913 -95.136 2.134
48.919 92.221 -187.194 1.957
165.854 -99.413 -79.143 2.060
-107.766 -157.043 -104.990 1.950
-62.649 -75.270 112.119 2.014
45.320 -137.517 129.102 2.030
71.833 52.852 -194.228 2.221
144.299 22.911 -26.025 1.928
-64.375 92.544 -107.157 1.937
-106.174 167.577 -191.353 2.087
90.185 -63.364 59.690 2.216
68.644 64.541 -194.476 2.189
-212.235 -112.643 -190.044 2.091
112.552 -172.082 -111.586 1.869
202.404 -43.498 60.768 2.013
-28.368 -24.498 -31.014 1.787
148.605 -89.196 14.912 2.148
-219.611 -171.618 -131.968 2.289
199.259 96.794 81.634 2.099
-124.365 -158.591 149.639 2.178
160.770 -19.715 -65.949 2.068
212.789 65.705 196.491 2.058
220.162 -187.794 -63.157 1.795
-218.857 -71.339 189.839 2.006
172.211 -38.525 57.617 1.956
-91.315 167.556 48.848 2.205
159.704 117.524 -82.836 2.056
-56.959 32.581 -125.372 2.083
-119.062 174.777 -47.873 1.985
171.634 -109.641 189.791 1.814
175.643 -110.074 127.978 2.033
-148.808 20.634 -28.408 1.783
182.221 84.043 84.596 1.950
-145.392 -70.033 -164.171 2.098
189.003 56.607 -31.248 1.977
86.213 -170.210 98.373 2.026
29.513 29.935 189.271 1.946
-157.178 8.293 -194.728 1.767
-112.380 116.415 -176.134 1.810
50.968 -50.484 96.396 2.023
-7.093 -109.908 -13.902 1.862
148.189 -6.760 114.605 1.903
-144.668 -67.735 -41.275 1.872
-82.500 53.018 131.929 1.706
46.835 96.703 -92.659 1.855
-161.167 -160.800 29.349 2.133
178.287 -147.780 -45.574 2.127
5.434 -22.723 55.447 1.988
-185.513 -13.724 -118.486 1.966
195.336 -127.532 48.392 1.853
141.548 -43.555 57.611 2.111
-142.274 42.235 30.568 2.107
-150.627 -106.864 6.662 2.073
132.758 -173.178 78.880 2.104
15.543 -105.298 -86.712 1.904
181.653 24.007 41.867 2.113
-78.271 85.838 -107.509 2.019
-212.499 34.067 -187.493 2.000
-82.931 26.720 -112.607 1.887
-134.335 -40.598 56.266 1.973
144.631 82.678 -41.942 1.995
174.243 -10.026 -50.975 2.049
-211.266 56.520 42.129 1.965
155.722 141.414 166.502 2.062
47.142 -168.332 -19.689 1.698
137.179 -113.671 -155.544 2.054
90.327 -66.052 149.614 1.913
-79.499 149.588 106.345 1.895
-134.721 -111.261 -181.323 2.004
-29.896 -158.203 -17.321 1.957
-132.693 -12.166 178.357 1.960
-163.434 179.208 -157.915 2.158
-110.121 -41.688 -149.680 1.992
-184.694 -151.413 2.503 1.993
-100.157 131.567 50.432 1.960
163.217 -104.331 53.803 1.985
-195.415 -141.742 151.955 2.044
66.462 10.144 -184.853 1.971
-10.737 -109.521 150.999 2.124
-74.218 94.361 149.124 2.110
-181.695 -188.325 -37.602 1.980
138.096 169.898 57.093 2.091
-150.817 87.163 42.080 2.089
119.863 189.007 108.413 2.001
218.463 126.278 -189.747 1.965
20.493 155.685 105.791 2.185
-5.552 -125.704 -51.691 1.836
70.727 10.574 -9.934 1.867
132.003 181.418 -150.483 1.993
-49.860 -72.996 -179.446 1.907
21.074 -53.591 -54.042 2.201
-123.802 -117.700 113.966 1.934
-160.325 -160.655 65.832 2.163
-208.507 137.370 184.221 1.805
149.858 130.840 117.287 2.035
-88.421 78.770 -11.635 1.952
-8.898 -108.730 117.084 1.980
-106.372 181.245 178.460 1.959
-85.703 57.028 96.646 2.062
82.080 -11.422 101.113 2.062
37.264 -20.199 -127.043 2.116
-92.312 -110.539 30.089 1.972
-223.486 -154.989 -87.172 2.083
-200.295 -52.750 -84.790 1.829
6.182 -65.198 19.772 1.952
24.168 111.822 168.146 1.974
-106.938 -29.888 -97.986 1.907
173.324 124.379 172.389 1.893
-147.772 44.924 -37.344 2.011
114.354 184.429 -34.257 1.968
117.227 -28.267 -141.885 1.932
163.937 149.250 -176.389 1.882
85.925 101.440 -61.781 2.050
173.016 -73.732 41.997 1.869
171.992 -12.232 -156.530 2.043
-45.724 -136.248 197.716 2.062
105.513 -148.232 -190.431 1.960
-201.658 -52.433 -21.688 2.072
158.218 -68.290 90.197 1.805
101.310 -123.131 93.828 1.906
32.808 -121.009 171.488 1.851
170.508 154.175 -180.138 1.871
175.399 -27.474 98.757 2.056
-119.126 119.448 70.955 2.269
163.517 30.533 52.184 1.896
9.443 11.518 161.076 1.814
-206.641 74.273 -124.850 1.989
81.298 1.318 105.971 2.195
-30.888 -85.223 174.052 2.047
-48.682 -29.190 56.292 2.086
156.205 -169.699 194.030 2.100
97.363 -25.657 -106.161 2.120
-195.355 10.803 49.765 2.062
-213.941 -160.138 177.794 1.923
123.700 -13.085 -47.982 2.061
184.535 -152.877 -172.083 1.945
126.969 37.165 101.492 2.146
-83.326 -95.067 92.211 2.019
81.241 127.071 68.776 1.969
-102.629 86.548 179.414 2.052
-82.594 -63.393 43.719 1.672
-138.448 27.059 152.664 2.199
100.651 -47.215 -119.449 2.114
-23.818 68.767 -135.795 2.106
158.353 -47.502 156.853 1.980
-122.521 -8.820 50.762 2.131
-137.905 -181.499 56.820 2.058
70.247 -137.163 -29.291 2.032
-42.466 135.055 -168.303 2.141
189.701 125.812 -29.585 1.937
55.082 185.038 -29.901 2.019
34.407 22.352 140.789 2.001
45.030 172.158 113.518 2.113
-31.445 101.431 -137.920 1.738
-87.711 -149.434 -4.875 2.024
-2.615 154.306 37.784 2.086
-91.065 -120.395 159.838 1.850
-57.483 -30.067 -10.050 2.093
177.301 -170.643 -5.811 1.873
-106.085 170.294 154.330 2.078
87.179 -173.722 -40.883 1.962
-109.976 -46.169 56.398 1.991
99.435 113.468 124.869 1.918
-217.947 -11.060 30.264 1.958
224.064 119.800 -64.454 1.908
-194.020 80.245 62.779 1.865
-175.649 -78.154 122.407 1.963
29.142 21.715 162.232 2.002
110.127 44.387 140.580 1.967
-180.403 -82.525 157.184 1.974
-24.091 -139.456 40.353 2.081
25.265 -51.914 -6.998 1.866
193.483 49.357 120.379 1.968
127.143 -77.682 -182.117 1.882
78.021 -92.080 98.497 2.004
149.081 -46.626 78.364 1.926
-176.544 136.026 -41.122 1.924
221.143 -42.230 196.452 2.070
-27.505 -11.215 22.965 1.923
26.022 146.686 -148.156 2.026
-99.921 15.111 -163.078 1.857
-150.798 43.225 156.408 1.970
25.463 -148.200 -110.761 1.878
-37.281 -11.500 -88.974 1.865
-160.067 -95.819 87.207 2.089
199.676 87.866 37.038 2.022
-36.103 65.845 -103.921 2.053
140.485 -109.390 40.192 2.054
-134.066 -165.580 -48.924 1.992
-146.795 -160.995 -179.876 1.807
108.006 6.611 -103.565 2.028
141.868 -98.453 130.372 1.907
144.131 -41.013 -188.452 2.108
69.018 -36.444 -71.106 1.954
219.263 -5.119 -136.774 1.948
27.488 64.318 99.988 2.038
177.242 -111.996 129.191 2.007
214.303 -45.032 -166.520 2.199
-175.797 4.980 92.272 1.976
27.932 -53.737 -179.871 2.174
-99.381 -87.725 31.061 1.884
58.801 -76.284 103.797 2.074
-171.415 107.307 -36.462 2.077
-42.010 153.805 8.772 1.988
-104.237 -80.996 -19.740 2.126
63.882 -132.503 -44.893 1.816
-203.174 -121.509 131.454 1.814
152.381 128.839 -109.064 2.075
187.590 -179.396 -147.345 1.836
-224.181 -54.461 -3.609 1.983
29.854 -183.149 120.515 2.050
159.902 -9.682 79.846 1.967
135.183 78.134 110.694 1.972
171.046 184.245 -120.686 2.169
52.130 -161.544 8.516 1.763
74.895 -98.625 124.862 2.063
77.953 39.775 48.159 1.924
-26.533 104.964 -44.514 1.881
-61.384 -134.159 27.696 2.051
174.564 81.488 -100.293 2.112
-78.021 2.100 77.155 1.881
174.736 -147.593 109.058 1.974
35.545 77.077 -137.117 2.050
-55.753 166.480 -119.845 1.935
55.437 114.410 -125.460 2.103
-52.120 140.288 -45.158 2.011
134.308 108.019 5.819 2.004
-133.649 -102.259 137.580 1.877
-71.511 -99.831 50.389 1.894
70.630 137.381 -189.053 1.920
200.419 -16.122 -37.745 1.978
-190.928 162.940 -91.582 1.936
221.549 -63.529 82.813 2.085
19.542 -138.687 -138.876 2.031
153.084 36.813 -163.735 2.043
-55.216 181.204 196.798 2.039
-9.730 -59.891 50.232 2.119
-137.707 -118.213 -187.808 2.024
-172.277 -131.149 -128.575 2.052
33.602 123.374 125.098 1.912
-73.934 95.485 -197.897 1.857
-44.689 12.944 66.824 2.052
-149.856 -85.009 -22.115 1.983
-166.719 43.774 49.732 2.027
-16.636 -94.526 -159.568 2.124
212.374 -61.776 -145.896 2.104
154.289 -166.468 78.461 2.165
132.623 104.021 88.305 1.832
-21.246 184.285 165.392 1.786
-53.187 86.449 46.467 1.944
-159.228 134.922 198.086 1.942
174.691 -53.046 5.202 2.105
42.009 -72.378 120.897 1.928
193.942 126.826 42.341 1.890
-131.399 -139.105 -175.351 2.049
174.059 -180.279 135.091 2.005
3.292 167.822 -16.606 1.974
-154.902 70.088 19.462 2.040
147.749 -176.283 -98.931 2.052
-45.322 -155.060 -175.985 2.006
107.727 12.969 -125.358 2.008
13.468 84.127 -119.345 2.060
-54.015 26.426 -53.971 2.040
49.598 -127.726 -103.982 1.933
187.899 133.538 102.425 1.985
-223.355 76.966 86.248 2.167
56.844 7.773 147.109 1.886
-124.030 32.339 68.251 2.038
205.034 -98.681 -148.075 2.025
-145.767 -30.453 37.263 1.976
71.291 -146.833 -34.559 2.014
216.703 -89.047 106.744 1.924
-134.094 -180.765 60.738 1.824
160.923 -60.991 131.254 1.975
97.051 132.754 -182.979 1.959
72.846 -77.308 -25.439 1.926
-11.341 178.086 38.155 1.981
154.762 -104.407 -143.281 1.868
121.962 143.569 89.189 1.991
-44.007 95.753 184.410 2.006
-18.946 -88.627 -21.001 2.037
143.723 -77.699 9.049 2.050
153.319 147.667 -97.228 2.015
48.728 -145.798 35.719 2.018
-217.216 -16.334 -145.208 2.226
-217.019 165.754 49.665 1.953
178.501 -131.833 -0.224 1.954
-13.152 98.780 13.523 2.068
105.380 -35.878 -169.671 2.236
-183.755 177.631 186.142 2.065
-172.870 -178.052 27.047 2.071
121.196 171.198 142.430 2.120
106.760 66.384 151.797 1.854
-161.979 -135.218 139.372 1.973
-136.356 10.141 -173.909 2.146
194.041 8.306 61.996 2.180
83.462 28.738 -9.287 1.905
-121.192 -75.989 101.561 2.093
-103.150 178.004 51.713 2.020
106.008 116.420 123.722 1.921
173.170 -56.847 81.944 1.877
145.195 -37.801 -126.556 2.109
123.937 184.846 -72.023 1.956
40.356 18.628 -1.357 2.000
-77.380 146.411 -0.559 2.062
-24.720 105.218 82.404 2.102
98.785 -15.839 -59.538 2.028
111.190 -42.829 -181.144 1.992
-10.398 51.051 66.682 1.898
72.518 -145.278 -98.238 2.221
-27.784 -69.598 58.481 1.882
217.413 170.786 -183.199 2.006
49.170 -164.932 -158.460 2.144
-11.196 -65.416 -28.823 1.944
-137.931 -126.709 102.697 2.057
-132.656 -168.397 124.675 1.913
212.238 112.073 49.949 2.137
-0.641 -184.787 103.455 1.924
20.787 -150.247 132.079 2.133
213.935 2.849 199.523 2.098
81.482 -40.916 -156.526 2.075
-93.103 -139.039 -171.066 1.915
-182.305 189.344 28.953 1.963
-173.137 -44.294 -98.412 1.997
-9.877 175.495 -70.592 2.060
-17.448 -173.586 107.836 1.923
-173.225 150.004 -43.409 1.993
2.766 -37.866 35.625 2.213
-31.327 45.582 30.375 2.084
-57.930 -154.273 154.380 2.157
174.593 3.814 -61.898 1.982
-6.502 -52.658 27.536 2.096
186.375 -170.214 165.053 2.008
5.479 146.702 46.262 1.868
-69.797 167.996 -146.480 2.201
108.248 -28.123 -124.714 2.072
-88.506 -89.211 5.977 2.134
-207.553 105.493 -187.484 1.952
-130.615 184.804 107.466 1.897
66.330 146.283 -109.193 2.107
150.637 145.290 -62.192 1.867
153.517 83.159 -115.079 2.195
-140.945 -26.184 159.812 1.927
-138.936 -35.819 -139.305 2.085
66.641 140.538 100.326 2.035
7.821 -44.300 -192.171 1.858
-43.701 95.584 -67.668 1.920
-134.241 -142.894 -149.565 1.814
-198.693 57.199 -186.669 2.005
172.400 -4.370 -70.759 1.978
-158.749 -134.141 -177.768 1.935
-199.438 183.314 -67.090 2.074
97.979 49.771 28.129 2.087
182.127 -3.230 -11.934 2.207
108.878 -112.390 -113.513 1.972
-147.666 126.388 -191.222 1.915
-214.129 36.142 181.144 1.950
205.751 -169.035 88.763 2.015
118.563 94.233 -127.148 1.926
-110.010 -106.199 -159.592 1.962
26.452 134.990 80.587 1.940
158.861 145.631 -63.657 2.021
4.956 99.013 -191.679 2.026
132.398 -82.784 187.009 1.979
-132.911 -28.704 -47.395 1.920
-112.747 -105.786 47.022 2.049
65.734 112.540 -131.700 1.903
-174.078 -13.768 14.349 2.025
44.424 -181.742 -28.190 1.936
-136.343 -53.549 -30.609 2.011
83.884 -175.928 118.091 2.001
-63.116 128.784 -124.625 2.074
67.368 -130.472 184.850 1.868
-36.474 111.262 -58.433 2.219
-101.146 70.370 115.898 1.850
71.190 128.476 89.270 1.966
129.708 9.886 -197.697 1.978
100.305 39.133 -6.030 2.174
148.197 111.741 -194.576 1.746
-101.878 63.665 66.306 1.935
167.260 -46.742 142.470 2.029
113.977 -137.687 34.271 1.870
-177.195 86.529 -88.694 2.093
134.224 -116.473 -8.742 1.857
31.087 167.850 135.517 1.865
-190.757 -127.075 119.876 1.938
-90.187 -153.557 166.059 1.921
212.299 -170.369 -157.713 2.100
129.985 -153.544 -134.812 1.977
-197.575 9.636 -165.865 2.106
-65.189 143.045 -143.524 1.901
-35.456 -8.135 -126.506 2.111
-207.653 -58.877 -83.058 1.929
94.630 -174.798 -45.840 2.158
-221.561 122.770 -141.073 2.230
-212.948 165.749 196.156 2.240
64.614 -46.880 -110.719 2.093
14.375 -99.068 32.218 2.037
-154.441 0.590 -66.095 1.970
146.469 -64.983 -35.202 1.996
141.917 -34.388 -190.751 2.001
150.740 149.055 -16.198 2.013
