-148.983 -42.877 192.909 2.047
109.998 85.600 114.785 1.933
-189.518 -101.498 132.657 1.965
-134.125 -178.010 -33.006 2.144
176.655 8.203 -9.854 2.122
220.430 -36.279 6.694 2.114
-48.929 188.089 169.575 1.871
-48.489 -130.338 -146.074 2.043
152.001 92.191 -183.717 2.059
-120.045 171.844 19.190 1.945
-145.733 -180.178 -165.491 1.950
-81.048 155.677 -1.843 2.225
103.180 76.952 -167.452 1.931
-170.432 -81.957 -26.249 1.933
78.173 -59.224 130.023 2.003
145.277 107.825 14.742 2.076
-195.384 -32.359 16.236 1.824
-154.469 -175.913 15.852 2.156
25.262 181.436 -30.659 2.092
-92.911 -159.817 -4.404 2.134
149.805 -144.392 49.435 2.046
-115.571 170.090 163.793 1.995
-203.486 69.406 -11.822 2.055
171.663 -181.671 -97.450 2.091
116.779 116.010 -195.921 2.016
-220.558 123.501 -138.490 1.995
-14.945 -133.372 -131.719 2.044
110.522 20.158 50.150 2.170
-156.470 17.370 -149.474 2.091
-198.362 -139.557 -37.812 2.109
-14.158 102.746 166.213 2.049
22.008 -19.440 11.595 2.003
-193.897 32.458 192.379 1.881
-18.016 -154.295 100.341 1.998
217.322 -97.698 90.601 2.101
-179.526 56.163 28.373 2.039
144.234 151.066 167.297 1.924
-135.293 -160.678 131.281 1.975
-107.941 -164.819 -171.329 2.051
-216.299 -110.466 39.015 2.056
-66.959 -92.173 34.088 2.025
-109.872 44.208 -102.064 2.065
35.695 60.426 133.917 2.027
137.837 -2.607 -146.262 2.045
-5.961 -171.856 143.613 2.184
18.202 -98.849 12.855 1.979
-64.955 6.620 -188.253 1.847
100.320 -63.327 63.613 1.968
111.564 -172.317 -78.516 1.802
-48.745 126.408 -176.568 1.950
52.748 98.258 96.989 1.960
-93.067 156.343 -143.422 2.043
31.817 53.754 152.352 1.990
206.377 -112.034 186.031 1.986
-108.572 119.170 104.450 2.166
193.594 -23.986 -0.970 1.955
-78.684 165.204 -50.777 1.900
82.097 -122.622 -92.646 2.009
-8.755 69.973 -10.030 1.922
125.002 57.245 32.840 2.057
-118.168 158.736 -89.661 1.976
38.084 -53.657 -27.048 1.869
-62.889 -60.298 20.335 1.947
64.538 17.164 -162.659 1.686
142.675 -99.934 119.974 1.949
159.299 93.938 -195.266 1.959
13.838 -66.463 -15.218 1.896
-169.765 178.387 57.734 2.112
130.390 -162.427 -147.555 1.912
37.229 107.517 168.992 2.032
-59.755 -52.421 107.679 1.893
-36.425 3.213 -63.824 1.950
96.145 -147.710 16.750 2.049
-210.155 -59.605 138.240 1.903
-185.755 -43.151 -128.413 1.945
-25.983 182.519 -13.303 2.133
176.017 123.069 71.737 1.844
154.478 -52.431 -93.378 2.060
-150.304 -102.573 177.073 1.959
101.643 -63.000 106.169 2.101
-131.795 48.042 -43.295 1.821
27.081 -146.477 90.064 2.077
103.298 -13.292 -73.802 2.106
36.278 45.964 198.841 1.876
-168.486 -156.613 -183.916 2.108
-82.198 -28.996 -87.160 1.992
-191.851 -73.737 -1.010 2.061
-181.908 -14.681 -146.063 1.994
-164.262 80.492 94.093 2.114
126.806 67.109 188.018 2.036
90.821 -36.119 74.669 1.863
-177.029 1.052 -140.727 2.142
159.477 -131.863 175.276 1.955
105.892 -74.010 127.584 2.018
122.107 -22.830 81.655 2.121
147.111 7.762 111.043 1.979
-217.340 121.964 79.960 2.185
-149.343 -55.435 -42.226 2.056
-8.601 89.623 81.898 2.000
-151.129 -169.645 154.316 1.955
-26.716 41.356 -85.743 2.079
-80.325 29.202 169.087 1.785
151.638 -171.060 54.052 2.163
-175.172 -69.884 -33.658 1.971
-109.841 40.268 -120.021 2.005
-179.228 28.823 -28.771 1.778
-204.497 2.372 -90.618 2.040
-26.620 106.977 38.471 1.972
98.799 29.076 105.555 2.031
100.917 134.605 -132.972 1.938
41.293 -118.097 61.577 1.984
-119.443 7.427 70.572 2.052
-161.179 -59.156 29.879 1.845
190.903 157.073 -106.563 2.266
133.281 33.079 -162.674 1.991
54.493 -121.274 166.819 1.950
-148.539 80.800 199.356 2.015
-97.853 -32.488 20.248 2.090
222.627 44.337 125.813 1.998
145.761 -135.377 -164.150 1.931
66.721 -60.134 -47.067 1.942
-95.690 -186.881 60.670 1.892
-169.472 -89.939 75.815 2.035
-7.400 -130.404 -163.762 2.112
47.199 -104.716 32.346 2.060
-23.531 139.898 146.067 1.900
70.132 175.096 -127.632 1.799
156.396 -71.519 184.313 1.820
-128.421 112.734 -87.007 1.994
-201.318 179.858 61.806 1.878
116.690 -10.525 -97.034 2.139
0.311 100.457 -38.873 1.878
116.547 82.398 -133.944 1.992
133.105 47.367 -157.107 1.900
99.206 69.846 153.505 2.042
-94.867 -86.988 -93.389 1.924
-111.131 -141.114 10.034 2.125
-95.302 50.836 6.204 1.869
-187.104 184.359 54.804 1.979
-203.413 90.823 105.995 2.189
115.359 -103.820 -70.321 1.884
-80.785 187.586 -118.331 2.006
-214.001 133.272 27.465 1.983
-44.127 -66.822 54.547 2.004
154.396 125.704 125.737 1.694
-165.953 -181.878 75.910 1.796
48.436 -108.011 87.169 1.934
148.680 -10.665 -155.815 1.967
102.973 111.472 166.512 2.170
106.990 36.072 41.249 2.016
-3.996 180.280 114.627 1.732
38.976 186.074 -3.521 2.032
22.866 187.634 135.922 2.010
193.035 67.313 125.846 2.006
-186.022 36.470 148.741 2.002
169.441 -114.235 52.511 1.856
-28.794 81.577 -67.453 1.824
-5.882 86.924 129.065 2.139
-48.945 -35.420 -176.031 1.952
44.405 183.086 93.335 2.040
34.309 150.238 -20.069 2.177
27.489 -137.251 197.751 1.896
69.634 135.464 -171.651 1.968
118.066 -183.007 161.252 2.042
-194.794 -33.588 -139.431 2.023
-151.869 -171.065 -149.837 2.048
-72.093 -71.975 95.386 1.920
-184.614 82.712 -43.121 2.268
-29.105 66.023 138.397 1.932
-5.475 -142.075 135.976 1.850
55.751 7.005 -28.674 2.045
169.507 -17.551 -118.375 2.016
93.574 75.495 -135.423 2.126
190.731 35.169 -14.197 1.984
-186.780 -12.704 -27.614 1.732
-148.211 31.652 31.244 1.929
223.802 123.996 -72.919 2.035
-210.936 -68.999 44.658 1.898
-15.707 -94.388 -4.780 1.913
224.859 57.109 3.151 1.897
-189.519 -178.713 -0.147 1.891
111.617 -105.554 9.740 2.168
69.658 -83.557 -54.774 2.128
207.583 94.441 -145.885 1.909
41.697 114.816 175.304 2.064
-74.734 -98.315 47.080 2.108
19.251 -86.693 132.653 1.874
-13.214 -15.146 85.762 2.012
106.250 -161.541 49.482 2.088
-200.014 -40.345 -67.067 1.861
-217.990 93.912 -145.246 2.002
198.857 132.274 -53.201 2.168
-1.713 174.358 110.253 1.988
128.293 -110.929 -19.956 1.981
153.918 -128.057 -187.908 2.123
98.991 -174.343 -102.372 2.121
-33.374 104.146 87.247 1.943
-106.813 -96.081 -112.519 2.150
213.001 35.483 -142.165 1.992
-4.745 43.741 54.740 2.192
194.245 165.973 106.274 1.976
162.675 62.256 160.399 1.912
-129.706 156.613 177.330 1.937
-5.240 -162.339 -8.887 1.983
-26.702 20.620 -86.975 2.063
144.265 105.673 102.282 2.041
208.724 153.233 58.458 2.086
-74.954 -87.895 -117.064 2.100
145.252 60.115 94.398 1.997
-163.665 156.947 34.529 2.106
131.580 1.209 -108.766 2.114
-1.480 -144.822 -165.004 2.024
-181.485 160.881 -92.056 2.137
169.436 98.344 161.160 1.949
-163.105 160.194 -151.235 1.996
196.455 -25.903 52.254 1.902
-38.332 180.800 102.956 2.012
12.211 -2.158 68.908 1.862
-104.069 -181.753 196.528 2.020
101.892 104.984 -79.349 1.934
45.676 110.576 -178.899 2.028
-52.130 144.109 102.229 2.088
200.920 27.565 -194.409 1.910
115.449 -176.150 -111.475 1.875
-132.209 -47.763 -165.916 1.968
148.529 43.273 61.769 2.016
-185.663 -115.443 -37.116 2.039
-75.145 -166.130 -11.404 2.101
160.049 -153.809 -15.261 2.138
-145.200 144.583 -195.903 2.001
-20.932 -55.212 -175.079 2.023
70.437 116.709 72.666 2.038
-193.802 144.934 50.732 2.071
72.862 -133.424 131.517 1.981
32.515 33.998 -102.106 1.876
-169.318 47.715 145.888 1.956
-170.711 176.223 -16.629 2.057
-94.526 -2.630 -150.445 1.951
70.412 87.940 131.005 1.672
-224.156 -160.686 -64.226 1.972
19.453 -91.837 164.143 1.869
-167.833 77.233 34.029 2.012
105.577 70.832 50.773 1.832
-24.524 -124.138 -128.220 2.041
-134.606 -116.237 98.771 2.084
-194.675 -11.031 172.702 1.987
-35.179 -160.690 94.873 2.000
4.201 57.709 -144.258 2.116
-209.264 18.880 -174.704 2.084
43.585 165.521 61.048 2.047
28.990 114.978 -137.854 2.127
-125.498 139.858 188.152 1.974
224.545 -121.486 166.347 1.937
26.082 -3.351 -115.656 1.983
95.417 60.625 1.340 1.981
-145.435 96.248 174.636 2.081
33.473 116.920 160.756 1.889
203.296 57.617 162.289 1.930
-184.609 30.024 -133.914 1.865
-215.823 181.675 175.533 2.016
68.064 -80.518 -109.536 2.184
-55.452 13.404 67.062 2.053
-143.603 65.490 178.862 2.197
35.877 162.131 -37.233 1.960
-50.773 -50.476 30.768 2.117
-200.679 75.415 181.341 1.977
40.707 32.653 -183.346 1.982
-38.407 -74.557 192.075 2.031
-82.769 -135.325 23.346 2.049
138.498 -22.772 194.468 1.989
-71.693 110.736 83.533 1.957
-14.758 -160.123 58.883 1.899
-69.774 -23.408 144.955 2.015
54.194 115.893 85.335 2.086
-157.402 -171.130 27.480 1.947
31.681 25.225 -74.209 2.122
-196.206 -48.173 189.131 2.082
-113.287 -120.395 189.901 1.922
149.299 -122.309 -125.343 1.858
126.861 77.949 -182.268 2.053
-212.499 124.825 -4.666 1.924
167.094 85.880 62.416 1.892
183.729 -1.126 -140.172 2.000
215.969 -12.655 85.867 2.036
4.594 -156.688 -83.157 2.014
129.033 -27.204 -141.659 1.897
-141.177 20.113 148.196 2.032
113.361 -84.307 -195.467 2.086
-50.595 -147.192 95.252 2.108
-64.822 179.165 21.328 1.918
-157.357 109.674 96.622 1.879
-202.946 41.946 -147.836 1.936
163.366 -173.197 -14.992 2.053
-224.991 -0.379 109.472 1.995
126.700 -61.975 0.100 1.954
-36.253 -26.955 149.208 2.009
-205.846 135.386 180.689 2.030
-111.799 111.540 196.348 1.860
-86.484 185.983 -197.275 1.952
-180.734 -188.132 -84.933 2.035
20.307 165.769 116.347 1.988
169.046 -181.657 -5.981 2.056
43.266 110.860 -19.992 2.045
-53.365 47.836 105.970 2.233
153.270 165.764 136.888 2.024
-81.788 -55.358 -173.130 1.928
2.736 -164.534 -29.806 1.914
-176.524 74.382 -74.828 1.882
70.700 -14.553 55.371 1.847
-101.228 3.970 25.713 1.971
78.943 -162.919 192.073 1.978
108.256 156.711 -180.584 2.023
-15.431 68.328 195.833 2.032
-113.911 -102.507 121.582 1.902
20.733 -187.896 -166.414 2.103
-67.723 -37.230 -108.510 2.050
-4.195 -133.606 61.738 1.944
18.400 48.705 -48.775 2.013
143.051 82.634 86.798 1.881
-84.011 153.483 106.131 2.137
190.160 68.484 -39.369 2.078
120.035 -12.651 -66.212 1.973
-203.624 108.185 51.211 2.123
155.639 -156.380 65.029 1.773
196.215 107.515 -189.975 2.071
-103.999 -167.359 -12.892 2.116
5.722 -177.781 -91.840 2.086
-196.549 121.498 -37.687 1.937
56.945 -161.666 101.725 2.011
-93.860 152.622 -132.951 1.780
-162.266 159.512 -48.181 1.944
-11.491 170.239 162.913 1.976
-220.759 104.384 -90.057 1.902
19.105 128.561 -24.082 2.030
152.963 -48.923 182.345 1.794
220.340 171.597 163.389 1.892
94.896 93.472 -14.930 1.873
-174.919 -130.046 98.460 2.007
-106.358 14.935 154.356 2.064
-128.120 107.840 189.367 2.156
192.757 56.785 190.762 2.048
-85.264 157.044 -46.175 2.119
20.582 -42.171 -140.255 2.083
-181.267 28.352 -37.525 1.900
-110.815 -108.093 -5.264 2.167
-67.375 1.226 34.680 1.992
-50.092 -140.147 42.935 1.863
-210.797 137.906 -111.066 1.990
-153.597 -172.777 105.415 1.999
-4.704 -132.019 124.967 1.953
221.571 4.961 54.247 1.977
138.415 -91.629 116.531 2.137
95.967 -77.923 -2.220 1.923
157.996 -35.871 39.547 2.125
61.817 125.168 150.587 1.958
-112.750 7.518 -155.053 2.094
-96.352 157.753 49.513 1.933
-221.831 144.531 -174.821 1.910
-169.336 -110.717 -33.059 1.981
-35.871 98.869 -102.948 1.996
-1.361 -102.555 -43.552 2.114
178.995 -158.949 -35.024 1.801
114.998 -154.051 -132.173 2.081
145.773 171.248 52.625 2.035
222.072 29.582 -81.527 2.158
-23.204 -51.218 75.304 1.933
-223.541 149.944 38.014 1.811
-40.147 23.730 -114.067 1.935
134.470 131.442 128.937 2.182
-112.063 100.033 -16.846 1.924
82.970 -189.466 31.595 2.160
-35.883 -59.225 -46.441 1.988
33.622 159.411 184.962 2.124
179.879 149.956 -29.273 1.838
-91.492 26.114 -42.060 2.310
1.834 -183.102 -184.843 1.912
-167.241 -136.616 102.960 2.037
18.767 -180.562 48.697 2.007
-126.971 -55.461 -148.306 1.906
-28.236 -112.343 62.236 2.015
18.785 -135.950 130.590 1.888
-126.870 -74.009 108.957 1.952
-220.672 117.070 57.904 2.133
-143.730 139.310 155.093 2.139
146.230 153.981 -49.345 2.149
-69.828 9.593 -177.225 1.729
197.220 -167.234 11.330 1.919
-60.005 -119.199 -114.590 1.866
94.108 -157.660 113.895 1.959
-103.528 69.160 136.010 1.978
7.254 -35.543 -174.565 2.093
85.479 -148.356 176.156 1.946
-140.939 93.993 -28.669 2.135
16.574 -44.072 116.944 2.066
12.641 46.668 53.385 1.845
164.941 126.657 85.517 2.008
-44.907 -68.868 58.152 1.986
-8.297 -55.697 -137.810 2.005
9.273 14.015 124.020 2.065
-180.953 85.288 14.041 2.116
43.398 189.955 -18.923 2.206
58.024 -20.688 72.749 1.921
-151.763 56.531 -85.127 1.989
89.881 -106.819 139.536 2.157
22.675 96.719 -42.063 2.020
25.805 39.740 151.680 2.098
96.182 124.881 -99.725 2.004
-146.379 60.179 0.364 1.847
111.799 -180.301 125.682 1.854
147.708 78.701 -77.971 1.957
-218.073 -79.063 162.517 2.156
-154.825 137.379 122.727 2.280
-10.622 -25.641 -148.532 1.938
-116.507 57.386 59.385 1.999
-50.818 31.861 -92.719 1.898
56.829 84.271 -22.833 2.010
-62.192 -89.240 194.238 2.040
-125.921 -67.711 -187.023 1.955
-119.325 -81.540 110.471 2.006
43.820 53.203 -137.361 2.033
-211.074 -20.863 -159.007 2.033
89.054 -19.145 -131.836 1.956
63.897 120.410 92.713 1.941
-158.582 -101.714 179.824 1.942
56.124 -101.955 129.685 2.097
-177.308 4.353 9.428 1.826
87.464 99.955 164.961 2.152
-32.704 82.530 -40.270 2.187
-115.887 69.622 89.501 1.982
-187.199 123.932 -44.898 2.048
98.838 -10.480 178.876 2.194
-38.381 41.434 90.229 1.984
50.959 142.348 168.132 1.882
151.563 6.344 -154.728 2.145
183.376 46.641 156.545 1.902
-15.139 -88.382 -159.116 1.949
-133.452 54.459 -163.280 1.979
24.535 155.254 -87.498 2.067
194.088 -125.100 120.748 1.807
174.422 172.520 32.375 2.180
-127.972 -94.543 -104.496 1.965
-174.777 -31.819 72.485 1.913
-165.414 -95.371 -123.020 1.837
108.317 -188.794 36.251 1.891
-220.535 -43.804 -89.481 2.109
-149.767 -124.846 -109.344 2.093
85.516 132.102 -55.158 1.992
164.993 125.530 176.672 2.018
-144.986 75.368 -66.874 1.926
-160.066 -17.410 33.793 2.002
-194.546 -173.487 -194.164 1.939
-121.288 22.486 -131.974 2.002
40.815 -85.110 -0.139 2.030
-212.346 -119.080 -120.582 1.991
-13.045 59.777 -35.571 2.081
78.635 127.319 -82.050 1.933
-146.325 93.085 -52.658 2.176
-109.318 -65.076 90.268 2.162
151.915 -104.180 -113.096 1.985
222.308 -125.555 125.546 1.910
-53.416 -147.529 -190.310 2.007
-92.400 -41.665 137.294 2.095
-142.496 25.822 -161.990 1.812
38.799 -36.336 196.135 2.202
-129.968 146.232 -100.699 2.026
131.636 -24.161 39.104 2.062
-160.544 49.687 18.580 2.071
-104.341 -29.866 80.672 2.102
159.513 -102.289 -48.442 1.818
173.879 102.982 41.451 1.856
-197.990 -179.758 -110.310 1.833
94.078 164.844 72.815 1.904
129.986 -150.406 -126.075 2.059
47.586 87.716 -49.731 2.239
-127.580 -92.219 -55.647 1.972
-56.376 179.844 -11.728 2.103
2.711 -61.790 -67.945 2.129
144.082 78.878 -34.522 1.819
-36.071 -109.145 110.338 1.996
-75.113 79.381 -91.980 2.002
-82.413 -115.733 -124.241 2.208
-24.680 -113.661 164.103 2.042
-32.185 -168.657 -186.776 2.098
-202.798 -107.598 76.536 2.163
39.859 -179.472 190.691 1.939
129.102 27.386 -109.781 1.992
-151.702 179.408 53.479 2.036
-163.882 160.242 -166.671 1.905
155.253 26.014 -23.299 2.187
-153.197 -175.646 184.385 1.937
31.150 119.373 -184.531 1.943
171.761 -80.233 -17.696 1.829
111.508 -12.036 -149.232 2.071
-111.564 -83.884 -5.989 1.952
-64.192 59.697 -100.145 2.098
-82.942 -8.226 -46.523 1.983
171.928 -131.898 91.253 2.019
37.038 -189.078 86.518 2.142
131.775 -127.305 118.951 1.928
147.929 -145.728 134.945 2.183
-134.569 -63.966 198.419 1.929
32.770 -50.891 -57.167 1.966
-43.469 -106.226 -16.853 2.068
66.603 -40.469 -134.276 2.076
103.393 -84.289 -90.213 1.801
-89.751 -95.180 -26.326 1.992
-216.419 136.735 141.157 1.927
170.794 93.780 -32.564 1.976
-156.140 -75.663 -89.299 1.808
-131.300 96.742 -105.232 1.933
-168.391 -52.441 86.035 2.102
-28.829 -1.088 -26.493 2.223
188.180 139.964 170.296 1.984
-141.944 55.927 42.148 1.976
-41.870 -169.523 -134.436 1.910
-157.896 146.498 40.595 2.187
-128.540 95.496 59.237 1.884
217.201 27.690 -17.035 1.910
202.480 -123.103 -102.184 1.954
163.654 124.919 3.429 1.989
-90.524 -36.719 -176.164 1.960
194.900 -91.914 168.670 1.833
117.007 22.046 -126.796 1.854
-63.436 120.348 -106.921 1.988
-111.902 118.730 152.879 1.918
-4.225 -49.479 182.204 2.101
124.968 77.293 109.861 2.189
-210.451 -42.878 -191.016 2.253
184.577 -38.641 -61.496 1.802
-170.165 -5.018 -197.220 1.947
-63.598 -175.321 168.793 2.197
-212.767 -121.097 167.486 1.942
220.380 -99.297 -173.051 1.931
-25.657 -81.448 -94.439 2.051
-74.269 134.626 -152.202 2.045
-46.955 -37.379 190.109 1.967
-45.093 11.948 192.432 1.895
-189.740 179.848 67.449 1.984
195.977 139.495 -27.629 2.142
182.473 -183.316 -5.243 1.811
148.505 53.954 55.000 2.066
99.926 59.102 -147.262 2.064
123.659 13.963 72.089 1.949
-78.708 -64.622 129.243 1.955
-109.874 -168.399 78.138 2.050
19.136 93.805 -66.335 1.779
52.061 39.930 65.043 2.020
94.956 88.000 35.248 2.000
223.068 -110.761 -49.623 1.886
42.297 111.720 158.336 2.054
138.286 -187.381 49.849 2.244
101.091 160.330 -174.618 1.979
-94.580 18.841 -84.522 2.180
-102.496 -6.351 172.829 2.058
-151.308 -157.324 -60.547 2.123
156.453 -29.021 72.545 2.081
100.227 -108.962 98.484 2.098
154.060 -147.303 -176.636 1.939
202.863 7.482 30.621 1.857
171.289 -60.679 184.225 2.039
-63.675 -28.802 152.659 2.038
-147.986 6.134 -27.375 1.970
66.362 -41.845 -10.658 1.959
81.885 -163.045 -96.593 1.957
-95.692 133.155 -101.760 2.023
170.469 14.096 109.575 2.226
-41.859 11.295 -60.500 2.105
-51.139 -70.370 173.494 2.045
-156.597 -64.217 157.854 1.914
-39.817 68.665 129.110 2.039
137.730 -108.216 83.242 2.118
-180.808 -112.205 183.573 1.846
190.662 -0.468 -84.443 2.034
-54.608 117.721 70.879 1.995
-62.384 -171.949 -159.134 1.929
215.797 109.934 -197.730 2.070
-208.131 -133.355 181.216 2.031
1.412 51.534 -173.521 1.885
76.146 66.124 -85.987 2.140
132.608 38.546 -114.596 2.112
-206.411 6.887 -78.251 2.137
-38.550 -43.517 -146.121 2.029
165.710 84.697 -197.779 2.110
-152.521 75.499 -104.558 2.016
223.954 19.594 -143.308 1.915
90.485 76.001 -195.189 1.909
-187.496 56.277 80.048 1.995
-220.214 -74.208 38.829 2.056
-118.422 -75.869 169.255 1.812
-69.028 2.260 -74.403 1.992
-64.354 -180.409 103.960 1.978
161.289 -55.864 48.434 1.888
-135.184 -149.861 -24.975 2.036
56.633 183.807 175.761 2.088
-140.525 -83.499 -15.682 1.897
-196.600 74.446 -73.281 2.150
207.569 106.015 -125.863 1.868
-180.391 86.510 -188.554 2.007
190.695 180.020 -127.702 2.019
-211.272 -32.777 49.388 1.842
9.098 96.109 155.181 2.097
-31.248 -0.161 -102.129 2.115
-157.252 183.268 -95.433 2.117
-190.195 159.799 -82.937 1.939
39.372 -64.222 28.623 1.973
-66.522 183.847 -70.845 1.891
15.540 -36.893 75.253 2.075
179.741 -139.546 -62.192 2.028
-203.802 175.471 -98.773 2.179
-75.955 146.404 105.917 2.114
95.881 157.804 160.253 1.852
-103.061 64.524 -54.680 1.982
-180.947 188.963 85.255 2.205
-22.712 -83.069 -94.206 2.118
184.492 49.620 -68.858 2.003
104.653 -132.184 -30.895 2.057
-98.725 -120.878 152.505 2.187
-20.355 180.294 166.882 2.046
13.481 -30.182 139.533 1.830
191.433 35.490 -95.572 1.778
-183.405 91.018 -50.176 1.950
60.712 163.903 160.531 2.055
138.640 2.782 80.110 1.943
-193.795 84.564 22.238 1.935
-215.889 -132.328 190.798 1.972
-145.276 71.966 -51.641 2.095
50.220 139.999 88.750 2.011
-156.764 -169.484 -28.704 2.181
-152.646 -172.395 194.589 1.992
145.042 183.297 38.847 2.069
8.034 -128.593 24.964 1.900
25.986 -171.419 -111.868 1.935
224.272 23.717 56.802 1.963
-189.127 115.217 -97.413 1.917
-220.728 132.073 -68.272 2.111
-8.299 -7.400 166.736 2.030
-98.068 154.658 -198.517 1.847
3.079 35.510 143.431 1.939
12.989 -38.475 -87.420 2.065
-47.841 -20.085 142.595 2.128
160.044 159.568 -100.456 2.049
-83.777 -128.090 -29.423 2.140
96.860 151.949 -193.979 2.013
161.833 -20.956 -10.077 1.875
73.021 116.220 -145.811 1.818
-216.357 157.566 -10.005 2.017
-190.424 158.093 23.027 2.062
-212.022 -41.055 -33.418 2.212
8.814 69.397 70.990 1.920
-75.351 -120.098 -138.103 2.118
85.025 158.957 -92.185 1.893
111.113 -112.355 -115.383 1.940
146.730 165.734 -174.315 2.096
-126.021 -26.875 -7.191 1.961
3.227 142.708 -174.047 2.154
-201.539 115.455 31.101 2.213
96.174 97.742 92.169 1.890
-27.931 77.920 151.369 1.964
115.054 -172.039 47.263 2.097
25.197 -8.032 38.487 1.962
22.103 -184.218 -112.679 2.115
34.821 108.809 -150.386 1.873
-94.105 -30.444 157.354 1.989
49.914 12.824 76.399 2.011
170.989 49.380 -54.390 1.783
-214.467 -93.217 6.024 1.898
40.416 -188.259 40.782 2.182
-117.211 -53.669 140.576 2.100
-184.269 -109.563 17.988 1.905
212.191 116.009 51.462 2.134
80.029 -150.444 -45.294 2.144
136.507 -162.768 -193.598 2.095
-143.775 184.653 162.025 2.171
-15.354 -40.947 -99.685 1.962
-99.908 66.342 114.609 1.809
-137.187 -1.298 -150.245 2.017
117.871 73.764 -189.286 2.147
-200.356 -71.681 -95.142 2.126
220.729 -138.194 77.428 1.984
65.215 104.235 29.870 2.005
195.240 -170.544 -63.925 2.154
-63.450 -182.545 -57.190 1.899
-127.189 135.150 -169.062 2.215
-90.807 -177.156 32.750 1.948
-182.606 172.817 -153.339 1.955
-149.432 -89.040 -199.247 2.008
-91.999 78.466 159.160 2.005
-136.705 -47.976 190.436 1.817
-127.721 113.959 189.078 2.042
70.067 -64.726 -91.874 2.127
168.092 -72.856 -8.666 2.207
-130.414 76.165 -83.025 2.101
110.781 57.757 -59.243 1.868
-19.036 134.357 -165.049 2.049
37.687 -100.751 174.595 2.018
189.445 106.738 77.145 2.049
151.835 -151.419 43.369 2.062
141.309 115.849 143.097 1.824
-188.189 -117.788 136.631 1.902
-200.338 79.762 -4.966 1.939
-90.417 -185.683 -190.744 2.011
152.687 143.685 70.268 1.800
-106.770 77.680 -7.503 1.883
122.104 -99.277 -182.785 1.829
206.283 10.395 82.468 1.966
60.788 -110.865 60.489 2.145
-171.258 -161.271 11.835 1.957
-173.206 -163.992 175.748 1.965
100.258 167.896 74.639 2.043
-130.205 -116.941 131.212 2.178
-90.655 -23.593 -121.454 2.065
-54.949 175.976 22.598 1.897
-71.806 95.413 123.830 1.847
204.306 -80.699 -169.271 2.089
-185.387 -38.695 124.139 1.979
79.913 -126.526 146.471 1.912
-214.073 -131.406 155.157 2.129
156.240 164.462 -143.659 1.934
171.574 79.479 37.829 2.115
38.619 17.537 49.735 2.071
108.854 -133.814 33.637 1.973
-80.258 -22.119 -39.172 2.002
-134.844 -16.097 88.798 1.938
219.088 -97.602 -136.650 2.051
1.871 60.380 -53.521 2.053
-11.450 21.068 -81.697 1.927
-67.688 -174.681 110.755 1.763
134.700 100.418 -164.908 2.062
-95.402 182.940 107.513 1.993
-29.908 119.634 -118.764 1.960
29.160 188.522 151.568 2.061
102.876 187.646 26.010 1.851
-10.055 -8.131 -4.501 2.242
159.955 117.495 30.018 2.072
141.494 94.878 -68.657 1.900
51.715 -104.251 -37.548 1.978
-125.823 -109.530 145.816 1.980
-223.323 -186.868 146.441 2.127
-120.079 47.943 -116.172 2.256
-91.866 -62.626 141.644 2.065
217.451 -170.632 -79.772 1.965
176.110 160.952 12.368 2.161
53.376 28.038 -88.616 2.199
104.226 86.702 -55.969 1.990
-40.297 46.927 122.221 1.999
-124.361 -153.311 -191.854 1.961
216.098 -65.392 -192.633 1.809
-191.463 60.934 51.339 2.061
20.989 -104.258 -150.016 2.040
-103.655 -39.711 137.081 2.084
-140.780 -99.733 178.250 1.944
104.483 140.400 88.287 1.876
19.933 115.705 48.429 2.033
-201.704 -38.568 153.922 2.002
172.408 -118.260 -54.543 2.045
84.588 70.079 -194.437 2.014
122.422 -78.347 -60.600 1.916
16.306 61.512 150.992 2.114
-14.730 87.472 -151.971 2.056
-199.394 -47.152 41.212 1.940
-27.443 -141.918 95.094 1.833
-70.787 -125.402 188.734 2.010
-188.243 -51.791 54.402 1.958
-177.934 123.825 -83.770 2.056
-30.204 35.760 100.596 1.994
-104.486 -173.546 189.829 2.140
-156.482 9.297 -39.640 2.068
-103.598 69.066 -75.532 1.979
-52.352 151.774 -70.358 2.060
-113.555 -183.995 -45.278 2.110
-120.847 161.741 60.302 2.114
213.556 -159.222 84.126 2.134
-39.631 -9.142 190.035 1.893
79.559 -44.512 -98.635 2.058
-114.719 -99.146 96.939 2.073
137.569 79.025 4.259 1.906
68.855 119.755 -165.097 1.906
70.358 -155.962 -103.241 2.107
42.609 81.158 157.061 1.844
17.848 -160.017 -164.513 1.769
-7.472 -146.338 189.593 1.942
-220.337 -142.019 127.823 2.089
221.325 52.656 56.534 1.890
207.166 120.997 34.845 1.899
-102.803 -154.262 81.765 1.997
-49.741 66.749 -132.584 1.975
-32.440 119.294 186.442 2.053
122.498 169.003 136.339 1.972
-152.797 -83.615 67.388 2.035
-46.349 36.490 -139.212 1.958
-148.567 96.798 -112.022 2.160
193.509 36.237 -85.960 1.974
-32.769 147.487 -21.612 2.158
-128.609 33.317 135.449 1.991
-45.731 177.609 61.579 1.826
-85.006 83.629 154.021 2.094
-89.549 107.296 -5.615 2.111
103.167 -46.138 -35.153 1.962
-121.510 174.675 -177.539 1.956
-223.735 14.311 115.222 2.011
33.677 -66.613 119.911 1.947
-12.558 139.035 153.151 1.861
4.180 97.415 195.510 1.806
-144.637 -144.816 -24.009 2.093
56.407 -127.120 44.376 1.963
-52.841 59.318 164.168 1.888
-105.997 -136.281 69.937 1.889
-224.263 -17.187 -83.413 2.061
-100.618 -58.632 -115.050 2.083
-76.769 -110.990 157.271 1.892
181.679 126.767 172.917 1.962
-157.737 37.083 62.188 1.906
194.966 42.829 -4.217 1.882
-33.952 94.524 137.342 2.064
172.274 -85.205 -193.525 1.879
-5.055 164.203 -120.475 2.153
-187.760 99.958 76.300 2.117
8.761 21.860 -118.932 1.996
-49.181 52.701 128.062 1.883
140.938 -34.118 -70.566 2.037
117.946 -106.875 -184.584 2.139
2.625 -110.418 164.380 1.896
109.880 9.511 119.334 2.073
-3.303 4.408 21.664 2.022
175.766 8.586 52.941 1.907
-128.592 182.897 -85.044 1.893
-20.486 147.250 -113.379 2.083
154.598 -65.566 4.824 1.996
-145.033 -86.923 103.874 1.981
83.321 80.829 159.943 1.898
-176.669 87.627 -39.358 2.429
-206.192 1.560 142.929 2.037
-135.551 144.673 -129.105 2.047
-173.831 27.495 22.108 1.987
175.019 -136.954 -164.780 2.092
-193.604 14.650 -152.581 2.137
-26.843 112.040 -162.581 1.927
-22.067 85.493 199.718 2.084
138.589 105.724 18.338 1.952
-184.498 34.406 6.234 1.842
200.334 -92.162 -31.737 2.078
13.270 -122.708 -114.159 2.120
-111.310 120.599 -68.672 2.063
-83.501 -109.573 87.107 1.913
85.017 92.418 58.360 1.952
-217.838 144.479 -158.132 1.876
158.011 138.930 57.455 1.908
-170.427 58.905 -140.498 1.913
114.366 -159.078 166.163 2.063
-131.366 28.269 -75.715 2.015
-48.940 -158.991 -77.052 2.006
-158.621 -33.366 -89.929 1.989
110.982 -36.359 132.085 2.098
114.874 146.237 60.655 2.152
113.473 -108.662 178.600 2.039
-142.273 46.794 3.523 2.256
-81.536 -90.950 99.951 2.047
-181.176 141.360 -65.270 1.999
-87.626 115.564 14.283 1.922
127.993 145.243 96.631 2.037
-130.249 -137.001 150.795 2.141
-202.481 31.829 151.767 2.176
-73.880 -117.313 -183.020 2.158
-11.918 -166.303 -129.175 2.203
-37.710 -66.618 49.110 1.973
222.173 100.416 4.165 1.959
198.763 -0.759 -150.828 2.098
-176.886 -90.210 -191.215 2.111
-187.671 189.162 -141.938 1.781
149.014 84.467 172.418 2.000
51.319 -167.832 29.187 2.006
75.001 101.812 -155.328 1.881
-133.719 88.828 56.564 2.084
-64.917 72.300 42.410 2.113
81.562 119.049 -176.354 2.017
165.508 171.653 1.649 2.114
-22.375 116.348 -3.602 1.746
7.258 -116.393 -94.511 1.990
26.633 105.981 13.689 1.987
-195.177 79.900 23.812 1.850
27.815 189.016 -52.603 2.113
117.703 66.415 -24.399 1.944
210.526 -142.582 -29.219 1.861
10.353 -92.254 125.714 2.094
5.733 2.026 -45.765 1.937
-19.970 132.130 75.303 2.099
-175.384 -132.698 -117.963 2.032
163.944 59.199 -111.791 2.012
159.933 122.121 -87.599 2.025
37.627 -133.772 62.790 1.971
-120.034 -49.294 63.712 2.091
161.634 -189.153 -14.055 1.916
-44.624 25.124 117.968 2.167
99.864 -42.052 78.075 2.229
-159.547 61.035 -123.649 1.936
-123.332 -147.755 -196.528 1.900
-108.676 -37.146 28.673 1.859
116.527 -104.459 -0.462 1.768
-203.025 86.842 -182.610 2.098
-64.048 112.888 118.707 1.989
-28.708 129.809 -22.764 2.015
-54.893 39.227 -40.822 1.914
-76.102 37.989 6.526 2.067
174.107 -110.249 32.307 1.997
-109.226 -135.145 -61.194 2.037
-58.878 47.034 -183.699 2.032
67.945 -117.785 28.394 1.956
123.497 134.067 -43.451 2.005
148.084 180.978 91.388 1.921
39.733 1.847 30.691 2.014
-163.023 72.330 -104.643 2.091
77.585 185.671 196.320 2.058
-221.166 -87.429 -122.949 1.947
58.462 137.530 -33.027 2.109
40.379 -179.117 29.186 2.140
8.260 -2.564 135.600 1.818
-53.863 144.310 -28.035 1.937
106.586 -4.206 -52.019 1.997
-34.889 -139.534 -122.759 2.136
173.074 129.521 48.247 1.788
149.687 177.748 186.736 2.025
-150.862 114.969 14.044 2.086
52.798 22.978 25.944 1.891
-23.017 153.379 151.350 2.004
-71.514 36.210 64.064 1.992
112.342 6.400 87.808 1.902
13.730 49.057 -147.646 2.086
-106.468 94.855 -151.624 1.948
115.292 86.085 162.149 1.809
-11.893 123.572 102.526 2.017
-190.596 -6.802 -41.825 2.026
-10.988 -151.376 -190.823 1.957
-167.212 33.605 188.174 2.105
-208.506 23.012 -110.583 1.865
109.685 -92.970 60.931 1.899
-199.818 135.437 97.952 2.079
-101.614 159.914 188.755 2.176
94.863 -144.480 -18.712 1.991
-154.635 63.497 49.249 2.063
64.720 -122.626 -8.489 1.799
-92.495 62.448 55.983 1.979
-21.029 -2.374 -82.607 2.072
106.529 -86.988 -127.415 1.938
131.776 54.973 -161.846 2.094
73.898 -125.296 150.035 2.216
135.673 178.666 11.096 1.849
43.344 -0.806 -67.420 1.867
-209.474 159.796 46.036 1.962
167.882 -189.702 155.643 2.113
-200.220 -128.279 -185.644 1.874
-207.767 120.295 -105.553 1.937
50.908 -150.988 -198.978 1.876
-124.210 141.452 52.131 2.023
50.358 -19.332 153.120 1.983
133.317 -79.589 141.337 2.113
190.861 -166.645 45.266 2.034
-141.824 -49.908 -80.739 1.965
-3.634 -54.303 15.868 2.020
215.681 -2.678 85.691 2.098
125.326 189.418 90.519 1.908
127.572 37.657 56.686 1.940
-5.674 170.489 -94.410 1.689
-115.612 73.205 36.207 1.929
86.604 -18.717 66.825 1.930
130.187 0.190 56.191 2.073
168.751 111.025 144.017 1.866
-104.069 159.751 104.340 1.976
-195.969 -144.201 40.893 2.103
-65.132 41.777 149.575 1.975
-164.644 181.538 -1.249 1.817
10.250 -132.148 -185.047 2.127
-37.492 132.085 -106.511 2.249
-167.620 80.443 109.497 1.923
155.917 145.012 -136.586 2.019
-212.502 104.373 8.695 1.978
85.648 -9.448 -57.741 2.008
4.047 -53.077 101.364 2.167
-18.799 -186.492 -16.705 1.953
-108.381 134.888 -27.097 2.057
128.460 -181.352 47.455 1.893
-67.609 187.236 -59.594 2.071
-72.750 -189.623 -134.735 2.044
211.503 -102.272 46.772 2.030
208.492 -22.901 25.781 1.860
107.625 49.406 23.722 1.950
-218.721 -26.682 -198.835 1.915
40.721 31.620 24.599 2.018
-4.959 107.402 -103.544 1.771
194.669 185.022 174.590 1.961
0.062 76.548 80.054 2.161
-7.506 82.968 76.407 1.913
163.656 -156.156 -159.377 2.095
-152.063 -113.672 134.319 1.901
-196.424 -4.906 -180.691 1.916
112.437 -122.933 120.285 2.053
33.601 22.770 71.986 2.078
114.263 -62.025 -192.058 2.094
35.797 -1.929 16.715 1.968
-113.460 -109.367 -115.693 2.031
-198.103 166.959 -15.617 2.025
