92.613 144.276 144.861 1.948
144.020 -182.691 -40.705 1.754
-129.331 -145.348 -142.323 1.996
80.956 26.296 189.292 1.978
223.486 -146.970 -163.662 1.982
191.031 -3.646 -171.513 1.978
-65.502 76.374 2.403 1.974
2.594 -11.414 -71.086 2.024
-9.213 -8.287 -71.827 2.191
35.692 -60.252 -107.448 2.004
-131.788 -81.727 -167.641 1.941
-208.193 12.288 -148.590 1.892
-218.875 -141.993 -152.958 2.112
-73.385 -29.556 -100.945 2.081
40.964 -29.868 -100.247 1.920
-134.315 87.380 -134.529 1.973
183.018 -169.889 149.369 2.004
36.287 -157.861 74.232 2.014
-174.769 -144.525 -120.118 1.981
-122.670 -5.526 159.316 2.038
221.044 166.193 -51.897 2.118
28.159 15.654 -30.238 2.011
176.030 136.634 138.368 2.063
165.300 26.554 141.965 2.099
163.835 154.150 17.648 1.934
-81.829 170.562 37.310 1.666
-74.472 50.971 134.484 2.177
207.535 112.916 32.162 1.728
36.080 108.892 25.159 1.981
-211.693 28.572 137.609 1.944
-98.952 120.406 -139.236 1.902
169.470 -73.565 13.075 2.043
-16.959 -171.595 115.136 2.144
-129.286 128.758 198.100 2.142
-57.912 -9.671 -45.054 1.916
147.126 -71.604 -90.835 2.056
-30.607 113.433 -31.312 1.982
-18.069 148.363 -61.527 1.779
195.865 -71.244 -193.753 2.022
13.627 84.355 90.147 1.840
-75.258 -116.150 108.616 1.976
90.885 79.755 -180.938 1.963
31.577 -14.082 -89.561 2.080
-204.137 100.934 11.920 2.111
-166.996 19.869 -118.324 1.872
45.493 -178.396 -59.149 1.896
55.086 -81.579 7.190 2.001
-159.379 -7.895 -118.107 2.237
59.294 171.483 183.840 1.848
6.491 -153.524 111.406 1.927
-151.886 -48.681 98.958 1.957
-7.397 -82.656 -171.939 2.032
11.186 -69.640 17.108 2.100
-184.858 58.230 186.524 2.038
66.877 165.318 -111.160 2.163
-106.664 -38.963 -84.482 2.066
-166.254 155.245 -27.395 1.982
-99.834 1.068 72.001 2.233
11.775 -149.810 -117.594 1.932
-177.996 -133.745 -149.004 1.923
-119.899 -14.330 38.945 2.081
84.600 -86.751 -158.830 1.944
-103.485 -129.512 -194.522 1.980
189.115 2.129 26.176 1.934
98.048 -59.876 80.858 1.963
76.915 -132.963 106.464 1.906
87.011 140.893 26.443 2.056
194.382 -177.600 157.501 1.946
36.585 -94.521 180.132 2.154
-216.491 10.923 -71.256 1.904
-53.230 131.624 161.517 2.070
-44.442 86.938 35.685 1.728
20.204 -109.372 -142.182 1.861
155.442 64.981 -113.280 1.887
-128.505 29.494 29.776 1.967
-101.513 -170.277 9.585 2.227
-58.372 102.842 150.376 1.788
-168.117 21.454 27.600 2.007
155.615 58.005 -57.962 2.019
-198.222 135.668 5.208 2.074
8.883 -5.834 176.323 2.058
148.432 -19.736 -114.561 1.825
-78.554 184.729 105.502 1.967
-57.786 -117.375 -120.478 1.911
-37.982 -68.881 170.517 2.071
-133.783 -177.461 121.718 1.916
175.530 83.964 -52.828 2.071
-165.614 -55.545 7.841 2.062
3.702 -17.866 56.891 2.091
51.274 -72.368 166.627 2.011
-175.536 35.413 -197.215 1.960
-69.554 138.051 -188.001 2.047
157.626 49.626 -16.270 1.927
158.376 182.808 -87.256 2.133
81.534 59.710 10.598 2.143
-118.019 188.251 -15.541 2.049
176.903 58.239 52.755 2.056
-167.311 166.979 41.013 2.123
-1.527 -103.010 -179.161 2.017
-138.683 113.145 48.016 2.020
164.396 133.234 -18.854 1.980
-36.320 148.611 30.225 1.809
-158.693 -6.290 51.971 2.059
189.405 -105.692 -9.692 1.951
-171.518 -185.693 -111.078 2.086
85.767 61.706 -121.229 2.179
144.414 18.450 -8.507 2.051
-161.787 -67.998 -30.142 1.924
-16.457 155.344 -70.776 1.933
143.333 24.096 -63.914 2.023
150.750 126.753 179.921 1.969
-132.916 94.211 -155.509 1.836
-91.972 -181.956 37.821 1.951
-93.540 117.309 40.524 2.040
-147.567 -104.675 179.170 2.071
-26.995 18.707 -2.603 1.986
-63.401 93.396 -133.055 1.983
105.943 -108.613 125.516 1.982
101.002 153.348 -42.409 2.062
178.555 -167.892 174.212 1.938
-158.818 139.000 143.729 2.159
-107.970 144.666 102.345 1.965
-150.609 -158.804 -193.201 2.066
-94.353 91.591 -10.842 1.807
-74.236 41.361 107.983 2.151
25.126 189.759 156.411 2.015
-184.031 150.808 41.443 2.039
-103.169 82.089 -103.271 1.998
-48.585 -162.400 -40.890 1.792
30.903 50.498 -24.610 1.927
208.019 -128.738 168.907 1.884
-130.487 -176.758 168.951 1.995
-94.242 184.432 124.529 1.903
-60.580 102.458 -118.319 2.125
-129.956 43.459 -105.882 2.025
-175.277 148.564 194.314 2.064
-66.249 124.135 -102.015 2.033
-98.035 105.112 -101.261 1.912
73.034 -53.410 -70.035 2.104
160.893 -89.022 142.821 2.160
-81.701 0.572 137.758 2.006
-52.724 -125.613 -59.516 2.055
199.189 -45.362 178.962 2.014
121.230 -38.853 37.769 2.065
-72.569 -44.741 -154.371 1.935
-167.292 -55.784 111.023 1.947
-83.591 138.331 -128.878 1.949
-67.293 -10.335 -99.918 2.071
-213.700 32.591 -32.384 2.101
99.367 -32.331 -27.284 1.893
107.599 -47.569 -5.601 1.984
-155.598 131.445 -54.520 2.023
-151.582 -22.074 85.463 2.034
194.899 92.982 116.141 1.982
-156.813 25.219 -0.297 1.851
168.767 152.359 -15.606 1.891
-19.672 108.729 -76.742 1.975
10.938 26.223 179.766 1.946
-192.516 -6.026 102.390 1.943
72.721 -171.541 -118.122 1.883
150.307 17.612 -80.870 1.839
-210.609 6.979 -85.405 2.192
-211.750 179.731 -105.780 1.917
-194.606 183.686 56.438 2.025
125.913 -116.720 -75.921 2.150
196.159 6.695 -88.151 1.979
206.855 179.084 -25.071 2.145
-105.147 99.298 -1.569 1.971
65.809 -153.034 107.730 2.014
-57.047 -37.865 -140.977 2.071
-100.696 172.612 -94.526 1.839
-185.428 -26.238 -52.758 1.961
-224.058 12.619 -57.290 2.016
193.906 -114.925 90.924 2.039
-165.720 -135.013 109.101 2.100
117.764 68.687 -45.607 1.829
141.897 24.851 -119.308 2.111
9.377 46.566 -171.511 2.064
105.271 104.071 -149.819 2.093
123.176 140.189 -11.817 2.002
35.449 -66.142 21.425 2.053
81.558 -40.760 80.245 1.866
-11.933 141.483 -26.243 1.905
202.391 -105.476 -163.432 2.110
220.572 -117.398 80.701 2.147
179.593 -108.909 37.269 2.017
162.972 -8.913 174.410 1.794
196.638 -18.743 -71.610 1.890
130.835 -141.618 -192.363 2.129
-222.544 -70.012 -127.406 2.035
131.259 158.436 143.287 1.950
136.682 157.597 -24.443 2.043
41.187 3.980 164.774 2.222
13.286 21.173 -182.356 1.971
187.089 148.370 -135.421 1.893
-77.625 -49.728 -18.378 2.278
200.307 154.551 -12.562 2.080
168.357 31.665 126.195 2.048
218.973 69.564 153.929 2.174
-76.443 -116.343 -159.112 1.945
-31.890 -74.538 -179.314 1.945
-18.633 153.050 -99.045 1.964
207.116 28.082 34.220 2.012
-62.065 54.064 124.581 2.075
-48.811 87.690 -131.638 1.969
184.057 103.362 -173.746 2.116
-219.456 -8.388 -55.957 2.216
32.925 -108.229 -147.803 1.828
-223.242 75.180 -179.190 2.122
-86.627 7.113 -179.340 2.036
-16.781 182.647 62.655 2.034
-58.956 138.005 -71.996 1.991
-73.147 -181.795 -113.827 2.053
154.679 -31.128 -123.149 1.966
87.329 -139.153 146.312 1.836
67.082 -105.506 199.601 2.139
106.115 -148.198 163.523 1.878
136.601 -28.568 -41.083 2.139
112.393 -54.489 110.387 2.212
94.051 -143.525 -195.488 2.049
-189.568 -150.838 110.271 1.997
-47.192 -42.448 -170.147 2.196
-164.099 -166.662 -58.015 1.848
-212.812 -3.201 -87.792 2.009
184.133 118.180 15.584 2.011
31.701 -7.454 108.975 2.043
-46.962 -77.686 -180.518 2.021
134.134 -32.464 44.285 1.935
16.878 -67.981 -176.506 1.974
-45.044 -49.637 49.327 2.055
-113.977 10.257 13.139 1.764
-211.449 -189.601 114.207 2.095
176.299 13.241 160.535 2.092
-115.945 46.116 150.324 1.985
-64.808 -30.657 61.395 1.977
100.797 -93.637 -12.633 1.958
-73.561 65.093 -97.754 1.964
38.683 -16.425 194.646 1.993
-111.949 57.945 86.907 2.078
224.760 -78.078 -87.942 2.118
-106.632 136.356 -146.368 2.088
12.672 -48.841 3.124 2.153
20.551 -112.829 -133.862 2.025
210.640 -87.906 -175.203 2.110
-108.698 -167.035 89.516 1.912
175.715 -36.009 182.527 1.963
-9.481 123.491 -140.920 2.080
-165.619 -23.478 -33.088 2.015
-93.680 -114.127 4.104 2.099
87.251 -79.194 -161.706 2.034
-25.565 -129.993 -40.092 2.080
58.588 51.986 84.390 2.046
116.616 -68.935 -59.874 1.915
-149.002 97.442 -174.504 2.121
-166.917 106.377 -98.482 1.913
-187.627 -127.375 173.917 1.990
64.933 122.842 103.093 1.889
82.701 -141.728 -101.093 2.054
213.050 -92.578 63.031 2.043
-123.398 -153.437 58.377 2.070
35.428 -126.203 -196.123 2.059
-111.098 121.027 93.379 1.968
0.504 158.170 -186.668 2.088
148.806 174.697 48.007 1.893
-224.610 60.365 27.581 1.964
-107.655 -48.236 189.014 1.985
104.591 -141.669 198.582 1.972
-19.222 87.630 70.389 1.990
190.008 -151.290 -57.691 1.993
-0.418 30.934 2.088 2.063
-118.799 -148.092 -84.525 1.887
-15.135 126.736 -67.086 1.931
-90.706 -157.061 -187.747 1.895
-190.548 -163.151 -155.249 1.917
47.592 27.787 -91.815 1.944
-208.921 145.884 -183.082 1.897
-109.643 187.575 142.627 2.178
-74.821 1.885 -51.680 2.098
-139.246 146.185 -25.093 2.202
173.666 107.297 -122.042 2.005
15.522 -62.786 164.945 2.026
-126.537 -5.474 -159.863 2.048
35.288 22.670 139.306 1.932
3.210 -49.482 154.271 1.814
-221.637 13.972 21.476 1.948
-193.355 111.214 71.435 1.920
-129.686 104.928 137.780 2.075
-192.331 -107.334 34.501 2.150
203.629 23.626 -45.792 2.041
182.041 -147.243 -22.192 2.114
49.648 99.330 163.738 1.794
-68.237 16.733 27.517 1.965
-68.557 -154.920 88.071 2.089
-87.857 124.426 -147.535 2.044
-141.418 157.134 152.218 1.956
18.763 35.852 -20.592 1.892
25.944 186.215 -20.117 2.109
-175.057 -115.808 -132.911 1.841
-53.461 -168.339 -9.482 2.049
81.792 170.430 160.957 1.849
157.622 12.248 101.696 2.048
-3.917 167.313 -96.133 2.070
15.127 73.605 -195.441 2.078
1.405 187.154 172.381 2.069
95.918 -179.109 -133.255 2.077
166.565 -178.881 -70.606 2.010
206.592 7.999 -190.184 2.130
-205.582 -19.988 -13.612 2.144
-195.618 -100.767 119.368 1.932
-155.749 76.076 -23.353 1.914
-219.583 18.886 -100.151 1.935
-75.653 -166.367 -196.726 1.915
-106.793 176.673 -160.006 2.106
180.680 -162.630 48.942 2.022
126.395 1.441 142.854 2.025
-0.735 -145.192 67.555 2.065
213.470 43.016 -55.210 2.115
77.324 -70.003 -87.224 1.964
76.254 120.495 87.046 1.963
133.254 10.490 134.961 2.021
-138.899 -58.125 132.131 2.165
-176.086 -41.952 -40.978 2.091
141.632 95.429 -70.296 2.045
-93.174 -85.197 -117.144 1.924
-125.245 162.230 -22.335 2.000
44.785 -122.886 -40.035 2.080
97.087 -111.083 -88.132 1.949
-91.022 64.077 27.887 1.979
115.685 -187.288 5.843 1.963
-139.808 -101.005 154.188 1.878
-212.712 135.603 165.799 2.029
37.467 154.807 -174.796 2.077
69.030 109.682 -149.062 1.914
83.933 -128.574 178.617 1.763
-203.399 -56.496 -187.956 2.001
108.387 -158.296 194.753 1.886
-206.168 -121.812 -191.134 1.883
-209.798 69.750 -13.208 2.033
-51.442 -43.999 -86.221 2.027
-5.654 -24.674 -37.658 1.910
199.420 -160.092 84.077 2.042
-92.131 14.649 72.915 2.036
2.692 118.256 25.577 1.944
-214.418 93.431 85.506 2.136
52.720 -58.231 -45.195 2.067
-163.335 58.884 70.079 1.971
-178.045 -0.506 27.680 1.987
61.053 -3.982 -20.992 1.952
56.507 -175.237 -24.509 2.134
164.318 100.463 -185.489 2.034
166.123 -139.858 -21.416 2.054
-48.941 -156.072 25.669 2.114
-52.473 130.293 -133.228 1.917
176.731 -178.305 -173.128 1.926
-149.728 186.759 -128.387 2.213
2.148 -45.786 14.256 2.148
175.755 2.271 158.801 2.092
-187.237 62.575 147.985 2.099
-142.275 167.815 191.577 2.132
162.720 181.588 59.469 2.051
-88.170 186.323 -161.321 2.157
-115.759 -186.918 9.877 1.993
-166.713 -149.121 187.643 2.163
-100.847 36.557 158.741 1.992
-163.997 -6.833 5.365 2.166
-68.227 12.800 -99.271 2.262
214.754 2.004 -144.261 1.938
64.004 -188.238 139.744 2.335
32.517 88.118 -141.115 2.050
220.203 -121.210 151.742 1.804
190.213 72.993 -157.999 2.097
76.424 -13.852 160.589 1.918
7.933 -158.930 -43.353 2.221
-166.512 -94.327 87.047 1.940
142.945 -118.234 -117.102 2.040
82.209 100.790 -13.479 2.091
117.825 -167.490 187.559 1.834
204.326 -86.220 194.629 1.827
-177.065 -4.377 108.621 2.256
43.660 -147.465 158.023 1.946
-8.999 -167.166 -79.692 1.901
171.197 72.500 199.513 2.004
40.208 109.114 3.513 1.965
-220.714 -98.377 58.192 2.062
-78.754 110.856 -14.497 2.044
-18.464 138.718 33.900 1.819
-14.539 128.519 -173.354 2.034
-93.855 -186.142 -143.341 2.045
-220.615 139.690 111.603 1.971
-124.205 95.560 133.548 2.086
-206.419 104.782 70.837 1.875
-38.080 -4.610 47.117 2.003
176.787 -3.205 -67.547 1.751
93.423 -121.647 -190.752 1.974
172.784 173.529 172.324 2.095
56.215 -6.878 71.395 1.928
89.937 149.532 7.197 2.118
57.492 115.702 105.568 2.086
-165.846 -148.788 -42.765 2.097
-155.881 103.478 -93.120 1.852
195.092 -162.004 -185.945 1.884
-101.789 -120.156 -75.380 2.061
-93.411 -149.249 127.972 2.093
30.950 125.398 105.484 1.932
29.070 163.965 49.938 2.179
195.440 126.348 70.331 2.013
195.205 61.785 -31.071 2.117
192.601 -185.262 148.253 2.081
88.512 -100.628 -176.114 1.795
185.675 99.686 7.572 1.987
-59.243 -128.566 -104.630 1.999
3.073 -62.357 -153.836 2.079
-186.280 -145.444 -74.474 1.897
-37.793 72.660 -195.526 1.994
56.732 49.880 -142.365 2.193
184.911 124.985 81.069 1.827
10.587 4.116 -156.808 2.051
222.993 -79.052 172.191 2.057
-100.354 -15.110 -131.692 1.922
55.128 -83.280 -182.832 2.115
-2.341 -57.482 -197.046 2.151
53.357 162.998 151.278 2.029
-153.024 87.106 -102.238 2.066
213.400 65.437 30.643 2.126
-20.660 28.383 12.960 2.092
8.927 -104.418 -196.939 1.938
-75.659 -75.711 152.573 2.052
-128.000 182.092 -0.122 1.995
215.115 -155.478 45.848 1.927
-176.291 -181.320 -117.882 1.979
-20.979 4.368 16.665 2.126
151.622 -121.118 180.219 1.945
-80.793 77.716 120.196 1.997
-191.390 -188.856 -29.559 2.097
-113.558 46.969 48.640 2.156
-76.628 140.830 111.811 2.008
-107.722 61.427 14.119 2.091
9.426 -8.450 53.045 2.008
-75.924 4.123 195.198 2.108
-105.204 -92.606 166.020 1.865
-166.529 -0.014 26.370 1.911
-67.929 -15.232 -2.358 2.011
11.446 50.754 -146.656 1.785
204.375 96.818 -64.626 1.976
-93.413 -121.958 36.123 1.992
-32.907 160.365 -102.911 2.054
-137.831 -117.756 -39.611 2.041
-63.383 50.839 -140.319 1.905
107.205 -110.329 -88.406 2.052
-108.193 -16.876 87.721 1.898
-196.021 95.590 -95.059 2.113
129.898 93.432 -7.328 2.216
-22.278 -19.510 -187.069 2.061
-208.136 -165.394 -63.186 1.956
-11.424 -27.863 -183.778 1.863
-58.615 -37.437 -10.994 2.188
109.036 -55.669 -67.310 1.715
182.343 119.900 -186.777 2.011
115.864 146.156 -11.172 2.025
57.936 33.678 -114.402 1.903
94.774 -129.076 71.729 1.845
117.855 135.364 162.441 2.028
13.447 -176.755 -84.727 2.034
-25.793 99.779 -187.659 2.090
19.861 -119.649 158.766 1.741
79.281 12.946 148.034 2.048
126.256 37.186 -124.396 1.987
-175.077 170.923 -70.966 2.056
25.025 -181.902 -100.172 2.084
112.761 -84.272 -165.101 1.965
184.040 33.775 171.510 1.977
174.387 -26.150 173.827 1.944
-9.139 129.469 -77.589 2.034
-51.323 -159.145 129.672 2.025
-134.042 46.663 39.037 2.001
-216.198 178.790 -52.224 2.092
126.017 143.994 -186.399 2.051
-94.115 161.968 95.984 2.087
224.310 119.582 -77.401 1.979
181.706 -47.862 62.120 2.067
-175.952 -116.686 133.262 2.048
70.638 60.722 -58.936 1.845
-134.379 109.615 36.318 1.991
71.005 102.070 -81.206 2.114
-27.047 -109.387 72.993 2.019
179.636 20.372 -70.229 2.255
155.962 66.989 77.030 2.163
169.262 5.913 -1.058 2.004
211.712 -151.996 3.698 2.083
-189.404 113.955 190.533 1.876
-214.738 -113.114 195.539 2.071
-210.139 107.646 34.307 1.837
-175.561 -32.515 -122.100 2.085
24.017 138.154 -56.418 1.873
74.096 -154.193 38.230 2.089
69.093 -122.851 160.853 2.072
-200.159 57.904 -170.984 2.200
132.013 -12.440 -150.137 2.154
182.379 -147.897 -49.296 1.941
157.862 -90.072 -147.031 1.842
138.113 -186.328 -84.611 2.014
179.788 184.590 124.868 2.137
-27.134 59.583 98.697 1.865
158.608 -132.622 -86.731 1.953
117.230 180.345 136.679 1.954
187.400 93.048 -93.612 2.055
222.516 87.338 113.339 1.996
-101.665 81.094 -41.611 2.053
-218.444 159.384 2.024 1.917
223.227 -121.919 -38.641 2.066
122.434 4.879 -164.827 1.878
105.315 66.888 -98.596 1.933
27.324 102.531 -112.973 1.759
27.360 -37.572 -64.444 2.034
-126.998 -174.416 -198.302 1.888
-101.775 30.918 63.822 1.901
-130.436 161.319 -62.164 2.167
-210.743 42.792 -55.139 2.060
-80.021 115.980 89.472 2.030
5.446 185.371 123.087 2.027
-100.122 44.880 100.922 1.919
28.366 18.062 83.853 2.018
47.868 166.325 184.283 2.101
-106.583 20.199 -64.135 1.797
202.347 122.087 144.315 2.099
-59.441 -151.061 -21.570 1.921
213.105 100.324 158.849 1.976
1.760 76.536 59.532 1.734
184.351 94.276 -92.888 2.012
82.882 79.645 67.076 1.751
164.835 108.493 29.516 2.013
-28.937 67.326 -199.211 1.881
107.602 -58.086 -157.367 1.969
59.686 60.938 -43.061 1.928
-50.307 -152.554 -105.220 2.011
-190.135 18.645 -0.410 2.057
-100.015 126.473 -47.946 2.011
171.197 -181.387 77.272 2.047
-44.419 -91.668 -150.090 2.060
-201.026 -128.799 -15.567 2.039
-179.544 -170.897 -54.447 1.976
68.537 172.981 -148.074 2.004
-224.505 140.922 -176.267 2.006
218.557 103.852 72.334 2.030
82.249 84.235 150.548 1.767
-80.594 30.617 79.397 2.026
63.496 -142.416 -92.476 1.831
-150.903 -53.710 -196.281 1.907
-65.478 10.327 -115.520 2.071
-106.218 8.970 -92.830 2.054
216.165 75.808 91.674 1.912
-44.379 -30.996 -132.846 2.095
81.043 -75.478 14.740 1.980
-118.642 -25.663 -93.952 1.971
-25.848 108.195 46.955 1.981
-77.472 -96.530 -171.010 2.157
29.697 162.365 -182.078 1.884
-6.787 31.575 11.563 1.922
15.124 -142.187 -169.489 2.095
45.454 -112.567 -113.503 2.089
-206.557 108.277 -185.728 1.920
-149.926 -169.988 -79.148 2.237
-149.762 -65.860 168.952 1.979
-212.562 28.426 84.462 2.002
-35.922 -17.998 -178.715 1.979
192.179 -82.325 -142.999 1.946
-3.896 61.734 -11.787 1.917
-3.817 -145.149 142.075 2.077
-198.221 45.361 38.348 2.026
139.449 170.264 -4.829 1.980
1.131 44.621 86.541 2.268
-188.260 -56.024 -166.330 1.927
135.158 189.297 141.453 2.191
130.286 -40.010 112.375 2.052
93.610 138.839 107.002 2.105
-144.234 -140.853 -75.004 1.989
-141.285 -49.411 -189.041 1.996
148.120 80.175 -3.979 2.045
8.941 73.954 -17.053 1.894
-47.379 129.674 149.238 2.129
87.376 -135.330 132.394 1.933
161.716 150.703 -43.501 1.943
-189.975 -160.838 60.452 2.061
163.285 101.188 135.252 1.979
-215.408 -126.233 -31.985 1.982
5.996 -115.951 -132.768 1.976
178.161 161.991 35.142 2.033
43.099 -111.638 198.871 1.896
63.721 3.223 -24.896 2.190
52.871 -44.488 42.995 1.901
-33.058 114.964 74.154 1.969
-58.717 -31.440 156.184 1.958
163.939 -165.740 -105.366 2.249
95.673 3.782 -2.538 1.984
170.195 -180.880 -68.934 2.166
24.103 40.116 112.361 1.953
114.517 -21.340 60.930 2.079
-19.517 51.063 -150.989 1.982
196.173 -116.444 -13.198 2.132
-179.820 36.825 34.400 1.998
201.422 1.554 30.446 1.913
-207.373 -16.798 -116.613 2.058
153.892 92.242 -42.495 1.928
-194.213 145.087 -16.640 1.994
31.208 35.747 124.199 2.098
-128.036 -63.865 -60.993 2.190
179.095 112.338 -20.914 1.971
-31.242 117.776 51.049 2.199
129.854 -85.475 133.419 2.150
117.902 27.675 162.049 1.905
87.861 160.953 -113.232 1.879
-38.637 6.509 -146.418 1.960
189.187 19.030 131.580 2.024
167.110 -176.691 169.788 2.078
151.076 -133.660 16.296 2.044
-113.059 -2.192 103.848 2.141
14.756 -24.501 -153.447 1.996
33.851 37.147 -199.752 2.113
83.452 -117.641 182.478 2.137
-160.033 159.386 -85.223 1.951
-42.584 137.573 -111.864 2.123
-206.636 -189.433 -5.319 1.893
-214.747 27.394 -83.148 1.836
-194.022 -102.125 -133.178 1.856
-217.312 -98.209 48.562 2.182
-94.640 -44.780 128.032 1.862
142.608 100.322 118.400 1.953
-33.752 176.411 -176.008 2.027
-153.432 -115.406 -127.895 1.966
-208.984 48.164 172.570 1.887
-157.652 5.272 -165.556 1.945
115.345 -145.643 75.483 2.111
146.957 -171.744 -190.741 1.947
79.243 56.303 -84.642 2.019
191.979 -12.299 -45.090 2.217
-212.476 -167.128 118.235 2.038
41.274 -155.010 110.749 1.866
-15.611 115.218 -126.207 1.945
-186.080 -18.148 -27.199 1.939
-203.581 -170.646 76.304 1.978
-212.704 -167.540 -88.978 1.942
-179.785 -63.835 -99.113 1.747
-6.591 68.248 75.500 1.887
-185.991 24.029 94.216 1.826
170.990 -126.404 -1.550 1.970
-28.525 14.499 -7.266 1.902
-123.800 -23.315 -174.595 1.920
105.963 -12.184 -111.210 2.089
90.590 -119.581 -135.937 2.233
-181.528 -68.798 -83.297 2.112
19.319 -187.736 -79.991 1.953
157.640 179.611 -9.102 1.987
16.569 -94.689 172.273 1.851
-201.667 -111.474 124.111 2.004
129.448 59.581 56.361 1.941
68.141 87.312 -46.649 1.851
-112.118 35.651 190.450 1.932
-205.994 141.750 -95.094 1.851
-142.482 129.977 -153.285 1.885
-50.377 -68.519 -75.850 1.970
217.888 -37.141 -59.610 1.813
-220.736 111.164 -109.690 2.100
206.987 -142.391 -71.882 1.961
68.278 73.701 -156.421 1.928
164.973 -171.848 137.562 2.094
-3.140 164.055 -148.467 2.035
-45.445 13.192 -3.248 1.984
52.314 -5.065 144.547 1.973
-21.444 23.567 160.609 1.834
-95.891 136.089 77.987 2.006
126.554 -26.207 37.580 1.898
-98.883 34.631 -182.460 1.925
-56.648 -29.606 183.337 2.118
-139.422 -54.448 141.660 2.103
134.715 8.450 140.248 1.883
-79.494 -65.096 -21.810 1.984
18.908 -68.540 -133.989 1.986
10.866 -12.857 -87.927 2.012
152.882 -114.167 -69.811 1.999
14.641 -159.557 -95.851 1.823
1.122 -18.587 130.957 1.930
-162.445 -163.249 41.152 2.144
54.329 -16.935 -12.499 1.872
186.286 -3.498 -31.143 1.996
-172.798 -137.604 141.771 2.207
-163.432 -121.544 16.338 2.052
-83.002 -69.659 -16.504 1.986
-178.388 69.636 -163.400 2.046
13.526 -63.130 49.054 2.054
-92.922 -127.758 1.719 2.021
-141.988 137.166 -179.670 1.897
185.043 188.039 112.113 2.115
-106.686 -165.440 195.668 1.906
153.861 6.599 73.111 2.017
-222.759 -129.234 84.690 2.044
172.520 166.837 187.637 2.074
111.401 157.818 -147.830 2.127
-14.830 -47.944 175.924 2.045
200.732 -180.581 -133.230 1.983
47.502 5.532 -175.901 1.980
-72.400 -62.651 196.893 1.947
-82.460 168.177 90.424 2.070
-219.441 14.952 102.777 1.827
-95.561 -38.640 -84.306 2.139
165.793 -113.060 -89.250 2.066
168.517 44.569 179.366 1.850
100.856 -47.524 181.363 2.157
-160.806 -119.187 -95.948 2.136
-20.350 55.824 9.868 1.943
223.114 -39.540 148.077 2.081
-199.969 -73.704 138.892 2.077
70.589 -118.427 -52.319 2.137
114.606 -155.819 158.695 2.071
-72.051 182.599 -140.817 2.218
167.173 96.772 154.942 1.961
-153.629 1.077 -38.449 1.888
-24.305 -89.752 92.876 1.991
172.104 180.755 159.134 1.992
12.415 -120.989 -180.895 1.897
-12.560 -22.847 -186.030 1.978
-139.877 -41.038 -150.390 1.891
-92.816 -62.547 -17.890 1.956
41.957 78.131 -81.163 1.974
-178.774 58.854 101.598 2.001
-164.679 -22.017 -157.162 1.885
218.412 181.545 117.340 1.983
-205.019 142.454 194.219 1.886
42.519 51.136 -6.212 2.143
195.203 181.287 167.891 2.060
-171.087 82.877 -72.004 2.062
97.251 -170.536 102.521 2.134
146.380 -42.702 104.213 1.789
-7.948 167.472 -142.260 1.985
24.980 -40.007 -190.771 1.845
53.417 110.819 -89.844 1.934
-136.768 156.216 46.801 2.100
-85.541 -187.566 -97.575 1.882
-133.234 -102.546 157.962 2.026
163.907 -39.382 27.297 1.906
-180.373 112.732 38.661 2.033
-153.046 -11.560 -55.078 1.834
120.326 15.403 -39.241 2.181
216.623 67.369 135.136 2.019
81.842 185.743 -64.216 2.027
-183.879 97.896 -158.070 2.000
176.481 -14.160 172.892 1.916
105.708 180.525 -175.026 2.037
-9.704 134.244 40.636 1.863
-145.496 39.696 9.362 1.933
-49.210 -148.606 173.530 2.056
-154.584 -165.373 98.791 2.067
-67.245 116.226 27.289 1.938
-10.255 -148.408 -171.280 1.850
-137.576 -80.394 133.516 1.888
123.835 -117.034 -199.546 2.062
-75.399 40.230 178.790 2.059
-16.480 -138.766 -96.616 1.983
-202.230 26.209 -91.073 2.155
-58.850 175.498 -136.855 2.068
-36.363 94.552 -90.146 2.114
-211.872 -88.390 178.587 1.963
196.442 59.513 106.197 1.874
-107.488 -44.052 94.831 2.032
135.171 7.002 99.833 1.864
91.555 -178.154 -109.671 2.006
-44.512 10.634 -152.289 2.234
-100.424 -49.333 135.233 2.079
178.032 163.487 -169.420 1.975
44.322 140.233 157.406 1.963
-90.837 -116.407 198.726 2.257
26.548 126.559 -27.095 2.091
50.133 -100.809 41.164 2.027
-35.357 -32.936 190.140 1.937
-87.716 189.618 189.577 2.003
53.514 -119.156 -143.126 1.967
-30.344 11.733 122.832 1.896
-62.891 109.349 -42.847 1.902
-75.018 22.887 23.152 2.021
-13.538 -172.668 -172.499 1.867
-121.500 -164.854 57.339 2.047
-202.770 111.862 -103.539 2.014
-97.430 153.847 -56.018 2.074
-72.747 -72.267 10.702 1.936
16.161 148.380 64.841 1.895
9.390 186.829 -28.322 1.942
127.136 -73.313 1.540 1.981
14.247 48.612 116.728 1.879
186.510 -20.841 0.701 2.096
61.245 153.113 -40.557 1.899
180.627 140.275 15.743 1.858
198.171 59.193 -105.416 2.014
-72.756 108.655 -181.694 1.959
-171.696 103.246 -160.232 1.846
86.726 83.585 31.121 2.014
24.555 104.267 158.368 2.194
-214.819 184.255 -126.159 2.101
-200.281 123.276 189.749 1.865
17.139 169.283 73.936 1.876
-81.492 64.720 2.733 1.883
-154.427 -27.943 -103.779 2.036
123.123 -152.386 113.790 1.953
-74.293 -129.638 -109.389 1.983
-3.819 83.039 -129.990 2.120
-24.535 147.762 -157.046 1.862
50.836 -101.803 127.264 2.013
-51.968 83.149 198.161 1.924
87.003 -55.167 178.897 1.997
180.178 -22.427 148.230 2.098
91.363 41.089 57.818 2.170
221.177 166.775 -12.335 1.978
51.538 88.137 -165.573 1.980
-65.606 -117.350 46.382 1.894
40.942 -153.120 8.290 1.904
178.385 183.289 -112.971 1.808
-178.847 -30.731 -102.626 1.903
135.982 -14.012 -194.080 1.852
-28.166 -140.749 67.643 2.254
76.966 119.795 79.237 2.066
210.350 169.833 51.060 1.893
-210.512 42.474 69.779 2.023
-207.733 170.727 -143.590 2.103
185.625 119.295 -164.272 1.869
-203.967 161.924 -81.476 1.729
-156.247 18.036 69.347 2.153
-219.825 36.404 -96.406 1.866
-86.026 -11.981 133.473 1.926
-106.734 -103.980 53.337 1.985
-108.060 172.837 -73.580 1.854
18.843 -10.048 74.051 2.081
75.353 33.592 -71.799 1.979
-209.726 -92.021 137.339 1.970
-115.460 -22.488 -79.121 2.026
196.570 187.279 33.448 1.901
-153.805 27.912 -65.000 2.095
132.852 56.632 -174.606 2.273
-144.147 132.405 80.970 1.912
-76.687 -5.724 -82.834 1.971
-54.185 40.613 -46.787 2.117
-70.163 158.686 -15.662 1.983
180.901 67.160 166.597 2.074
181.819 107.678 -115.394 1.972
82.156 -103.476 -43.797 1.918
-73.145 76.792 159.674 2.075
128.775 -127.006 -42.977 1.860
139.412 100.840 -125.800 1.830
-148.452 -179.640 -11.960 1.945
-89.834 -139.670 -49.371 1.809
-169.148 52.682 -89.086 2.046
-161.911 83.552 -14.242 1.778
43.184 169.219 82.410 1.915
-51.900 -36.218 -54.855 1.866
188.777 -78.166 128.734 2.088
188.952 -156.073 149.469 2.032
91.331 90.934 161.640 1.954
-0.852 -48.788 -193.901 2.077
-209.522 -186.970 -28.798 2.004
63.926 146.204 151.321 1.944
-215.151 -99.937 99.072 2.088
85.955 -144.870 113.695 1.910
-219.151 -160.252 177.965 1.919
-58.011 -143.942 104.017 1.940
150.779 -117.952 194.794 1.939
161.867 -53.161 -107.200 1.978
4.391 62.585 -136.844 2.021
73.487 167.957 182.244 1.849
-81.239 -183.958 -99.301 1.936
-211.280 -13.035 -198.667 1.971
197.307 146.703 -9.291 2.143
128.783 -30.643 18.658 2.032
-122.239 50.656 -100.613 2.018
-88.831 143.141 61.988 1.973
-9.739 86.654 26.933 2.083
119.534 -33.938 -24.192 2.033
-150.019 30.346 57.769 2.019
-126.710 -50.582 169.772 1.834
-108.516 -159.330 -144.565 2.012
-79.566 88.107 -107.031 1.980
-80.496 -120.300 -130.647 1.926
210.963 -50.540 -73.223 2.115
-118.658 75.821 12.108 1.903
48.077 -139.250 -93.866 2.101
-67.292 116.416 -94.859 1.945
-199.683 169.681 94.412 2.131
207.561 155.405 -162.030 2.055
82.470 86.606 -48.846 1.873
-159.916 -52.889 -34.726 1.970
-134.774 -113.688 110.964 2.006
192.824 181.943 -44.908 1.969
-60.503 -178.155 77.747 1.941
-98.334 75.791 -89.798 2.061
145.527 -123.925 195.808 2.037
215.653 131.324 116.057 2.080
122.356 167.313 -199.673 2.035
23.382 116.004 106.963 1.960
116.729 -37.802 -51.944 2.002
127.116 24.800 9.998 1.932
-33.461 -118.234 116.746 1.908
-165.727 -158.817 -154.800 2.146
216.723 140.795 -195.834 2.095
-6.308 104.137 -152.871 2.146
-214.226 -45.968 -157.013 1.922
-96.567 -124.746 -77.035 1.829
-66.959 -169.433 39.324 2.069
-176.363 -69.236 92.227 1.905
-45.512 -166.819 -53.054 1.895
-76.080 -97.348 164.494 2.082
-11.085 80.981 -15.307 1.827
-198.452 -188.177 182.147 1.923
-160.908 105.807 119.591 2.042
176.279 81.955 108.142 1.949
-30.145 -20.156 58.463 1.962
-88.292 -19.843 72.546 2.035
61.070 -33.610 -16.451 2.120
-124.244 -25.359 119.798 1.888
134.949 120.027 149.907 2.125
-216.723 -20.114 -80.310 1.929
152.648 -77.901 138.039 1.937
-10.961 -18.112 150.438 1.989
76.932 -177.736 134.099 2.109
161.652 40.718 -122.334 1.960
176.269 32.906 -196.677 2.017
-9.582 121.313 4.766 2.132
123.450 46.235 31.813 1.877
-46.290 -8.618 -22.207 1.842
-78.588 -7.209 -72.321 2.030
146.246 81.531 -114.951 2.032
-197.525 -42.614 -57.423 2.113
49.115 -17.389 -57.645 1.964
170.049 -44.109 -129.566 1.856
58.447 152.411 -137.162 2.110
-206.887 -71.518 -64.366 1.969
-59.586 -67.844 174.742 2.025
-134.756 78.866 154.400 2.018
176.150 120.840 -24.399 1.898
-110.677 -56.991 -153.473 2.202
164.077 33.670 187.072 1.893
-22.819 -143.972 147.704 2.020
-6.210 103.551 -113.504 1.962
130.239 -122.747 -136.934 2.194
-151.051 108.121 -198.272 1.952
75.179 5.497 -163.857 1.958
-103.492 -169.024 133.181 2.043
-203.302 -132.573 72.236 2.006
-42.658 -189.003 67.151 1.740
-193.032 65.488 -86.328 1.993
-11.819 -189.729 100.291 2.100
-82.151 -149.708 -7.345 2.048
73.428 -29.143 181.725 1.941
-83.694 -126.957 130.616 1.966
-42.324 -39.154 189.894 2.045
189.914 94.668 122.828 1.918
191.639 -59.666 164.140 1.996
195.479 -133.730 -9.523 1.939
38.946 -117.215 86.385 1.824
136.638 -53.837 155.582 2.052
-85.293 58.206 139.154 2.147
-52.515 -27.502 21.735 1.883
171.375 17.369 -195.791 1.997
48.156 -62.361 -17.907 1.985
-59.588 158.581 94.353 2.021
125.121 127.459 10.116 2.111
88.556 -43.774 160.144 2.123
-180.407 69.667 168.246 1.955
-44.489 -34.151 143.787 1.939
63.265 -182.604 18.492 2.034
-26.977 37.726 -32.565 2.045
-159.751 -133.254 -127.928 1.973
215.586 -135.810 50.890 1.958
-146.169 75.367 190.717 1.871
106.956 54.613 4.245 1.898
-152.552 -128.608 60.338 1.756
-221.124 -135.840 43.454 2.020
199.343 -90.797 72.285 1.938
-18.338 112.854 -14.660 2.026
46.229 83.448 -24.841 2.008
-216.074 103.387 178.375 2.000
-23.313 129.843 -109.703 1.926
-113.619 -148.264 84.127 1.874
-18.605 -34.534 -113.367 1.983
56.283 -99.800 -97.270 2.178
154.971 -62.234 163.493 1.920
30.324 -147.648 -29.590 1.930
20.503 98.840 -56.570 1.950
6.955 -102.939 -124.193 1.942
-157.335 140.367 -137.596 2.068
100.340 19.689 58.488 1.939
-36.069 -86.224 176.750 2.062
-39.163 163.049 -194.477 1.992
-7.893 80.024 -7.381 2.270
46.092 141.248 171.362 1.875
-29.333 86.903 -71.518 2.100
-69.841 -29.546 -92.876 2.003
95.954 93.758 90.592 1.904
-203.908 -158.412 135.402 1.870
-205.852 103.783 68.288 1.798
36.309 -6.761 -11.781 2.087
80.867 -164.219 52.569 2.054
-92.295 -136.756 74.404 1.943
5.273 -2.455 179.864 2.179
-31.395 183.779 -8.921 1.967
