-67.447 -172.876 -0.042 1.951
-82.516 89.565 134.395 1.933
-58.347 160.667 82.116 1.938
93.334 115.139 152.365 1.942
46.306 -22.931 -17.088 1.911
-197.513 40.523 66.980 2.101
-180.148 85.718 -128.147 1.970
126.725 -117.904 -125.363 1.871
50.795 -20.896 137.958 1.940
-130.792 178.939 -64.626 1.911
173.401 117.675 41.303 2.068
-23.878 69.590 -122.752 2.065
-137.539 -164.244 92.736 1.979
170.631 58.620 -23.157 2.121
-85.294 -51.896 75.489 1.904
-12.780 178.842 39.100 2.065
-160.889 177.778 -184.456 2.024
87.221 98.958 50.206 2.060
-96.077 27.833 117.684 2.069
-111.646 -158.126 -77.029 2.132
-148.721 -124.030 -54.765 1.963
-40.967 168.886 -188.725 1.876
170.216 -143.651 176.177 1.976
204.161 -15.267 -177.840 2.142
-31.615 -112.706 -42.045 2.100
82.711 -101.829 58.048 2.120
-224.827 -86.960 6.403 1.808
5.004 -46.798 -10.661 1.955
-223.999 87.782 122.504 2.055
-66.886 -92.985 -147.361 2.042
-168.041 108.427 -24.364 2.077
-177.168 -120.795 20.943 1.995
-110.620 51.791 -73.508 1.796
221.884 -86.386 32.753 2.000
102.935 101.284 -45.305 1.980
-218.213 -6.529 29.025 2.062
51.972 -146.437 -20.187 2.014
107.624 -94.579 91.755 2.012
-30.737 -51.557 -149.521 1.998
-64.318 -42.175 -47.923 2.124
203.943 119.359 197.522 1.950
179.509 -126.787 121.261 2.088
-118.966 4.777 -135.852 2.141
162.983 188.483 66.527 1.945
146.629 150.648 -64.098 1.961
123.018 -123.865 -10.033 2.030
108.405 -182.711 -139.232 2.175
224.811 16.040 190.247 2.033
-111.723 -113.376 77.111 2.047
65.724 181.566 -104.267 1.917
-147.518 -42.096 -89.417 2.065
-83.580 -49.106 -120.752 1.962
-2.246 174.572 -170.158 2.074
35.608 -35.305 59.721 2.088
61.819 -56.307 117.808 2.217
126.467 -134.914 57.061 2.111
-98.131 147.146 -178.356 2.095
9.814 -21.851 -58.017 2.170
204.241 184.542 -47.758 1.952
119.964 -130.897 123.881 2.025
32.178 -147.843 79.584 1.868
75.771 -151.090 176.125 2.015
-50.905 166.305 -110.384 1.769
-77.149 -0.398 94.643 1.966
151.941 147.859 -156.673 1.969
5.477 -79.675 -5.368 2.162
200.457 10.127 -187.150 1.937
117.574 186.809 -145.857 1.963
-79.069 -120.001 77.390 2.004
-125.213 -112.359 20.650 2.085
-6.288 164.032 168.244 1.973
168.040 32.031 -157.424 1.903
44.521 -15.135 -196.844 2.030
17.582 61.634 27.451 2.139
-87.702 -172.211 -183.882 1.999
-157.251 125.035 -163.237 1.944
53.149 163.380 65.864 1.891
-221.677 -42.029 31.106 2.151
96.002 -0.217 149.683 1.871
-224.441 134.801 -81.036 2.044
-37.847 102.517 -87.354 2.037
129.321 -94.106 17.968 2.102
-152.301 -53.620 -94.529 2.000
159.994 -153.896 138.431 2.022
122.770 100.467 105.443 1.978
63.372 72.289 -160.031 1.950
199.358 -0.073 180.603 2.028
118.561 123.993 -88.735 1.997
-78.437 -139.271 -148.962 2.079
185.117 35.391 -32.052 2.136
67.059 184.531 186.067 2.043
-131.643 159.798 -62.661 2.132
-224.078 158.322 -126.585 1.969
-174.984 -54.242 -170.524 1.903
173.232 177.842 189.132 2.033
3.696 -74.553 161.304 2.066
-42.634 -49.099 -54.111 1.913
66.545 -126.906 143.420 2.314
-186.627 166.491 -106.133 2.041
-83.716 -156.951 -91.292 2.046
-66.307 146.192 53.572 1.816
-121.707 180.594 127.952 2.092
-172.105 -170.243 16.191 1.959
-49.211 -16.432 -83.183 1.986
-209.159 -121.074 102.061 1.989
-59.676 173.101 -175.784 2.140
22.819 136.185 -156.121 2.195
-46.909 -27.781 52.635 2.187
-146.050 -29.701 59.986 2.082
-46.240 -131.496 142.828 1.776
61.373 -150.476 125.692 1.990
152.841 -80.649 -27.505 1.864
-221.302 -105.476 67.618 1.796
-80.369 6.296 153.107 1.988
-8.806 25.158 -139.387 1.905
-81.287 -69.421 -196.964 2.043
-169.329 -131.807 92.679 1.936
74.816 -143.165 -174.303 1.981
-123.235 44.083 -134.819 1.972
139.793 -102.237 -89.018 1.905
-30.417 153.230 -36.604 2.040
-139.153 123.636 20.107 1.930
3.248 175.828 135.611 2.025
194.844 114.393 -31.853 2.098
189.989 66.550 32.219 2.104
-62.518 33.256 93.635 2.048
211.259 -24.712 -43.660 2.082
-52.144 -51.839 -144.140 2.159
-45.918 1.247 -97.872 1.858
224.601 -53.897 69.659 2.056
112.798 143.409 17.248 2.077
100.394 135.726 -124.661 1.982
-151.881 -40.459 -155.022 1.887
-93.981 -160.427 -27.618 2.038
223.777 70.137 -102.911 1.831
-39.278 10.153 77.995 2.020
-51.981 -170.041 -62.215 2.070
-27.769 24.197 91.861 2.059
27.261 -63.352 70.308 2.048
103.160 21.020 62.750 1.956
114.806 -106.867 -178.997 1.982
-134.493 -186.036 -116.848 2.207
202.429 -160.255 -122.284 2.052
23.099 -21.170 149.360 2.098
6.888 109.058 98.370 1.902
-204.270 -179.776 136.210 2.042
-143.214 163.025 171.609 2.125
188.068 -184.317 -103.289 1.990
60.351 -123.429 -16.150 1.936
-219.874 -188.790 -4.806 1.872
-37.182 -179.474 186.095 1.962
-64.434 109.940 78.055 2.004
203.279 162.566 132.459 2.025
-46.916 -153.293 -127.484 1.911
214.701 -188.385 136.852 1.798
-52.809 -108.123 38.812 2.037
223.012 -170.062 122.168 2.038
53.551 -2.609 -14.992 2.162
223.739 86.323 89.247 1.851
-173.469 -83.744 188.817 2.098
70.513 -137.653 -148.946 1.981
-34.033 -113.836 -33.174 2.009
-66.276 -18.689 -68.462 1.862
-218.229 -171.156 -187.192 1.934
-37.958 114.973 115.162 1.837
-53.792 -2.217 127.901 2.034
-134.898 51.471 157.683 1.801
191.125 140.148 -54.461 2.005
162.234 38.902 -197.979 1.961
-135.846 -46.621 -134.492 2.226
55.654 -69.217 192.913 1.914
24.917 -99.400 -182.557 1.998
123.675 66.977 46.815 1.930
164.907 -29.679 54.797 1.924
-2.473 -4.320 -78.203 2.093
45.523 -183.229 184.062 2.112
4.277 -109.344 4.311 1.988
98.996 2.876 -126.648 2.125
211.711 63.137 134.134 2.000
-38.905 -12.217 37.329 1.951
-35.174 0.486 63.818 2.088
-118.215 -114.761 99.399 1.917
-49.876 -22.146 162.838 1.980
-219.722 50.899 21.643 1.834
-29.154 -127.667 134.994 2.200
170.007 -163.438 175.036 2.081
96.379 184.372 -135.029 1.942
-51.493 -139.973 122.062 1.970
-196.120 -28.399 93.018 2.007
16.774 -28.806 -191.987 2.052
-57.356 -106.218 -193.010 1.772
-183.726 37.085 77.785 2.153
35.605 -128.216 20.368 2.103
-38.999 134.002 -61.378 1.927
14.913 23.881 -15.845 2.015
-195.791 47.739 117.631 2.187
81.255 -135.427 -25.842 2.216
-82.932 -6.135 -60.078 1.985
28.253 -122.880 176.267 2.148
-209.775 -81.908 -86.864 1.936
52.228 99.656 -121.300 1.928
202.894 77.668 -142.554 1.977
-37.585 -68.038 44.451 2.061
155.016 109.615 15.393 2.050
-101.037 5.425 16.107 1.939
158.696 61.092 -91.239 1.975
-130.846 -93.646 -77.013 1.927
-92.317 7.990 -123.540 1.979
-192.120 72.937 111.168 2.085
70.121 -12.258 -58.152 2.048
-136.512 -19.667 178.048 2.081
-105.324 109.611 -11.461 2.174
-77.598 187.623 188.574 2.036
142.628 -4.392 -72.861 2.022
-201.296 -69.716 -187.429 2.038
93.901 170.396 -74.259 1.943
43.522 -80.933 34.822 2.203
41.924 -90.095 185.305 1.920
172.385 70.388 77.469 1.948
-105.655 165.325 -39.593 1.870
-32.791 -184.362 -20.022 2.042
54.929 -90.655 171.842 2.191
222.122 -150.846 157.000 2.122
209.732 174.139 -160.095 2.001
13.062 -12.987 35.088 2.031
-27.519 -79.513 -125.977 2.028
214.770 -20.215 46.499 1.846
220.211 -46.575 178.772 1.977
164.389 -152.451 193.697 1.971
214.344 86.887 94.250 2.091
157.449 -113.107 144.937 2.194
-182.964 -123.469 -170.296 1.998
157.111 29.493 83.487 1.937
2.050 -176.031 183.893 1.861
-192.565 45.172 135.916 1.949
-117.623 16.591 -162.681 2.220
-177.149 -131.261 -189.390 1.835
0.654 128.390 -110.437 1.937
-51.580 26.644 28.923 1.965
135.010 8.259 151.079 1.914
-8.266 -184.403 -132.280 2.117
-35.079 25.540 -163.764 2.044
135.836 54.569 57.301 2.158
158.102 -43.343 152.015 2.213
179.927 -162.459 -12.919 1.936
11.135 162.248 -94.452 1.957
-151.512 -171.058 165.577 2.088
-135.053 173.007 -50.356 1.921
-28.861 96.680 -185.299 1.879
-80.004 -83.228 -96.893 2.052
-110.662 35.905 -103.296 2.058
-142.368 33.747 -4.399 1.957
199.629 126.274 67.264 2.144
216.295 131.084 6.965 1.978
114.844 68.596 -112.393 2.127
123.320 -21.405 -96.054 2.082
-184.022 -38.198 39.020 1.916
167.162 174.610 -36.596 1.977
24.919 108.835 61.122 2.090
-206.726 1.316 126.003 1.943
-214.023 -134.554 156.185 1.894
18.719 116.081 55.683 1.875
-210.934 1.643 29.012 2.037
-56.935 175.986 -24.573 2.082
205.898 174.986 128.623 1.780
105.768 -131.269 -134.437 1.876
-134.896 136.029 -164.052 1.994
-57.244 170.856 -124.975 2.054
128.251 -146.205 130.081 2.066
-137.264 94.385 -141.249 1.948
-164.014 132.606 -64.272 1.900
176.981 103.845 115.557 1.902
208.941 -122.569 -132.657 2.047
149.065 -127.310 -55.941 2.139
47.107 -42.174 -79.789 2.003
200.251 -119.941 154.794 2.083
181.748 97.512 11.007 2.253
-74.477 -57.906 -35.170 2.000
182.955 77.559 -73.275 1.995
59.337 36.285 -73.915 2.231
-63.077 86.291 23.788 2.016
188.829 26.881 99.899 2.079
-62.386 167.166 -171.306 2.104
-104.611 -138.947 13.028 2.131
76.121 145.463 81.239 2.096
30.272 -141.431 42.774 2.073
-141.569 -174.816 56.492 1.927
-12.687 -28.192 -154.936 1.962
89.486 -133.152 -151.930 2.072
0.330 -184.186 119.154 1.897
-92.285 -43.491 1.223 2.092
122.112 77.588 80.891 1.860
190.157 -94.657 -193.418 1.992
51.253 -22.722 150.438 1.866
-65.915 -126.243 31.367 1.824
-66.959 -142.354 58.673 2.013
-42.631 -171.994 144.937 2.104
40.889 -0.073 107.641 1.998
-105.185 145.810 -50.471 1.919
156.841 53.779 -185.082 2.077
-6.414 25.515 -74.602 1.979
68.240 42.575 -183.050 1.884
-102.377 -65.950 17.639 1.886
29.566 -154.298 -156.237 2.102
80.169 -119.600 -29.773 2.004
156.025 51.582 149.823 2.111
-184.161 -175.171 194.554 2.094
139.696 -30.019 182.956 2.036
82.809 -10.815 -78.649 1.930
191.748 86.638 -153.115 1.902
-101.478 -8.595 58.360 2.075
106.229 -126.839 124.053 2.134
-198.629 59.837 -134.439 1.853
-110.299 188.669 -102.734 1.976
156.574 89.499 177.378 2.090
26.380 174.391 -12.539 2.002
-173.985 41.750 -64.199 2.049
83.467 44.017 -77.179 1.922
4.262 155.549 -186.348 1.686
-176.108 79.002 -165.015 2.016
-219.493 154.584 -146.504 2.023
142.634 -178.561 -23.667 1.983
57.872 -41.643 -147.513 1.812
-96.459 133.009 174.048 2.139
57.531 -179.577 -174.215 2.065
-173.456 -6.317 -74.722 1.998
78.555 -57.982 -142.101 2.153
-29.268 28.665 -7.772 2.095
92.528 88.459 -119.015 1.961
96.421 57.535 -66.906 1.949
-59.885 65.392 37.386 2.024
-117.394 -66.734 107.542 1.933
44.897 -165.623 -34.430 1.923
13.635 -105.021 -128.098 2.110
-211.763 115.373 104.575 1.998
-61.835 -5.038 -64.961 2.078
-67.699 -158.790 -100.237 2.065
27.772 45.195 -62.762 2.004
-171.592 -104.605 -1.548 1.876
39.588 -179.899 -143.848 2.071
188.230 82.692 -126.883 2.068
133.737 -4.245 -35.164 1.942
-62.477 -18.285 -186.563 1.948
-130.096 116.734 191.471 2.026
-101.504 21.201 125.867 1.889
-46.930 -136.354 96.940 2.041
-25.990 133.466 33.621 2.085
-189.993 58.069 -100.103 2.055
3.327 93.688 199.522 2.023
-209.536 94.720 49.532 2.002
-137.218 -109.019 -154.684 1.873
186.734 158.727 -75.527 1.911
19.303 133.122 -109.653 1.975
185.499 -186.520 -8.305 2.050
-64.667 153.456 102.376 1.926
107.150 123.466 20.974 1.943
-221.308 152.326 88.702 1.946
-99.971 -165.153 -167.406 1.933
104.953 32.666 -101.784 2.083
-196.082 39.505 -118.714 1.786
68.126 -98.408 5.215 1.890
93.564 57.516 -103.365 1.745
73.294 33.645 -186.896 2.269
216.326 156.230 -16.757 2.023
-145.942 46.698 77.151 1.942
91.917 -50.778 142.684 2.009
24.815 142.931 -92.896 1.978
-80.269 -44.893 -72.340 1.988
-12.324 -52.200 17.650 2.180
-49.947 -7.316 92.505 2.023
-73.423 111.478 -164.426 2.118
-97.617 53.193 -68.162 2.164
106.118 29.442 -146.941 2.035
-7.505 101.429 156.626 1.973
4.900 86.934 176.494 2.054
-159.061 123.439 171.588 2.119
93.553 185.189 188.442 2.006
-165.911 -158.711 3.680 2.117
-70.004 71.807 -14.163 1.944
177.980 -167.832 -133.211 1.988
-146.871 136.339 134.152 1.881
12.678 -0.859 -78.005 1.896
209.141 18.921 168.936 1.828
117.832 -127.731 -146.567 1.863
-104.981 107.710 -4.386 2.053
191.980 50.810 -193.783 2.140
-44.760 33.782 171.420 2.017
112.965 93.440 -111.802 2.173
211.540 46.850 118.716 2.231
28.161 -142.250 -110.620 2.195
96.647 168.060 -138.484 2.096
-183.874 69.162 22.018 1.986
220.404 -3.258 -95.517 2.028
198.664 52.741 122.211 2.077
52.234 68.434 58.726 1.889
-185.594 150.199 76.168 2.046
-92.541 -108.135 -63.625 2.103
-195.845 -93.097 71.977 1.945
-76.732 -129.841 18.769 2.096
195.705 -86.748 110.692 1.979
-166.541 28.642 177.764 1.921
207.889 130.370 108.122 2.141
63.096 23.257 190.714 1.999
157.550 -51.627 -196.094 2.035
-195.539 -110.069 -66.545 1.935
61.043 -126.717 147.611 2.058
-136.170 -32.975 129.192 2.015
-201.303 -157.623 25.669 1.909
-133.226 -181.249 21.472 1.994
-211.382 95.684 -150.575 2.024
149.185 37.160 8.333 1.896
-159.547 17.162 -193.340 1.905
-180.631 124.341 4.245 1.930
-104.173 24.856 -25.313 1.966
58.582 120.692 -141.082 2.202
-220.762 170.193 -14.105 1.902
24.468 80.137 83.266 2.084
16.980 96.159 -187.281 1.975
-158.092 -19.882 183.662 1.990
-86.774 -129.581 35.413 2.124
-0.380 119.779 162.598 2.085
13.233 -6.215 -96.615 1.916
-221.091 87.320 -54.371 1.909
94.688 -34.200 56.062 2.193
-138.710 111.561 -46.386 1.912
-199.673 159.703 108.377 2.017
130.668 64.453 172.581 2.024
-181.776 -68.758 136.848 1.927
78.467 -39.061 -11.698 1.883
-63.929 -5.656 174.540 1.853
194.019 -92.467 174.686 2.167
-126.276 89.971 -129.255 2.154
-115.757 -70.574 115.705 2.059
108.294 -66.262 -185.140 1.986
-218.845 -137.844 -198.829 2.033
144.954 57.071 -30.629 2.009
-185.888 148.866 -35.068 2.150
-11.693 -189.163 6.982 2.138
-186.814 -60.666 106.244 2.019
167.343 131.378 65.660 2.011
-171.236 -111.811 38.582 2.057
188.882 165.356 46.517 2.087
-123.531 8.896 -34.937 1.980
49.570 -17.241 15.875 1.915
-132.013 100.140 155.202 1.888
1.398 43.688 39.691 2.090
131.311 -122.247 -141.180 2.024
48.931 54.592 -136.885 1.881
182.455 -6.576 -153.044 2.032
-78.351 -158.875 -0.633 1.908
83.920 150.761 111.096 2.233
-187.638 -104.767 -20.049 2.120
-206.136 96.859 161.698 2.025
72.796 34.606 -80.630 1.872
108.436 -104.889 8.293 2.104
-26.991 -172.464 -129.149 1.985
135.536 -147.976 -58.772 1.951
50.869 152.308 100.689 2.077
171.838 -88.666 128.126 1.850
-158.799 -43.990 -12.381 2.043
-59.737 -48.149 157.302 2.165
-32.903 -61.424 -21.813 1.948
141.878 17.627 85.588 2.005
-217.298 2.789 -65.202 2.001
-1.041 -52.360 195.934 1.840
150.996 55.859 -54.922 1.892
-146.200 -164.453 -55.048 2.036
-158.322 55.166 12.644 1.881
106.609 163.603 -167.765 1.993
177.328 -16.991 60.009 1.978
186.274 -129.028 137.993 2.014
-117.521 -91.337 -105.907 2.072
-61.340 -171.998 123.945 2.041
7.151 -49.450 -188.175 2.283
52.699 106.540 -178.172 1.803
60.323 157.624 73.431 2.127
-73.283 -159.158 -118.162 1.967
-52.686 187.418 -67.922 1.856
-180.862 -174.949 83.583 2.012
80.267 49.814 7.175 2.184
32.514 -31.275 58.379 2.039
-87.952 -46.945 -122.788 1.985
25.757 145.033 -10.032 2.076
81.221 -108.656 104.788 2.073
160.454 25.873 -123.792 1.985
-182.691 -99.176 -145.879 1.810
-54.464 -69.813 60.441 2.016
207.107 -79.646 127.979 2.075
74.960 -181.749 -183.061 1.807
-6.148 20.697 -100.228 1.893
-107.276 162.181 -158.051 2.030
205.844 34.449 135.479 1.969
214.106 -64.533 -164.130 2.092
96.855 135.194 -128.592 1.933
-203.816 120.621 67.562 2.005
-27.554 124.076 -173.106 1.998
-28.427 59.217 96.845 2.057
38.078 -69.530 -154.289 2.158
-160.331 171.420 -8.775 1.825
-178.601 158.126 -0.847 2.113
-127.920 124.273 -108.149 1.855
173.451 110.707 -27.654 1.916
-56.036 128.726 113.951 1.787
48.804 -64.364 -6.307 1.900
-161.010 132.331 8.231 1.855
21.498 39.518 -59.498 2.000
-169.577 86.854 -97.527 2.004
-151.680 -161.889 18.226 1.949
-167.188 117.693 -116.193 1.999
101.773 31.512 -127.898 2.138
134.142 42.874 106.237 2.074
78.850 126.007 -48.921 2.047
16.481 -154.691 107.439 2.179
92.683 6.409 189.419 2.014
206.576 -19.438 21.221 2.220
67.858 139.178 29.629 1.946
46.231 -181.789 -38.679 1.965
219.100 -45.557 170.221 2.112
-5.821 -1.037 -168.607 1.945
-192.960 27.521 -160.251 2.076
-56.154 -20.404 -83.794 1.769
145.382 -155.140 38.964 1.852
184.975 3.212 127.000 2.149
-171.691 -133.714 115.299 2.248
-64.699 -75.632 142.914 2.006
-212.061 58.200 143.698 1.870
30.480 -112.092 16.162 1.967
142.285 -179.414 172.027 1.992
-28.539 61.070 88.233 1.965
-0.103 156.021 106.512 1.952
-198.963 -98.049 50.642 2.152
-36.226 128.682 -93.924 2.033
-165.466 7.423 170.306 1.976
-109.536 47.449 -53.042 2.077
-142.321 -138.387 -100.203 2.037
-90.427 -75.611 34.776 1.899
-121.345 112.997 -130.881 2.097
-116.208 -8.458 198.230 2.129
-193.260 164.599 130.801 1.957
196.437 -140.854 174.712 1.982
49.866 -35.032 162.732 1.883
-169.849 161.621 -178.665 2.076
23.082 -17.535 -91.784 1.969
101.488 -37.785 -146.405 1.956
179.178 -109.467 80.606 1.872
42.804 -170.643 -46.109 2.071
114.653 -116.330 181.878 2.139
-210.060 49.451 -90.005 1.920
-114.265 -44.723 -165.983 2.176
9.768 -168.519 67.441 1.966
215.157 56.114 -145.782 1.904
62.832 -41.219 138.255 1.917
63.189 131.999 160.637 1.992
177.491 -14.578 -36.149 2.043
-196.382 -131.378 100.372 1.913
170.366 -27.284 144.748 2.056
-122.432 -61.996 28.074 1.894
188.610 -133.915 102.008 1.997
147.341 31.358 -87.819 1.840
75.070 50.944 -26.627 1.896
-163.033 -164.682 57.054 1.986
9.314 -18.386 41.355 1.996
-143.493 152.221 -126.930 2.014
-29.115 64.405 -3.474 1.995
-156.148 -107.280 -162.009 2.250
-77.772 -19.234 -189.934 1.969
-217.886 -165.262 96.384 1.953
-193.115 -114.711 -115.625 1.932
-169.558 45.089 165.737 2.204
-92.598 -93.270 46.864 1.868
89.195 -123.621 -25.417 2.143
174.326 -157.144 -76.763 1.971
119.562 14.820 -130.882 1.745
-172.339 -166.005 -98.196 1.985
50.318 93.039 -55.625 2.094
-74.534 -109.557 123.364 1.965
142.709 -91.459 -68.544 2.093
-3.785 -162.461 64.884 1.958
221.775 -88.268 -17.455 2.010
-134.617 -97.092 116.134 2.119
-105.996 -46.092 16.609 1.941
64.574 -84.475 -76.577 2.031
170.462 22.252 166.955 1.856
-88.165 -181.701 86.326 1.965
-49.739 -65.115 -124.175 1.969
-146.668 -62.971 50.601 1.796
-166.532 165.869 53.556 2.043
-160.249 43.495 28.519 1.933
169.972 67.397 -121.675 1.924
20.830 -19.287 -163.623 1.983
42.511 -52.755 -126.374 2.125
-184.847 -7.863 68.016 1.938
-200.882 -119.371 32.464 2.002
-86.000 33.676 172.052 2.011
41.465 -18.951 183.186 1.962
-108.542 -187.754 76.186 2.006
-37.838 104.147 -78.142 2.163
177.223 8.663 8.951 2.018
-97.600 -174.807 -15.436 1.894
114.611 31.708 187.188 1.975
4.585 42.981 65.423 2.193
180.436 -158.168 -3.219 2.197
56.569 -14.592 37.823 2.136
101.257 -20.481 6.274 2.028
-63.804 -89.987 -191.084 2.017
195.116 -186.921 11.669 1.897
209.744 -185.933 -34.575 2.040
-203.342 148.550 -108.554 1.863
-218.773 176.795 -193.989 1.997
-66.846 133.367 -130.151 2.023
-117.180 67.735 175.567 1.964
-105.237 34.295 82.722 1.734
97.988 147.981 113.272 2.133
49.268 -157.115 22.077 2.135
119.794 -114.684 -26.325 1.958
-108.690 -99.151 -45.326 1.861
47.856 93.243 107.592 1.862
174.133 -82.859 92.240 1.998
-194.928 -57.171 183.192 2.032
-195.168 68.144 -5.638 2.017
122.243 -152.183 184.461 1.937
142.169 -111.857 -76.452 1.943
191.586 -68.781 -31.401 2.091
-218.825 106.219 140.325 1.933
-196.665 -6.085 62.992 2.098
127.933 -187.380 168.722 1.793
4.353 -17.610 -173.985 2.090
218.796 0.489 -73.714 1.860
-218.527 32.598 -1.201 1.893
30.410 -27.534 -20.818 2.013
89.614 113.456 -170.630 1.820
94.935 -138.406 102.782 1.944
-180.714 -10.791 -27.627 1.926
-23.790 -37.512 148.615 1.938
202.541 44.800 27.062 1.904
152.159 -79.503 118.202 2.028
-191.505 -44.821 -5.324 2.066
-54.724 45.903 -120.222 1.884
80.837 -94.779 153.988 1.813
189.415 -78.228 26.474 2.067
-65.069 -34.056 -9.031 2.178
158.034 -16.429 155.038 1.838
-201.079 -148.125 -73.925 2.024
23.671 -131.672 -167.916 2.004
207.444 -37.196 -142.580 2.005
187.570 -159.083 90.500 2.018
169.264 -182.635 -65.154 2.170
158.422 -116.090 126.111 2.024
-99.394 52.109 80.254 2.129
12.655 123.100 -129.117 1.976
161.942 125.572 -116.677 1.906
-187.277 -91.060 177.488 1.975
202.951 -92.510 -96.648 1.904
-115.316 163.690 -80.844 1.993
-170.962 -61.604 123.506 1.978
215.851 -65.906 -44.968 2.010
193.750 33.637 -189.443 2.095
99.472 -137.184 88.982 1.866
200.125 35.834 187.463 1.902
-182.919 184.077 -121.204 1.996
139.803 -175.064 175.218 2.056
-154.794 -97.245 -195.879 2.084
-140.817 -125.698 -194.096 1.989
69.154 164.535 -68.886 1.859
151.507 23.377 112.572 2.152
-66.233 -166.286 184.214 2.042
14.881 -112.965 -25.629 1.985
78.661 0.704 10.759 2.146
60.700 -144.975 -6.284 1.925
-164.653 -27.974 67.095 2.110
-91.977 -144.727 119.101 1.920
132.924 -28.643 148.796 2.159
-72.825 -177.819 186.217 2.088
-37.927 94.201 -70.107 2.023
-134.015 168.502 37.858 1.905
-204.945 109.160 77.340 2.105
-166.756 58.885 107.363 1.984
10.974 -6.265 52.113 2.014
-115.453 135.608 47.873 2.127
138.627 49.514 -136.645 2.225
-161.083 -66.720 -118.998 2.074
213.681 108.972 127.532 2.113
-196.923 43.977 -158.064 1.987
23.874 -153.006 130.920 1.962
145.353 -29.427 17.348 1.840
60.776 48.759 51.740 1.903
68.141 160.114 44.593 1.973
125.140 186.697 134.832 2.064
82.888 -57.685 -187.107 1.922
-76.822 108.511 -154.185 2.071
-95.907 -63.363 164.918 1.954
-116.198 50.603 -15.544 2.010
-27.115 187.476 -46.248 1.792
36.462 -81.863 -185.425 1.851
-167.390 63.075 -45.309 1.837
9.228 -57.124 126.828 1.980
139.271 -94.085 77.386 1.905
-135.725 -144.388 -175.061 1.896
193.724 -153.988 -178.578 1.935
2.235 -67.651 -186.901 1.927
76.029 174.312 39.465 2.019
60.111 -116.007 124.010 2.043
-203.832 4.686 27.934 1.899
12.946 -30.834 76.386 1.883
-153.905 -9.818 -181.720 2.141
110.325 54.880 -192.582 2.152
-124.323 -77.751 46.739 1.935
-32.504 -140.913 16.618 1.822
184.638 98.777 -102.229 1.868
222.071 4.497 -1.941 2.046
168.204 168.875 18.815 1.880
-116.003 4.756 54.843 2.174
-100.709 -148.183 -71.693 2.122
157.628 -21.873 171.515 1.858
97.615 -53.407 107.242 2.020
-213.613 141.255 176.680 2.000
141.055 -31.982 -183.854 2.093
52.908 127.742 -58.311 1.997
-70.067 98.330 76.815 1.843
111.816 -137.842 -136.322 1.830
-72.224 -18.189 -161.177 2.142
-207.369 145.947 164.159 2.039
23.789 -119.102 -38.154 2.070
-32.304 117.270 143.802 1.992
-213.010 148.755 -15.253 1.937
52.722 18.021 -141.033 1.982
163.166 -171.495 81.485 2.027
164.136 -37.581 -7.990 2.061
-28.843 -173.794 189.498 1.857
-143.391 -109.538 -20.143 2.141
-48.559 94.457 -82.742 1.879
125.396 95.951 72.729 2.063
202.758 -147.688 -125.388 2.213
201.987 -103.475 103.832 2.022
122.262 -88.328 -121.777 2.002
-40.242 -127.915 -143.649 2.006
70.976 173.778 -192.160 2.072
131.803 -98.857 176.411 1.867
-208.370 52.407 -89.106 2.007
-167.496 67.742 145.950 1.981
-108.260 178.327 44.854 2.070
-105.739 149.194 -134.492 2.110
43.582 138.896 198.526 2.086
74.254 172.171 -92.936 2.064
180.719 -40.773 -181.680 2.037
139.306 -177.423 -32.613 2.110
-83.673 92.542 -34.147 1.820
214.502 47.201 -150.821 1.969
177.258 -170.685 -65.214 2.267
-29.998 -40.856 159.702 1.820
212.711 -29.156 188.474 2.097
-14.985 -91.138 184.767 1.858
56.023 11.669 -180.652 1.765
4.082 -10.415 -23.630 1.982
47.607 47.121 151.319 1.933
-183.231 60.956 29.360 2.092
160.328 47.448 -93.588 1.960
-186.758 -143.521 190.441 1.859
136.159 -131.595 35.270 1.809
158.991 -52.763 -136.197 2.041
71.201 168.117 -30.123 1.875
144.969 -188.306 -126.476 1.951
43.910 -37.130 -158.498 2.024
65.342 127.639 -85.022 1.821
-96.963 133.307 166.831 1.974
-143.182 163.682 161.788 2.090
-217.852 14.833 174.013 2.089
-25.172 175.271 9.251 2.097
-80.547 21.714 -56.155 2.160
-64.468 100.880 195.546 1.897
163.802 -87.699 -164.913 2.019
-37.559 24.622 -121.206 1.944
144.421 -43.654 -129.363 2.048
98.244 -126.012 -69.744 2.124
-25.610 -182.641 78.316 2.062
-68.330 119.506 -154.168 2.002
154.648 188.312 191.708 1.983
-4.056 152.894 -131.004 2.121
71.767 -4.848 -138.050 1.916
-134.021 -131.211 37.206 1.993
112.100 78.058 9.140 1.810
-75.255 99.290 25.600 1.935
7.281 89.804 -192.558 1.972
110.134 98.602 193.551 2.227
-3.165 -78.111 -95.534 1.807
-94.893 139.370 -83.231 1.985
-87.113 153.066 -162.876 1.858
-135.801 -4.326 195.243 1.847
-54.561 -158.192 39.046 1.917
-172.607 -15.104 -72.991 2.020
189.786 -35.819 170.182 1.872
-40.296 162.740 35.762 2.048
132.319 -173.841 -154.319 2.178
64.170 -160.260 -139.839 1.865
54.602 3.769 -36.342 2.004
194.693 23.721 14.194 1.896
-178.516 169.699 -94.740 1.970
-63.826 122.812 -115.989 2.164
210.580 62.456 151.108 1.914
-190.656 -14.871 -45.471 2.002
-63.448 -65.055 -100.379 2.025
-13.724 97.675 81.566 1.870
41.551 -110.364 -115.783 1.928
193.411 169.971 -72.894 2.051
-196.496 11.956 -65.000 2.129
-26.977 160.874 -130.874 1.903
-108.096 -151.883 -17.547 1.892
224.035 171.310 -187.908 1.994
130.074 -144.461 -83.906 2.045
-170.957 -177.705 190.905 2.175
182.746 -11.780 -32.370 2.058
-60.607 -131.073 18.585 2.070
-11.783 184.190 36.944 2.029
215.984 -154.952 40.600 2.144
175.260 -189.075 -117.432 2.050
-210.249 -82.200 3.137 2.104
124.308 -132.394 -40.974 2.018
-137.656 -111.821 71.745 1.892
185.705 -175.487 38.891 2.065
-126.288 34.260 199.650 2.003
-109.336 76.002 -121.838 2.122
193.858 -74.258 -188.204 1.880
55.124 99.482 70.492 2.090
-197.568 120.246 -13.154 1.896
38.528 -32.146 81.505 2.123
-61.004 -107.933 132.181 1.805
17.622 -123.372 -134.978 1.985
148.231 -165.123 -68.297 1.867
89.038 62.994 -139.779 1.965
87.602 179.517 150.035 2.085
185.560 15.225 -113.757 2.127
68.367 131.973 26.348 1.895
83.105 -74.477 -36.067 2.002
117.423 -122.477 61.892 1.803
-113.848 -188.951 51.644 2.080
19.275 112.557 -11.537 1.985
-212.828 100.847 3.723 1.940
-41.556 54.667 -27.886 2.036
-206.311 -38.926 149.030 2.078
-151.353 131.221 -13.453 1.927
-160.487 128.853 -26.264 2.140
-145.361 68.022 -166.363 2.044
176.545 138.791 10.607 2.115
-83.506 7.506 56.530 1.891
165.647 -70.213 142.489 1.944
-17.114 -115.590 -117.946 2.034
-72.184 -63.419 130.260 1.933
42.004 125.235 139.634 2.088
70.406 -108.093 28.440 2.124
25.491 110.113 -15.279 1.948
-82.481 188.944 69.668 1.865
12.672 -17.878 108.148 1.880
140.911 -100.191 40.288 2.139
-192.794 -22.659 -98.214 1.864
174.518 -105.662 -178.638 1.938
118.214 101.234 194.409 2.103
-18.656 125.452 31.547 1.986
-62.775 -177.008 -84.607 1.932
183.502 -57.599 114.758 1.954
45.205 103.505 -136.549 1.930
-70.025 -1.406 149.460 1.932
-105.189 135.875 -39.681 2.044
-132.850 -38.020 78.547 2.118
109.969 -180.075 -63.329 1.851
196.843 51.889 147.604 1.899
-111.344 107.325 -119.340 1.985
74.554 -142.059 30.289 2.079
-47.131 3.868 129.479 1.960
182.823 98.142 -144.357 2.076
-11.407 66.956 38.784 2.086
170.626 -53.586 31.855 2.045
-147.577 22.168 -25.339 2.219
25.163 75.510 178.471 2.074
-89.458 174.784 -138.174 1.819
161.947 99.334 -97.373 1.972
138.155 65.163 -172.832 2.057
-106.552 -155.972 158.104 2.112
-44.256 -133.574 -81.311 2.022
181.696 -65.152 134.891 1.932
95.325 -179.864 -4.924 2.055
-51.923 -159.010 -6.281 2.048
66.642 -146.895 -149.572 1.914
-177.218 96.222 3.102 2.165
196.397 -79.514 196.536 2.074
151.430 166.945 144.979 2.136
-92.635 -139.370 -14.153 2.214
-200.378 23.732 101.085 2.081
173.473 49.748 159.222 2.019
193.079 39.529 100.750 1.995
-44.352 -19.967 136.182 1.998
98.494 -87.988 15.081 2.001
212.745 119.754 163.139 1.943
105.930 1.038 -175.946 2.082
28.941 25.638 -140.747 2.032
66.275 113.779 -46.872 1.997
-55.639 -113.750 -185.541 1.996
-44.459 -4.543 -62.855 2.046
-15.203 139.232 -48.046 1.971
103.368 132.534 97.680 2.187
65.089 135.246 -15.984 2.030
170.038 5.217 1.553 1.844
83.315 -72.137 23.560 2.109
-172.806 37.671 1.077 1.959
46.140 -8.457 176.352 1.999
219.681 -73.456 -2.419 2.089
30.858 -189.857 -179.490 2.034
-34.946 -5.205 -52.519 2.073
58.769 170.257 -122.840 2.093
48.207 -155.419 65.625 2.075
45.277 63.850 168.239 2.094
35.952 32.122 -99.710 1.919
-4.651 -136.727 197.372 1.966
170.881 69.283 61.632 2.044
-205.740 144.129 48.297 1.870
-35.975 -102.077 66.417 1.840
-112.277 106.050 -29.030 2.000
-85.108 107.876 31.425 2.120
78.143 33.263 -194.415 1.958
130.320 -23.944 -6.788 2.081
-23.492 -1.446 -59.777 2.018
-163.795 114.908 -198.222 2.110
-27.145 80.868 62.609 1.990
8.309 62.665 6.094 2.016
214.519 -159.960 7.667 2.000
-210.218 76.857 45.867 2.004
28.196 -15.037 -109.013 1.833
79.475 112.440 116.267 1.990
-221.471 102.916 0.788 1.982
-43.576 -48.143 115.389 2.025
-22.727 -53.296 28.820 1.895
-97.505 -180.772 146.561 2.131
109.690 -52.600 196.271 2.009
131.377 -53.111 116.445 1.957
93.936 -111.013 -101.190 2.032
-141.394 -169.088 52.639 2.008
-57.254 63.680 29.017 1.946
203.979 -65.324 123.544 1.985
160.783 90.807 89.375 1.931
-3.626 6.702 -170.296 2.008
-79.336 162.581 60.326 2.089
-119.984 -114.406 52.307 2.057
96.923 -104.332 148.752 2.065
-11.998 -151.861 78.616 2.176
47.555 -95.742 77.133 2.141
-200.641 -106.022 126.051 2.067
-75.132 22.407 31.441 1.901
119.764 -157.623 137.659 2.089
100.211 -114.154 -86.775 2.046
212.132 122.135 -51.293 2.118
6.836 -108.047 -148.153 2.113
-153.135 7.763 -64.944 2.035
-172.144 -83.431 162.831 1.926
-27.480 -183.833 175.125 2.044
95.806 -62.925 65.801 1.939
150.991 -170.892 15.898 1.988
77.977 4.197 -147.649 1.981
-127.007 112.426 -133.226 2.125
0.323 -179.502 6.356 2.070
-123.614 20.817 -171.736 1.876
163.949 81.769 171.676 1.931
22.829 -166.427 -177.442 1.984
186.491 94.214 183.979 1.726
-152.559 -183.245 174.756 2.008
31.957 -153.832 27.093 2.027
-131.615 -41.677 1.525 1.959
-61.967 22.494 41.492 1.981
162.338 -15.431 -82.080 2.100
-109.170 -172.521 -173.773 1.788
6.406 56.770 44.882 1.875
176.687 -168.300 45.356 2.008
163.650 36.331 -98.840 2.063
-157.918 -67.785 28.498 1.953
13.489 150.404 158.314 2.069
34.269 -145.829 -69.413 2.114
200.275 182.514 -98.933 2.031
111.656 -31.864 181.036 2.137
116.560 -131.776 30.283 1.982
-49.296 -11.685 150.214 1.952
-154.115 -139.772 62.306 2.060
20.116 -186.626 -12.800 1.873
-72.091 -89.231 -148.967 2.066
172.484 -179.794 182.053 2.001
96.254 -127.503 -186.899 1.835
-196.754 33.551 52.679 2.118
210.410 -182.910 49.199 1.825
-192.286 179.251 -28.688 2.040
-84.737 43.797 90.526 1.810
-149.925 -156.956 -132.378 2.053
-142.843 -23.784 -72.854 2.057
-212.403 149.226 -143.190 1.968
17.307 -105.085 124.525 1.979
79.595 -38.443 199.484 1.962
68.158 87.904 77.068 1.939
-215.827 144.758 -108.241 1.952
136.181 121.369 -164.816 2.117
-224.611 -46.628 100.829 1.942
-92.882 115.418 191.751 1.871
34.190 -186.511 -182.626 2.005
-213.929 183.742 -51.666 1.996
-85.590 35.800 114.154 2.012
