130.629 -157.716 51.558 1.853
-155.885 -79.033 164.191 1.915
89.022 32.930 56.157 2.033
107.282 119.944 88.843 2.121
62.732 -64.060 9.517 1.962
-69.620 164.100 -1.010 1.988
-36.785 -19.659 41.016 1.939
153.701 -68.545 0.110 2.065
182.417 41.155 173.243 1.840
207.930 -154.866 163.562 2.036
124.849 -61.950 128.670 2.067
186.523 -13.918 51.729 2.214
151.925 11.537 -197.657 2.044
164.299 -134.079 -31.990 1.918
-21.707 -7.959 -158.009 1.966
-207.972 50.984 77.221 2.077
220.390 114.611 46.333 2.000
-141.162 130.448 49.298 1.911
15.537 -170.891 2.617 2.032
-152.736 132.897 -112.164 1.983
-221.865 -154.792 -107.523 1.906
119.496 -135.612 18.208 2.127
159.685 72.907 103.617 1.963
184.124 -35.866 118.901 1.951
-125.998 -67.410 88.586 2.005
114.047 -188.840 80.111 1.890
117.810 -93.461 90.993 1.910
206.912 -171.522 0.530 1.762
124.881 -175.435 11.348 1.902
-61.180 -136.516 -59.629 2.043
134.717 -182.223 31.887 1.946
-60.294 11.931 -90.807 1.810
-48.886 55.925 -33.233 1.905
202.356 164.597 -176.099 1.881
22.128 158.780 -55.609 2.010
-121.409 115.838 -49.595 1.957
150.458 86.260 52.842 1.936
125.450 -25.721 -189.366 1.893
62.200 -77.081 -87.356 1.929
16.866 -32.245 -43.425 2.303
97.916 70.424 -22.511 1.902
168.027 -85.196 -193.528 2.016
-76.317 88.688 191.128 2.107
190.939 185.036 -15.427 2.102
-224.351 -169.840 -175.151 1.950
101.360 -70.153 -14.868 2.072
20.011 -94.818 -20.611 1.995
124.657 -115.899 -35.581 1.961
74.489 60.462 97.041 2.161
-207.432 -180.912 -36.786 2.024
133.916 -156.603 -130.088 1.953
60.526 130.919 22.699 2.060
-222.853 112.428 -157.041 2.097
-220.957 -24.935 14.059 1.974
193.401 -28.350 14.766 1.959
-122.241 52.574 151.756 1.834
209.521 -182.235 162.552 1.937
112.574 -168.943 -41.833 1.927
164.658 169.784 -8.065 1.941
-137.968 -100.498 -52.101 2.082
137.911 180.055 199.917 1.960
19.672 -71.230 116.266 2.011
-117.782 -50.990 -188.368 2.054
73.943 -164.723 197.495 2.185
-141.757 40.699 -47.701 1.771
187.919 -168.567 -47.947 2.145
74.116 66.558 -37.527 1.892
-130.535 39.083 -99.570 2.152
221.297 158.355 133.765 1.913
120.457 -144.679 113.423 1.907
-138.254 141.523 -121.083 2.010
-96.980 -43.402 -13.772 1.881
71.526 75.123 142.730 1.916
145.767 -121.074 -73.412 2.038
165.024 -176.544 182.511 2.047
124.995 -180.039 173.284 2.198
9.097 -152.510 70.054 1.988
172.912 -91.336 130.331 2.018
-167.831 -112.857 111.178 1.921
38.552 -61.745 169.942 1.954
26.539 12.221 16.770 2.196
-39.290 -185.642 59.513 1.868
-22.689 77.132 155.131 1.958
111.296 -114.853 -183.884 1.983
-224.670 78.507 70.730 1.882
-195.007 87.977 168.973 2.041
107.811 -85.895 55.111 2.084
90.932 -5.175 26.528 1.965
111.201 68.884 49.135 1.899
-66.870 67.936 -120.346 1.926
185.194 -143.296 -31.325 1.974
109.117 -189.839 78.881 1.788
107.527 112.075 -107.249 1.746
-131.690 -73.736 -137.444 2.089
211.202 143.037 96.792 2.041
143.396 -110.492 154.411 1.873
113.912 -113.771 11.764 2.025
-206.319 -8.116 121.133 1.974
75.140 -117.846 65.256 1.901
-174.787 -15.613 130.164 1.819
-214.008 -45.205 -75.533 1.985
-105.916 62.576 -124.439 1.974
217.780 -92.584 175.701 1.935
-206.157 36.917 -0.951 1.964
88.790 107.528 109.906 2.117
-56.580 131.335 -166.146 2.120
-206.257 -45.908 -153.072 2.041
-37.013 -38.185 -11.598 1.993
86.132 -21.167 153.256 2.037
78.639 149.242 -162.735 2.136
58.256 100.996 98.707 1.930
-67.660 -40.090 11.972 2.000
-85.601 -124.084 83.665 2.003
-157.531 40.554 -64.093 2.191
206.932 -30.219 -103.007 1.988
56.329 -142.390 -100.885 1.882
7.422 -146.168 -151.429 2.079
-193.414 -47.291 -151.290 1.994
-15.521 -80.641 178.042 2.166
-141.746 144.762 137.228 1.895
-196.972 24.432 97.635 2.015
152.103 -90.670 -161.151 1.871
219.455 103.453 94.812 2.047
-42.293 58.531 -11.467 2.012
-44.081 -91.689 -125.538 1.935
-170.826 98.068 74.708 2.120
-160.020 -6.099 -186.833 2.051
-163.248 64.683 89.112 2.034
-145.820 -54.149 -32.151 1.625
-117.218 182.208 177.318 1.855
183.217 46.553 184.757 2.133
-106.447 -175.750 -37.306 2.147
-138.869 -141.992 -32.572 1.916
-78.963 41.829 48.809 2.037
-196.151 130.432 -69.798 2.110
13.242 -9.390 -59.408 2.043
-57.984 25.679 -85.467 1.932
-195.064 122.340 83.443 1.935
-183.151 -34.196 139.810 2.020
-198.513 17.154 -65.495 1.854
-157.278 -134.367 65.470 1.919
156.395 -95.475 -162.359 1.952
80.068 106.584 194.997 1.953
-37.850 -168.020 -120.334 2.024
-170.413 -75.916 75.761 1.967
-130.486 69.513 -62.290 2.009
199.386 94.238 181.216 1.969
69.246 52.144 5.452 1.992
-140.845 -162.911 -131.556 1.962
-26.700 45.785 153.909 1.908
119.054 -9.021 -5.637 1.931
96.290 112.122 48.774 1.870
3.729 -182.239 144.181 1.977
121.431 103.217 94.831 1.973
174.300 110.176 -112.171 1.954
-224.738 114.267 89.970 2.073
-43.266 170.292 89.913 2.283
195.198 -108.013 -1.653 1.886
-90.687 98.284 124.220 2.087
116.869 37.426 163.390 2.084
-204.873 64.237 -176.156 2.058
212.442 -97.734 -178.181 1.973
203.619 -38.850 -129.125 1.796
-206.987 71.657 -148.942 2.028
-85.072 -53.963 27.879 2.056
-77.444 173.536 88.240 2.019
41.496 0.663 139.366 1.943
-138.832 31.604 4.005 1.997
82.881 -36.410 -111.824 1.910
200.190 48.912 167.975 2.042
-183.379 57.428 -50.595 2.061
191.843 189.362 26.395 1.993
167.495 72.372 17.222 2.169
206.519 -186.005 -79.709 1.926
-206.487 -74.259 9.321 2.067
133.182 -91.345 -25.521 2.001
-113.846 -178.385 -184.079 2.085
-138.655 96.042 69.529 1.989
122.770 -99.529 -49.348 2.139
-127.496 127.269 146.430 2.105
172.257 -16.204 46.243 2.091
32.512 32.863 139.989 2.023
220.985 -28.542 -183.617 1.871
-160.031 -55.793 59.122 1.876
206.793 -126.757 -60.504 2.030
177.773 -43.936 162.030 1.841
142.811 117.160 -160.435 1.896
-118.058 8.055 171.350 1.921
209.641 -163.203 55.122 1.896
149.971 -12.746 -153.546 2.056
-85.610 -170.283 44.462 1.779
14.274 10.350 -116.885 2.005
-97.932 126.087 -170.855 2.015
181.030 12.220 -155.726 2.047
-105.871 73.249 77.501 2.087
-182.196 -30.629 27.664 2.068
151.475 161.172 71.945 2.043
-32.523 122.735 -166.600 1.883
-82.073 99.026 -0.096 2.147
198.927 101.093 -192.965 2.050
171.513 67.835 77.773 2.025
122.546 -174.412 -143.614 1.760
-206.760 -136.904 -26.649 1.909
-183.671 52.473 189.349 2.123
79.579 -172.782 120.596 1.945
196.494 98.768 -64.200 1.951
-107.128 89.703 117.290 1.932
35.188 136.928 35.507 1.940
160.027 12.206 -8.018 2.088
24.922 14.066 -101.517 2.100
56.178 -165.613 -8.293 1.991
-210.776 144.769 -78.859 1.987
192.635 159.112 8.290 1.992
177.984 27.216 -124.186 1.935
-182.583 178.892 27.294 2.159
-128.781 -89.439 -53.679 1.928
31.920 47.843 79.721 1.970
-3.784 10.365 -39.422 2.140
217.685 -63.534 45.097 2.197
-203.574 -33.715 -31.283 2.005
-2.083 17.328 113.543 2.129
202.477 -132.272 -83.572 1.847
-168.149 154.787 116.147 1.969
58.768 79.026 -59.459 2.037
-85.842 32.970 156.191 1.935
60.858 -95.616 -184.538 2.070
89.314 -176.356 142.522 1.850
-31.440 84.145 25.021 1.949
-169.319 -133.884 -84.833 2.178
104.288 -77.721 -51.035 2.117
110.580 -113.948 69.066 1.898
-25.320 -120.819 16.570 1.940
105.097 -51.146 -2.806 2.122
20.361 188.067 -190.940 2.066
85.253 171.593 49.734 2.108
-191.088 64.460 102.832 2.013
40.352 132.006 54.734 1.899
-81.559 77.377 -11.265 2.140
-200.101 -107.934 175.189 2.197
-164.774 -163.128 -147.104 2.126
-175.559 -62.230 -162.138 2.047
214.458 95.278 -152.400 2.014
78.779 -188.410 -42.330 1.983
76.480 -23.389 -145.636 2.007
-198.971 24.245 -40.252 1.791
-4.780 124.792 168.406 1.866
-131.584 -70.864 58.833 2.132
-100.833 -173.914 -7.668 2.033
-166.424 -46.567 -48.495 1.961
150.736 77.638 186.664 1.986
-63.965 -62.455 97.050 1.939
-219.371 106.451 18.491 1.903
103.244 170.502 -59.357 2.081
-39.983 -142.980 -123.644 2.056
128.391 29.809 -51.171 1.922
-97.624 10.682 -22.556 2.002
-6.727 -51.644 192.542 2.031
-100.333 157.317 25.248 1.885
191.555 -28.757 -129.933 2.002
44.399 179.889 69.191 1.836
-98.948 -97.697 -185.877 1.828
-164.716 178.038 -14.211 2.141
-197.856 181.912 167.074 2.038
-170.593 147.249 28.139 2.014
127.030 -128.325 156.604 2.096
-210.503 57.166 34.737 2.027
-70.568 28.062 -68.820 1.856
213.644 174.028 -197.045 2.058
-38.417 -4.438 -190.897 1.990
-134.249 17.113 -140.734 1.935
-101.046 -164.789 170.985 1.936
-3.550 -163.351 128.905 1.887
214.215 -188.468 -53.920 2.162
-190.882 -156.208 -150.742 2.022
-141.105 -38.134 31.293 1.900
59.723 -118.502 128.806 2.073
167.585 -180.621 -84.892 1.975
-34.627 -114.732 -99.286 1.955
-174.907 -120.319 -179.539 1.872
213.460 13.928 5.623 2.188
74.271 -41.735 108.092 1.977
-133.342 132.618 165.766 1.965
31.029 -47.999 170.182 1.769
1.025 187.936 63.957 1.961
-180.094 77.830 129.011 1.921
103.578 3.831 108.756 2.079
51.505 7.464 198.361 1.898
205.378 16.869 162.702 2.010
-222.889 83.761 -97.913 2.188
160.357 -71.176 -75.602 2.061
-141.217 -71.410 -186.343 1.984
147.634 -91.018 189.278 1.989
223.304 101.480 -38.949 2.119
-25.956 -19.289 -48.351 2.033
-149.896 148.822 -125.091 2.038
139.696 -173.257 -11.628 2.016
-203.721 -5.457 -58.164 2.034
219.869 98.355 10.205 2.067
127.101 131.808 -12.790 2.154
-18.817 83.964 -70.833 1.949
-191.819 86.106 -30.824 1.958
129.157 4.242 125.616 2.060
-160.221 83.970 -61.118 1.969
151.835 58.196 99.102 1.962
-101.443 -185.762 157.713 2.003
-91.307 51.076 36.742 2.047
174.902 -78.078 12.626 2.201
172.954 16.145 -3.922 2.085
27.756 -95.260 -8.086 1.839
-40.254 176.772 89.134 2.012
-132.043 45.963 133.933 2.091
141.759 119.096 4.340 1.819
-90.846 -168.922 43.846 1.863
141.976 -78.942 -169.086 1.965
-30.625 -22.972 -116.216 2.165
-169.072 -62.141 -4.594 1.938
209.719 -3.433 -127.697 2.088
156.817 183.170 168.832 2.244
208.908 -87.996 -90.667 1.867
16.259 48.384 167.218 2.145
155.391 -46.799 -188.975 2.145
-193.380 40.061 90.260 2.096
162.492 -64.767 155.418 1.807
-51.990 21.694 181.710 1.975
65.463 -148.675 -121.405 1.825
-113.834 42.479 151.645 1.947
-192.993 117.226 150.845 1.920
-185.604 138.368 124.670 2.128
152.196 -80.667 65.378 2.040
-93.749 -38.402 81.697 1.900
-8.557 64.614 -77.075 2.028
-0.825 57.679 20.603 1.969
121.315 -95.574 -0.190 2.088
-53.916 53.556 -126.068 2.152
176.070 50.056 69.315 1.949
-222.003 131.519 -151.819 2.042
-16.990 -113.861 -65.069 1.988
-159.217 -113.602 -183.694 1.917
-13.657 40.225 17.604 1.986
91.616 -81.747 -197.733 2.109
-150.035 -71.795 128.164 1.863
125.595 37.324 3.465 1.947
168.701 101.530 126.355 1.949
69.041 -182.452 104.799 2.033
-205.986 175.175 188.934 2.249
-104.909 -163.805 95.874 1.935
-1.066 -61.284 -16.977 2.020
-184.227 140.300 78.488 1.879
163.337 108.943 -43.604 2.052
-204.851 -171.167 185.447 2.056
182.694 -171.139 94.969 2.089
-15.245 81.044 -123.972 1.966
-35.020 -46.005 67.998 1.959
58.785 129.614 16.347 1.980
-13.380 65.051 -33.289 1.773
61.138 120.194 -115.368 2.100
20.831 -142.125 -52.485 1.977
190.313 -162.412 138.650 1.982
-115.753 17.476 -154.202 2.119
-6.090 37.057 48.176 1.903
209.799 91.035 82.763 2.007
-126.575 177.745 -52.099 2.006
-134.245 139.742 -92.980 2.073
203.579 -98.497 144.353 2.097
-138.836 -188.615 182.888 2.145
27.054 130.296 156.284 1.910
-26.246 -85.955 124.108 1.992
143.913 -99.298 158.101 2.214
11.575 -76.921 69.540 1.918
-86.693 160.172 60.532 1.946
212.237 -160.634 -150.318 1.985
-45.649 135.879 198.670 2.253
-0.662 172.278 -141.174 2.037
215.840 -169.628 -177.917 2.204
215.162 -37.663 -92.330 1.894
105.110 -12.197 -62.795 2.007
-138.844 161.060 136.580 1.845
-217.355 146.556 19.874 2.034
-104.281 98.372 -46.151 2.205
-81.663 64.553 105.588 1.996
-187.749 171.042 128.302 2.077
165.094 -57.746 -55.991 1.920
83.031 -86.721 -28.629 2.212
-0.751 -111.091 -31.154 1.841
150.203 82.614 91.458 1.971
48.310 -100.487 179.131 1.846
-206.395 -134.893 83.849 2.057
-74.768 -84.163 145.036 1.920
-120.784 -158.948 -99.010 1.806
-101.543 170.572 -153.802 2.132
-41.724 58.754 -141.882 1.954
125.502 -83.481 -71.535 1.992
95.069 7.995 -15.939 1.972
112.511 -70.480 -30.895 1.857
-5.529 -135.718 120.328 1.946
140.877 -74.429 51.870 1.924
-183.336 83.023 -80.856 2.063
199.491 174.139 100.436 1.915
-217.526 -94.338 -113.953 2.048
-176.341 127.527 -82.207 2.037
123.808 -43.212 53.090 1.924
160.260 -49.208 -161.091 2.045
210.743 78.836 -79.665 1.875
-54.189 176.817 184.845 1.978
-57.599 -86.472 -70.316 2.063
-4.513 160.593 127.397 2.019
47.178 87.832 150.541 2.070
-177.238 125.968 -152.172 2.159
-176.111 -107.188 74.270 2.004
193.467 -36.099 -155.836 1.940
64.667 -142.852 -86.021 2.043
-224.594 123.735 -56.641 2.001
196.464 -77.080 -134.619 1.760
-40.362 -63.101 -193.128 1.984
-212.896 -166.815 109.762 2.024
207.395 79.919 -6.568 1.877
55.551 -13.320 -166.955 2.083
21.175 118.549 -74.141 1.817
35.407 -165.749 69.566 1.992
98.058 61.231 -196.317 1.832
123.236 51.213 150.644 2.070
-6.440 -181.843 184.302 1.931
-60.900 -100.408 156.630 1.895
153.860 93.884 2.983 2.036
89.630 -159.300 -55.555 1.805
102.251 171.554 -80.524 1.858
-224.165 -51.643 62.854 1.990
75.165 154.171 -32.689 2.077
-38.979 84.373 164.372 1.917
63.685 -38.263 113.123 2.105
173.204 -130.405 77.735 2.170
-19.005 -146.141 -77.236 1.839
-76.966 -188.333 -9.672 2.193
55.601 -127.617 -173.360 2.171
185.783 -154.843 96.424 2.009
83.921 131.103 192.770 1.983
-108.869 44.580 -60.443 2.015
-220.514 -26.524 -4.272 1.906
112.358 -172.792 47.948 1.892
195.507 8.552 -72.649 1.814
-103.450 29.443 -194.997 1.978
-139.354 -133.504 -175.422 1.918
-159.809 -176.379 -45.586 2.065
-154.049 168.726 59.931 1.990
223.580 151.860 -73.506 1.964
34.549 102.431 -199.039 1.892
-110.506 -52.798 169.125 1.958
161.237 -34.116 63.916 1.967
-24.857 161.310 -176.082 1.991
-94.357 148.243 18.945 2.290
-93.109 184.246 -86.470 1.947
-65.563 100.378 -66.876 2.037
-30.515 81.563 -154.650 2.105
3.204 -41.968 -99.157 1.955
-137.246 85.319 147.269 2.068
-7.239 17.403 187.895 1.741
149.623 35.753 -126.060 2.125
-157.169 -97.444 0.677 1.905
10.747 1.894 -33.516 2.012
-145.700 -20.865 -190.220 1.997
-49.468 184.225 149.938 2.092
107.106 157.820 74.592 2.011
-107.462 58.114 -144.741 1.909
37.782 96.013 -140.981 2.101
-11.862 85.824 46.036 1.969
-118.966 -31.961 -32.643 2.016
-206.810 -111.054 19.738 2.008
224.268 -113.252 -152.425 2.037
-32.547 188.894 81.080 2.119
222.043 -170.891 78.658 1.857
60.065 -90.993 -100.038 2.063
176.140 -14.196 -68.286 1.927
-96.342 93.320 106.519 2.121
41.719 -11.698 30.355 1.938
215.393 76.580 -49.043 2.089
-155.188 187.711 -40.816 2.065
-52.851 -14.000 30.229 1.928
-152.374 56.186 -175.320 2.067
173.066 182.777 -82.693 1.914
-127.026 148.538 -90.251 2.051
66.160 -113.953 60.102 1.925
-147.217 -101.195 194.441 1.817
-28.912 -71.411 -150.269 1.992
78.659 -108.372 90.074 2.207
-121.892 -124.900 -100.938 1.948
-153.767 151.988 174.002 2.158
67.139 -20.055 17.844 2.014
117.746 -56.115 39.805 1.913
21.281 -110.403 -117.244 2.036
197.058 -54.592 83.953 2.258
183.382 37.122 -170.613 1.983
-172.041 167.881 -116.370 2.167
113.314 -63.399 152.966 1.867
219.352 49.264 -27.915 1.954
71.343 -172.670 -95.751 2.188
124.870 81.161 117.552 2.015
131.772 -48.263 -87.066 2.082
0.969 -132.929 126.590 1.892
174.206 72.060 125.024 1.877
-95.716 168.003 192.829 2.009
179.656 97.073 -77.486 1.963
-197.811 159.441 30.809 1.983
82.765 22.728 65.092 1.939
103.173 144.312 -52.851 1.975
-29.750 -19.726 -85.657 1.955
-206.912 76.788 -119.889 2.141
100.274 102.666 155.960 2.170
-29.931 133.484 -97.636 2.126
184.966 -114.822 126.435 1.971
-221.603 -124.488 -8.851 1.870
-142.154 45.709 -160.859 2.201
164.047 151.623 100.948 2.129
165.760 -29.818 113.672 1.947
150.843 -51.966 48.875 1.916
-88.374 -11.326 136.794 2.019
211.955 -98.017 27.835 2.044
-149.800 165.799 -189.171 2.044
-27.766 -56.026 -162.586 1.914
-166.709 114.692 -163.226 1.992
-16.592 -39.579 14.563 2.142
19.695 78.493 161.658 2.006
219.198 128.369 -169.167 1.843
0.745 101.990 -118.490 2.050
-216.080 127.396 20.596 2.083
-175.290 78.739 -19.246 1.916
-55.554 -113.168 -163.166 2.079
-93.834 -43.374 85.366 2.187
-139.407 -30.213 192.878 2.127
190.553 -125.576 -67.618 2.057
-115.521 -74.572 -32.819 2.048
-179.768 181.964 102.862 2.024
23.307 -159.364 -173.584 2.144
-77.228 -120.020 152.064 2.044
173.366 -104.962 -124.800 2.107
-108.323 62.000 76.509 2.036
1.995 -27.010 -151.099 2.051
82.460 79.211 -197.644 1.921
-218.731 -19.857 -95.562 2.089
76.376 -156.967 75.492 1.944
-1.209 -140.364 -83.899 1.936
-176.926 -13.885 -2.891 2.127
179.792 -82.422 -94.803 1.934
-220.585 -98.338 -146.390 1.945
224.069 32.341 65.221 1.910
-223.080 -30.729 56.079 2.067
53.667 -130.215 -58.796 2.101
137.204 177.860 129.290 1.883
-116.730 -121.586 -81.509 1.796
172.493 8.235 154.503 2.062
205.075 -123.303 123.235 1.856
-6.882 -7.044 2.330 2.141
47.020 -114.273 -197.987 1.881
83.884 53.735 119.340 2.057
210.530 89.153 164.346 1.964
204.619 -13.906 145.874 2.072
-211.994 127.658 -71.288 1.904
73.786 -102.851 -156.167 2.074
-43.534 71.440 92.549 2.026
80.961 -131.821 -191.164 1.922
-35.343 -166.424 38.575 1.890
-200.601 -180.899 -126.496 1.959
168.053 -177.327 46.788 2.108
62.642 76.065 -80.329 1.892
155.490 -38.759 -32.543 2.048
193.392 -80.671 59.663 2.010
57.356 133.188 52.786 1.902
-22.772 145.751 172.041 1.819
184.835 -7.317 -132.852 1.915
218.282 76.158 187.247 2.144
-68.202 -124.311 -122.265 2.047
47.930 146.815 117.569 2.056
-196.758 83.902 -194.069 1.880
205.450 -142.206 65.932 2.116
135.190 -87.411 -3.668 2.053
213.048 -88.987 173.352 1.946
142.777 87.649 51.913 2.134
-192.241 -140.097 -197.143 1.862
-98.136 -177.189 -14.716 2.180
212.635 103.751 153.116 1.946
-162.214 -78.080 32.532 2.124
-21.369 73.312 102.247 1.911
65.610 101.219 192.607 1.996
-162.830 -142.968 -42.853 2.050
-221.416 125.284 -152.224 1.910
164.109 -106.808 -166.068 1.917
141.895 65.162 86.934 1.968
62.913 59.808 -100.639 1.792
-64.309 -156.700 -143.409 1.967
210.190 22.717 -164.302 2.034
31.007 157.724 152.114 2.146
-8.114 5.240 60.861 2.063
-181.486 -184.510 -14.879 1.981
186.598 -105.098 -34.780 2.022
130.213 -114.230 -43.855 2.001
-153.970 -47.359 188.966 1.880
-188.470 104.737 -171.170 1.865
-85.404 174.289 -189.204 1.984
-99.639 107.533 -21.904 1.979
71.683 94.926 -104.878 1.935
223.055 -150.179 -9.715 2.026
223.903 43.035 -33.800 2.103
60.806 -25.783 -120.149 2.028
92.198 -117.316 -158.162 2.108
189.346 131.235 162.192 2.232
-214.755 -140.802 -128.626 2.033
-163.751 22.129 169.842 2.110
210.621 50.632 101.120 2.054
170.217 -156.940 129.675 1.990
-2.764 -42.258 -51.805 1.999
131.026 -87.069 110.164 1.947
16.878 57.480 -145.990 2.108
155.992 85.390 2.453 1.992
-147.842 -85.999 108.574 2.054
-34.776 147.259 -32.910 2.132
-188.200 -73.801 28.699 1.971
68.716 -70.394 -24.787 1.841
209.084 8.678 132.722 1.961
110.736 83.448 -105.245 1.941
-23.266 -90.726 -133.243 1.951
-204.648 26.977 186.675 1.997
-20.433 -28.081 -49.202 2.125
-42.427 6.461 -30.782 2.022
-131.733 156.255 11.907 1.933
98.890 -90.859 -148.196 1.944
58.283 -11.247 -180.641 1.984
-180.811 -81.959 -61.559 1.866
174.918 -58.854 157.814 2.042
107.774 -87.314 -14.141 1.995
155.453 25.733 -105.337 2.036
-30.535 -37.783 -162.583 2.021
-32.174 58.738 -198.158 1.911
177.971 -86.338 13.062 1.862
115.173 -2.602 127.837 1.990
127.219 115.280 -111.083 1.996
181.280 15.538 116.627 1.921
-201.375 43.920 119.397 2.187
28.529 185.769 -42.760 2.096
112.713 19.073 -194.124 2.102
-50.351 65.267 -37.556 1.917
49.123 -19.033 85.976 2.022
181.327 89.665 82.659 2.095
-91.231 55.666 168.392 1.878
38.056 -112.837 -165.594 2.148
87.456 129.384 -146.749 1.896
-160.001 168.248 -139.966 2.223
-179.308 144.031 -60.281 2.016
-158.207 -92.750 123.841 1.768
18.825 -136.369 -119.923 2.002
74.209 110.471 -170.610 2.065
214.819 154.022 0.064 2.179
222.166 -110.507 -54.705 1.900
-170.030 121.796 -37.879 1.976
-184.658 -162.880 -135.004 1.856
125.845 61.915 -175.587 1.993
117.251 178.909 176.207 1.985
-83.788 -11.261 -68.594 2.066
79.533 -3.916 143.640 1.850
50.033 19.972 96.280 1.938
-151.038 5.850 -72.283 2.064
-14.743 29.394 128.000 1.971
-150.024 112.765 -184.080 1.837
170.654 47.418 -148.554 2.260
-132.231 56.317 -90.911 1.970
207.518 -31.615 -78.811 2.038
-160.736 49.892 190.056 2.090
90.431 99.406 62.628 2.181
-12.672 -106.883 -93.796 1.977
-19.912 -39.985 114.660 2.051
211.532 -184.054 117.404 2.018
220.869 -64.941 -93.287 2.115
-63.599 170.669 -61.175 2.094
15.703 116.350 117.939 1.851
22.391 -178.012 -103.138 1.998
-17.706 79.922 -5.432 2.232
2.369 0.095 155.397 2.016
-121.201 -27.065 150.131 1.993
59.183 -53.629 186.133 1.947
31.010 -6.794 120.744 1.865
-18.998 -63.953 31.339 2.033
58.085 5.486 71.780 2.064
-103.054 -14.164 4.450 2.112
49.820 29.231 -74.536 1.926
65.309 27.266 12.522 2.022
103.751 55.793 -117.413 2.006
57.306 112.538 2.206 2.144
-85.089 -40.771 40.060 2.094
52.316 -0.502 -5.646 1.972
-80.171 -1.007 46.963 2.002
-28.878 -136.370 -14.090 1.886
64.048 129.305 -157.464 1.976
-169.490 132.593 -48.411 2.061
88.798 120.027 -177.374 2.098
-158.769 -99.664 -143.472 1.938
-98.409 -86.763 -93.126 1.983
-116.247 -44.830 -61.430 2.116
-93.120 116.624 -174.164 1.989
-69.028 -47.346 171.743 1.960
-167.801 -138.995 144.731 1.934
105.105 166.327 -194.228 1.852
152.999 15.391 -170.379 2.037
88.638 140.803 -147.259 2.052
-24.289 -131.538 -137.013 1.892
216.020 66.761 -117.030 2.027
-15.809 14.170 16.665 1.937
29.654 95.853 -32.692 1.990
152.715 -112.540 -65.458 1.843
28.444 85.334 -49.678 1.891
-22.368 -151.801 -87.638 1.789
87.056 7.560 132.192 2.115
26.559 -137.580 -2.286 1.967
117.035 78.387 174.091 1.968
193.299 30.591 170.930 2.000
68.485 151.221 165.235 1.994
26.576 40.667 76.063 1.977
66.661 136.870 93.394 2.018
-168.598 -40.531 117.186 2.016
126.190 -118.356 -80.714 2.055
-116.392 58.101 94.176 2.212
-73.392 -17.945 86.058 1.930
175.065 -51.946 -58.991 2.070
52.960 168.493 -148.643 2.076
121.032 -183.476 47.212 2.006
-40.098 -100.372 -93.697 2.042
-37.385 -4.436 -67.061 2.113
-112.203 170.161 -179.050 1.949
-140.727 -110.521 199.480 2.144
91.997 151.416 -0.248 1.882
-96.101 -162.638 148.873 2.102
-98.021 -134.181 178.505 2.107
-145.972 149.797 -26.351 1.970
18.750 177.580 92.145 1.898
30.262 -14.246 -12.855 2.139
15.819 159.132 179.554 2.053
201.736 -83.419 184.618 1.951
-36.072 -109.654 40.730 1.840
-12.106 -22.309 -83.714 2.061
79.574 -17.506 -167.718 1.995
-9.537 -11.538 134.801 1.821
-95.091 -164.825 143.119 1.869
13.375 -139.203 -185.244 2.090
92.703 30.524 -170.000 1.916
54.961 129.566 64.084 1.849
14.954 105.917 -136.901 1.975
-182.590 8.998 -82.336 1.923
193.808 145.391 -114.900 1.857
-180.583 84.994 118.016 1.951
-130.106 121.388 32.399 1.958
-11.323 -188.266 -74.568 2.066
75.333 -173.774 168.134 1.928
-76.074 -138.950 47.960 2.114
19.724 -74.833 -170.863 1.842
-213.724 -97.834 -126.296 2.166
-17.846 71.134 -195.663 2.064
-48.428 8.356 197.500 2.043
-70.639 -95.869 -91.414 2.032
-155.238 148.445 -94.121 2.106
104.250 14.103 -7.822 2.120
-9.714 166.487 178.695 2.125
-92.910 -5.328 150.074 1.905
205.647 -46.833 68.228 2.024
70.881 -171.806 -145.366 2.079
-55.091 -98.166 -116.222 2.179
147.446 -123.385 182.529 2.005
195.014 131.502 199.071 1.859
-123.875 79.622 144.432 2.029
182.573 -49.245 -76.250 2.103
-3.314 39.608 141.406 1.939
-46.741 -108.869 -165.195 1.930
177.886 -77.357 145.003 1.876
-197.213 -176.138 199.685 2.047
-144.502 44.604 -143.740 2.080
-128.065 -72.858 63.316 1.996
107.830 100.668 0.132 2.011
-159.310 -70.460 -198.366 1.764
161.784 -170.780 -105.100 2.042
-30.551 -17.437 -198.234 2.081
-224.950 -60.714 27.059 1.981
-137.801 -8.120 -12.363 2.146
134.819 28.470 105.074 2.031
31.399 -143.301 -64.027 2.115
-223.911 128.264 42.185 2.011
142.180 152.571 192.911 2.031
-175.633 4.850 -139.508 2.006
-61.809 170.880 -171.321 1.749
166.292 139.575 168.715 2.160
-100.577 -5.641 43.818 2.069
71.209 187.901 -111.890 2.119
-209.341 157.081 -196.165 1.967
110.420 84.724 57.018 2.153
32.156 66.260 -37.996 2.049
38.604 123.788 19.402 1.904
-63.735 127.320 -48.259 1.897
206.434 78.669 -17.013 1.902
156.826 3.531 -49.163 2.073
223.595 -55.287 154.714 2.278
148.456 -54.848 -117.468 2.155
42.081 -8.639 92.899 2.061
-204.757 33.779 80.894 2.108
41.479 -176.424 164.318 2.067
50.981 97.698 -103.366 1.819
143.772 55.459 -67.712 1.952
128.073 110.240 88.935 2.029
23.271 -53.947 -147.943 2.062
105.300 -142.729 -104.645 2.103
191.033 123.551 49.872 2.085
91.113 89.892 108.335 2.091
171.903 -6.113 -47.762 2.063
39.782 -115.847 -87.951 1.786
197.123 -31.383 -15.180 2.043
87.124 -40.674 54.627 2.050
-69.346 123.988 -92.243 2.087
41.491 90.932 145.645 2.146
-212.973 96.144 18.527 1.971
107.621 151.346 58.598 1.995
112.095 60.613 -41.509 2.095
30.082 -50.383 -181.595 1.991
-221.515 -50.007 23.483 2.091
-184.002 -3.806 12.003 1.897
-153.341 74.778 -3.260 1.958
-81.117 34.637 175.584 1.949
-51.238 163.461 -61.019 2.073
110.392 -140.318 134.287 2.167
-35.531 -2.685 4.882 2.140
-104.513 -164.854 109.289 2.016
-192.760 45.063 168.527 2.029
-12.466 -177.710 50.043 2.030
-217.141 -187.637 -172.432 1.985
-166.928 68.411 199.164 1.975
42.376 114.124 -140.689 2.054
-147.647 129.963 -85.124 2.030
-22.849 115.446 150.265 2.009
219.986 159.320 -53.778 1.894
-179.067 66.117 -94.963 2.053
78.893 41.445 -53.195 1.970
-43.589 -63.836 -137.023 2.099
-63.945 -12.270 28.934 1.937
29.056 42.873 -125.695 1.854
-185.828 3.609 188.878 2.055
193.626 -82.486 -185.066 1.943
221.792 110.879 138.202 1.879
-31.812 2.346 -10.280 1.976
-199.873 75.277 98.115 2.021
159.319 185.686 41.291 1.901
-122.679 -147.444 -61.449 2.065
35.347 -71.136 30.422 2.200
74.794 -189.280 183.427 2.080
83.507 151.399 91.822 2.041
-67.708 22.069 69.749 1.844
211.812 93.297 73.262 1.808
194.561 -13.590 -118.199 1.985
-211.931 -142.981 82.263 1.847
-117.661 -137.038 -20.381 1.967
-56.337 -127.956 167.724 1.906
212.495 -157.982 80.814 2.039
-48.915 -100.150 -105.383 1.813
30.189 45.161 -162.091 2.106
118.560 102.154 -159.373 2.044
-215.632 2.084 -196.790 2.136
89.146 151.110 -65.811 2.019
34.505 -139.892 81.333 1.893
-152.120 -29.372 -17.729 1.978
126.452 48.740 -9.382 1.900
-19.204 31.019 102.816 2.081
214.292 8.862 81.087 1.876
-148.560 171.077 167.130 2.112
10.629 -18.318 155.912 2.058
-132.751 -151.371 -166.497 1.856
42.040 8.711 41.445 1.983
0.655 169.595 -38.032 2.000
138.238 -0.652 136.327 2.066
90.834 15.138 -63.600 1.924
43.230 182.383 -107.783 2.021
-164.118 -43.843 56.719 2.015
183.712 157.517 186.561 1.962
-80.849 94.972 148.487 1.846
-39.983 185.129 -121.984 2.084
-221.981 -37.955 -133.319 2.009
1.655 130.991 -40.380 2.035
-115.768 -29.014 -116.685 1.942
218.173 66.758 6.240 1.912
11.804 -179.270 108.476 2.054
49.619 -71.627 -131.438 2.024
181.037 130.948 30.348 1.852
-151.930 108.066 106.048 1.980
205.635 99.265 -164.498 1.952
-102.788 -93.645 191.504 1.902
139.603 87.406 160.778 1.997
-5.488 -151.406 -67.071 1.817
-203.638 -49.856 140.939 1.838
11.295 -24.460 -83.310 2.028
-172.432 57.659 -67.002 2.085
-173.936 156.581 11.066 2.040
68.002 -50.087 59.897 1.990
-219.092 -171.171 6.325 2.063
-81.527 176.929 -105.798 1.888
-115.092 -136.841 162.925 2.056
-210.863 -2.536 25.289 1.987
167.672 178.795 -16.969 1.773
-133.508 -117.976 -13.015 2.059
139.493 -132.980 -82.279 2.093
-48.446 -52.592 -137.228 1.839
26.379 -93.473 124.895 1.884
96.558 -57.886 111.283 1.950
-60.842 36.985 171.450 2.035
-64.378 176.995 53.013 2.033
-63.454 173.304 -152.893 1.920
-129.129 160.440 -134.371 1.848
-51.263 -68.648 -108.304 1.944
-158.674 -179.868 -90.567 2.062
-42.808 -114.572 -93.072 2.138
138.845 -164.284 38.238 2.073
-88.953 50.230 -101.995 2.104
-33.926 89.001 -16.304 2.056
130.224 -110.303 51.270 1.919
96.096 -163.381 117.724 2.045
-10.978 173.706 143.930 1.976
-166.817 141.885 -168.961 2.096
-75.873 65.165 69.785 1.967
-189.959 19.382 -158.741 1.951
76.235 -25.040 -64.162 1.976
188.452 63.975 61.570 1.968
-107.396 84.895 24.136 2.080
-198.278 88.143 -85.550 1.897
-65.735 -54.762 17.713 1.838
204.790 97.171 -70.170 2.038
32.616 -6.984 -128.513 2.131
-75.499 168.417 -90.375 1.971
210.525 81.684 161.480 1.998
-91.015 124.824 -0.693 2.042
-153.433 -31.431 179.092 1.969
77.803 149.908 -79.514 2.010
-59.961 187.335 21.334 1.970
224.388 5.738 -14.782 1.893
6.056 -126.626 102.248 1.968
-23.477 -139.307 194.445 1.944
143.947 153.958 -112.733 2.021
187.330 66.072 -84.374 2.125
102.753 -129.122 18.679 1.823
127.173 103.101 135.832 2.065
-11.946 35.917 -46.583 2.097
3.845 -75.589 -30.416 2.055
138.430 -31.577 3.899 1.879
46.013 -113.278 127.833 2.082
128.249 -119.451 -21.480 1.886
81.584 133.890 89.793 1.914
-14.988 35.524 -5.095 2.096
-152.368 170.612 74.691 1.947
-163.171 -99.477 -29.161 1.903
-163.836 -21.637 176.501 1.964
-55.326 26.870 139.479 2.136
133.081 -27.028 -163.288 2.194
-118.945 -16.872 -10.165 2.010
143.959 33.768 -100.023 2.150
-38.310 66.277 97.017 1.918
81.523 105.704 -127.857 2.005
205.292 -20.357 29.738 1.952
183.570 -47.817 6.541 1.957
185.800 -37.481 -23.445 2.136
214.320 -45.973 28.586 1.965
-222.812 148.347 -55.484 1.944
35.124 179.311 13.384 1.946
-62.552 -31.400 -34.599 1.991
51.946 -40.309 61.691 1.960
-44.535 -73.452 -153.397 1.928
40.680 1.549 -91.743 2.121
-105.721 102.920 76.762 2.055
-181.157 -78.241 52.164 1.918
-37.301 36.894 -199.385 2.063
97.896 142.562 -177.385 2.066
-85.080 -74.717 147.258 2.141
-50.390 -99.696 -108.090 1.957
-44.639 -147.444 6.537 2.032
-141.642 19.341 167.871 2.051
106.976 -18.181 199.194 2.083
-92.513 -51.155 99.099 2.029
63.489 -164.733 90.135 1.946
15.520 -12.199 -97.817 2.129
-102.030 -47.326 -124.445 1.870
201.679 143.447 109.250 1.939
-34.219 -35.503 149.527 2.089
8.008 37.467 -96.106 1.970
176.545 -123.345 -131.195 2.007
190.077 66.174 23.778 2.105
-156.441 24.003 51.558 2.290
-133.420 1.206 -86.290 1.973
-65.544 -104.262 -66.333 1.998
3.125 -32.660 -66.228 1.978
-50.630 127.794 -66.946 2.007
-5.123 39.464 64.411 1.793
130.782 -15.987 28.038 1.966
-176.540 -160.018 -96.621 1.980
-166.426 -135.957 70.453 1.868
59.250 -161.865 -37.230 2.019
224.629 92.649 -50.215 2.037
208.858 29.185 142.242 2.056
-205.226 -17.796 132.263 1.871
144.373 154.008 -45.011 1.974
123.569 -163.611 -186.784 1.918
136.749 119.206 -100.329 1.988
89.358 -94.616 -91.057 1.908
