-76.929 -21.847 -110.294 2.120
76.070 -95.792 125.984 2.106
-70.954 -30.903 -7.278 1.966
-86.461 -44.427 187.375 1.947
-99.317 140.356 130.671 2.015
107.493 -165.892 118.973 2.136
78.018 -24.049 57.479 2.033
215.699 -18.300 -106.019 1.835
105.407 -66.753 -15.045 1.922
-51.380 -16.751 199.391 1.998
114.869 -144.718 -6.062 2.057
109.987 36.463 -133.832 2.134
154.702 -31.595 -129.993 2.177
145.305 -105.629 -145.453 2.037
152.355 -76.775 -185.907 2.132
-95.099 121.587 -28.735 1.841
117.128 -103.679 74.764 2.075
-172.783 -179.229 -65.234 1.953
-174.145 51.575 123.197 1.952
-173.362 65.363 -81.963 1.939
-148.881 19.413 199.021 1.974
190.324 -6.389 121.803 2.044
-49.265 -21.048 114.456 1.820
-23.112 76.919 -154.643 2.045
-220.669 41.820 23.425 1.965
-86.706 -149.147 51.004 2.057
123.883 -89.455 -186.464 2.136
-124.190 -56.791 -163.951 1.948
-60.334 -9.225 -66.434 1.984
9.578 -92.127 86.382 1.965
-201.064 72.914 -105.729 2.021
-107.555 71.032 176.602 1.967
-175.985 -18.691 168.070 1.793
34.151 -187.432 125.935 2.245
-0.692 -95.346 -173.396 2.035
-120.071 -164.833 118.981 1.936
-36.498 116.036 39.312 1.898
80.188 118.201 72.176 2.038
177.288 -142.398 168.731 2.090
38.092 119.539 110.020 1.922
166.525 129.479 -41.051 1.974
83.281 -117.198 -34.728 1.810
-177.868 -183.706 56.779 2.037
10.808 81.985 -16.829 2.074
-131.057 -113.494 91.402 2.123
123.882 85.127 158.745 1.911
183.983 93.457 22.374 2.169
0.010 -43.115 160.465 2.034
81.446 183.006 -165.616 1.965
-154.141 -137.520 30.647 2.125
-104.147 148.781 -114.141 1.991
-161.469 118.266 155.043 1.749
13.735 -135.755 2.625 2.160
104.706 8.129 61.728 2.041
-215.446 -150.070 -10.335 2.052
50.144 102.005 133.510 2.093
44.964 -21.588 65.378 1.994
-13.493 -105.206 61.228 2.072
60.018 -1.117 -81.865 2.052
-129.665 50.427 153.684 2.067
-44.884 147.512 97.627 2.089
29.195 136.571 -188.277 1.983
-123.683 -173.395 -110.345 1.959
-119.166 55.307 89.051 2.045
49.279 -7.598 109.688 1.914
-221.307 125.212 -134.254 2.163
118.497 143.365 -72.733 1.960
-9.552 146.333 -88.579 2.042
210.612 123.220 -15.620 1.907
99.899 -166.257 42.387 2.203
101.115 30.503 -83.340 1.926
-99.614 -35.338 -53.453 2.105
172.476 30.935 -68.785 1.972
-76.074 -19.236 48.049 2.063
115.517 -2.113 175.653 2.067
-115.783 -55.444 -166.862 1.909
203.498 -117.058 26.128 1.883
71.317 -74.862 -1.637 2.148
53.026 18.456 -130.965 1.923
-197.067 189.031 -55.078 2.185
-166.443 165.712 -73.176 2.103
-118.046 -133.738 -52.794 1.923
-193.665 44.073 121.022 1.853
112.255 113.277 -156.670 2.058
-192.275 74.006 169.926 1.984
-205.772 -67.810 91.787 2.095
-215.057 121.429 0.597 1.935
53.300 89.566 -82.023 2.069
-75.138 68.793 -6.697 1.930
-218.249 55.599 193.270 2.034
-222.259 12.941 -32.714 1.752
-73.911 78.153 -190.307 1.961
-188.222 -93.114 -66.993 2.118
-172.087 147.250 192.140 2.139
-113.052 170.664 -172.314 1.941
6.017 -103.074 -45.849 1.907
168.327 127.631 163.059 1.982
207.612 9.678 -18.401 1.849
-42.479 164.595 160.957 2.021
83.189 -104.821 -50.604 1.997
78.012 14.825 173.680 1.857
106.878 26.159 191.645 2.092
-85.071 36.857 137.716 2.156
-156.854 -79.373 174.310 2.052
-60.775 -178.202 -53.413 1.917
-162.240 111.037 -190.869 2.090
129.696 -93.873 165.850 2.119
-156.717 152.089 99.621 2.068
130.681 -135.363 101.103 1.925
-109.624 36.177 -24.540 2.031
185.001 -74.757 162.616 2.000
189.028 43.360 -33.550 2.129
211.200 90.051 -8.423 2.055
-161.110 -38.792 -93.924 1.999
4.869 169.048 -123.124 1.965
-105.252 -10.301 64.907 2.100
-73.287 65.672 -68.871 1.934
-73.279 -60.508 -27.585 1.919
-71.875 187.220 -125.349 2.134
-133.530 145.769 -161.738 2.057
64.304 109.484 86.778 2.008
98.213 56.901 -75.689 2.021
180.685 -0.931 -130.330 2.032
181.764 170.038 -45.729 1.938
220.078 78.791 -29.524 2.150
-42.201 -112.549 -29.430 1.881
-22.942 56.633 50.018 1.796
-85.105 -66.047 158.341 2.017
175.977 -97.397 -151.331 1.981
163.640 7.596 198.755 1.948
27.821 -95.365 -9.413 1.952
11.870 177.718 197.082 2.065
7.882 184.119 -145.858 2.057
207.665 -28.818 -105.183 2.036
-183.916 118.948 192.831 1.941
61.510 3.776 -73.880 1.760
-131.921 180.428 128.821 1.873
-142.299 17.280 133.833 1.984
220.736 -40.791 29.011 2.010
165.279 -113.969 74.176 2.009
95.469 -72.007 27.984 2.048
-45.734 -168.528 -91.248 2.043
17.324 84.358 -194.587 1.935
-11.678 -118.129 159.482 2.151
-0.036 68.792 38.156 2.098
182.924 -163.278 127.411 1.953
199.620 -41.834 -4.238 1.943
110.503 -63.694 97.333 2.049
72.726 -112.225 -190.326 2.100
218.585 -151.382 -160.098 1.988
-5.495 -88.397 61.866 1.923
81.700 158.862 90.704 1.972
-5.114 156.156 137.188 2.079
224.851 187.719 133.154 2.029
164.996 -138.425 146.136 2.053
80.514 102.525 15.789 2.059
217.224 23.960 79.407 2.035
-61.127 -7.982 16.910 2.026
-212.372 -17.230 -98.664 2.139
202.041 -159.303 44.953 2.200
97.290 -135.183 169.477 1.974
-162.736 175.184 -180.073 1.991
-66.253 138.525 66.573 1.829
61.465 -137.106 -61.456 2.025
56.868 29.553 77.582 2.120
40.015 29.544 -36.070 1.853
-10.446 147.415 28.726 1.864
77.821 -101.037 -153.802 1.971
-183.493 183.843 -99.986 1.898
-221.889 178.954 29.303 1.844
-3.924 180.198 -192.979 1.957
85.198 182.607 -75.934 2.005
-89.910 -30.139 -178.961 2.104
17.380 -128.741 117.825 1.999
-93.161 28.481 -141.499 1.871
-164.867 23.647 58.873 2.062
29.343 166.521 -108.103 1.968
67.628 -173.198 62.937 2.054
8.699 -81.156 -34.236 2.019
-20.196 -142.931 131.245 1.942
90.583 -124.925 -34.563 1.896
128.611 161.864 -64.451 2.009
-49.239 44.819 28.545 1.995
-39.052 -168.412 71.353 2.052
164.625 -62.639 -168.310 1.971
126.048 -63.920 -42.305 1.992
-5.448 86.996 -156.040 1.989
-88.972 -114.063 -85.582 2.013
-129.311 -184.180 4.659 1.915
-213.385 -66.242 149.430 2.120
-60.477 144.125 85.823 2.083
169.952 11.825 -190.652 1.858
69.644 -30.550 -31.433 2.248
148.252 -171.939 28.115 1.877
-24.294 129.666 -197.981 1.969
-37.185 -98.683 -99.761 1.910
140.914 -10.222 -194.133 1.891
114.946 -42.607 191.467 1.996
171.266 -30.795 197.548 1.987
133.937 148.378 -91.213 1.737
169.553 -188.610 -22.986 2.005
-196.038 -46.507 -184.863 2.038
-150.435 -7.563 115.075 2.180
-169.026 -5.658 -146.460 2.121
-176.051 -72.533 -137.380 2.164
93.868 -170.680 168.897 2.040
205.432 -101.489 95.292 1.830
172.063 53.250 34.259 2.086
-6.007 101.441 48.009 2.011
33.319 67.384 92.023 1.947
-144.832 -117.501 163.072 2.107
-29.719 -84.307 -17.975 1.896
163.651 168.326 177.319 2.003
96.768 147.916 -8.806 1.989
-27.881 36.546 48.096 1.887
-79.071 -179.724 194.068 2.054
-216.054 2.837 25.019 2.055
75.205 62.236 38.489 2.083
-7.913 -107.869 187.500 2.093
-106.312 -74.693 -18.976 2.073
-31.890 -61.392 157.760 2.011
-112.459 189.166 -173.934 2.169
138.952 180.868 4.940 1.946
134.425 57.485 -141.882 2.088
60.859 124.106 107.541 1.983
6.928 -15.546 -37.749 2.006
-74.101 -148.118 20.397 2.055
212.010 64.629 -66.804 1.906
59.069 -24.014 118.564 1.970
114.427 92.200 -171.230 1.938
199.996 165.068 177.374 1.990
-42.606 11.587 129.717 2.089
25.273 -171.555 -54.000 1.930
-84.198 82.712 -136.292 2.039
-170.870 -57.749 105.221 2.144
-170.036 -41.875 -148.152 1.848
190.383 -162.610 -160.674 2.062
-89.087 -150.825 -189.273 2.028
-39.728 186.413 -122.251 1.950
161.982 -184.833 126.340 2.013
60.181 -116.294 31.216 2.087
65.062 1.293 39.250 2.030
-77.933 -17.461 -166.013 2.016
5.186 -121.211 -68.967 1.981
217.657 -20.763 81.885 1.954
13.509 162.059 -13.209 2.010
221.769 41.989 -188.287 1.914
99.673 -90.714 128.550 2.069
-89.724 175.803 -173.340 1.981
-62.916 0.691 97.168 1.908
117.830 182.573 -138.423 2.237
8.091 80.816 102.277 2.092
77.551 -57.617 187.394 2.239
218.703 -21.424 -181.286 2.205
-163.875 -162.720 52.071 2.013
-91.824 17.530 17.695 1.979
-86.767 -128.564 -49.910 1.990
212.205 -81.959 159.428 1.960
-141.412 103.723 48.097 2.198
-120.008 98.134 -135.142 2.113
-201.006 -9.872 101.301 1.938
105.862 -62.196 99.288 1.914
96.269 170.184 108.834 2.157
-56.386 -165.423 11.151 2.156
-203.000 171.034 37.699 1.956
112.403 13.267 -57.051 1.986
88.579 88.986 -65.367 1.855
128.299 -124.658 -166.676 1.935
-170.533 -132.915 -2.918 2.138
-223.201 85.247 -129.282 2.055
-38.846 -1.294 -162.821 2.085
96.894 -124.738 152.690 1.912
-69.245 -99.720 -105.767 2.016
-217.187 -45.538 148.628 2.003
-127.106 -79.702 156.110 2.046
-184.387 21.181 104.613 1.947
162.097 47.771 -98.446 1.942
-30.939 121.219 -159.481 2.069
40.798 -96.025 168.555 2.001
-139.906 -162.048 153.497 2.208
-159.816 -180.217 -166.189 1.995
161.793 125.990 -16.988 2.046
-113.552 141.447 -190.067 2.076
-79.847 15.319 13.341 2.081
214.699 7.003 -39.536 2.233
-42.160 -175.300 142.028 1.977
-129.838 -41.829 -1.566 2.063
-136.309 -121.706 133.733 1.972
120.731 27.015 190.183 1.851
169.721 19.378 27.145 1.906
174.477 171.021 -67.888 1.930
-11.560 -74.213 -162.621 1.797
-45.220 87.780 -30.898 2.008
38.790 -34.214 123.392 2.060
-85.336 -97.839 79.886 2.078
-33.189 24.620 149.311 1.992
3.653 108.789 -193.448 1.912
-126.187 187.744 126.741 2.110
173.439 -20.693 161.665 1.959
21.465 175.511 86.127 2.001
-150.049 -35.877 125.416 1.950
-183.816 -5.624 116.337 1.861
-139.594 -95.480 -154.994 1.963
-56.564 -52.392 111.316 2.039
75.199 140.321 -109.982 2.361
39.561 40.245 125.307 2.108
109.381 -121.404 26.921 2.103
147.959 146.246 78.166 1.997
87.622 171.324 -191.906 2.000
-160.388 185.290 162.645 1.825
-8.571 -21.667 136.536 1.980
-65.541 52.894 -23.666 1.996
129.330 90.487 193.140 1.909
-93.756 -92.907 48.426 2.044
-155.493 128.306 -115.977 1.796
71.369 104.079 -6.768 1.899
56.724 50.598 42.874 1.990
83.133 -168.805 -196.553 1.875
118.744 -114.126 65.468 2.034
-59.418 75.217 104.697 2.021
-40.055 83.189 14.320 2.018
134.070 -19.225 93.337 1.938
-194.938 129.688 121.353 2.055
34.482 162.719 185.039 2.094
-204.253 169.091 108.508 2.146
-185.536 -44.493 -36.218 2.045
29.865 29.293 -54.441 1.845
-50.331 24.249 198.196 2.113
153.856 147.032 -147.070 1.998
-61.588 10.095 -103.487 2.120
-196.754 -126.712 -120.201 2.116
86.132 -105.792 22.586 2.172
-35.745 99.792 158.640 2.003
-143.696 105.029 -41.417 2.077
-77.469 -71.621 -143.142 2.074
-110.432 -120.560 -33.651 1.861
-173.318 -60.254 192.884 2.066
183.241 -94.283 23.347 1.837
198.455 169.256 -67.009 1.879
-104.376 66.841 -40.048 2.075
-29.430 47.739 -190.233 2.049
-147.053 13.986 -24.354 1.981
113.981 -112.314 -1.292 1.971
-114.585 -172.029 165.565 1.907
11.216 -82.460 -133.386 2.001
-182.199 -82.534 -170.887 1.972
-44.203 -178.607 -18.181 2.077
88.544 -60.297 161.896 2.037
101.839 -89.599 -160.526 1.955
-36.498 -130.615 -150.832 2.105
111.116 177.469 45.992 2.141
-23.183 82.324 140.343 1.821
-203.793 8.643 86.828 1.902
-195.442 182.177 -52.683 1.909
-184.563 -171.621 -22.531 1.820
-170.536 -150.757 -111.627 1.964
-140.093 -137.175 45.859 1.872
86.912 168.809 49.452 1.925
-192.132 -176.291 41.779 1.908
75.377 -56.814 36.229 2.057
188.441 150.987 77.262 2.002
-49.077 44.685 -24.881 2.046
-179.649 -186.324 54.992 2.167
-172.783 119.056 -63.964 1.975
151.839 -20.334 27.703 2.194
150.943 -56.039 -21.706 1.978
-132.521 169.787 -1.235 1.893
221.167 49.147 -49.220 1.892
-52.185 143.941 -99.859 1.872
-216.071 -118.961 41.316 1.986
-133.756 -83.792 -96.502 1.992
57.472 138.451 31.620 1.978
-143.019 -51.845 -197.876 1.904
77.475 -103.993 -181.639 2.064
-94.761 102.844 -179.030 1.890
218.187 -138.025 -187.527 2.009
125.068 -94.698 -49.413 1.886
-192.284 170.962 -128.613 1.997
116.843 110.432 179.766 1.924
-11.558 -65.621 -112.129 2.238
176.846 -149.695 179.850 2.018
-151.672 147.016 -177.120 1.979
-7.414 11.938 -124.894 1.768
-219.801 123.996 41.041 2.030
67.349 123.831 129.926 1.919
119.473 141.403 120.002 2.118
91.740 63.039 45.792 1.993
-196.196 51.841 137.632 2.002
-32.740 -173.028 -149.465 2.036
-29.816 -126.929 123.286 1.987
-121.416 -36.676 141.365 1.833
68.685 -140.852 -110.740 1.909
28.323 -112.025 103.291 2.089
-203.690 -135.638 198.640 2.335
25.729 -68.334 -74.537 2.147
-200.066 11.455 -58.590 2.076
-122.768 97.854 28.753 2.067
41.878 46.825 107.385 1.903
110.514 -145.816 -185.846 2.216
54.773 19.577 -180.005 1.837
81.043 35.480 -168.795 2.003
-204.198 -108.943 117.754 2.099
50.067 -123.166 -86.039 2.060
32.253 89.511 -1.789 2.059
-208.632 89.105 4.946 2.029
-224.547 -45.651 -57.684 1.981
23.143 146.685 70.802 1.943
-21.882 -168.176 -180.016 1.932
180.798 107.231 -75.257 1.968
-150.945 -115.269 148.419 2.120
35.456 -129.362 70.637 2.122
-222.115 111.292 183.526 2.030
-141.408 175.925 -92.603 2.085
202.553 143.739 -32.958 2.124
135.027 -23.866 -40.040 2.025
-36.102 -67.606 15.120 1.996
-117.231 -120.291 159.241 2.126
73.960 57.974 49.718 2.112
141.456 19.342 -2.134 1.886
121.037 -74.118 -17.235 2.014
32.233 128.090 45.519 1.842
-64.415 -188.458 146.341 1.738
84.791 -115.682 73.418 1.977
0.047 22.002 -163.564 1.940
-214.900 -117.829 118.770 1.902
-82.391 184.222 -115.877 1.698
-219.499 5.360 -94.349 1.858
92.425 113.059 57.394 2.056
-186.670 138.210 150.145 1.987
-116.056 55.366 -177.361 1.845
0.619 -174.625 -180.592 1.907
24.509 117.351 -96.910 2.031
163.710 -186.133 76.413 1.876
-153.978 -167.128 160.684 1.911
-59.039 -44.538 181.007 2.071
153.763 -7.931 -90.091 1.969
14.432 -133.364 -145.794 2.178
116.552 -125.500 59.901 2.158
178.644 -148.909 -164.948 1.919
-72.422 -40.031 -85.768 2.150
-69.372 169.165 70.869 1.946
11.425 56.087 -153.833 2.018
6.070 -149.303 47.843 1.927
-91.559 1.267 129.448 2.043
178.162 -186.074 65.841 1.861
-72.551 83.675 181.535 2.052
13.949 -114.304 132.636 1.865
0.974 -54.369 -197.945 2.047
127.765 113.264 187.797 1.928
70.576 -15.759 176.752 2.006
-155.236 56.122 -48.129 1.886
-78.148 -4.697 -143.858 2.078
61.664 -86.989 -125.306 1.875
6.891 -177.214 -17.316 1.771
132.039 119.285 -127.041 1.951
-222.976 38.173 196.332 2.019
-72.733 -181.342 84.292 1.942
-119.741 20.182 -16.178 1.975
176.461 -165.136 190.139 1.858
-162.945 156.649 -81.846 2.282
91.724 179.248 112.646 1.935
107.128 54.345 165.646 2.201
197.079 -187.128 -190.047 2.003
-97.169 39.055 -117.702 2.000
179.488 2.015 106.915 1.889
-67.565 165.087 122.669 1.851
125.033 148.317 108.185 1.955
32.434 -101.421 -42.875 1.998
-5.780 67.638 -154.944 2.054
-104.737 111.743 -57.836 1.988
-204.175 -92.498 -30.621 1.831
-125.920 -22.321 -69.535 1.843
-113.289 62.051 -122.563 1.881
-60.480 -148.734 92.843 1.940
-124.752 146.552 170.314 1.987
-173.675 102.874 83.883 1.965
76.455 122.265 121.623 1.941
128.956 -101.911 -8.028 1.995
-84.270 -146.565 -61.657 1.992
-28.873 90.641 -197.853 1.990
91.677 94.394 133.394 1.972
94.500 -165.258 -179.381 2.057
-186.291 -21.895 136.362 1.856
-59.036 -159.365 50.979 2.132
-220.618 164.053 1.008 2.022
-180.840 -103.424 -26.797 2.032
-32.399 -38.269 103.172 2.024
-40.701 -4.827 -9.073 1.883
97.403 96.480 -52.866 2.098
-118.871 2.167 -52.427 1.941
-31.970 -40.646 -197.500 2.042
-216.487 54.361 -182.546 1.712
-187.122 -26.529 -96.497 1.935
-60.544 45.216 7.097 2.146
192.195 50.958 9.585 2.021
-169.982 180.942 -17.544 2.019
-133.899 105.837 43.140 1.973
-192.044 3.403 125.893 2.012
-105.344 14.417 -196.480 1.998
-32.331 -163.314 -151.106 1.795
135.002 -157.688 -198.936 1.896
-116.691 17.170 -151.140 2.073
146.990 -148.717 71.825 2.224
-173.055 136.990 -60.110 1.918
94.453 -135.047 128.885 2.001
-205.737 -65.547 53.624 1.932
-146.100 138.105 135.826 1.992
55.129 13.315 -71.270 1.854
150.400 -141.171 -140.490 1.922
-193.820 -57.613 -120.891 2.069
-15.598 21.776 199.319 2.139
-209.912 -143.944 -186.011 1.889
140.920 83.186 -103.375 2.212
-20.341 146.163 71.735 2.192
125.893 -41.873 -12.345 2.050
-33.135 49.328 -33.169 1.769
-168.592 -151.006 145.134 2.117
-216.451 -4.958 -179.041 2.083
181.951 83.912 -125.713 1.827
-114.054 -11.053 -181.339 1.968
-33.466 180.727 -5.010 2.007
-12.370 -75.367 -33.397 1.971
90.104 164.224 -140.045 2.101
-60.929 53.627 -176.851 2.130
-9.437 -55.167 5.566 1.965
-91.435 31.154 45.716 2.019
149.534 -55.046 23.333 2.024
-70.754 -180.806 -136.199 2.018
-126.440 -18.532 77.688 1.875
143.827 -48.854 -15.417 1.934
-212.278 -125.622 -135.053 1.948
105.565 127.016 119.580 1.937
-213.817 164.806 127.188 2.132
-2.365 171.364 120.844 1.954
111.132 -34.195 -34.276 2.006
144.336 144.148 119.256 1.806
-137.990 -14.030 89.947 2.070
3.888 184.247 89.894 2.089
141.030 -104.613 -187.963 1.973
52.162 -34.208 -9.790 2.005
131.578 1.938 78.861 2.022
-192.450 -135.907 -29.404 2.198
-172.787 -114.061 -42.682 2.049
-159.080 119.111 -22.427 2.061
33.475 -122.121 -155.595 1.944
-90.023 -180.359 -14.927 2.238
-7.679 28.033 108.592 1.978
92.870 -92.467 149.939 1.854
150.058 28.154 -190.026 1.833
221.280 20.857 -58.744 2.006
-139.230 -42.462 142.141 1.913
-78.714 -78.976 90.029 1.968
127.415 167.255 -3.850 1.935
27.333 24.190 -141.179 2.100
100.974 47.554 -141.244 2.175
12.452 49.462 -124.806 2.055
-148.106 -120.814 76.306 1.939
-29.963 -38.656 122.736 1.808
-31.313 -22.944 -29.334 1.941
21.048 -50.716 156.832 2.044
208.730 -187.143 -152.322 2.081
157.898 46.577 -3.265 2.023
156.618 -84.350 -26.597 2.074
148.684 47.385 65.498 2.115
-46.384 92.440 -11.112 1.957
46.117 -94.402 63.965 1.955
-73.923 -4.245 -28.998 2.119
120.016 -11.639 103.061 2.051
-98.180 -114.231 77.140 2.050
190.843 -85.135 138.793 1.971
38.646 -114.116 12.811 1.877
177.853 -135.330 63.632 1.922
-98.468 169.385 65.903 1.967
-133.262 -61.345 69.012 2.013
171.128 102.428 21.476 1.953
-197.297 181.113 116.418 1.935
-165.309 -47.847 -196.565 2.235
55.011 53.724 136.991 2.257
-108.891 -113.229 -78.334 2.005
-112.432 -82.612 -183.337 1.996
-135.212 144.573 -17.769 2.059
-161.207 10.293 43.772 2.012
174.661 77.305 -147.922 2.093
-107.020 -144.577 117.636 2.000
-9.837 -20.158 -197.088 2.111
-199.482 1.405 136.171 2.020
-199.108 -145.448 -188.714 1.951
39.451 122.823 171.780 2.076
-37.822 -4.845 -19.005 1.819
144.068 37.109 160.771 2.124
-85.395 47.102 -194.999 2.124
-211.501 53.911 141.685 1.884
-116.469 -124.993 -46.952 1.938
-97.957 70.920 125.489 1.972
-90.089 43.204 45.032 1.811
-94.032 -75.588 -179.609 1.947
-177.895 -181.490 -58.479 1.908
-1.261 -148.458 -31.915 1.890
-104.329 -142.307 -24.560 1.913
54.962 -105.356 191.759 1.966
-17.389 -40.096 39.826 1.993
112.767 34.871 88.686 1.886
43.751 -6.269 -168.988 2.048
-219.996 98.952 -116.606 2.000
179.237 -63.667 37.323 1.958
157.549 167.355 -146.408 1.861
210.438 -52.963 8.652 2.036
197.290 -180.128 -145.734 1.999
89.129 1.446 -37.967 1.884
-102.845 148.104 42.269 2.163
-70.475 179.733 -188.785 2.143
147.596 -83.781 24.246 1.953
13.387 -17.266 -118.428 2.167
-58.447 -2.018 -173.351 1.960
-101.307 -1.376 126.719 2.102
-206.149 140.407 -179.189 1.799
70.342 -86.870 -48.764 2.024
-172.543 60.657 -4.890 2.078
-185.790 -42.711 16.938 2.062
-31.780 26.815 190.082 2.137
72.340 174.382 74.165 2.063
26.127 103.586 169.006 2.042
-221.376 134.794 159.258 1.884
-80.927 -63.910 138.948 2.059
-67.117 -75.793 116.485 1.813
28.210 -39.084 -136.573 1.990
-185.281 -182.658 55.304 1.867
178.653 145.161 125.561 2.149
-224.808 92.444 51.262 1.831
2.976 -161.542 -99.007 1.759
-81.911 -6.379 -73.064 2.130
-199.817 22.279 11.242 2.105
149.525 147.413 132.001 1.965
78.894 -71.802 86.856 1.892
-173.921 115.325 30.876 2.011
145.196 -137.523 28.086 1.862
172.874 -133.577 -91.273 2.099
-44.298 -176.313 160.609 2.039
132.047 84.416 -148.157 2.082
95.082 -10.885 -4.387 1.899
-22.908 -30.054 -193.639 1.853
-170.614 146.835 148.634 2.028
-140.403 -74.085 -171.578 1.971
5.548 41.893 -20.361 1.915
-220.422 -92.101 189.599 2.064
195.071 37.392 -88.295 2.154
46.141 -90.578 141.808 2.197
-66.562 -6.144 190.087 1.973
-219.412 -113.099 188.276 1.913
165.725 -48.562 174.377 1.983
216.700 1.362 -66.661 1.942
118.601 92.897 -84.144 2.062
17.753 87.912 132.424 1.927
-3.395 -84.578 -196.058 2.080
-26.897 -167.923 -66.784 2.033
165.414 27.793 -45.093 2.045
-4.720 89.058 16.336 1.996
139.938 106.822 -149.032 1.958
191.609 53.920 -34.096 2.002
50.281 36.051 137.863 1.977
-136.137 177.167 84.643 1.965
-114.803 92.027 4.163 1.949
-131.203 -95.699 -48.061 1.875
159.484 183.631 -115.733 1.798
223.060 -121.092 117.951 1.988
38.474 -61.603 196.182 2.179
6.153 -65.397 -135.879 2.207
206.596 123.466 197.510 1.963
132.525 154.403 93.921 2.139
-81.452 31.604 -82.043 2.225
-12.715 62.483 133.421 1.787
-157.980 -60.534 152.489 1.969
-141.070 -31.904 -81.270 1.936
211.582 -92.749 45.963 2.060
23.587 -85.087 148.389 2.051
142.985 141.666 -172.261 2.084
-189.354 14.752 78.127 2.224
-133.180 147.580 85.769 2.056
4.209 -91.251 176.408 2.008
-59.004 25.742 128.326 2.017
113.516 13.227 13.680 1.861
176.167 15.373 -163.455 2.059
-127.728 125.393 61.964 2.118
40.288 -63.958 -103.922 1.869
87.580 -74.791 -41.113 1.921
-62.763 -93.125 93.581 1.891
165.969 4.343 -165.447 1.880
145.027 111.457 -19.103 1.782
-150.763 107.279 -114.223 1.890
210.698 -93.212 169.967 2.143
-87.623 1.192 -142.949 2.074
-2.930 179.825 -105.634 2.243
-124.332 -36.666 -173.274 1.919
-62.116 117.981 -186.041 1.999
88.696 -16.302 -44.527 1.925
-125.453 27.882 -29.163 2.120
36.103 72.030 -111.814 2.046
141.292 70.343 104.176 1.888
-161.104 158.510 166.803 1.973
28.209 -32.915 -14.248 1.890
79.856 -91.514 -126.031 2.106
39.070 -169.888 -191.151 1.764
-22.367 31.289 -39.804 1.995
148.210 57.923 184.004 1.870
-133.038 -20.995 -99.006 2.028
-140.092 83.088 -21.551 2.067
-61.664 -171.666 -41.237 2.053
-74.191 -179.647 7.032 1.853
-133.352 30.440 90.470 1.796
-180.854 -96.791 -60.253 2.031
-169.313 -180.192 132.456 1.898
141.901 -27.294 -132.979 1.988
111.567 -126.163 32.363 2.023
-182.996 -76.989 -26.753 1.879
151.204 -64.789 -10.576 1.990
145.537 -156.268 -191.491 2.085
20.948 158.825 80.374 1.897
209.760 -88.050 37.420 1.986
-131.897 80.745 121.205 2.011
40.447 -147.093 110.215 1.956
-179.768 22.600 18.814 1.987
-0.113 160.113 89.094 1.934
-100.538 52.413 59.395 1.914
170.089 189.382 -184.753 2.100
-141.754 76.908 34.219 1.983
222.600 -85.651 -67.711 1.871
-166.882 -184.674 150.244 1.881
131.690 132.255 -107.314 2.076
-100.700 132.476 126.943 1.994
-128.202 112.638 84.928 1.949
167.339 -16.097 176.455 2.013
-51.268 32.824 7.354 2.013
-94.043 128.726 -73.588 1.952
32.181 106.305 35.500 1.934
163.523 166.218 -38.479 2.149
76.074 83.696 -190.814 2.055
-2.508 19.280 87.869 2.048
-136.175 124.558 -165.306 2.117
-81.685 124.351 162.961 1.923
-37.821 -185.302 -117.569 1.933
132.048 8.482 0.460 1.933
66.944 184.330 22.499 1.921
-218.118 41.532 106.940 1.898
-5.154 1.769 182.474 1.869
-139.903 157.697 110.473 2.053
-10.527 124.328 -124.209 2.213
113.803 148.321 195.579 2.040
-172.894 -53.662 -7.492 2.018
186.194 100.141 10.965 1.954
-220.192 -8.407 89.236 2.032
213.958 -75.727 -37.949 1.983
81.004 25.889 -29.914 1.836
9.973 -59.570 -173.825 2.140
42.914 60.413 159.460 2.079
220.855 -119.543 -76.270 1.866
-170.325 -104.394 27.817 1.936
55.497 99.746 -131.408 2.052
-155.391 137.215 -44.623 1.989
99.237 110.410 46.369 2.054
4.449 -29.517 -160.372 2.175
-188.703 132.190 -14.810 2.020
-98.384 1.614 114.616 1.925
-38.842 -74.987 179.812 1.969
-187.179 -51.089 31.725 2.038
-183.197 -150.688 77.535 1.974
-159.171 -171.340 -64.875 1.976
41.418 -22.881 -141.654 1.964
-59.962 159.268 -91.068 1.949
103.596 182.652 184.893 2.085
-185.466 129.278 -58.931 2.004
90.922 -120.417 -168.828 2.021
-111.871 7.710 59.906 1.998
-142.387 -38.993 96.173 2.016
-38.991 126.750 76.828 1.953
119.387 -178.960 -18.364 1.969
2.301 25.865 -120.865 2.021
139.301 184.778 -119.041 2.024
210.548 -148.350 0.819 2.045
70.154 57.309 -149.139 2.106
114.652 81.324 139.040 1.910
-22.206 -147.495 -161.147 1.966
-49.775 -138.645 -64.523 1.912
220.081 -162.213 -172.515 1.997
218.296 -2.891 160.623 1.956
-196.310 -159.133 -27.308 2.139
-160.477 123.449 49.495 2.052
98.215 -69.297 -120.755 1.838
112.444 -8.178 -71.243 2.075
-80.138 -127.415 45.066 1.923
-138.949 -22.525 12.379 2.022
102.537 107.373 -108.558 2.034
-51.872 -101.366 61.300 1.912
-120.444 -68.497 -69.418 1.930
179.080 -137.239 153.147 2.003
-37.075 105.812 -109.900 1.928
49.931 116.385 -91.680 1.940
177.838 -176.188 104.179 2.062
192.788 35.044 -17.234 2.151
-17.669 78.209 -120.177 2.019
-214.482 106.773 -96.239 2.148
17.077 85.661 72.246 1.908
210.864 121.726 -33.343 2.025
85.105 8.893 -32.194 2.206
-90.999 -62.695 143.897 1.918
-126.289 156.962 82.880 1.877
133.213 155.566 81.539 1.876
-126.053 81.918 -33.990 1.836
-179.007 -109.988 -67.326 2.054
-62.025 -29.394 86.407 1.849
2.020 -155.779 70.737 1.992
-82.705 165.712 -137.935 2.047
-109.581 156.547 -143.646 1.996
46.143 57.704 -13.446 1.924
181.365 -81.663 195.421 2.052
-168.044 -4.187 21.798 2.064
-182.547 150.447 161.149 1.831
0.802 -8.881 -74.135 1.994
-144.587 -172.252 109.685 2.132
-224.364 113.355 103.864 2.093
-113.864 39.260 -178.636 1.887
67.576 86.042 -98.413 1.989
199.032 109.295 -83.963 1.981
-153.987 50.240 -60.471 2.235
-89.030 -116.005 130.854 1.891
-83.964 131.777 166.360 1.972
89.782 -77.905 -23.177 1.985
-78.280 72.987 -109.329 1.916
183.100 123.492 75.340 2.097
194.708 160.319 53.937 1.968
-211.337 46.359 44.524 2.067
-65.500 -46.771 -73.093 1.960
50.050 178.897 -1.381 1.907
-57.728 -151.487 182.160 2.060
-124.902 -36.940 -170.215 2.032
-97.224 14.416 -24.165 1.807
-202.770 -167.791 190.384 2.074
-103.393 18.192 143.552 2.210
143.897 79.677 -135.236 2.045
-47.783 4.837 -123.553 1.958
17.884 -7.361 131.952 1.857
-182.449 -113.657 44.718 2.107
-215.971 91.721 -33.403 2.022
153.384 158.428 -95.705 2.012
-160.171 -80.339 -129.060 2.015
107.614 166.398 109.215 2.053
-141.516 109.447 -46.205 1.846
41.712 35.327 140.561 2.051
-214.437 -185.577 103.726 1.946
211.112 86.333 84.646 1.872
-175.125 -59.620 48.225 2.205
-107.358 -145.326 148.671 2.063
-0.344 188.343 -17.282 2.069
138.800 147.676 -179.199 2.082
-195.029 -112.413 -76.140 2.122
20.895 108.275 42.034 1.939
127.483 129.994 -145.244 1.962
-45.941 163.553 84.155 1.846
-4.033 -42.479 122.674 1.925
-170.320 154.069 102.827 1.835
-170.334 -62.690 -198.919 2.062
224.847 24.044 26.669 2.155
0.730 97.159 -98.481 1.958
-205.777 -7.710 184.725 2.091
-175.437 -132.004 97.720 1.927
-193.464 188.286 118.153 2.040
-184.907 -60.545 96.387 1.992
181.450 125.809 -90.000 2.280
-133.990 -17.804 103.190 2.080
-184.255 -145.263 -90.333 1.885
200.537 55.006 -12.723 2.041
39.025 130.808 134.508 2.051
47.977 -27.901 190.354 1.820
-70.482 -22.615 76.771 2.034
211.959 57.364 -22.648 2.000
-133.025 -117.162 -57.173 2.092
125.814 -26.589 18.605 2.134
87.086 -78.673 90.964 1.967
185.575 -77.239 -136.950 1.952
205.004 173.355 187.437 2.160
-210.605 54.534 -34.891 1.987
177.004 -157.818 -130.049 1.982
164.690 -181.087 -60.385 2.045
-203.234 95.858 148.680 1.956
2.083 50.014 -15.340 2.037
-25.594 -185.788 64.583 2.148
135.987 -29.515 10.904 1.891
149.695 -109.171 65.392 1.891
63.770 -105.785 -188.187 1.932
-63.228 47.748 113.459 1.910
18.574 -141.711 -181.165 2.035
-88.849 -121.093 -63.047 2.015
72.340 78.722 -47.292 2.143
-81.448 -5.419 -27.225 1.991
162.174 8.041 -127.071 1.893
-87.191 -30.788 191.524 1.842
34.903 76.126 -93.587 1.975
-202.002 -165.553 -101.009 2.048
-50.299 -117.746 59.749 2.038
-107.432 -103.078 141.841 2.122
-81.499 -175.957 95.304 2.018
-119.669 53.827 18.182 1.913
-221.973 165.916 137.422 1.963
103.852 -48.277 -86.053 1.886
24.018 -150.715 83.875 2.012
0.862 124.881 -116.090 2.242
-173.743 184.034 -167.916 2.049
111.634 184.998 96.607 1.971
157.656 -8.861 -34.390 1.989
-58.297 -2.450 55.092 1.872
-125.468 174.444 -86.835 1.992
82.648 -136.645 27.041 1.973
-177.743 -166.816 28.276 2.096
61.186 44.880 -66.487 2.051
-74.177 -69.426 -153.682 1.981
-191.475 -1.762 -99.340 1.908
-129.503 -64.121 -20.939 1.873
22.414 -66.022 65.823 1.899
127.926 68.524 161.036 2.175
-212.530 -130.614 180.657 2.016
-15.483 -126.977 -172.277 2.009
19.469 -79.754 176.734 2.124
-42.618 -52.665 -72.355 1.841
54.733 36.950 -55.181 1.894
-63.677 -102.790 117.705 1.933
119.596 75.894 97.261 2.163
-5.808 -154.479 -140.850 2.016
-186.492 95.933 128.580 1.969
125.787 99.065 26.720 1.940
-142.090 -19.015 125.671 2.081
2.390 182.947 -66.711 1.971
58.568 -4.445 -2.884 1.956
170.772 -25.066 60.604 1.966
-19.788 -26.232 53.527 1.928
167.621 43.091 23.529 2.142
136.429 -79.668 144.222 2.048
54.630 -66.849 -199.768 2.157
-127.772 -2.729 107.687 1.942
-81.215 107.871 -126.519 1.888
-219.254 156.906 122.815 1.730
88.039 -173.188 76.516 2.041
-155.178 -99.743 182.143 1.950
165.656 -113.350 -163.929 2.055
-58.668 29.754 161.502 2.063
-73.148 -27.031 -150.109 2.061
-51.691 66.317 -52.003 2.048
-46.455 48.471 110.597 1.819
173.430 68.079 -4.416 2.112
87.477 129.656 168.451 1.948
94.417 188.001 43.121 2.009
32.832 56.673 163.794 1.959
-108.329 -177.984 167.692 1.920
56.182 144.892 64.913 1.902
178.165 -92.356 -67.245 1.996
-108.777 -127.903 64.148 1.858
-121.362 57.700 99.324 1.818
42.746 105.212 -82.289 1.914
213.088 -85.169 52.568 2.060
22.809 81.676 -146.527 2.071
-42.897 -84.757 -197.831 2.039
33.911 44.750 45.792 1.976
197.958 82.932 -91.606 2.055
209.911 -151.951 -174.442 2.145
-55.389 -186.280 116.107 1.875
73.199 86.706 -27.955 1.916
-202.116 171.114 167.173 2.039
-175.862 18.003 15.412 2.008
-111.064 61.159 -197.474 1.825
-139.019 32.254 -80.855 2.004
-14.543 131.610 22.900 2.179
-54.553 109.645 102.048 1.911
176.830 -29.113 -88.533 2.082
-54.358 -128.484 -159.700 1.884
-41.124 95.693 -199.187 1.992
-154.044 127.435 -79.240 1.990
121.953 188.792 -190.819 2.006
-117.297 61.652 -3.454 1.828
62.786 90.747 -110.022 2.042
-141.971 153.878 62.138 2.092
-125.944 -94.884 151.744 1.879
-139.851 132.469 -178.598 1.778
187.390 85.005 142.758 1.950
169.765 10.040 -56.387 1.839
2.105 -189.305 136.763 1.998
-73.424 -172.021 97.449 2.052
-14.629 -146.957 -129.564 2.276
-39.415 2.916 197.789 1.923
181.718 2.457 72.402 1.914
-96.944 -105.092 -65.950 2.016
161.159 -2.589 135.286 1.852
-171.259 118.215 -67.893 2.012
-143.400 -20.823 42.582 2.079
116.574 -136.577 -156.619 1.929
-139.555 -39.543 132.341 1.929
-160.894 178.710 -8.327 2.102
-206.857 -54.734 -128.477 1.898
-82.960 -6.655 134.133 1.955
-14.851 2.457 -134.294 2.076
115.324 60.359 -59.499 2.004
-24.288 65.116 91.299 1.927
51.569 -24.282 122.215 2.042
