34.137 116.091 142.058 2.099
-158.744 128.608 17.333 1.926
59.160 109.719 -93.895 2.133
-212.950 -159.265 -89.860 1.898
45.032 96.244 -66.887 1.747
-107.210 -65.155 66.278 2.030
-14.625 148.682 177.204 2.132
66.309 -18.505 -170.726 2.032
13.648 53.442 190.449 2.017
101.128 -28.223 -114.874 2.110
125.171 -90.832 -60.821 1.904
-135.974 57.026 118.726 1.969
-149.997 95.271 19.837 2.101
-6.180 184.684 174.800 1.964
-94.853 81.418 -67.219 2.166
8.189 -127.071 88.029 2.009
-145.154 -112.887 32.661 1.993
33.794 -110.716 100.874 2.149
2.886 38.733 -18.900 1.829
-17.467 -114.724 -139.698 1.972
-114.602 -33.840 35.775 1.835
-57.026 -93.594 -50.947 2.167
-145.335 -135.970 115.739 1.835
179.019 -163.561 -189.406 1.911
-145.313 147.767 150.518 2.092
-45.246 162.578 -196.755 1.864
161.567 1.245 8.044 1.894
-160.147 -151.899 -166.895 1.923
-75.685 23.650 57.707 1.984
114.341 93.070 166.868 1.887
156.008 -115.461 104.324 1.960
29.368 136.804 -130.515 2.028
75.905 -94.432 -111.542 2.010
-170.037 -170.277 9.595 2.013
11.574 169.180 191.608 2.041
-113.715 -120.809 177.861 2.094
166.915 -144.130 31.522 1.847
170.950 -114.490 -95.973 2.024
-110.229 -22.324 -21.838 1.913
-46.516 13.497 104.851 2.026
-111.461 46.002 165.070 2.029
52.389 -187.192 -97.604 1.827
-12.820 62.068 -194.159 2.069
103.420 177.435 38.539 1.874
-48.922 -63.012 -163.774 1.995
8.870 -138.139 -118.520 2.045
105.543 174.006 -151.377 2.124
-29.071 33.205 148.990 2.262
171.557 -17.994 35.217 1.652
80.312 173.510 -160.253 2.038
193.091 -46.466 73.422 2.062
105.737 -88.425 7.338 2.025
-31.399 -155.742 54.995 1.958
146.987 -14.010 -126.799 2.142
-5.584 158.986 -133.789 1.975
-87.008 -115.672 -65.920 1.967
60.267 163.613 -157.485 1.734
49.680 -76.484 -79.130 2.023
-194.966 -30.517 40.081 1.976
-220.438 -9.739 -144.140 2.026
-9.605 160.337 -64.436 2.187
219.668 -160.024 150.380 1.890
-121.622 -67.901 -47.467 1.957
19.949 -120.572 104.642 1.870
86.701 98.060 -34.158 1.974
208.830 183.686 -84.975 1.875
201.597 60.763 -184.302 1.798
-122.374 161.361 66.332 2.219
-36.967 18.202 -110.645 1.909
191.386 57.769 -172.491 2.051
44.636 -46.302 -185.629 2.120
-7.212 -138.120 -167.309 1.718
213.956 -113.377 43.107 1.847
-64.231 62.546 -23.687 1.979
-143.571 139.297 -77.576 2.083
-37.441 64.301 123.062 2.036
43.601 -60.393 186.321 2.135
63.081 -7.238 57.791 2.061
73.122 120.168 124.998 1.866
-175.477 -48.053 167.818 2.037
-205.850 120.916 71.276 1.894
-137.971 20.213 35.136 2.161
57.583 -43.578 59.133 2.144
136.496 124.450 -177.092 2.088
-180.004 -179.444 59.764 1.925
5.916 -127.294 86.023 1.988
-98.519 -75.690 26.271 1.865
-149.503 12.449 23.177 2.015
93.671 183.915 104.350 2.022
-51.079 -56.053 -61.273 2.157
-83.829 158.938 -65.666 2.014
149.777 -37.332 173.220 2.082
-87.047 165.504 165.375 1.951
-200.979 181.407 48.481 2.051
174.902 -178.509 159.981 1.882
133.315 -21.425 -119.610 1.988
-140.878 -98.006 -117.299 1.957
-145.122 -99.070 -98.384 1.935
-22.931 -10.410 78.913 2.041
13.938 -114.845 148.219 2.180
-33.495 -154.281 112.293 2.118
9.563 73.934 -128.833 2.051
16.986 -31.214 -106.309 1.777
-178.622 115.344 -162.388 2.213
61.377 -98.856 -198.912 2.109
-174.531 -34.055 7.733 1.949
190.308 128.280 118.477 1.883
-98.440 -51.140 -116.493 2.107
-103.622 -71.259 -10.657 2.059
-56.722 141.240 -16.225 1.978
205.800 -38.586 136.761 1.739
131.435 -95.008 -93.850 1.867
-71.285 150.809 32.029 1.946
-58.035 87.174 41.932 1.952
-23.742 122.324 20.712 2.205
-212.888 -174.764 149.732 2.000
129.815 -10.390 -85.002 2.137
-153.680 155.356 193.569 2.078
218.526 -15.749 16.716 1.983
64.650 -44.513 -23.782 1.946
20.165 -62.643 190.326 1.884
-31.842 149.494 -46.517 2.164
-152.668 169.795 91.385 1.951
134.911 -134.245 151.275 2.013
67.545 91.341 81.606 2.194
-88.383 72.763 -28.810 1.779
116.572 -14.460 -116.324 1.959
-70.719 26.701 168.598 2.019
-12.505 -116.259 -162.456 2.102
94.702 187.309 188.903 2.159
84.280 -154.552 -6.154 1.880
27.128 -182.569 174.830 2.021
10.599 -0.831 117.776 1.980
153.305 -23.144 61.227 2.097
-114.020 -97.566 -107.928 2.067
121.067 189.569 -51.638 2.093
29.717 -7.024 100.745 1.933
-96.120 120.729 -102.742 2.163
29.224 101.673 -192.800 2.005
-57.852 -157.878 -153.930 2.056
-91.720 182.387 -7.401 2.023
151.608 -84.924 -194.609 1.925
-30.911 -77.487 41.987 1.981
-39.861 129.794 175.579 2.097
-179.235 22.983 77.076 2.177
-101.657 -72.187 63.674 2.105
102.868 -19.654 77.825 1.992
-118.852 -32.510 46.032 1.710
-186.200 171.923 106.960 1.852
-44.066 66.066 -128.960 1.960
-164.633 -175.366 -34.556 1.828
18.517 -73.507 96.152 2.130
91.694 -95.939 -124.314 2.002
221.684 -9.301 -88.145 1.997
26.010 -124.806 -179.451 1.809
93.309 122.869 168.014 2.006
-160.879 -20.177 68.850 1.980
10.974 -132.073 -64.729 2.035
182.862 -62.704 -104.482 1.855
78.512 -9.561 197.408 2.043
8.464 -179.466 -0.302 1.977
69.171 76.583 96.824 1.839
-15.061 55.610 183.138 1.919
-154.251 -159.130 134.418 2.242
-16.581 82.735 84.893 2.104
36.704 -12.404 -167.769 1.807
190.512 9.822 69.573 2.003
-77.920 153.853 85.681 1.962
157.156 178.719 -11.047 1.894
-188.186 -53.574 3.105 1.830
172.159 -164.028 153.029 1.896
-78.987 142.206 98.213 2.022
-217.940 70.478 91.554 2.073
-6.812 160.074 57.058 2.075
97.333 -120.343 189.863 1.965
-83.088 181.408 -16.089 1.843
111.230 -76.962 -155.180 1.979
-88.727 -95.916 31.712 2.009
4.111 50.475 78.912 2.067
104.776 -73.059 146.795 2.217
43.986 -87.399 184.300 2.164
-152.643 -94.966 68.186 1.950
-101.978 47.669 -59.255 1.941
-9.480 8.738 45.758 2.035
-135.216 -185.152 -131.417 1.760
21.308 -88.411 -11.671 1.850
-202.551 -157.834 107.847 2.008
87.137 -66.069 -12.602 1.840
30.234 -136.486 -160.035 2.100
155.944 83.799 -182.120 2.124
-32.198 -187.136 127.315 1.929
-184.680 -144.278 84.534 1.877
-150.353 127.105 -84.983 1.915
-133.172 188.177 73.053 2.144
69.126 -18.117 33.903 2.008
-14.726 111.774 139.997 2.026
-128.643 -70.102 43.116 1.965
-115.300 -63.813 -131.674 2.074
-94.155 24.972 81.980 2.069
-25.821 174.963 -29.439 2.112
-106.972 -120.280 121.966 1.701
17.603 -183.829 -32.734 1.931
88.568 65.574 171.159 2.083
-214.177 28.819 37.528 2.021
-139.746 -2.160 0.510 2.049
-157.585 -101.106 -174.913 1.941
-3.557 30.979 -10.153 2.052
-156.879 -132.888 -75.717 2.228
200.225 31.739 -173.175 2.151
-3.247 -167.371 128.898 2.031
-145.891 17.297 105.344 2.029
65.184 -38.607 -188.891 2.277
-56.700 -157.897 32.955 2.296
-123.516 -27.933 -117.474 2.080
-80.178 -179.151 -127.996 2.074
142.735 -159.204 -97.722 2.018
223.649 91.410 -55.236 1.874
-51.909 111.830 35.634 2.136
217.689 82.745 -41.908 2.133
-176.095 -108.866 160.593 2.014
-62.967 -94.198 -33.605 2.091
90.946 25.202 33.039 2.018
34.267 -180.385 -48.193 1.950
-146.348 -177.660 -109.523 2.081
98.292 86.251 199.206 2.097
178.327 -177.044 119.891 1.929
-27.489 125.466 9.527 2.015
-197.314 29.269 50.400 2.002
-117.517 186.507 -18.245 2.149
7.601 2.935 86.476 1.963
181.523 -56.200 163.344 1.988
-51.584 -86.137 -18.721 1.868
-100.914 43.354 187.211 1.931
-12.010 -70.950 -143.528 1.973
117.659 -17.808 -167.150 1.853
-184.176 -109.984 126.530 1.779
18.538 80.950 103.369 1.982
-91.876 128.828 170.034 2.043
223.729 -154.659 24.323 2.078
-65.975 134.148 -163.347 1.925
-27.802 -115.382 -49.722 2.157
-220.286 127.525 117.047 2.093
-88.662 187.361 106.672 1.861
150.040 17.769 -131.766 1.881
-210.421 148.918 -187.580 1.582
152.291 -89.496 -166.982 1.933
215.379 34.237 -65.510 1.963
-165.175 147.248 -1.722 1.812
-167.172 -166.536 -148.980 1.941
-158.239 -46.129 -8.268 1.933
53.713 62.226 -60.235 1.853
70.410 31.674 -181.729 2.054
-174.907 5.946 -51.975 1.904
-213.467 141.806 44.265 2.088
-85.245 -46.074 68.133 2.025
69.035 -58.531 1.055 1.981
20.974 21.680 42.595 2.126
-41.050 -98.593 -179.125 1.890
95.204 -58.972 43.278 1.937
167.718 -4.510 -178.582 1.759
64.929 -56.956 60.026 1.863
-83.732 48.839 156.804 1.990
-31.427 164.729 2.681 2.177
87.653 120.025 -116.076 1.974
152.981 -21.534 112.941 1.956
-95.541 -79.482 180.025 1.975
-213.328 -113.117 183.349 2.080
-124.414 -74.772 -151.879 2.109
188.818 97.788 -192.052 2.188
-21.187 -22.763 158.530 2.177
127.571 -135.967 91.162 1.899
152.002 40.286 198.967 1.848
-189.679 -17.343 194.747 1.962
210.461 95.471 -86.650 2.043
95.807 -73.559 -171.522 2.066
108.590 126.661 -46.027 1.926
182.300 116.331 97.011 1.874
-91.743 166.297 -121.762 2.030
-163.494 -180.186 -143.901 2.044
-56.561 104.131 -89.466 1.981
-144.912 -90.687 189.762 2.082
-64.435 -113.880 -26.885 2.001
40.002 23.862 -19.491 1.983
10.156 -97.513 137.539 1.926
211.977 125.735 199.120 1.923
-168.874 -47.232 40.901 2.031
-101.336 144.736 -116.980 2.052
31.143 -105.563 71.430 2.010
151.698 124.656 125.975 2.002
-86.897 -137.152 18.407 2.032
149.620 -63.500 -72.661 2.122
-178.291 -44.197 51.562 1.939
108.548 26.008 122.754 2.159
195.643 -55.699 -99.850 2.151
201.427 -135.616 198.208 1.916
13.789 119.881 187.706 1.956
26.292 81.921 -39.404 1.965
-51.576 29.940 -97.923 1.954
-151.424 -155.358 199.626 2.025
175.291 -65.746 -105.985 2.150
-47.877 -47.534 186.133 2.051
190.779 -93.900 -8.913 2.081
-128.330 -118.025 -53.692 1.975
193.316 26.728 -112.560 2.043
-16.376 -158.489 -135.771 2.027
112.769 -156.478 28.235 2.081
-11.550 -67.211 -185.489 2.090
-200.686 -129.002 -101.400 1.918
214.014 -1.427 175.914 1.958
-88.756 -123.182 -60.232 1.898
13.154 41.478 -186.773 1.978
-7.262 3.569 116.756 2.019
-149.915 -28.620 -177.727 2.060
6.170 -85.499 -100.156 1.994
13.806 -56.476 -46.377 2.173
194.706 3.656 195.023 1.927
170.290 -31.503 163.319 1.972
54.145 -41.406 -48.818 2.120
-74.624 -29.939 -141.256 1.980
122.103 78.889 62.293 2.207
172.480 -16.262 193.325 2.088
-90.394 -57.505 -136.234 2.036
-182.660 67.300 -17.308 1.845
184.472 -27.232 190.793 1.820
72.689 172.972 99.368 1.986
-214.543 56.342 -31.627 1.841
-62.621 -187.493 -77.651 2.075
-58.255 131.186 174.084 2.179
87.161 -158.479 42.587 2.107
-36.763 -54.752 53.108 2.137
75.104 1.642 -96.026 2.022
-222.214 79.622 15.782 2.020
-45.643 36.259 3.510 1.917
224.529 52.151 17.044 2.042
109.034 -52.750 -199.662 1.927
65.691 -90.024 24.395 2.087
-29.914 2.810 24.973 1.997
-54.608 162.684 6.101 1.928
-58.600 129.579 21.344 2.226
20.662 35.365 -163.722 1.842
-185.383 65.751 -34.002 1.870
-114.034 54.982 -151.671 2.003
-34.623 132.654 -181.274 1.957
181.320 89.637 126.950 2.006
-141.086 -128.558 103.133 2.042
62.280 -98.567 -96.147 2.025
-187.422 -88.524 -45.475 2.007
-105.541 -153.240 151.580 2.203
-149.923 111.779 82.665 2.024
136.239 -1.041 188.745 1.978
18.784 70.457 49.202 1.940
125.991 -140.816 -76.347 2.145
-112.369 -44.172 42.895 1.896
-60.178 -121.104 74.557 1.975
110.770 -65.393 148.503 1.982
20.971 69.262 -181.516 1.958
-200.692 66.562 -116.851 1.782
-202.103 123.320 123.912 2.198
-37.883 -143.607 -152.066 2.074
91.775 -117.379 91.024 1.874
49.448 47.744 49.668 2.202
1.344 -175.850 167.292 1.997
-17.269 113.215 -112.860 2.231
145.430 99.743 22.855 1.944
137.366 163.808 50.701 1.952
91.113 73.576 20.313 2.032
-213.900 131.279 -145.088 1.894
29.061 161.307 -17.379 1.911
-181.423 81.818 -65.671 1.977
-34.636 -184.568 127.792 1.869
220.090 -21.299 66.448 1.802
-221.727 109.482 -114.148 1.945
-153.518 -115.980 -145.168 1.991
-10.643 -81.726 -172.429 2.008
-4.475 126.977 9.382 1.929
82.457 149.027 -141.404 2.056
11.621 -62.942 36.844 2.092
-152.420 90.402 135.591 2.055
-125.878 -170.867 -159.488 1.851
49.833 -165.010 -110.369 2.076
-54.572 -20.321 -128.494 2.043
192.436 -112.988 -179.647 2.026
-128.150 6.641 132.096 2.005
-53.710 91.586 197.093 2.030
77.154 121.344 190.383 1.979
220.522 -107.249 56.512 2.188
-64.065 -145.485 -136.659 1.920
-17.399 70.820 -96.987 1.943
61.136 156.817 83.295 2.067
-106.485 -131.082 -107.618 1.817
-107.187 -81.731 -33.854 1.969
220.494 -6.399 -16.853 2.070
-130.769 118.778 -6.645 1.947
-193.634 1.727 -39.012 1.892
212.863 -17.721 96.100 2.061
15.407 16.865 -123.671 1.817
3.174 -182.133 13.804 2.122
-85.567 59.414 150.834 2.168
100.714 138.279 -130.213 2.082
160.733 -66.963 -59.733 1.966
99.812 -68.200 9.622 1.774
-41.703 147.112 112.727 2.074
40.306 -78.596 131.461 1.825
22.623 118.847 -33.790 1.955
23.601 -108.620 -41.839 1.880
150.712 -18.339 -90.624 2.075
195.370 87.718 -98.330 2.078
55.731 -61.862 -75.456 2.153
42.358 -90.226 -103.147 2.021
103.448 -3.540 191.191 1.988
-13.130 62.025 -49.934 2.010
-169.680 -124.092 104.302 2.119
-108.659 112.901 -158.890 1.945
-147.397 129.141 58.347 2.187
104.880 11.947 190.064 1.915
28.796 -129.281 19.926 1.968
109.678 -82.755 24.538 1.906
-217.591 -65.615 -138.696 2.080
-12.887 -56.363 -6.443 1.983
47.016 72.160 100.536 1.909
53.984 -80.743 88.032 1.985
-65.132 44.401 31.150 2.011
-28.996 183.797 -54.526 2.106
149.193 49.883 51.512 2.027
155.809 141.972 183.219 1.942
6.821 -18.871 -80.992 1.859
30.024 154.921 -195.375 2.261
130.682 -59.808 -15.195 2.033
-201.867 -73.276 33.408 2.115
-66.285 189.179 73.744 1.967
145.300 -7.956 -122.068 1.875
199.774 -116.342 197.101 2.071
-193.573 121.126 27.832 1.852
-158.208 21.236 -144.573 2.111
79.028 118.148 125.157 2.055
-128.861 164.822 133.797 1.942
-113.302 68.780 -63.532 2.019
-52.636 -16.687 29.762 1.981
-134.574 21.241 153.229 2.111
133.600 -154.891 78.658 1.984
164.409 76.236 170.074 1.935
-150.148 -149.933 -10.830 1.953
4.796 93.896 100.301 2.055
105.350 -185.005 4.158 1.931
130.375 156.511 87.889 1.888
-209.478 -57.419 189.181 2.058
46.111 5.975 8.047 2.005
193.709 153.901 -172.351 2.108
208.846 -6.224 6.902 1.804
-141.837 -14.517 12.928 1.921
-54.352 88.291 171.206 1.927
141.256 72.476 -4.764 1.983
-106.038 -165.272 177.752 2.117
144.144 15.779 -194.534 2.027
-88.890 -0.047 124.322 2.124
-140.400 97.743 125.917 1.955
-27.536 -78.472 28.911 2.082
-189.854 -158.209 -196.761 2.145
52.532 -32.939 130.652 2.017
-149.024 -71.583 135.393 1.975
98.970 51.515 152.570 2.039
-183.961 -189.179 170.649 1.812
217.882 182.469 7.147 1.983
-8.243 154.131 40.356 2.066
-182.592 118.340 -141.486 2.015
82.898 -167.781 8.136 2.125
68.375 -176.817 5.010 2.024
-56.559 -125.156 -147.022 1.926
19.938 127.756 103.517 1.908
15.685 168.635 95.107 1.972
-47.984 69.800 79.973 2.006
-73.719 16.176 112.833 2.100
147.740 -56.742 -56.034 2.025
-61.207 22.768 16.519 2.126
39.652 96.240 -150.519 2.134
-67.202 -150.618 34.415 2.116
-18.358 66.611 -127.224 1.774
94.380 180.917 -90.953 2.017
117.162 -156.168 -74.949 1.977
-124.377 126.276 -109.226 1.898
98.122 -76.976 154.888 2.072
-156.049 150.447 -154.009 2.069
87.293 121.584 145.277 2.031
-213.949 155.653 151.670 2.218
-8.177 155.546 -199.244 1.948
61.972 -144.349 14.418 2.217
62.061 -124.428 -151.217 1.989
149.686 2.450 -28.339 2.225
-87.981 -37.910 54.128 2.154
-17.995 -146.168 -16.868 2.156
216.052 -105.751 12.994 1.886
-94.653 -67.212 -43.859 2.168
187.266 -113.224 160.282 2.031
-31.501 30.651 -44.802 1.847
195.719 83.542 156.628 1.935
-118.324 -94.841 -102.797 2.158
93.874 -14.678 166.256 2.100
50.303 -120.178 -7.786 2.032
105.885 116.671 82.893 2.148
-81.910 -161.342 -53.831 1.838
-152.803 83.248 -173.128 2.135
-198.534 -81.756 162.710 2.178
100.514 10.971 -184.353 1.891
-181.840 80.190 -91.683 1.996
141.384 -101.807 191.735 2.020
-194.165 76.043 -121.246 1.884
141.513 39.420 -109.180 2.151
-97.552 -7.656 198.959 2.068
18.643 151.305 -49.596 1.943
-5.277 74.067 109.670 1.837
-128.537 -77.769 105.166 1.935
-211.376 125.287 -199.193 2.189
-163.483 10.827 -158.796 1.984
215.696 17.193 32.390 1.959
174.202 60.512 -105.166 2.059
-34.702 -140.130 -108.346 1.862
-174.612 -89.132 149.798 1.992
-178.333 -32.562 55.273 1.851
-106.934 -21.909 150.964 1.985
-63.520 -131.287 -67.028 2.031
-49.054 -39.130 -69.516 1.928
-149.638 26.117 -34.334 2.110
2.175 -19.919 149.126 1.997
158.472 -175.180 48.833 2.147
-141.676 -58.337 174.189 1.862
-1.341 81.617 12.314 2.141
-42.125 -167.981 -193.862 1.975
24.234 166.616 -36.637 1.963
208.217 -150.694 10.905 1.965
-60.437 33.105 -52.928 1.923
81.380 24.556 161.507 2.188
-205.570 4.071 54.648 1.945
-39.342 134.347 -48.499 2.074
19.247 166.941 89.741 1.878
121.954 7.688 -155.521 1.946
222.365 171.383 -117.961 1.970
-223.004 -160.218 -116.653 1.933
172.246 -80.148 -164.808 2.148
170.179 91.777 -197.200 1.999
-38.014 134.805 -61.060 1.829
-199.999 109.833 16.051 1.934
9.438 178.115 67.406 1.983
-75.955 2.704 -4.081 2.070
-31.900 -96.717 4.996 2.028
-92.743 -76.051 97.624 1.873
-3.055 144.015 -126.556 1.932
-38.488 117.746 111.496 1.973
32.007 -68.240 -168.406 1.888
-15.783 -33.154 185.731 1.920
102.275 -32.439 194.703 1.937
-133.102 -104.454 84.299 1.822
-41.899 56.331 55.396 2.029
-140.662 109.030 58.976 2.104
-99.197 -40.224 62.521 1.838
-218.591 174.059 59.304 1.872
-19.000 120.988 -177.293 1.909
-218.953 150.649 130.359 2.042
-209.641 -28.947 199.427 1.832
-156.515 -122.498 147.998 1.946
108.879 -66.969 -92.702 2.162
-124.142 -69.425 -76.448 2.123
-58.976 -29.464 38.827 1.867
127.659 -63.576 -178.574 1.909
-7.246 176.356 126.891 1.991
190.405 -137.372 169.713 1.796
-129.012 179.620 -91.433 2.196
-81.124 66.492 173.453 2.181
52.187 81.793 -46.464 1.933
-39.171 -75.069 57.608 1.911
61.365 36.187 -181.082 1.976
-152.321 78.440 -175.009 2.095
-212.104 91.287 -122.953 1.965
7.702 81.834 109.278 1.912
-56.600 43.730 -174.584 2.059
94.865 48.455 72.334 2.043
153.895 -54.924 159.592 2.077
115.518 -84.704 76.938 1.988
-105.664 77.274 182.161 1.868
144.526 175.036 -80.285 2.053
186.182 -155.865 173.599 2.115
169.851 3.425 106.091 1.740
218.079 49.637 -172.287 2.181
-29.315 -94.952 97.232 2.131
-57.500 -182.997 -45.489 2.121
210.884 84.157 12.866 2.114
113.118 180.315 91.449 2.043
-186.827 -44.219 -129.921 2.055
94.623 -87.187 173.812 1.987
193.464 102.142 186.375 2.078
122.763 150.373 198.747 2.084
-114.016 67.962 169.617 2.276
-191.028 -175.314 -82.158 2.040
-69.726 -76.370 -176.161 2.093
198.256 35.270 33.000 2.008
118.942 89.069 -183.868 1.976
19.346 -150.852 -174.083 2.143
-125.237 -182.104 142.896 2.131
13.695 79.903 11.476 2.010
-15.338 11.425 -151.438 2.022
82.343 23.053 135.327 1.922
152.339 50.580 -178.579 1.946
149.207 169.759 121.530 2.028
-145.275 -36.725 -75.692 1.942
-106.086 30.748 159.976 2.035
100.787 -34.949 153.515 1.970
-55.973 -30.950 -66.185 2.127
27.969 171.420 155.318 1.920
39.529 -159.146 165.252 2.019
-86.680 -129.272 -195.358 1.931
-11.490 112.152 -143.109 1.869
98.459 119.659 -129.479 2.081
17.073 -10.531 -166.337 1.947
-104.443 123.591 36.848 1.960
-207.611 -22.697 -14.596 1.878
-67.751 11.568 -56.976 1.891
44.367 -188.510 82.166 2.120
2.384 155.909 -70.172 1.909
199.863 8.678 -134.626 2.045
95.447 -67.039 159.357 2.079
109.461 112.593 56.608 1.988
221.925 148.084 35.305 1.896
-23.799 -32.379 87.454 2.191
-151.006 99.209 -30.824 1.928
1.994 133.936 -104.518 1.769
67.861 -38.417 -180.734 2.080
2.258 51.723 -162.443 2.034
-73.301 -78.000 41.483 1.857
-144.553 -181.045 -75.838 2.036
-23.311 166.418 -116.310 2.223
-1.454 -116.333 98.310 2.073
-217.574 113.172 -14.390 2.114
39.292 -154.739 158.478 1.942
-168.241 109.916 173.120 2.013
132.995 6.356 127.497 2.004
176.863 23.187 -81.468 1.997
-68.708 35.686 -25.251 1.891
118.424 -91.913 -132.367 2.012
43.074 -56.264 41.002 1.902
216.584 34.886 -60.920 1.883
-59.003 -59.252 -175.358 1.913
-206.038 151.346 -170.967 2.083
41.507 96.285 0.077 2.143
-3.687 -43.380 0.998 2.022
145.302 115.606 -44.046 1.994
-158.471 -88.250 59.934 2.099
33.415 -103.983 42.209 2.080
4.991 -47.793 131.440 1.824
-96.883 -100.124 75.338 1.873
67.411 108.305 170.503 1.846
-175.461 76.078 -7.039 2.091
128.032 -20.471 -3.701 2.001
-163.364 -99.406 93.612 2.099
-150.832 2.904 3.357 1.873
13.830 -164.595 -169.619 2.061
219.264 77.898 161.059 2.003
-136.792 -0.662 -166.670 2.061
176.844 -69.573 195.463 1.999
-172.318 -88.846 101.862 2.061
-57.307 45.394 -23.341 2.058
10.861 -78.043 -186.701 2.026
173.621 -130.528 37.954 1.890
187.855 -122.607 37.152 2.019
-71.166 -146.185 -38.227 1.951
-67.419 114.580 -107.862 2.006
2.452 5.258 -186.006 1.937
46.324 -72.022 -131.367 1.949
-153.391 -160.913 -20.545 1.875
-189.810 37.309 -142.709 1.905
66.891 -56.719 -21.947 2.013
30.817 61.009 160.262 1.843
-140.161 -153.413 -120.308 1.865
164.982 -75.878 6.126 2.013
209.602 16.370 -139.187 2.076
-49.901 90.744 193.059 1.876
39.461 -109.779 156.751 2.194
157.807 147.234 1.718 2.242
131.275 187.540 -98.990 1.832
218.336 -21.791 -84.714 1.932
195.000 146.221 137.602 1.992
-123.865 -83.317 67.106 1.995
99.000 -188.209 -0.334 1.958
-125.893 166.372 48.754 2.290
-221.920 152.409 39.166 1.894
158.977 43.221 155.521 2.021
-152.096 -87.522 -190.137 1.810
-158.114 97.365 88.230 1.942
-153.638 55.564 -95.867 1.907
89.445 186.478 -56.981 1.956
-117.337 92.468 -187.655 2.014
14.783 178.591 -75.508 2.039
-151.202 35.297 94.391 2.084
-117.850 -42.593 43.896 1.992
133.360 134.179 159.085 1.934
80.751 -72.981 12.051 1.897
202.782 65.037 8.261 2.115
86.976 -129.014 -17.121 1.949
-169.174 -18.122 78.705 1.961
18.234 185.604 127.621 2.115
-210.696 88.101 -124.525 1.964
57.235 187.049 82.062 1.979
198.463 105.733 157.331 1.911
222.688 127.070 32.766 2.075
209.801 66.258 -120.403 1.955
67.993 85.677 164.933 2.018
-158.201 -71.910 -167.100 2.052
174.894 -53.964 28.847 2.120
162.992 155.318 -130.945 2.002
173.937 -91.890 -170.133 2.056
-47.750 -106.032 -75.399 1.884
138.620 -189.007 -56.450 1.939
-191.176 62.480 143.559 1.843
184.582 -68.067 -1.092 2.203
-10.970 79.924 -94.069 1.963
219.222 93.430 59.618 1.923
34.983 -166.557 -80.799 1.918
22.752 168.196 107.986 2.200
-198.274 134.992 47.892 2.178
-147.657 30.523 59.153 2.039
-180.758 125.130 164.881 2.128
79.216 -156.534 -134.632 2.122
-195.168 -23.417 119.025 1.869
38.567 -95.271 59.802 2.073
-83.732 -124.219 -75.071 1.825
77.378 135.637 -19.822 2.075
-47.175 -112.942 -150.252 1.903
33.886 -98.292 -132.172 2.118
61.323 -14.954 -152.839 1.926
-77.213 -131.787 -178.868 2.340
210.965 -92.728 12.748 1.937
-113.697 167.017 -173.921 2.116
184.351 128.783 173.007 1.951
-73.606 23.040 -69.929 1.914
85.947 -12.474 41.503 2.001
-154.363 140.390 -195.587 1.799
-26.818 37.922 -41.964 2.004
90.747 -62.198 184.209 1.930
167.610 108.594 -121.490 1.991
-201.217 56.676 -33.812 2.226
37.899 72.811 -191.908 2.107
-146.921 46.626 -117.167 2.069
-59.937 -166.987 -85.228 2.124
-125.959 -132.634 -49.196 1.854
137.448 -81.122 -134.602 1.810
-217.530 -79.695 -171.381 1.848
-1.351 -139.958 -109.065 2.001
-163.572 135.565 104.780 2.140
168.765 -51.205 177.981 2.070
-149.659 109.138 125.154 1.926
112.251 -174.064 -66.132 1.897
-14.777 -152.161 160.904 2.195
-182.715 118.751 164.195 2.017
166.952 113.445 -84.184 2.152
-113.142 -23.835 163.110 1.667
-170.792 -39.513 -104.245 2.041
-10.082 59.438 21.283 2.191
-10.097 -86.538 -178.039 2.034
215.931 -30.954 177.615 2.145
-109.542 -48.348 -146.780 2.029
-7.197 -89.008 160.929 2.017
111.363 72.415 74.046 1.776
-65.363 -39.169 -105.885 1.944
-40.276 -128.654 -176.216 2.041
-16.296 94.907 -77.377 1.865
-138.174 159.146 -90.536 2.175
-144.714 -5.541 100.633 1.928
130.712 -180.895 -73.621 1.871
-181.222 -126.249 -146.014 1.983
-179.743 -63.074 70.852 1.987
169.589 -170.437 160.157 1.908
50.140 -64.358 146.193 2.052
99.768 -98.838 -32.180 2.049
-95.381 36.915 -136.006 1.980
-131.947 -90.251 -149.159 2.088
178.616 -4.835 -45.687 1.828
12.877 -127.142 -195.446 2.274
122.816 -14.941 -109.841 2.135
133.555 152.160 -4.749 1.973
-61.134 99.722 94.981 1.974
-88.867 -66.308 -171.250 1.866
112.386 -3.705 -89.597 1.831
-186.569 -103.894 122.268 2.109
133.225 185.357 -194.274 2.041
-210.522 3.500 -97.598 2.087
-26.909 71.727 16.662 1.951
-217.758 -25.394 -171.608 2.076
-23.007 -106.481 -15.463 1.875
72.797 115.318 75.017 1.902
-39.334 -1.747 147.495 1.910
56.524 -141.523 -143.500 2.129
-82.681 -175.986 172.282 2.109
-105.317 -118.463 82.050 1.942
-112.230 146.831 -170.130 1.937
-130.320 170.517 25.331 2.135
-196.633 128.136 -38.657 2.026
-99.066 25.529 -95.568 2.224
42.587 -184.759 16.113 2.087
83.531 -44.086 -104.430 2.034
101.834 -98.916 -81.227 2.125
109.677 162.414 -61.253 1.998
81.759 33.087 -190.273 1.964
211.895 -40.662 -180.753 1.926
-10.041 -80.837 124.739 2.035
-25.078 -79.501 -102.179 1.994
169.993 -144.576 170.500 1.799
-30.713 -35.488 -90.406 1.985
-14.964 -19.199 24.603 2.185
-54.837 -0.180 56.334 2.024
-18.991 -108.527 -90.300 1.954
-182.638 21.530 -11.357 1.879
-181.296 -137.790 -31.846 2.057
47.002 116.756 108.921 1.939
-127.292 -73.035 72.819 2.008
-134.256 -62.600 184.538 1.952
143.151 -166.743 -65.215 2.097
59.669 -58.824 195.375 1.713
46.757 -181.070 131.497 2.066
120.213 -176.191 -155.977 2.080
-220.343 48.321 146.954 1.937
14.194 -146.128 65.460 1.894
134.482 -163.130 191.460 2.148
193.454 155.995 40.005 2.032
-77.114 -73.969 8.551 1.978
-121.968 -73.832 186.014 2.061
-110.759 -189.789 -94.044 1.996
-216.183 189.721 -142.120 1.909
114.819 -182.945 149.476 2.023
-214.579 -123.118 -76.560 1.921
142.542 -100.073 28.171 1.796
66.355 -84.050 -50.912 2.006
-191.678 -61.582 -72.969 1.948
194.959 103.241 111.217 1.910
-157.826 -72.635 154.054 2.018
150.015 19.519 177.784 1.819
-108.031 -9.609 -125.019 1.862
-150.155 102.716 -151.153 2.003
-63.804 -37.891 -93.423 1.993
-127.927 -122.352 8.511 1.987
-222.157 -151.909 -74.944 2.098
21.294 11.085 -22.219 2.077
-20.371 -76.367 89.120 1.955
-49.635 -147.478 -51.412 1.875
-100.886 183.222 -165.815 1.979
147.292 -27.561 -199.512 1.935
-165.056 132.350 -22.768 1.983
183.005 -83.546 132.035 1.866
176.480 -35.196 42.768 1.985
-48.119 -174.984 23.944 1.959
-14.660 -125.414 31.275 1.956
-208.821 -105.169 5.958 1.920
-102.672 -129.470 12.021 1.940
-46.981 52.045 123.087 1.929
29.455 120.290 131.942 2.044
-60.663 -155.186 -15.220 1.880
145.571 -155.108 95.996 2.158
120.009 19.229 -112.697 2.081
-149.992 -52.307 3.898 1.883
216.169 122.335 100.081 1.845
27.307 35.661 25.285 1.919
142.816 -46.843 -38.231 1.853
118.463 -180.665 -104.841 1.976
-197.899 38.950 159.853 1.905
102.381 -104.733 156.297 1.951
166.997 -66.322 165.530 2.035
-160.561 -167.973 -124.212 2.131
67.408 -89.969 -21.414 2.178
213.467 53.720 134.164 2.085
106.612 -173.703 -191.119 1.962
-222.598 158.022 -73.487 1.961
20.233 -8.463 -142.548 1.858
171.006 -66.223 179.324 1.923
53.260 10.838 -151.496 2.022
2.915 28.266 -98.171 1.974
-144.966 169.147 -188.474 2.004
-7.604 30.283 8.572 2.029
-132.896 -129.086 156.407 1.963
-51.473 2.839 -182.819 2.029
223.546 26.962 58.473 2.016
-18.659 -184.545 -77.822 1.695
-158.096 100.881 -21.552 1.882
-149.029 -15.490 93.112 1.900
-59.990 -16.242 -10.113 2.022
-129.931 -13.610 -7.357 2.039
-79.501 101.733 130.969 2.104
77.243 -160.802 -146.551 1.844
-191.949 132.378 21.633 1.925
-205.703 -11.618 71.975 1.882
-28.249 -11.230 23.548 1.988
206.340 180.997 -101.690 1.834
-115.633 -26.073 -121.298 2.067
-62.405 65.643 89.327 2.062
31.650 68.642 164.961 1.943
-212.139 32.128 148.347 1.929
-194.788 9.227 -121.277 1.994
-211.317 77.252 140.919 2.140
-21.037 -164.267 -37.964 1.935
139.470 138.725 -169.253 1.985
8.950 98.194 -4.200 2.071
42.293 147.439 -152.243 2.091
-50.169 -101.623 -159.159 2.108
69.241 62.008 5.801 2.002
197.033 94.598 -139.001 1.894
125.937 59.249 -32.855 1.973
127.063 180.540 87.897 2.039
-115.026 -131.840 -66.622 2.007
82.335 -1.122 78.713 1.921
58.853 -147.786 144.962 2.074
-114.683 99.526 -137.158 2.134
163.478 115.420 -169.670 1.957
-221.989 -96.150 152.808 1.947
128.524 -88.563 95.534 1.908
-79.066 115.083 107.587 1.905
-58.514 118.516 -94.055 1.915
-206.367 183.466 131.448 1.857
10.335 -141.507 165.622 1.879
59.141 -72.067 -95.046 1.926
-99.400 30.969 -125.048 1.988
-221.857 122.279 74.816 2.095
146.474 18.831 136.587 1.917
-118.486 -182.368 133.317 2.055
154.260 -113.712 -192.928 2.065
193.190 -49.215 53.237 2.005
-59.806 -53.639 79.100 1.900
-99.513 -80.925 121.169 1.979
-82.547 112.180 -181.920 1.886
130.303 -16.726 30.776 2.020
16.682 -78.854 8.225 2.008
-6.988 139.561 -40.625 1.920
-189.659 -15.434 190.228 2.006
-144.509 -29.068 69.383 2.047
222.290 -73.272 -144.584 1.735
179.785 -143.153 -76.835 1.906
73.050 -80.359 -127.499 1.896
211.252 97.065 -12.436 1.895
-27.231 184.993 122.585 2.061
106.464 61.089 -49.690 1.925
38.104 -81.189 -6.074 1.972
217.681 170.391 -138.147 2.164
188.822 92.352 -35.558 1.971
82.816 -103.923 40.422 2.014
-43.259 33.451 74.419 2.096
-194.579 -0.659 198.853 2.012
109.099 95.413 52.197 2.013
70.666 115.055 139.991 1.941
-171.092 -71.362 16.954 2.058
-179.787 -174.896 -145.423 2.000
-9.878 28.865 -147.774 2.155
-21.758 -175.487 -175.576 1.885
-97.592 164.311 113.080 2.027
104.005 -149.492 -42.001 2.049
125.891 -80.718 19.495 1.979
-163.291 107.520 -176.849 2.035
-16.075 173.919 191.960 1.951
184.605 -159.814 -131.503 1.908
169.582 22.554 58.124 1.982
18.094 -136.471 -0.740 2.127
-107.392 74.068 143.225 2.227
167.003 -90.204 -70.518 2.207
-143.990 118.821 23.418 2.028
-70.581 -153.032 100.970 1.860
-150.864 41.249 30.635 1.925
-125.312 144.697 16.832 1.907
169.570 -119.972 -189.222 2.138
-20.377 142.002 -46.810 1.867
200.917 63.600 -131.074 2.133
-103.214 159.652 107.083 2.024
217.616 140.560 -102.366 2.006
111.293 23.714 -64.789 1.855
27.143 -91.397 -90.819 2.064
170.250 123.945 90.959 1.927
-194.379 19.588 -168.584 1.860
-108.136 60.367 96.444 2.143
3.923 7.517 -140.658 1.903
175.998 29.860 -2.918 2.016
198.491 128.051 -5.667 1.962
-163.827 -174.315 74.696 2.165
10.181 165.371 -20.606 1.966
51.704 -53.728 70.853 2.024
170.361 99.667 65.008 2.020
-117.388 184.347 -89.057 2.141
-96.376 74.171 181.908 1.884
11.011 -46.343 -43.056 1.875
186.033 -129.073 -29.906 2.046
-75.057 -114.452 -100.207 2.030
6.167 37.274 -126.645 2.013
-201.787 101.835 -133.928 2.219
-115.412 -79.468 148.827 2.010
134.441 136.149 190.823 2.090
-117.389 -169.071 195.196 2.082
30.090 -91.697 179.718 2.084
-46.151 -39.906 70.345 2.062
176.527 80.850 -131.627 2.098
-169.537 186.969 -130.121 1.857
185.334 -138.744 155.563 1.783
128.477 -18.784 -135.346 1.994
-46.339 -185.841 74.617 2.100
-162.940 133.747 -101.136 2.021
-77.688 -7.614 86.743 1.828
153.600 -130.629 -103.491 2.130
-13.104 -60.182 -0.337 2.002
87.935 97.704 17.773 1.927
