3.862 162.420 43.110 2.222
68.542 153.228 -78.561 2.108
-84.465 92.753 62.426 1.959
-132.983 -143.547 185.521 1.995
35.006 -136.451 -74.879 2.114
-191.780 -178.446 152.796 1.726
-108.646 -169.184 82.570 2.012
66.657 -129.595 157.059 1.976
209.005 -132.345 -196.739 2.012
-102.774 180.273 141.243 2.000
-86.793 -42.216 -22.873 1.911
-43.123 144.931 -23.245 1.833
142.226 19.246 -172.926 2.036
-173.219 -116.838 -146.422 2.012
208.855 129.751 -107.205 2.034
-129.903 -150.415 90.960 2.080
217.113 -115.180 -145.065 2.055
-145.518 -91.315 56.943 2.069
-6.154 101.381 10.706 2.003
-13.502 -179.864 -3.281 2.035
52.550 94.899 -120.332 2.102
-156.599 183.440 -58.226 1.816
28.747 -11.495 -16.978 1.881
-28.129 -17.982 -135.225 1.985
181.806 -155.588 112.053 2.097
-34.437 16.400 -88.587 1.980
-25.055 -107.672 32.195 1.956
-32.326 75.166 -199.373 2.143
-81.199 -5.836 -173.159 1.988
62.258 -75.266 39.783 1.990
-113.084 -4.804 136.158 1.871
53.789 115.873 -119.227 2.143
114.673 34.778 -100.981 1.905
-93.030 -163.344 99.989 1.997
-102.281 -94.705 -0.541 1.918
171.776 -75.001 159.206 1.922
-209.760 -103.239 73.718 2.189
-47.959 182.358 -113.258 2.062
128.009 -114.013 -111.181 1.791
203.000 134.870 -165.481 1.889
80.040 -75.968 -161.416 1.767
-136.738 -98.483 94.086 2.102
190.815 -174.053 -152.495 2.056
-211.589 66.632 150.532 1.973
-86.729 75.690 189.002 2.004
-152.740 -157.623 -48.742 2.046
85.391 -30.815 -177.329 1.858
193.194 -46.783 -30.611 1.956
205.263 161.988 -124.799 2.023
141.852 141.222 125.508 1.943
-174.880 118.261 -44.632 2.086
-127.011 161.822 169.467 1.927
-151.399 70.598 199.553 2.040
-122.391 -25.567 63.896 2.067
-147.719 -7.126 -32.382 1.998
-13.992 -120.860 -147.741 1.943
46.451 147.671 -94.682 2.055
37.544 2.184 -55.497 1.894
-8.914 -112.106 60.645 2.037
-163.173 -182.294 -195.296 2.126
128.588 -65.393 -69.909 1.929
-72.509 64.931 107.231 2.102
-138.344 -159.631 55.990 1.974
85.614 28.100 94.647 1.968
111.391 -9.977 136.404 2.080
16.033 41.238 -13.043 2.186
-140.642 -31.236 -133.435 1.984
-217.326 -24.063 174.409 1.905
134.679 97.824 46.694 1.912
145.421 -175.297 -184.003 2.054
-1.858 166.012 -46.502 2.073
13.781 -110.669 -179.959 1.968
109.039 136.423 -11.802 1.953
-100.649 -138.955 169.003 1.992
4.601 3.700 18.323 2.040
140.824 -120.931 111.374 2.015
147.948 -179.846 178.722 2.026
60.682 -134.969 -169.870 2.005
154.882 78.315 134.250 2.066
156.002 -65.442 -114.710 2.124
3.794 -136.734 31.166 1.942
125.962 -38.819 65.149 1.976
-188.866 174.931 -53.148 1.989
-38.159 103.204 -70.474 1.992
81.488 46.647 1.642 2.046
7.219 4.588 -99.399 2.034
58.385 -103.503 1.205 1.998
201.332 -12.661 -198.786 2.119
55.721 -172.545 100.365 2.086
-124.122 108.503 94.375 1.925
49.775 -63.041 -108.186 1.963
-204.046 -35.175 -125.909 1.952
-81.278 99.958 37.523 1.977
-177.770 153.190 170.088 2.039
-180.741 -113.555 -95.253 1.862
-64.786 147.258 72.472 1.892
-53.381 123.778 196.686 2.075
-95.302 152.775 -27.055 1.992
-12.736 46.487 168.148 1.873
-28.195 -77.243 170.940 1.956
32.708 39.954 36.854 1.952
157.637 -96.000 135.294 2.031
108.856 -22.285 -30.007 2.100
-193.925 76.229 -146.996 2.002
-133.845 -160.905 -40.180 2.237
222.548 -12.508 130.102 1.940
-5.709 58.516 -110.828 1.901
-199.895 133.024 185.259 1.868
208.269 63.866 7.564 2.057
-140.558 168.671 -84.889 1.899
103.856 -119.180 -156.748 2.057
43.518 174.278 -135.396 1.868
-94.766 -49.179 62.572 2.070
-207.350 120.779 156.235 1.970
36.796 -56.463 50.174 2.007
149.941 -22.950 -58.476 1.974
174.416 82.693 -157.727 2.129
-224.887 117.384 -194.169 2.171
89.884 138.473 -145.385 2.031
41.960 -80.567 -47.806 1.977
-104.184 75.373 -34.081 2.034
-179.666 179.284 -104.216 1.984
-144.918 -171.418 -149.732 2.041
69.299 153.389 107.177 2.098
-162.057 -4.152 -93.506 1.990
-19.101 62.126 6.399 1.825
2.953 50.349 -42.045 1.902
-223.386 -137.780 87.200 2.084
93.104 116.367 -184.012 2.038
-101.056 164.628 71.601 1.991
174.887 28.066 -30.974 1.924
166.924 -144.943 34.853 2.004
214.935 -52.703 78.892 2.032
69.156 -97.088 -70.972 1.924
194.846 -20.251 -196.890 1.983
-138.491 -34.843 -175.683 2.131
77.915 -114.285 60.405 1.834
82.584 142.720 -116.854 2.119
-167.904 -82.957 189.319 1.920
-26.544 116.126 -198.653 2.093
-172.592 -59.938 146.453 1.980
223.194 -132.998 75.732 2.001
119.424 -8.073 -82.073 2.071
156.941 -86.592 -136.564 2.098
-34.670 41.380 106.058 1.900
118.108 23.057 136.403 1.998
44.024 133.765 -184.087 1.975
-127.295 -114.986 122.590 1.831
205.865 17.506 154.659 1.957
-88.618 140.122 -34.800 1.993
-4.530 0.791 -72.709 1.996
-98.629 146.263 59.711 2.110
29.882 136.957 23.161 2.035
-56.795 -187.234 70.309 1.935
-159.712 -49.741 74.829 2.033
11.526 163.401 -69.752 2.065
222.496 167.361 71.176 1.984
-152.137 29.061 -151.296 2.042
-90.149 154.881 86.604 1.873
-156.262 165.537 31.216 2.130
50.258 -94.663 -136.465 2.143
111.364 43.475 17.932 1.987
12.561 19.646 179.763 1.937
-188.188 -61.744 -178.087 1.825
-201.539 7.551 -37.626 2.006
50.736 36.709 -155.072 2.062
-170.847 -30.187 -6.732 1.930
11.555 182.779 18.155 2.047
57.541 -30.671 -1.770 1.951
-219.700 157.672 -39.747 2.091
9.094 -132.707 -109.066 1.926
208.231 -21.267 64.265 1.977
-82.407 100.684 2.075 1.984
177.862 112.038 170.206 2.045
-81.829 -174.768 -28.054 1.761
-222.867 85.672 -133.393 1.961
-92.478 -39.648 -109.834 1.949
105.089 172.784 107.239 2.175
66.365 -11.018 -39.717 2.073
-142.061 143.737 -9.191 1.944
46.172 149.164 -78.716 1.919
10.344 -39.920 99.263 2.044
221.788 84.824 -117.837 1.949
-13.823 -120.245 3.342 2.011
-95.863 36.568 55.545 1.955
-104.285 -85.138 -185.023 1.907
150.423 -41.298 199.495 2.058
98.589 89.807 88.714 2.115
-86.862 91.356 16.969 1.874
-130.601 51.935 -82.207 2.003
-7.282 113.768 182.717 1.943
56.409 57.902 -10.374 2.069
-140.547 163.830 74.571 1.951
-114.610 -166.297 -63.221 2.051
80.501 15.125 -198.595 2.001
121.070 155.531 162.294 2.022
86.870 135.957 173.731 1.875
183.985 -31.009 -174.001 1.952
194.688 146.830 110.981 2.107
-187.186 -44.027 -128.380 2.008
162.345 -113.336 28.287 1.819
-44.138 78.207 32.439 1.856
113.262 109.935 32.935 2.035
25.648 -108.531 -17.120 2.170
216.926 -139.884 142.723 2.055
155.697 -138.697 -133.564 2.087
-87.795 -111.548 -98.310 2.092
-117.016 65.109 4.404 2.039
150.600 -59.458 57.289 1.955
-41.800 -44.240 -189.758 2.002
161.832 91.669 80.613 2.121
-127.559 -170.899 197.726 1.963
-73.625 12.688 76.090 2.037
53.770 46.542 0.305 2.047
-85.878 123.997 60.649 1.974
68.322 108.235 78.464 2.004
122.580 -8.320 -88.832 1.995
-198.577 66.891 97.335 2.044
-167.075 -90.713 195.043 2.154
188.002 -136.689 -158.507 1.866
218.241 33.755 122.295 2.118
-197.449 -159.799 182.280 2.155
-148.654 165.098 95.142 1.885
-179.460 -168.930 -48.724 1.772
-224.463 -53.948 20.720 1.859
202.116 -161.044 -29.392 2.095
-115.716 -159.960 -112.493 2.136
-165.721 21.193 -32.321 1.879
146.990 66.503 119.534 1.908
127.312 109.638 43.921 2.149
-4.174 140.871 -35.449 1.963
199.172 -97.717 -69.471 2.090
-147.302 -75.903 -1.427 2.066
104.028 57.256 56.442 2.039
164.439 -10.630 4.606 1.944
-74.734 9.854 103.098 2.006
-104.797 155.831 132.692 1.850
-51.173 78.250 128.834 1.881
-109.935 -8.868 -78.542 1.920
-92.749 -150.745 91.977 2.116
-105.628 -142.538 -109.391 2.130
-150.462 62.760 100.450 2.063
-76.685 -85.060 -138.454 2.140
-116.239 -166.813 -3.065 2.053
97.263 -24.144 -184.097 2.008
87.763 -53.967 -108.574 1.964
-159.779 44.134 108.832 1.892
45.951 -63.100 194.856 1.899
204.012 12.243 59.739 2.114
-127.041 176.684 -137.379 1.976
-64.350 82.950 31.573 1.862
-12.670 -128.892 -48.742 1.992
173.814 15.643 -108.971 2.144
126.737 -23.527 135.022 1.992
124.459 95.887 -0.361 2.097
9.928 -100.119 153.584 2.074
217.196 168.624 -163.408 1.970
-189.032 31.006 96.045 1.975
-125.391 94.499 193.266 1.990
215.725 136.804 -43.295 1.928
201.718 137.747 52.455 1.991
-55.048 22.217 -133.873 1.943
-221.625 -152.604 165.459 1.762
21.930 135.609 -133.701 1.961
-202.573 110.217 62.537 2.049
-63.657 73.954 175.913 2.144
-18.208 -168.466 33.493 1.694
216.463 141.379 -45.878 1.963
198.410 90.951 -3.748 2.130
102.072 -136.868 165.704 2.037
-30.236 81.196 71.554 1.917
112.323 127.517 -105.668 1.978
-116.392 -1.856 -146.256 2.117
41.579 -99.166 -171.938 2.056
122.137 169.031 147.956 2.013
-72.343 177.044 -65.153 2.121
29.838 183.725 8.566 2.024
-190.165 176.941 31.464 1.913
209.941 25.050 -122.320 2.116
-144.496 -104.511 13.762 1.865
56.245 -95.521 -14.080 1.875
159.555 -140.226 41.361 1.978
-222.207 157.651 42.215 1.806
-192.228 -145.550 -109.692 2.210
-194.236 6.973 -94.980 1.878
56.773 125.216 189.589 2.024
-133.677 -15.800 101.016 1.887
139.378 -41.849 85.252 1.978
81.975 87.451 40.102 1.996
-218.631 -158.244 132.739 2.114
6.157 -109.448 -48.138 2.047
-8.834 0.864 0.064 1.983
-2.450 45.782 -38.968 2.175
-145.639 100.259 -26.305 1.890
-13.731 41.553 157.868 2.040
176.096 -60.940 87.921 2.187
-163.684 -134.216 16.635 1.909
-81.466 185.741 -55.879 1.809
96.886 131.400 126.275 2.109
-98.149 140.658 147.774 1.987
-21.860 175.999 75.562 1.859
177.437 -180.157 -90.057 1.997
165.986 -77.580 193.978 1.924
-5.889 48.369 -67.199 1.780
-172.543 -165.342 -125.811 2.068
111.551 -41.036 9.915 1.845
59.654 -116.717 -180.790 1.860
-68.259 -86.508 -4.576 1.887
211.460 34.000 113.142 1.942
-143.800 -7.493 -27.482 2.022
204.389 -104.973 -12.122 1.900
-24.192 -177.400 11.833 1.999
-73.764 -107.288 24.875 2.070
-115.333 162.133 -149.498 2.099
-75.099 -144.622 99.517 2.183
199.091 121.904 -110.063 2.038
-106.904 -143.547 -0.223 2.040
52.637 -79.289 55.208 2.264
-5.385 80.038 -121.844 1.841
-99.975 26.632 62.472 1.867
-218.802 -46.048 -132.087 1.863
-49.786 155.533 178.913 1.871
31.994 -29.414 -178.654 1.899
-89.294 -49.519 -143.882 1.942
-217.076 -168.421 156.989 2.149
-38.355 22.687 -111.200 2.025
-151.121 -113.086 -132.975 1.940
-93.536 -186.586 -136.941 2.105
-195.207 -38.662 -54.652 1.955
71.654 -58.456 -168.327 1.890
153.922 42.560 128.395 1.857
-165.923 133.543 -146.449 2.102
-79.174 109.926 -160.074 1.887
-12.825 110.612 31.825 1.814
-86.474 -109.261 116.361 1.984
81.153 175.290 -184.563 1.923
35.801 -178.243 187.584 1.839
-31.784 2.563 85.957 1.952
-59.689 -115.624 93.276 2.035
-178.205 -188.872 -95.972 2.010
113.272 -182.637 77.232 1.995
-166.724 -99.428 -14.951 1.906
64.575 5.608 -94.457 1.906
-209.793 160.777 192.009 2.225
15.066 -12.293 10.427 1.935
22.090 -65.691 -22.747 1.917
-142.502 -106.923 -73.042 1.921
-210.880 28.235 21.557 2.144
-176.486 -30.536 -38.986 1.985
51.774 -92.476 -71.117 2.167
204.877 -127.846 -53.189 2.105
-100.928 169.569 0.554 1.993
51.829 -50.698 2.321 1.901
-156.018 15.978 -195.626 2.005
167.773 -62.260 72.098 1.986
211.376 107.418 52.697 2.051
48.568 -169.222 59.379 2.044
124.597 -106.701 70.004 2.009
-53.652 24.146 -38.460 1.987
15.490 33.095 134.881 2.214
31.437 16.287 130.504 2.110
-109.268 53.931 -33.693 2.084
153.453 -74.671 -93.908 2.098
-193.763 -131.784 170.734 2.107
36.569 -62.915 -51.293 1.963
188.987 -89.335 9.314 2.013
-205.740 109.598 82.516 2.056
-220.904 177.854 134.990 2.055
-194.444 -80.460 -180.795 1.872
209.327 17.744 144.727 1.916
78.312 -105.636 -7.726 2.216
-12.453 -66.964 -4.146 1.961
-45.111 102.550 155.219 2.013
127.612 119.284 70.239 1.938
-141.459 49.268 -45.454 1.988
-175.630 8.851 95.348 2.072
132.990 -114.107 -151.571 2.099
-58.809 -63.397 -10.946 1.947
-95.781 -45.289 -20.556 2.107
-25.494 58.305 -11.229 1.989
7.656 8.168 196.919 1.832
217.177 165.760 -11.211 1.864
41.650 21.218 199.275 1.902
1.899 -77.075 92.418 1.930
-48.240 -49.913 -99.616 2.057
2.488 18.261 11.047 2.133
-40.703 178.914 167.777 2.086
1.334 88.182 -125.683 1.963
72.096 163.539 157.940 2.267
84.449 2.375 81.345 1.953
96.410 52.951 -53.286 1.917
-192.081 -174.221 54.317 1.994
35.822 -183.875 44.855 2.053
133.739 35.457 199.155 1.988
-147.703 56.556 66.647 2.115
17.805 -141.912 126.243 2.085
64.137 117.762 -116.767 2.204
56.114 60.329 26.243 1.939
52.632 -55.460 78.686 1.887
41.196 70.822 -35.575 2.003
-141.541 137.364 -154.590 1.785
116.666 125.606 38.213 1.976
-135.305 24.245 137.229 2.026
144.415 26.328 -88.554 1.984
-87.411 -71.331 -178.507 1.972
-111.781 -142.617 52.679 1.986
-88.061 -30.061 -116.174 2.044
130.505 -74.026 29.521 1.885
-148.022 90.253 38.285 2.115
-160.921 -112.658 151.831 2.105
153.835 -65.274 89.391 1.972
-172.422 85.384 148.839 1.932
204.752 164.844 7.101 1.831
-208.241 -155.175 -93.554 1.958
-218.927 169.561 -44.981 2.029
-123.721 154.059 52.066 1.939
-125.053 136.281 136.802 1.963
102.515 -58.028 15.893 1.945
196.947 41.757 -61.616 2.007
90.619 -39.676 -193.630 1.906
55.278 -59.738 -112.842 2.105
-25.527 11.742 122.422 1.946
40.577 69.982 -187.704 2.012
-1.103 56.495 125.140 1.907
-9.250 -4.790 -136.432 2.110
-101.567 41.784 -133.029 1.909
193.891 17.866 -171.883 1.908
153.364 -142.625 34.426 2.149
47.497 -1.068 -134.030 2.013
-56.537 90.685 116.708 1.656
-97.190 66.923 87.910 1.994
-81.697 181.208 -20.015 2.084
43.216 -2.878 -32.627 2.105
-120.297 117.014 -69.500 1.945
-181.575 163.580 -68.917 2.068
-191.631 -81.453 22.939 2.220
92.414 14.698 -112.664 1.977
73.671 -145.033 -22.504 2.092
-106.180 -149.076 -38.622 1.899
39.225 -142.397 107.403 2.121
46.574 -81.102 133.037 1.804
-151.009 162.432 -148.795 2.087
91.559 -27.890 -133.068 2.100
-65.418 11.624 -41.509 2.043
190.238 -118.171 84.133 2.017
-164.013 61.072 -116.712 1.824
-140.373 83.359 35.032 1.976
5.267 -176.223 135.260 1.936
25.123 17.977 -65.586 2.002
-203.681 82.550 -141.575 2.022
47.473 -127.895 61.699 1.909
111.395 -39.838 -98.240 2.141
-98.161 3.439 74.718 1.896
-192.648 -98.915 -153.621 1.960
-158.655 55.393 -167.246 1.942
163.904 -140.995 -183.243 1.886
1.647 91.566 34.756 2.017
160.625 174.715 197.502 1.963
115.109 -12.557 -38.353 2.023
61.352 -14.841 -65.942 1.995
-46.664 -150.060 190.072 2.063
2.029 60.576 74.304 1.875
-138.248 -104.152 -105.826 2.193
186.177 -127.601 -153.435 1.894
-144.073 -48.366 -192.420 1.922
-85.548 -65.076 -165.871 2.066
-19.058 -69.448 142.140 2.006
204.875 -46.728 -8.704 1.996
198.775 -67.753 -29.612 2.004
-40.962 141.792 -186.070 1.888
-59.598 35.529 185.934 2.021
17.082 98.245 -125.837 2.009
-95.998 117.035 -89.439 1.873
138.315 87.186 192.226 1.983
-80.177 66.436 -81.276 2.152
163.112 -187.907 197.250 2.238
-27.360 -75.838 -75.551 2.130
-218.606 180.241 94.080 2.112
-178.337 8.739 -144.434 1.994
123.786 81.661 -162.443 2.006
77.361 48.100 -188.079 2.208
-177.893 51.913 -168.426 2.081
-33.656 185.345 171.043 2.077
-166.733 44.511 89.585 2.074
54.804 -46.969 49.210 1.967
-23.621 -34.365 53.213 2.021
147.362 -154.767 -41.052 1.903
-2.115 -123.739 -167.485 1.946
-137.653 118.208 -182.797 2.054
-164.263 -125.286 -53.661 2.067
79.564 177.308 66.278 1.911
-113.849 -175.066 161.713 1.884
-194.496 30.659 -50.644 1.923
129.452 -63.701 3.843 1.879
72.831 2.904 -88.363 1.917
56.192 -47.852 -175.976 2.114
-52.186 189.378 -67.466 2.072
-66.771 -29.593 -65.860 2.112
-183.533 -162.746 198.283 2.040
-29.418 -160.571 2.301 1.983
-153.065 -30.511 196.713 1.937
-184.773 71.011 -164.838 1.874
87.889 -114.344 -181.724 2.006
223.883 181.736 133.306 2.011
2.599 24.121 143.116 1.988
-210.993 41.915 -140.523 2.076
121.856 41.052 85.218 2.093
-189.089 -80.614 -164.052 2.021
22.497 -71.402 -100.153 2.009
-16.091 -133.703 21.553 2.088
211.681 -130.930 187.928 1.989
223.204 -133.458 -47.531 1.884
-98.733 121.952 -43.325 1.762
135.158 152.279 -67.064 2.040
145.852 -44.432 40.364 1.971
-74.775 -65.164 82.574 2.064
-221.225 60.532 -152.574 2.078
-196.907 149.082 -165.432 2.135
-19.044 185.259 -182.133 1.888
-88.245 -122.903 -92.745 1.949
210.879 -30.451 69.704 1.805
-122.533 38.621 59.703 1.931
213.796 186.967 -10.255 2.008
-121.676 -54.690 199.860 2.026
222.842 64.980 -173.112 1.994
141.324 -69.347 4.174 2.030
61.388 188.875 148.125 2.012
70.026 -54.154 -67.803 1.865
-159.454 154.284 -31.944 1.869
-14.608 48.601 -22.563 2.091
-19.334 157.553 124.957 1.918
-201.299 37.327 66.014 1.844
224.679 -48.235 -132.802 2.129
174.189 45.598 -129.936 2.121
94.925 169.891 100.396 2.105
-115.831 -80.677 101.362 1.899
102.438 173.028 138.193 1.939
202.530 95.215 183.038 1.816
-81.529 -168.380 -154.865 1.858
-162.114 -178.482 -21.117 1.887
-96.499 -0.529 -128.550 2.061
165.671 -112.612 -130.948 2.070
131.581 -81.647 170.598 2.167
-187.105 16.711 124.666 1.850
50.632 -110.923 -153.421 1.924
129.140 -40.298 74.181 2.037
93.490 -13.648 122.105 1.976
-114.011 -72.046 -82.163 1.902
48.423 -158.801 180.544 2.171
-34.833 16.417 41.064 1.878
-76.043 85.524 -187.322 1.975
137.488 -105.348 149.398 1.916
-8.875 -178.453 81.400 1.811
-108.447 -189.021 73.460 1.920
-61.644 -178.816 -168.537 2.028
-20.613 89.499 79.838 2.044
153.380 -80.027 -72.861 2.125
-218.551 -77.192 -0.996 1.862
7.832 -22.156 -136.503 2.002
-79.556 13.036 -109.825 1.902
65.136 102.043 -81.141 2.116
-13.335 123.790 73.448 2.170
93.862 182.402 -102.130 2.026
-102.311 117.314 -162.647 2.066
52.973 169.728 -167.046 2.038
86.619 -148.699 -78.117 1.977
-170.179 -72.865 -83.525 1.898
164.419 -135.877 -112.409 1.928
18.556 -134.591 -30.427 1.902
-114.119 -70.453 -86.973 1.849
50.753 115.804 191.922 2.022
-55.786 9.462 57.659 2.091
192.050 -47.754 8.516 2.120
142.951 -50.462 -165.924 1.936
-84.255 -185.037 84.944 2.198
36.115 117.780 122.606 2.217
40.848 -129.688 34.688 1.948
-55.360 50.440 -133.208 1.985
144.019 -55.310 -156.132 1.894
-112.555 90.756 -156.179 2.032
152.011 -108.533 49.666 1.804
186.595 -88.752 123.917 1.940
89.223 -88.462 -49.788 2.122
57.718 0.784 20.207 2.133
76.359 -58.514 -93.208 2.112
-141.374 -9.863 -16.362 2.007
28.108 150.188 -113.588 1.955
-144.104 -1.855 148.789 1.903
-22.744 100.108 105.261 1.878
152.962 -38.620 -85.958 2.160
111.442 -87.361 81.632 1.952
-109.328 25.087 195.707 1.987
-126.738 -80.957 -170.068 1.965
-56.887 69.482 -32.266 2.217
-29.525 56.708 -47.473 1.951
48.778 -18.689 -199.504 2.149
51.014 -168.611 176.469 2.046
-210.600 6.200 26.781 2.083
97.502 -20.085 169.539 2.015
-134.761 -134.417 -50.089 2.000
165.738 57.511 65.718 1.875
-144.429 2.011 171.156 1.870
123.800 106.419 80.261 2.054
-42.536 180.878 -66.881 1.820
-217.312 35.055 74.879 1.973
13.958 -111.536 158.062 1.813
163.194 -95.147 192.192 1.998
32.078 162.714 73.700 2.026
-61.679 -1.167 -169.744 2.046
32.109 -81.704 158.224 2.094
-197.761 -53.043 -96.607 1.992
-198.813 -98.082 62.862 1.928
-3.131 -52.432 94.599 1.748
36.715 162.820 -69.047 2.223
65.949 -153.139 138.378 2.143
63.247 152.153 34.104 2.118
120.149 151.185 -185.042 2.230
-88.885 -48.110 128.877 1.998
86.370 54.805 -85.737 2.018
164.319 127.286 172.904 1.828
-110.440 88.955 -174.417 2.017
-37.859 -78.725 79.995 2.034
-146.873 -63.918 122.421 1.954
84.176 174.753 111.413 1.980
-185.406 -95.422 -5.310 1.912
-92.960 61.042 134.830 1.998
70.567 -81.101 -83.700 2.082
22.366 -110.530 148.466 2.139
-135.581 93.229 -185.489 2.050
-63.353 160.914 -100.254 1.953
208.484 -15.951 167.910 1.865
-138.372 -129.671 -147.895 1.900
224.458 -164.378 -138.360 1.848
-68.276 -61.323 154.796 1.970
-138.511 -162.148 14.742 1.947
-67.014 172.134 42.583 1.753
-39.280 -62.317 164.132 2.150
40.541 -13.544 37.012 1.952
63.598 -16.722 120.499 2.106
-201.099 91.262 -73.471 1.980
45.209 43.980 -14.144 1.983
107.140 147.620 -132.571 2.066
-223.689 48.519 47.034 1.894
212.675 151.965 74.452 2.060
145.581 19.081 -69.009 1.891
-62.411 14.445 134.901 1.941
-203.398 -84.839 -100.397 2.002
-185.028 102.112 -26.459 1.780
60.304 -67.447 -132.835 1.708
-68.660 25.681 -93.774 2.036
-223.551 -173.779 164.322 2.040
-195.465 -122.667 -125.746 1.933
-136.227 15.121 -196.078 2.036
-75.067 -87.913 -12.987 1.971
133.038 -75.332 -8.175 1.855
194.957 -104.231 118.035 2.112
224.499 54.563 -42.258 1.909
-59.196 128.612 79.522 1.849
-182.787 -16.990 -88.380 1.947
9.301 -80.204 80.640 1.863
223.942 -124.812 -45.155 1.973
147.513 -125.546 109.163 1.917
20.817 -47.185 -75.194 2.009
-71.171 132.005 -165.160 2.160
-29.741 -147.708 165.148 1.897
-117.635 -33.060 -4.003 1.963
-16.317 -71.266 168.490 2.072
26.320 -40.684 -34.721 1.911
25.280 -179.250 51.914 1.743
215.887 121.889 147.261 1.936
131.144 84.585 -192.033 2.182
-129.514 116.563 -167.349 2.141
182.825 32.075 57.865 2.131
-92.593 56.568 -52.255 1.956
189.804 -8.626 187.811 2.010
17.570 158.149 49.038 2.179
-84.406 -49.247 19.814 1.950
-158.381 39.206 -14.442 1.868
-145.894 60.758 -15.292 1.886
-114.847 189.179 101.814 1.905
-94.988 -129.725 -40.330 1.885
39.398 35.790 149.190 1.956
-25.782 -119.921 -62.187 2.180
-29.099 101.097 44.801 1.771
-16.790 89.756 149.705 2.081
-19.533 -118.512 -1.812 1.967
-144.487 58.651 111.317 1.993
84.687 28.657 66.825 2.008
63.992 -12.815 141.737 2.057
124.823 172.697 75.251 2.019
-154.974 -43.351 -24.554 2.131
56.879 -179.466 -194.216 2.041
-80.173 141.904 -161.850 1.928
197.503 157.087 107.521 2.003
41.769 -50.268 -148.455 1.977
-26.575 -139.244 -21.823 1.976
-176.318 124.007 -100.436 1.943
-204.568 -180.873 121.681 2.088
-57.428 128.954 90.193 1.974
132.771 -57.051 -44.392 2.239
89.015 -27.628 -145.777 1.937
-147.676 10.107 198.753 1.949
190.813 -149.591 -80.962 1.999
-137.459 -64.110 -122.913 1.945
194.415 -10.291 23.088 2.020
220.179 -73.390 -2.364 1.958
189.669 -119.540 -104.231 1.797
112.970 -150.296 64.043 2.133
201.261 -169.883 123.280 1.873
17.672 -140.898 -16.578 1.841
199.022 -27.026 -8.885 1.772
-187.925 143.539 -125.459 1.975
-65.386 -79.637 -121.379 1.969
-78.522 124.094 122.605 1.807
190.604 -132.948 -29.796 2.114
196.277 116.206 -160.724 1.803
38.955 -154.829 197.202 2.004
-207.785 -24.917 136.075 2.058
206.382 171.074 103.771 1.861
131.576 31.043 27.716 1.849
77.424 -88.043 148.218 2.005
-145.462 186.352 99.608 1.934
-71.443 139.795 -44.095 2.090
-49.778 -150.523 156.053 1.919
-78.302 50.836 -178.067 1.999
33.688 151.105 -78.544 1.890
-188.361 81.726 55.310 2.140
187.207 56.614 173.216 1.968
182.539 -112.699 -183.089 2.050
-170.517 -143.086 99.302 2.040
-115.379 -129.610 192.377 2.059
-111.814 173.903 72.560 1.912
-45.887 -109.916 -171.713 2.119
-130.281 -157.511 26.410 1.972
-181.756 27.416 112.462 2.059
-211.603 -165.155 97.185 1.994
-104.613 -86.081 74.779 1.756
36.028 -117.606 -76.067 2.040
-88.612 -74.672 -19.807 1.907
-26.794 39.594 199.972 2.076
56.468 -133.270 82.948 2.010
77.026 -163.716 148.504 2.049
-0.624 -159.464 -147.794 1.909
160.557 -7.051 -46.773 1.790
144.631 -65.754 -62.610 2.067
222.912 -157.368 -79.532 2.072
184.548 56.389 -130.477 2.165
14.887 167.346 151.214 2.036
58.993 -86.254 -69.998 1.974
-184.205 -11.887 -121.059 1.860
-160.444 -123.022 124.168 2.005
56.306 101.446 -29.817 1.986
-215.078 13.217 -25.154 1.944
-121.889 132.585 35.431 2.028
-203.195 48.782 161.829 2.048
204.779 -52.319 192.897 1.976
213.498 -162.112 -96.622 2.026
-28.515 -103.354 -126.601 1.903
198.392 183.265 -47.431 1.693
-117.483 -173.717 -135.045 1.890
-148.827 -164.823 7.003 2.000
216.876 18.412 94.586 2.020
-43.728 85.059 -32.595 2.025
40.384 -85.439 53.538 2.088
38.943 183.005 -65.431 2.200
163.137 61.297 116.038 1.874
199.821 -154.249 146.248 1.981
14.546 -58.601 -180.086 1.815
-212.241 140.816 -12.650 2.010
40.875 -32.856 -109.085 1.854
184.822 109.570 -162.443 2.134
-178.705 74.834 -173.404 1.949
-106.048 115.675 116.464 1.884
-203.173 134.875 -19.622 2.024
22.681 -89.439 -172.783 1.964
-41.913 29.375 168.354 2.095
-52.360 -8.886 134.242 1.948
-55.266 -145.472 172.661 1.859
-88.340 -32.126 -9.421 1.868
-26.621 -49.512 -104.511 2.082
72.975 66.971 -3.653 2.041
-211.906 -118.470 169.790 1.852
-123.381 -166.314 -12.043 1.895
189.555 -56.640 -8.212 2.023
-189.891 14.072 117.170 1.978
-170.648 97.513 116.936 1.940
152.252 -37.906 135.570 2.053
118.921 131.757 174.629 1.980
41.443 169.836 -1.562 1.963
-149.233 11.193 163.060 1.967
182.174 -9.309 199.904 1.862
-89.506 115.506 -84.438 2.086
220.798 -108.803 -121.479 1.807
-223.958 172.953 149.349 2.077
-107.598 -47.574 95.421 2.013
69.846 103.297 -2.844 1.776
117.949 -137.059 167.222 1.980
-78.151 117.646 -176.494 1.898
-84.828 38.905 57.753 1.902
-95.916 139.573 -117.531 2.074
-172.301 172.419 -119.832 2.190
-28.381 152.364 2.986 2.058
110.153 97.950 -63.532 1.943
160.931 -15.194 -173.666 1.954
-37.223 172.065 -112.769 2.065
110.755 113.635 131.548 1.956
-49.012 70.475 184.701 1.875
21.338 -21.466 51.247 1.998
-207.403 154.787 111.285 1.929
82.127 81.217 146.190 1.869
204.661 -7.189 -197.372 1.841
151.416 -41.636 194.983 1.960
-97.254 89.863 175.277 1.959
8.066 130.515 -7.993 1.922
39.618 96.577 175.194 2.039
33.154 179.717 -26.775 1.812
-77.195 26.452 51.448 1.905
23.705 -102.835 -59.344 2.130
-20.648 186.146 -124.954 1.951
105.061 -40.215 -81.565 2.039
-81.640 -59.655 -171.087 2.002
163.705 22.772 77.261 2.062
171.044 -80.436 117.727 1.968
177.705 185.523 124.268 2.107
-205.153 100.506 124.999 1.985
-0.181 114.738 -66.282 2.097
82.225 157.871 -178.664 2.075
39.203 -172.379 93.832 1.778
106.056 164.150 42.150 2.045
-3.120 8.569 -118.959 2.093
168.861 118.910 182.545 2.110
-220.404 -39.522 -84.436 1.994
-2.055 -26.976 -88.859 1.836
-124.444 -121.393 -90.982 1.911
-207.226 -31.590 128.540 1.990
192.806 -132.838 30.925 1.888
8.137 -177.442 -160.164 2.004
144.175 -90.367 -194.175 2.010
184.943 -75.856 169.573 2.106
-66.643 -58.472 183.720 2.009
85.927 52.286 89.480 1.935
26.164 122.660 67.905 1.974
62.234 -99.735 -129.214 1.872
-121.139 28.500 -18.748 1.917
128.430 60.623 -185.593 2.048
133.834 52.290 -182.257 1.897
-180.677 -43.742 -87.122 2.226
-221.207 -152.696 -15.893 1.880
140.218 70.128 -96.439 1.922
-54.347 170.664 31.968 2.029
-207.724 -126.483 143.386 1.925
-57.233 -156.129 121.424 2.054
-218.832 159.357 194.700 2.038
-46.048 85.264 94.111 2.032
-3.513 57.467 -105.969 1.804
-122.465 -64.765 44.438 1.925
80.711 19.210 -187.698 1.955
3.885 -58.974 173.972 2.033
-196.172 -67.370 124.061 1.861
101.892 -178.391 61.512 1.891
186.295 137.476 -89.739 1.770
-38.383 40.283 89.549 2.094
-6.581 -189.297 177.192 2.128
-92.721 83.833 80.543 1.900
-206.180 158.693 120.778 2.081
192.014 68.143 -30.055 1.871
52.389 -82.265 179.901 2.045
-20.947 -166.652 63.701 2.221
-84.961 121.144 130.328 1.922
169.011 81.527 114.411 2.062
115.390 174.688 -104.717 1.976
-122.423 -129.213 103.727 1.929
-197.687 149.537 114.197 2.086
-173.718 -173.721 28.999 2.026
-130.279 -47.618 36.629 2.071
-38.433 -13.897 -37.951 2.030
-168.486 53.249 167.615 1.895
127.972 -168.823 84.077 2.041
205.754 44.568 -105.900 1.996
-7.249 -185.174 -7.639 2.092
121.160 4.651 141.513 1.805
-61.399 103.168 -91.990 2.069
-79.528 -178.909 160.555 2.046
-20.895 -125.825 -22.238 1.912
72.608 -43.519 -3.483 2.078
93.136 -103.227 120.186 1.971
-211.559 -72.261 52.792 1.984
137.368 -62.027 -129.107 1.922
113.193 128.223 -51.568 2.113
-128.151 -171.985 73.919 1.753
-71.671 157.904 140.252 2.072
-39.919 -164.975 99.826 1.909
10.723 -92.784 -71.341 1.968
85.321 54.318 -47.351 1.926
0.996 136.081 65.589 2.140
122.257 60.616 147.642 1.970
-80.766 129.735 -101.028 2.009
-108.264 93.360 27.923 2.087
212.699 -37.268 189.183 2.039
-28.703 17.034 74.731 2.163
144.467 38.342 -157.717 1.958
-209.561 171.269 99.270 2.141
-141.397 166.621 85.733 2.117
-162.790 183.034 -174.750 2.011
-220.137 -75.016 57.275 1.947
-22.230 37.612 171.519 1.991
-29.779 -47.309 -151.914 1.999
116.122 -135.578 129.607 2.042
48.602 9.163 -11.278 1.932
118.758 121.109 121.978 2.059
217.874 -136.307 196.079 2.033
137.888 -151.912 40.249 1.863
-4.183 9.362 -174.564 2.013
77.011 79.177 -69.655 2.091
220.032 0.208 119.936 2.120
142.161 118.459 -107.009 2.105
-15.621 3.080 -192.208 1.932
-4.029 -15.009 147.537 2.097
162.049 30.239 -158.415 1.974
-155.365 0.178 -0.918 1.879
-189.861 87.582 161.655 2.125
-194.266 36.223 134.753 2.111
217.732 31.718 106.903 2.151
204.937 130.623 -82.524 2.072
199.196 174.977 47.673 2.171
-142.010 20.664 -148.843 1.776
153.604 95.884 90.303 1.866
-7.773 99.615 197.046 1.759
6.277 158.858 143.689 1.898
66.442 -5.351 86.710 2.039
-13.216 -179.749 -53.210 2.157
-105.257 -173.301 -65.303 1.958
-84.359 115.199 124.461 2.139
154.115 -138.456 -159.770 1.990
191.168 122.308 -18.675 1.946
206.461 -24.533 -143.999 1.957
46.095 180.526 -75.732 2.042
132.790 -122.602 -60.477 2.002
37.867 142.660 177.337 2.037
-207.550 -144.564 -31.526 1.910
-4.756 188.922 148.088 2.230
-217.901 57.676 -153.530 2.019
-158.864 156.507 2.175 2.226
98.088 27.664 -98.268 1.913
-200.419 151.916 189.788 2.070
-67.062 51.726 -108.612 1.943
151.706 119.729 8.859 1.818
-160.021 -121.779 13.728 2.142
36.216 140.286 -108.750 2.091
-147.461 139.887 -78.232 1.868
-79.973 29.203 -161.746 2.065
-16.520 23.987 -43.364 1.899
171.997 44.153 174.976 2.017
-217.385 -69.393 80.926 1.983
178.989 13.111 142.202 1.867
91.097 78.819 -177.977 1.787
-129.892 18.164 -101.870 2.129
86.380 65.250 158.844 1.858
-27.306 -65.147 66.540 1.828
-104.750 180.812 -112.146 2.010
-192.571 -19.851 6.588 2.018
-83.052 135.212 -29.338 2.002
-212.113 107.503 48.818 2.064
-88.041 143.641 -121.754 1.996
77.255 43.294 196.506 1.970
16.791 102.085 -140.823 2.028
-34.557 -167.991 131.763 1.927
68.325 124.921 -141.689 1.974
88.175 -55.600 108.990 1.995
176.943 -114.815 176.014 1.988
-163.682 116.617 -87.450 1.762
134.677 -0.277 -112.421 1.931
-121.679 98.142 -41.007 2.034
-7.011 30.261 -64.393 1.886
33.058 -103.226 -172.402 2.184
-37.865 -7.700 112.725 2.113
-215.950 -122.397 -117.680 2.135
-186.164 -21.101 178.652 1.746
11.344 -124.466 61.328 2.054
128.277 -169.718 -87.881 1.903
-211.693 78.217 -37.783 1.948
77.044 168.649 -7.476 2.154
-218.444 -109.176 119.263 1.846
80.327 -139.653 -98.036 2.070
42.865 -69.605 143.064 1.848
60.833 -16.311 3.325 1.909
-31.632 -131.437 45.794 1.979
-137.450 144.501 -171.131 1.742
56.318 -117.526 145.908 1.917
120.339 130.362 125.610 2.100
-126.619 58.311 162.001 1.743
184.926 -14.912 -42.030 2.006
193.139 15.097 -24.452 2.132
149.401 -72.507 161.495 1.868
27.620 135.118 -167.408 1.819
173.359 -45.181 -175.778 2.058
-63.830 -114.477 -33.843 2.051
-33.916 -18.210 -61.774 1.891
174.028 39.509 97.929 2.057
-149.515 34.890 -30.225 2.151
