-94.499 -31.963 10.299 2.239
-151.346 -175.861 121.549 1.829
-155.603 -78.920 -56.984 1.856
38.989 30.629 -153.368 1.975
-66.697 -186.604 -198.027 2.011
-23.345 -148.989 173.158 1.948
27.700 66.146 -98.833 1.858
198.002 100.645 17.299 1.995
67.467 -185.292 159.675 2.083
208.309 20.225 111.164 2.011
54.663 -144.609 60.916 1.850
149.956 -174.968 -172.263 2.095
-32.840 7.185 -36.022 2.148
-208.622 111.952 -174.913 2.101
67.153 -42.750 -76.888 1.968
-150.002 -18.886 -102.352 1.943
66.833 179.359 -128.061 2.072
169.875 55.138 -59.980 2.015
-194.020 -136.437 52.112 1.968
161.497 -20.994 171.756 1.992
159.206 185.544 -141.040 2.205
90.745 -67.929 -17.481 1.798
140.222 15.995 -121.473 2.035
-28.636 -34.527 -81.862 1.949
-43.463 97.331 -26.049 1.995
44.563 -121.472 170.656 2.017
75.242 -75.204 99.809 1.771
205.485 94.620 -67.272 1.947
84.534 103.350 36.041 1.933
121.627 -13.646 -41.004 2.002
147.945 121.913 65.948 2.084
212.064 103.399 -83.822 1.943
-9.706 -52.731 64.283 1.947
64.270 -67.202 -41.596 2.013
-182.366 -8.699 33.928 1.948
-125.136 -12.451 197.113 2.091
211.350 -97.454 7.480 2.007
43.778 188.154 118.109 1.777
-3.485 -9.607 37.654 2.000
-47.292 -152.794 37.771 1.900
-118.829 -74.761 -127.135 1.978
122.108 98.290 89.004 1.954
-63.484 120.735 56.514 2.072
-40.361 -163.587 -145.035 1.945
87.110 102.408 35.448 2.050
-206.018 -72.523 -140.114 2.210
-89.635 132.592 -4.789 2.026
55.360 159.997 -115.998 2.108
39.538 97.965 180.099 2.104
-202.596 -155.383 38.857 2.063
-179.080 -90.630 69.857 2.107
-118.301 14.457 -1.432 1.982
-216.019 -136.436 62.638 1.926
-12.874 -126.907 -80.233 2.053
-18.061 -100.438 -118.324 1.919
-162.109 -18.530 93.497 2.073
40.271 158.902 -3.995 2.090
181.467 18.561 123.220 2.172
21.445 9.621 -65.543 1.897
202.458 -44.400 151.009 1.995
4.763 98.740 92.924 1.913
45.726 -153.956 -43.901 2.029
135.074 86.385 121.967 1.861
-109.226 34.084 -12.235 2.035
-59.275 -84.056 -15.440 2.067
219.056 -164.144 134.802 2.009
-123.121 -167.822 -139.922 2.088
216.486 -64.020 135.028 1.915
180.074 -105.893 -150.966 1.794
70.535 64.802 -147.442 2.055
189.539 -28.657 190.941 2.066
161.321 25.804 -63.788 2.012
-223.751 45.360 -25.238 2.063
-224.414 180.727 50.158 1.943
149.915 42.578 198.487 2.033
23.578 -34.017 -128.456 1.950
-110.178 56.001 -62.365 1.887
183.021 145.957 83.072 2.101
-112.814 -45.047 -125.656 2.068
-17.637 -10.019 152.193 1.814
64.350 -181.693 20.833 2.038
-197.022 134.488 120.335 1.896
197.735 -120.314 173.755 2.001
201.828 -116.677 -128.111 1.918
-74.904 -27.589 -97.423 1.975
174.612 112.482 141.386 2.056
111.768 -149.357 -159.367 2.059
74.626 115.968 109.934 2.036
205.735 -75.200 149.441 2.001
169.216 112.846 -121.534 1.930
167.517 89.169 91.462 1.932
58.470 151.478 123.233 1.997
-192.013 -20.664 -189.693 2.031
-133.867 -15.236 63.233 1.920
173.507 -167.128 114.441 2.123
42.400 -16.897 -27.273 2.100
95.304 45.854 109.456 2.011
-7.961 -143.804 -153.789 2.067
-152.744 -92.496 171.019 1.862
-146.666 -138.721 -183.211 1.945
153.149 -176.810 184.155 1.920
158.601 102.085 14.052 2.124
143.236 118.361 86.943 1.997
13.626 176.614 11.127 2.010
97.787 90.510 0.854 2.071
174.759 70.889 99.306 1.786
18.807 -171.802 65.413 1.981
215.434 53.708 -64.701 1.964
-33.199 -188.034 -140.056 2.172
-24.906 189.078 157.931 1.970
-130.031 -185.093 12.579 2.140
89.014 -30.485 -7.277 1.790
204.397 -179.239 -178.338 1.920
199.097 -97.131 -91.900 2.021
-84.044 -80.197 -42.385 1.958
-135.003 102.778 16.354 1.894
90.458 -105.887 -50.092 2.215
-3.846 -57.742 -151.758 1.943
-221.562 -32.440 79.366 2.030
-122.192 183.980 72.665 1.980
157.539 150.084 -73.441 1.907
-199.584 -143.041 -11.285 1.926
174.212 30.247 -59.410 2.167
-95.791 -140.827 54.164 2.095
-99.478 102.817 75.363 1.949
-13.744 183.715 0.581 2.092
-82.701 8.820 134.250 1.987
-93.751 -168.736 -183.313 1.918
-114.797 -136.634 -78.985 2.013
-108.584 -40.411 -175.975 2.043
160.826 -106.250 129.870 2.066
-9.059 -98.767 19.477 1.916
90.357 41.385 -45.529 1.813
-148.448 188.369 -151.826 2.117
-193.144 -159.458 -96.693 1.797
-14.736 177.051 -118.048 1.997
-59.580 -57.822 -196.920 1.833
-139.298 -141.983 -75.868 2.109
-71.208 12.036 151.831 1.981
26.786 -28.197 75.496 2.005
-50.317 -2.211 6.397 1.965
31.018 170.420 52.723 1.902
200.623 -188.305 49.300 1.874
-99.486 52.598 106.040 1.987
-130.775 -49.325 139.441 2.011
-143.289 -163.989 -116.815 1.921
-35.060 19.763 -9.566 2.202
-2.138 68.733 -181.464 2.014
-162.284 157.089 -141.683 1.985
179.618 -81.910 -75.745 1.951
-93.243 91.442 -143.536 2.059
127.289 136.338 -118.920 2.099
-217.418 106.402 -113.638 1.997
200.944 4.326 35.847 2.074
107.847 -77.686 6.910 2.010
150.630 -86.708 -137.022 1.953
82.653 -186.056 7.064 1.878
57.538 136.329 85.428 1.978
-192.176 27.578 56.898 2.125
187.988 -67.730 31.180 2.078
-206.169 -39.070 -169.469 2.020
204.360 -69.826 139.229 2.090
91.331 32.927 -171.873 2.040
72.350 48.918 89.937 2.087
-54.457 -119.665 137.063 1.964
60.958 132.805 -99.446 1.970
-171.105 105.410 -192.537 1.995
221.321 82.369 -117.660 2.212
-181.875 -22.280 100.183 1.884
35.774 -169.244 190.243 2.044
-174.278 -122.459 -15.461 2.067
-52.832 -118.594 -66.166 1.952
4.388 23.007 -28.301 1.939
-173.146 165.654 14.917 1.932
-219.097 -151.730 -74.265 2.111
26.753 22.746 81.709 2.061
167.724 -0.149 -133.162 1.941
79.040 -23.311 38.968 1.911
223.243 72.784 -55.923 1.977
-109.605 78.754 131.893 2.016
-164.558 11.859 -92.981 2.029
-64.499 91.383 -70.539 2.003
-97.689 118.879 20.009 1.885
201.365 -92.706 44.755 1.824
150.044 -143.802 34.854 2.101
191.539 179.744 7.256 2.050
57.787 133.535 -77.151 2.038
-67.850 106.261 191.055 2.221
-90.878 -8.916 -178.142 2.081
-148.304 21.723 -99.061 2.001
-77.788 -173.231 -16.771 1.932
68.960 -141.360 183.187 2.066
87.782 -76.558 -159.466 2.117
10.882 53.329 173.520 1.846
121.185 127.904 23.053 2.102
-57.178 180.259 -161.937 1.959
-169.689 -101.977 -175.446 2.154
-139.092 -118.618 7.681 2.010
86.093 -137.109 198.705 1.917
-34.487 75.715 -158.058 1.945
-187.820 -7.994 20.732 1.951
103.676 121.715 -21.002 2.048
-137.826 -148.766 172.691 2.016
-122.520 171.351 32.527 1.939
112.442 138.374 104.908 1.926
61.831 -20.395 16.199 2.152
-162.532 129.358 34.592 1.960
-85.702 140.370 4.585 1.936
157.317 34.451 -155.846 1.989
132.338 -25.132 -75.823 2.108
-175.391 -96.551 179.609 2.046
-147.767 -1.055 -131.492 2.143
-12.632 55.167 -169.963 1.980
-12.920 36.810 87.956 2.113
-96.797 166.956 94.781 2.087
211.148 -117.243 -83.436 2.182
-80.433 80.782 55.486 2.164
-117.227 104.953 -170.263 1.922
-7.712 -12.233 93.720 1.990
81.243 -135.641 170.839 2.088
-7.758 -40.601 -111.790 2.193
161.104 72.980 190.000 1.925
-87.138 -129.297 84.276 2.002
-207.027 100.787 -89.192 2.090
-63.556 -81.136 7.327 1.936
14.392 134.634 -118.009 2.060
214.571 188.003 167.335 2.047
-10.765 60.915 -103.222 2.115
27.507 64.149 65.024 1.871
78.203 -40.650 -141.468 2.074
168.952 128.675 24.684 2.013
-197.962 106.361 -152.634 2.078
-40.497 -153.058 170.346 2.184
174.694 -22.516 -152.429 2.056
29.500 32.423 -136.971 1.958
49.619 -108.426 -75.553 2.146
208.068 100.682 178.049 2.073
58.804 -76.791 -190.604 1.959
96.686 20.675 90.211 1.739
-133.421 -110.785 45.952 1.931
10.845 -186.090 148.279 2.058
-14.964 -20.012 76.213 1.738
-66.436 68.735 87.492 2.082
9.074 45.989 103.021 2.052
-6.445 132.613 -71.482 1.884
-68.479 3.869 -111.698 1.938
155.376 156.940 -110.972 1.939
176.768 97.553 -20.741 1.860
-210.959 58.780 -95.620 2.090
218.141 -140.711 136.863 2.044
97.420 72.294 152.028 1.864
25.976 82.609 -177.811 2.044
-158.209 -121.074 -76.090 2.074
99.192 72.926 131.667 2.088
35.996 151.026 170.235 2.023
-202.890 168.945 -122.946 1.932
-175.792 -39.689 199.004 1.904
-24.281 -41.075 45.480 1.921
222.736 -3.854 12.434 2.004
-24.234 -178.447 162.842 2.225
-186.672 -142.826 -11.348 2.029
80.567 -113.836 6.746 2.068
210.165 98.622 -183.349 2.153
94.411 177.958 -170.036 2.097
-3.282 113.072 -166.393 1.807
-49.255 -170.189 16.459 2.171
-40.839 -125.829 -37.738 1.988
155.491 -92.385 51.174 2.038
217.639 42.339 81.228 1.874
87.607 -135.458 105.694 1.971
135.044 13.138 130.612 1.931
-199.958 -77.643 109.751 1.991
-211.151 -79.266 -32.523 2.095
173.677 -45.252 78.355 2.092
-154.750 -167.835 189.805 2.058
-114.701 26.750 -23.738 1.926
-113.350 9.601 -177.124 2.046
4.369 8.288 60.967 2.113
-32.348 -162.804 160.032 1.951
-117.570 -182.329 196.817 1.966
218.304 -6.518 -175.224 2.050
-157.372 -159.412 183.511 2.065
116.312 -124.544 -133.096 2.100
182.692 16.573 26.057 2.146
13.406 -140.246 88.942 1.926
-61.052 92.083 175.495 1.948
71.479 70.627 15.974 2.055
106.593 -87.992 -55.857 1.991
51.162 -102.273 133.636 2.027
-126.166 30.645 -188.210 1.984
-65.069 115.336 57.329 2.099
-166.153 -122.882 106.587 2.027
-85.235 160.380 134.929 2.000
205.126 115.333 -5.195 2.027
-18.186 33.582 186.382 2.034
101.263 108.791 5.011 2.159
-47.038 -9.666 -3.793 1.981
-0.999 -141.208 -121.392 1.959
17.135 -20.589 -168.662 2.029
180.365 94.076 -87.468 1.867
13.804 -142.636 75.075 2.005
-203.580 -73.159 -114.386 1.943
-57.295 -105.026 -177.702 1.997
-161.286 20.283 -72.666 1.994
-40.982 129.567 45.829 1.998
20.759 116.332 -95.277 2.062
100.541 -41.643 -125.514 1.931
199.938 180.362 -19.741 2.079
-84.734 -45.657 -43.464 1.883
148.282 -46.152 147.447 2.354
-184.550 164.063 182.230 2.017
101.255 40.620 14.462 1.905
103.491 -110.419 -32.806 2.077
-25.446 116.174 78.976 1.955
-164.430 -60.486 -167.666 2.122
75.095 -188.573 72.934 1.835
-139.757 16.509 4.986 1.868
-17.295 98.756 158.783 1.945
-170.097 73.348 177.773 1.944
-131.386 80.340 109.878 2.201
-222.125 -89.629 -85.637 1.889
-37.294 10.347 -52.622 1.983
-122.285 -118.951 172.354 1.843
29.618 -101.175 -190.597 2.033
-109.266 -154.712 188.639 2.046
97.266 173.979 72.423 2.115
1.420 -99.769 111.972 1.981
-44.166 116.907 -16.947 2.017
-85.829 -71.623 127.455 2.068
147.901 130.742 149.310 2.108
214.334 187.187 -38.718 1.934
204.400 111.689 17.889 2.047
202.294 -118.471 110.050 2.006
2.916 -43.440 -155.856 2.058
-134.761 -154.516 198.385 2.065
128.367 -81.631 -88.547 1.916
163.478 -87.449 162.506 1.933
-157.351 129.645 -174.138 2.008
157.267 85.964 -80.094 1.963
-137.015 -162.534 68.579 2.039
-41.472 -61.484 -33.411 1.886
-193.043 40.003 -51.709 2.091
-80.694 134.999 15.973 1.963
-21.334 -171.983 26.841 2.016
82.790 158.828 -150.050 1.904
-80.947 -139.978 -144.442 1.969
217.264 -16.821 -158.496 2.080
195.109 -96.599 86.629 2.162
120.898 -188.796 -105.563 1.972
178.325 184.874 -137.748 1.964
-45.680 1.337 182.469 2.057
52.043 8.383 -18.909 1.904
155.397 -82.452 -135.599 2.097
-213.419 -148.248 -58.143 1.919
120.137 -146.929 145.380 2.009
-4.862 -149.411 -102.798 1.828
207.550 -114.548 -137.964 1.938
144.613 153.728 -55.739 2.142
70.199 -39.904 84.335 1.966
-169.285 176.881 11.250 1.808
-101.404 -87.471 199.783 2.069
61.169 65.533 78.535 1.825
-4.386 16.402 102.022 1.989
-58.624 170.202 -68.810 1.971
134.982 4.414 -154.054 1.801
46.435 -75.876 -6.351 1.906
118.786 20.689 184.098 2.090
-181.118 -141.847 -58.358 2.162
-38.323 43.692 -56.939 2.011
1.705 161.518 144.679 1.898
-64.655 165.964 144.259 1.974
-8.910 171.306 -90.287 2.099
-46.073 -134.298 178.832 1.888
54.097 -136.507 148.966 2.017
-4.761 103.567 67.026 2.047
-186.782 -30.049 -76.412 1.993
-134.843 164.033 138.216 2.053
56.186 -108.426 58.707 2.078
-67.932 -100.751 -55.739 2.023
27.609 -153.242 -106.395 1.895
-47.732 29.324 -42.205 2.042
-58.568 138.363 -55.799 1.900
-62.943 -162.557 -51.409 1.972
-145.896 105.069 46.570 2.088
103.016 -90.452 29.417 1.933
-45.909 92.595 86.247 1.831
200.819 17.349 66.831 1.910
191.424 72.145 -73.396 1.890
-98.315 28.911 -72.365 1.947
48.164 -121.148 -162.605 2.122
-161.110 -80.226 187.294 2.110
180.547 -2.012 80.695 1.947
112.845 -141.611 60.834 1.875
-204.285 -12.075 -158.965 2.137
205.359 32.135 139.363 2.097
160.364 -46.042 -33.592 1.986
17.204 -139.677 62.103 2.006
65.759 -69.736 80.415 1.927
-131.024 140.438 82.020 2.012
200.953 -65.295 -94.716 2.186
39.720 -139.132 5.872 2.135
21.785 153.144 59.748 2.057
-0.676 -44.749 -169.830 1.773
86.057 103.721 71.705 1.880
84.063 41.049 104.663 1.908
-47.684 158.094 -47.500 2.072
195.556 120.592 -50.479 1.878
-161.950 103.873 -6.254 2.044
118.179 153.375 147.299 1.938
20.583 -106.456 -10.065 2.018
21.307 40.231 162.866 2.060
97.939 -129.239 -181.198 2.071
-69.530 28.021 -18.908 2.055
133.273 -29.269 -176.329 1.919
17.328 18.353 117.089 1.830
106.581 -8.657 -157.832 2.103
-209.899 26.646 -193.677 2.068
-70.346 144.599 -124.622 1.909
-181.250 -42.009 -44.085 2.160
71.065 10.763 -113.265 2.071
120.419 100.674 163.974 1.963
-178.390 36.557 -60.957 1.843
192.185 -63.429 -83.130 1.899
-222.382 -64.485 187.658 1.910
-115.778 -16.046 57.645 2.112
-43.030 -11.756 -54.391 1.898
-49.179 169.635 -18.897 1.998
126.257 110.515 111.638 2.096
2.765 -50.693 168.531 2.017
191.679 -4.034 18.068 2.243
125.102 175.022 -11.226 1.891
-104.085 -39.762 124.795 1.858
36.100 76.918 -86.395 2.000
-32.223 147.680 31.577 1.910
7.684 -172.149 12.735 1.773
217.111 -87.189 -116.667 1.905
196.007 64.676 110.268 2.077
65.470 -135.969 -100.590 2.060
-89.128 50.766 -189.685 1.957
134.363 36.941 116.148 1.981
220.262 63.982 158.166 1.891
-168.996 -157.089 -126.280 1.770
-195.803 58.400 33.611 1.883
-55.364 44.132 193.189 1.968
100.673 -31.182 61.756 2.080
152.515 -52.392 164.968 2.097
-136.433 162.461 -175.124 1.855
-65.504 -180.306 112.788 2.007
95.295 79.177 24.621 2.049
-114.191 45.322 169.215 2.230
105.531 -45.203 163.651 2.054
-137.415 -18.215 -92.232 2.160
17.045 106.998 -41.116 2.181
-216.670 185.797 -194.220 1.850
-135.007 -189.785 -160.216 1.920
-12.034 -18.453 -137.237 1.863
-206.179 -113.287 17.714 2.027
-28.131 -80.053 43.342 1.933
-164.911 167.457 43.012 1.944
-146.929 -77.510 -12.064 2.032
78.007 121.771 61.315 2.056
180.868 3.415 -4.391 2.048
-106.373 -183.425 68.088 2.002
144.538 32.415 144.915 2.069
26.311 0.853 -29.291 2.085
51.745 107.844 34.779 2.010
148.991 -96.872 163.817 1.914
-213.851 109.133 12.395 2.053
44.621 -177.350 176.592 2.006
-132.331 142.455 31.177 1.884
-79.143 -33.503 -84.196 2.025
223.946 -162.133 162.113 1.915
98.698 110.637 165.921 1.953
51.138 -115.884 173.003 1.992
188.856 34.905 120.874 1.972
164.556 -107.175 -38.197 2.149
-57.353 -61.269 153.560 2.124
-193.813 -15.107 188.916 1.888
198.989 -178.482 -96.180 2.079
122.816 -130.207 29.485 1.916
-122.642 118.137 70.249 1.952
-199.127 97.824 -101.812 1.927
104.214 -129.500 -68.480 1.937
202.374 -90.987 -13.578 2.010
168.815 119.966 -156.137 2.106
157.473 4.784 89.488 1.858
52.718 49.908 68.780 2.159
-108.647 -158.859 -190.471 1.876
-43.298 3.440 15.341 1.932
103.204 -89.752 -111.995 1.987
3.520 94.322 -66.466 1.967
-85.952 -37.835 187.144 1.862
50.985 7.732 -25.795 2.101
9.832 -10.360 -65.679 2.042
-211.409 151.673 161.673 2.108
-158.523 -168.779 -60.673 1.959
-221.374 155.334 -128.694 2.081
-170.456 25.085 -99.245 2.099
-141.059 -112.769 91.392 1.953
-176.860 -48.643 -3.263 2.047
20.784 13.434 31.440 2.111
181.240 -77.005 180.939 1.875
100.479 47.596 140.649 2.001
-216.787 -49.911 -181.451 1.896
5.271 151.442 -195.303 2.050
-43.841 1.429 68.246 2.080
53.783 68.227 95.284 1.994
-70.672 106.563 -151.853 1.995
169.925 147.855 20.177 2.017
-49.712 -163.207 -36.110 2.018
54.522 -30.062 -124.295 2.057
-143.877 -26.868 -134.651 1.855
-32.737 140.855 16.656 2.028
49.727 30.796 69.919 2.194
-193.183 -78.527 -176.700 2.033
-90.056 -34.623 58.463 2.039
31.008 -21.923 -40.067 1.990
134.805 32.207 -130.855 2.034
-179.203 -160.586 -103.212 2.091
-138.761 -54.269 -19.571 1.922
-150.306 143.056 -17.453 2.112
113.066 77.688 -120.399 1.893
-100.378 -133.071 -22.984 2.033
211.543 -152.985 -83.832 1.946
203.099 -161.372 126.834 2.062
-11.064 157.770 -5.491 1.974
-213.170 -21.280 -110.189 1.978
-7.883 -4.487 -108.937 2.055
-25.417 55.159 15.780 2.083
-48.239 -53.045 -81.903 1.989
-184.234 71.081 94.471 1.977
-10.206 63.261 86.447 1.990
129.826 -58.690 91.126 1.994
-78.734 6.744 -28.146 1.910
-211.392 98.572 85.716 1.980
147.587 35.661 -35.351 2.035
-143.895 -115.408 -173.323 2.034
-184.775 -38.604 -189.214 1.955
136.951 60.612 -139.134 2.020
-219.096 51.482 157.051 1.902
26.441 -66.284 -9.640 2.036
-35.411 96.640 -154.407 1.845
-103.814 -152.861 -166.566 2.066
-109.835 180.115 86.584 1.971
19.186 -36.655 72.927 1.906
-146.177 -175.510 -76.821 1.935
-176.444 -70.173 26.699 1.992
167.282 37.204 -34.359 1.977
-50.929 -125.736 -1.993 1.953
179.131 70.128 -54.042 1.868
128.130 -107.059 -186.787 2.072
190.576 -170.023 -4.660 1.960
-133.405 76.564 -12.226 1.871
216.558 -181.621 195.327 2.044
-180.742 157.683 143.150 2.129
-13.327 43.388 -57.801 2.023
214.466 127.794 -90.144 1.985
-145.996 66.173 -19.264 1.908
116.503 161.669 -55.853 2.051
-72.982 -100.692 -169.793 2.039
177.696 -32.571 -197.920 1.944
-82.411 -173.410 115.670 1.985
117.661 124.723 197.887 2.121
100.338 109.900 136.612 1.993
-120.756 -5.858 26.433 2.063
222.617 110.947 72.710 1.910
82.242 -153.859 -108.318 1.899
113.525 61.085 -30.989 1.996
-135.492 -102.686 89.548 1.892
56.321 72.194 124.379 2.085
105.752 160.543 79.429 1.942
-147.088 -28.908 -94.207 2.048
-6.284 -72.976 0.371 2.204
155.465 -141.385 137.343 1.907
-60.745 -33.717 -178.328 2.130
154.146 44.800 124.750 1.919
-7.092 46.333 124.616 1.970
-40.682 113.864 -78.902 2.001
87.497 -35.947 98.338 1.861
-145.113 156.215 92.364 1.904
-68.204 -85.088 133.130 1.982
-88.430 168.710 100.064 1.983
155.600 -2.718 -131.710 2.240
-38.366 145.905 147.896 2.076
-145.056 6.539 -184.812 1.879
129.070 169.920 -63.756 1.860
171.539 -28.389 96.947 2.081
-3.104 -23.966 -98.641 2.081
214.740 -161.544 77.313 1.962
-214.138 4.211 -163.200 2.023
-2.133 142.227 139.829 2.070
-116.504 34.925 -182.953 1.957
-167.596 -175.404 -39.520 2.033
-6.808 -51.839 62.222 1.989
216.086 112.561 -191.233 1.817
-133.246 -188.450 -31.596 2.082
209.983 -19.137 144.352 2.063
66.561 -64.722 -109.458 1.929
-139.141 -58.979 104.459 2.125
214.144 131.246 186.078 1.846
51.660 31.892 -35.895 1.994
-61.461 -68.757 87.993 2.000
-183.080 -122.199 189.659 2.006
-11.573 -185.515 -105.496 2.153
-138.192 -47.079 -58.242 1.964
184.500 -134.805 -153.508 2.081
181.412 -69.870 78.496 1.897
28.835 73.544 144.238 1.880
129.030 126.959 -45.957 2.057
-178.981 -99.162 127.760 1.990
-178.793 -8.768 88.520 1.891
-51.292 -89.932 -50.654 2.094
-26.195 33.400 -187.030 2.146
-190.740 -23.043 -81.762 2.103
195.117 -133.700 169.770 2.075
47.744 96.706 174.075 1.985
43.558 -132.570 -57.531 1.974
-17.662 -25.508 175.965 1.975
101.061 -141.262 -160.423 1.963
221.004 167.071 -150.479 2.025
-203.060 183.486 -41.602 2.079
-175.566 -65.212 92.232 2.020
-191.941 121.559 76.951 2.027
-10.454 49.281 171.925 2.108
-133.393 -67.126 84.765 2.105
47.648 -86.814 -44.758 1.926
-96.607 176.851 59.654 1.989
-121.260 -56.491 -196.056 1.781
-10.579 -64.937 -108.238 2.063
43.861 92.531 178.731 2.047
47.162 -117.610 62.410 1.991
-32.515 -42.559 -43.858 2.053
-164.492 -171.923 101.475 2.026
0.934 107.859 131.017 1.875
198.185 130.377 170.102 2.050
-114.960 -99.972 104.555 1.849
-168.833 -112.640 -0.567 1.942
23.512 -186.734 149.594 1.934
64.479 -73.141 -110.622 1.980
-66.033 127.070 134.316 1.986
-192.567 -156.561 32.162 1.915
39.878 -166.988 -168.271 1.866
-131.409 151.675 110.292 2.059
-111.176 -70.682 -123.920 2.040
-44.069 -117.929 98.423 2.051
-110.626 160.510 24.812 2.015
136.427 -163.342 157.656 2.167
29.344 -34.119 -163.324 2.155
70.336 181.406 -72.900 2.177
187.657 124.913 73.238 1.943
15.339 -28.348 -136.136 1.889
53.128 117.344 20.221 1.863
-55.353 -185.446 184.497 2.069
-61.121 177.413 117.865 1.964
51.191 18.495 27.865 1.995
-12.330 -171.306 1.154 1.906
-17.304 -176.564 -189.880 1.835
-35.175 -117.327 -161.001 1.976
-31.384 -28.225 -57.786 2.041
-170.188 -69.178 -170.611 1.986
-178.827 29.379 -81.438 1.947
-24.756 -110.700 53.094 2.007
29.256 62.657 -34.127 1.955
-131.977 -74.817 185.173 2.067
-0.380 176.145 180.061 2.038
-3.269 3.996 195.432 2.100
131.496 -11.082 -137.732 2.182
109.790 2.121 -84.951 1.851
-132.660 -158.594 -70.487 1.812
58.208 -9.773 109.939 1.931
17.950 131.553 -40.365 1.930
49.076 -175.030 -36.436 2.029
-74.927 -180.151 -83.992 2.092
184.493 40.997 -77.356 2.008
-23.593 -82.819 -124.383 1.959
37.332 -154.239 -157.653 1.974
-211.528 182.171 137.525 2.048
-211.335 -29.413 115.859 2.024
61.332 91.250 -35.253 1.877
136.228 -185.421 -106.639 1.943
163.157 -120.761 27.853 2.034
-21.608 117.054 172.563 1.866
-191.725 -149.071 -174.354 2.075
-191.089 55.895 -13.483 1.958
33.039 -126.610 68.793 1.938
172.500 77.429 111.077 1.902
157.145 -187.986 164.554 1.970
-8.043 59.847 49.765 2.035
184.610 -128.045 168.355 1.906
124.426 145.868 -149.836 2.128
-89.434 168.067 -94.444 1.879
-45.573 116.320 -198.503 2.085
219.898 -159.539 20.555 1.989
-25.151 26.137 -60.723 1.986
-205.197 -143.948 -109.426 2.034
-59.326 30.786 130.231 1.872
-111.250 -47.610 45.846 2.048
-82.838 -61.117 -188.731 2.065
143.432 116.163 -136.659 1.908
176.857 99.356 63.595 2.207
104.674 -79.155 74.101 1.967
122.761 -174.957 -32.613 2.190
-118.590 -185.753 -177.342 2.051
220.653 -71.135 84.046 1.962
-65.032 167.646 -156.740 2.076
1.169 -108.968 176.270 2.047
140.729 -123.821 -164.420 2.000
68.359 32.598 13.445 1.978
-87.889 -49.014 79.724 1.929
30.994 -96.104 -147.838 2.012
-92.199 91.487 -106.459 1.873
-106.433 -109.300 83.081 2.090
-96.675 137.503 165.382 1.961
143.966 -91.210 -186.351 2.133
176.308 50.351 40.309 2.098
103.280 -145.728 93.334 1.926
65.429 -120.404 -185.912 1.927
77.812 109.321 55.059 1.842
45.007 136.400 -166.080 2.103
-156.613 -159.599 86.219 1.997
137.949 -81.268 -10.488 1.808
156.210 68.196 32.244 1.831
21.278 -63.959 -65.454 2.014
28.335 -107.499 -40.399 2.031
165.273 -152.707 18.390 1.961
207.404 -119.003 105.053 2.051
-154.691 -103.129 -22.315 2.096
29.149 -173.345 -98.665 2.166
26.099 -122.444 154.474 1.981
-26.664 -132.016 -156.472 1.856
38.142 56.104 -30.725 1.948
-142.696 44.084 -48.503 2.068
67.421 -166.851 8.027 1.791
-115.353 6.138 169.667 2.127
14.730 186.554 81.206 2.074
195.382 147.267 -45.146 1.986
-43.054 118.613 -189.481 1.953
117.304 -157.524 138.214 1.883
-199.312 -9.763 25.196 1.936
90.169 -115.319 132.378 2.051
-41.384 -54.297 19.469 1.843
12.066 146.537 -19.706 2.105
78.125 -8.971 65.093 2.038
83.880 114.477 37.091 2.107
145.258 -143.797 -159.421 1.943
-29.044 -82.164 136.988 1.994
218.310 145.803 -23.548 2.076
-17.919 -1.050 55.294 1.932
-165.387 -131.180 18.415 2.032
-209.861 1.476 -148.615 1.883
-61.185 -103.857 -160.820 1.884
211.017 -23.876 -193.284 1.912
-16.877 -46.381 -33.026 2.076
-117.243 171.238 -39.190 2.040
-152.314 167.284 47.091 2.026
195.120 -55.856 -69.803 2.111
-144.505 -101.521 -126.979 2.049
132.562 -93.708 91.589 2.107
-51.024 178.564 171.812 1.963
-89.315 -109.272 97.172 1.863
118.012 158.289 -29.358 2.059
203.833 -130.503 93.942 1.917
-214.290 163.009 -104.178 2.055
-36.312 15.491 45.570 2.102
186.047 -73.109 190.691 2.123
-209.182 20.372 28.627 1.994
-148.876 135.852 153.002 1.941
-128.517 -63.544 -116.366 1.981
44.402 79.917 -160.955 1.943
184.537 93.960 173.897 2.004
-51.488 -122.609 68.333 2.123
-121.171 -132.759 142.495 2.039
153.956 -169.897 -199.134 2.039
-175.005 1.731 73.569 1.861
-165.317 -177.457 -74.406 1.935
218.961 65.686 -28.825 1.974
160.067 -32.000 -4.660 2.026
4.239 79.818 192.146 1.895
-37.284 -164.951 -117.302 1.931
187.607 34.498 -29.440 2.213
59.982 -179.716 -118.516 1.884
190.159 55.349 177.855 2.056
190.275 173.169 102.638 1.875
208.894 -184.723 129.178 1.933
113.362 177.384 167.962 1.967
-164.631 -94.532 41.657 2.133
-75.086 103.993 62.332 1.814
128.029 -43.763 9.537 2.037
218.618 156.252 -40.664 2.032
-202.015 -60.093 102.251 1.806
109.034 -45.450 -36.292 1.876
210.678 -173.528 -156.460 2.016
177.654 -76.480 -93.324 1.852
135.393 90.771 -176.776 1.814
-156.841 -132.978 -68.980 2.083
-150.816 -142.040 -192.099 2.020
-17.296 -75.797 -79.717 1.986
-34.422 -32.257 53.811 2.060
-127.420 150.284 -38.054 2.012
-202.293 169.921 -68.331 1.946
-144.712 119.601 190.745 1.958
-182.917 -57.725 -61.383 2.170
-203.664 -0.829 -54.318 1.953
13.782 44.873 -37.489 1.869
-217.866 -78.807 161.076 2.065
-133.527 126.215 -5.060 1.990
-86.921 55.749 -177.437 2.092
34.787 50.184 -18.836 2.037
183.284 -91.367 -60.193 2.086
-2.269 -66.636 155.905 2.079
-36.894 -21.469 14.591 2.013
-163.229 166.082 -189.356 2.010
202.009 29.096 152.921 2.176
-84.195 -16.142 -191.562 2.122
18.948 173.436 15.398 2.127
-176.940 -125.266 -171.703 2.023
59.865 -132.262 12.542 2.057
101.605 120.487 82.062 1.882
-6.154 -143.340 172.143 2.107
176.279 18.213 -180.587 1.958
-91.441 188.234 -196.766 1.975
-9.524 -51.340 -165.019 1.880
35.699 126.671 -174.476 2.199
-54.752 173.157 9.147 2.013
126.372 -15.584 183.897 2.220
-126.751 -25.192 61.410 2.053
143.254 -21.073 -182.165 1.928
116.701 28.704 -146.569 2.126
-130.441 46.605 145.648 1.963
164.058 -30.768 -193.018 2.087
125.018 -97.870 -120.617 2.027
-144.838 -183.623 109.180 2.078
-16.843 -118.431 -72.520 2.028
-37.468 64.828 11.963 2.187
-61.244 68.708 -40.600 1.993
70.945 -115.259 -22.104 2.002
-103.226 30.281 -165.717 2.066
189.856 -113.057 64.390 1.982
61.181 -167.857 -80.881 2.146
173.121 -43.270 -119.654 1.939
38.090 -127.020 -166.874 2.214
117.712 168.759 -28.167 2.131
-101.643 1.807 -131.069 1.996
221.409 -8.809 104.370 2.066
-118.334 -123.699 162.327 1.979
210.782 130.462 66.454 1.892
-27.872 -160.669 154.924 2.023
194.429 26.196 -196.929 2.036
-86.409 -69.848 -39.577 2.179
-65.447 59.099 -116.948 2.101
44.803 -74.798 -65.359 2.077
220.911 83.390 -148.001 2.222
-115.986 -91.498 28.613 1.974
-97.180 -124.026 40.819 2.248
-92.636 145.136 138.245 1.924
23.084 -3.018 -56.564 1.862
113.152 -52.247 80.318 2.140
14.203 -65.675 -42.548 2.037
-154.428 -146.297 128.991 1.867
155.626 172.705 -46.002 1.994
-156.328 -82.162 -56.828 1.939
-207.520 121.671 101.556 2.014
-91.807 -53.111 128.724 2.022
-152.513 -3.896 -184.095 1.957
-215.980 90.271 67.048 2.231
89.057 -13.254 52.066 2.097
-163.275 -11.122 115.246 1.997
199.569 -22.624 70.988 1.947
104.516 119.648 -16.851 2.167
107.285 -20.423 -139.837 1.968
-157.632 38.515 -199.519 1.911
28.829 -19.536 -42.939 2.089
-89.695 -145.114 21.096 2.054
129.686 86.037 -123.518 1.893
-198.967 139.320 24.823 2.087
-214.401 -1.603 131.180 1.889
53.728 17.097 -18.712 2.099
-143.526 151.486 108.113 1.967
82.555 9.879 -49.113 1.878
-7.338 69.692 -58.059 2.026
22.059 -110.113 103.093 1.919
-167.008 -87.431 -198.902 1.797
-59.663 -118.796 -72.242 1.976
-106.902 40.847 -83.633 1.890
-186.817 127.886 -145.692 1.965
-207.872 -144.204 -173.658 2.037
55.499 -37.007 42.317 1.986
205.077 93.291 -108.181 2.029
79.123 149.959 172.489 2.127
151.137 110.096 167.709 2.029
215.892 -73.871 -126.480 1.838
65.972 109.584 -1.797 1.991
213.495 -66.005 100.228 2.129
-155.889 152.984 -71.907 2.004
-14.834 141.558 107.955 2.129
90.317 -105.646 -91.684 1.918
99.231 130.068 44.260 1.891
98.709 114.337 -8.936 1.758
30.762 -38.215 -171.597 2.177
12.247 74.640 -11.163 2.168
59.417 -88.814 47.554 1.859
204.640 102.248 131.627 2.087
190.931 -181.195 -122.356 1.708
-25.365 -10.119 102.869 2.045
-158.961 75.517 -22.979 2.013
-74.172 -151.317 -105.427 1.982
-27.507 173.840 102.329 2.009
-191.525 -126.737 63.781 1.917
-62.122 -28.903 -77.132 2.122
-192.527 103.324 129.936 2.049
-3.894 -108.831 -37.473 1.994
205.747 108.632 82.999 1.995
-104.628 -17.439 -147.291 1.823
-191.245 59.098 118.425 1.857
153.880 -166.103 -171.088 2.111
-223.710 -151.029 195.263 2.110
-23.617 -122.292 -1.841 1.940
-214.259 124.998 -80.992 1.978
-38.911 -183.440 139.141 1.903
14.523 184.471 121.837 1.906
113.873 -35.721 137.611 2.030
163.923 -153.082 149.141 1.979
-141.806 -91.805 91.283 1.873
-93.382 40.689 103.617 1.974
-38.205 88.169 144.860 2.035
-74.939 121.168 -41.660 2.126
36.783 45.994 143.673 2.023
-63.089 -167.646 72.747 1.959
-60.318 -117.502 -175.325 2.011
123.151 63.455 -75.820 2.075
94.979 -8.922 -165.258 1.941
200.748 3.416 174.603 1.936
168.706 105.275 184.642 1.866
-142.390 181.493 132.942 2.020
-56.427 -127.403 197.586 1.879
-28.634 152.984 53.062 1.922
-95.074 -16.352 184.566 2.132
52.641 -84.991 -125.473 2.065
-16.173 48.395 -87.459 2.005
-131.525 45.351 -23.047 1.986
-169.131 -116.446 -92.426 2.009
-63.951 112.683 44.129 2.176
-142.249 74.025 -20.810 1.967
126.613 21.015 21.967 1.827
-210.778 -97.187 34.870 1.914
-194.952 -80.053 1.966 2.012
-179.588 116.123 -162.172 2.090
157.040 180.539 189.568 1.952
212.959 183.363 -21.290 2.067
-32.383 -5.136 112.511 2.225
1.800 6.976 -176.165 2.066
5.914 179.383 52.910 2.054
208.659 120.495 -74.693 1.974
-125.735 -67.278 26.435 1.982
-104.983 -32.906 -166.237 1.872
130.354 -97.084 151.875 2.164
-181.190 -68.803 189.229 1.828
-168.019 -159.678 147.714 1.967
184.261 -37.413 -138.097 2.019
-6.772 4.110 174.299 1.881
-131.077 -57.426 26.034 2.014
-31.185 -170.759 183.972 1.826
-200.200 -63.656 78.023 1.906
-191.678 -180.550 196.441 1.879
71.221 -37.626 -42.371 1.811
197.415 90.996 164.356 2.045
122.289 104.178 17.461 1.964
-63.686 164.194 -18.942 1.898
169.179 24.912 -166.650 1.973
-145.135 -67.940 -69.176 2.151
30.016 126.322 104.195 2.098
177.828 -182.244 -119.200 2.133
-114.605 38.556 -116.810 2.022
31.362 58.787 154.851 2.114
217.935 35.234 100.169 1.881
-34.385 -79.292 180.908 1.991
109.756 46.285 33.455 1.991
217.732 164.628 -19.325 2.095
121.600 -105.736 114.859 2.037
145.896 147.293 -68.995 2.152
201.040 -145.921 178.937 1.997
172.895 177.042 56.462 1.930
-116.142 157.803 -79.855 1.849
174.583 9.485 111.462 2.043
149.868 109.419 57.332 2.205
43.218 -159.827 -23.409 1.877
-8.238 -59.441 -87.310 1.961
1.368 -144.468 81.886 1.972
99.604 -27.528 -73.530 2.120
77.415 95.236 37.029 1.846
-14.680 -52.737 -130.203 2.078
217.796 -9.716 36.495 2.079
-139.714 -35.354 133.961 2.189
33.730 54.633 96.976 1.976
-188.346 0.053 106.111 2.031
165.584 -73.697 -128.698 1.982
58.543 30.521 32.994 1.805
64.918 -181.103 86.300 2.101
205.073 -0.054 1.977 2.037
-156.594 32.905 2.004 1.986
