87.883 -62.496 -299.309 2.079
78.969 -77.475 -299.414 2.207
-42.501 -1.871 -299.476 1.975
10.198 32.859 -299.491 2.005
51.032 -37.798 -299.880 2.006
83.504 57.744 -299.306 1.947
92.134 -68.241 -299.873 2.111
41.619 -94.694 -299.110 1.969
63.888 33.490 -299.739 2.086
-48.781 21.374 -299.651 2.100
47.988 -90.348 -299.006 2.014
-58.775 99.970 -299.671 1.931
-8.537 41.771 -299.258 2.093
-30.668 -81.225 -299.294 2.013
-37.679 -54.622 -299.183 1.897
53.422 5.255 -299.327 2.031
-39.675 -43.352 -299.573 1.957
43.392 17.576 -299.503 2.083
-63.016 -41.921 -299.397 2.004
96.196 42.285 -299.031 1.966
61.707 -99.764 -299.816 2.108
-14.668 -78.090 -299.381 2.173
-40.509 -28.152 -299.081 2.001
-75.499 -34.480 -299.276 2.141
54.777 19.038 -299.822 2.121
-94.228 99.105 -299.670 2.177
-19.233 -69.562 -299.590 2.172
35.149 -96.715 -299.958 2.213
-69.402 -19.633 -299.204 1.907
-42.826 0.420 -299.347 1.986
-56.377 -5.172 -299.838 1.822
-22.661 -41.875 -299.718 2.041
36.099 83.582 -299.547 2.002
-43.479 99.246 -299.564 2.083
46.165 -40.951 -299.232 2.083
39.766 85.823 -299.114 1.961
91.726 68.865 -299.969 1.839
-68.590 7.745 -299.335 2.095
87.021 31.159 -299.781 2.000
-62.582 -79.079 -299.972 2.075
57.514 13.724 -299.757 2.012
62.170 72.905 -299.776 1.997
13.785 -50.152 -299.451 1.930
21.350 55.694 -299.310 2.135
-83.597 -74.057 -299.511 2.066
-42.178 -96.239 -299.210 2.078
-8.124 20.944 -299.208 2.005
-91.005 79.119 -299.573 1.874
69.577 -77.415 -299.309 1.939
55.891 19.133 -299.664 1.868
-99.389 -10.594 -299.267 2.049
62.465 21.437 -299.020 2.005
42.699 60.594 -299.926 2.057
92.545 48.749 -299.317 2.017
33.291 -89.650 -299.460 1.799
82.197 78.509 -299.526 2.107
-4.794 -63.430 -299.809 1.973
-95.268 74.529 -299.645 2.095
40.630 -60.217 -299.988 2.006
-93.539 26.577 -299.369 1.949
16.795 -23.840 -299.697 1.940
88.068 16.807 -299.137 2.010
5.158 -98.665 -299.325 2.042
-63.256 -21.476 -299.831 2.126
-48.266 78.159 -299.511 2.070
33.315 62.770 -299.130 1.915
47.834 64.732 -299.696 2.121
-55.971 36.795 -299.995 2.026
-82.944 -9.772 -299.812 1.930
-35.514 -56.291 -299.707 2.047
-84.909 -47.780 -299.727 1.905
-93.033 72.720 -299.577 1.922
76.807 -48.561 -299.218 2.183
-13.472 -18.509 -299.162 1.911
28.729 -12.257 -299.442 2.036
-86.894 -89.247 -299.445 1.929
27.033 77.497 -299.894 1.859
-80.933 -67.968 -299.481 2.000
-11.442 -5.322 -299.932 1.875
49.994 -10.005 -299.737 1.811
-5.095 29.211 -299.209 2.081
-33.265 -67.080 -299.933 2.132
42.010 -67.876 -299.932 2.035
47.286 -89.019 -299.236 2.097
-45.625 56.945 -299.779 1.957
-15.736 -33.835 -299.092 2.213
61.031 -32.306 -299.538 2.123
-25.968 12.605 -299.571 2.017
-76.068 -70.866 -299.707 2.131
-70.671 -50.292 -299.355 1.962
6.338 81.863 -299.116 2.179
-6.168 73.405 -299.672 1.795
74.809 11.610 -299.809 2.001
-58.295 35.149 -299.333 2.148
-69.787 -24.295 -299.341 2.083
18.722 -51.399 -299.366 2.083
-49.660 -77.638 -299.157 1.985
88.808 84.931 -299.739 1.887
-66.014 -61.209 -299.187 2.020
-72.742 -93.638 -299.545 1.977
