-35.308 -60.361 -299.008 1.964
65.492 55.216 -299.838 2.091
-8.935 -14.612 -299.674 1.905
34.348 -21.154 -299.626 1.947
23.939 58.001 -299.099 1.884
-24.838 -73.364 -299.888 1.937
-79.285 59.843 -299.409 2.210
19.927 -2.650 -299.205 2.058
-41.862 -55.256 -299.391 2.185
-79.181 71.195 -299.151 2.101
87.238 -14.457 -299.778 2.051
-6.667 73.162 -299.099 1.880
5.923 47.566 -299.109 1.865
13.962 32.217 -299.817 1.976
-72.197 44.325 -299.108 2.040
-9.976 8.652 -299.885 1.968
-99.662 89.625 -299.455 1.979
-73.231 28.901 -299.921 1.956
-66.251 14.963 -299.918 1.851
-0.244 94.299 -299.414 2.073
-46.713 -97.520 -299.121 1.827
85.928 69.319 -299.873 1.987
-54.390 -9.352 -299.001 1.859
39.588 -22.443 -299.169 1.829
26.651 -81.935 -299.339 2.017
-38.746 29.182 -299.377 2.174
-17.241 63.217 -299.922 1.922
-94.834 -58.049 -299.261 1.991
52.069 -22.847 -299.321 2.005
60.913 83.521 -299.441 1.910
64.682 85.861 -299.926 1.975
-87.390 -15.389 -299.396 1.934
-82.082 -14.642 -299.156 2.148
-94.063 -61.594 -299.272 1.898
52.431 55.476 -299.165 2.036
-16.658 95.637 -299.634 2.048
58.714 78.878 -299.582 2.111
88.083 -35.095 -299.368 1.961
12.701 64.857 -299.075 1.940
2.194 31.781 -299.307 1.966
-85.409 16.650 -299.065 1.881
-95.108 81.733 -299.702 1.899
4.281 -18.625 -299.804 2.028
-27.512 -56.358 -299.001 1.963
-40.492 -89.668 -299.927 1.925
-90.822 87.110 -299.268 1.934
-7.576 -61.989 -299.502 2.063
93.471 -99.009 -299.875 1.939
-14.530 -66.665 -299.791 2.122
39.585 18.258 -299.810 2.057
98.113 -4.607 -299.757 1.941
-89.447 84.763 -299.517 1.858
64.412 72.713 -299.733 2.161
-2.076 47.554 -299.455 2.173
-28.013 -46.771 -299.516 2.087
-54.405 -65.939 -299.517 2.077
-12.852 14.775 -299.080 1.943
74.277 29.779 -299.455 1.983
13.568 -91.448 -299.226 1.945
45.385 31.790 -299.403 2.025
7.587 19.352 -299.639 1.858
-31.134 -89.151 -299.082 2.015
-1.258 -67.387 -299.381 1.960
15.900 29.631 -299.779 1.898
-46.701 23.362 -299.170 2.047
-9.463 -28.795 -299.048 2.047
34.722 45.343 -299.974 1.974
-93.389 -76.517 -299.018 2.170
-38.486 41.017 -299.842 1.939
16.833 -32.091 -299.768 2.060
46.216 5.421 -299.684 1.987
4.117 3.208 -299.310 2.121
-46.690 -59.273 -299.789 2.058
25.505 5.017 -299.040 2.047
76.288 -30.734 -299.358 1.976
9.294 59.676 -299.170 2.024
95.661 71.077 -299.269 1.991
30.700 69.205 -299.465 2.098
-1.948 -47.749 -299.404 2.034
50.003 31.666 -299.483 1.961
-98.470 -97.209 -299.829 1.972
62.087 98.525 -299.478 2.214
-55.049 -53.178 -299.296 1.868
-80.903 11.582 -299.798 1.817
-64.053 18.107 -299.546 2.047
26.679 48.867 -299.957 1.972
-95.371 -8.353 -299.815 2.086
-18.198 -49.050 -299.197 1.877
-57.291 24.653 -299.476 1.987
89.715 -95.156 -299.666 2.085
94.635 63.008 -299.157 1.906
37.629 62.938 -299.674 2.132
-96.479 -91.559 -299.540 1.787
-45.169 -75.926 -299.435 2.080
-57.290 24.063 -299.271 1.824
-1.489 -27.859 -299.325 1.797
60.732 -57.977 -299.873 1.998
-64.339 -90.002 -299.314 2.027
55.856 81.229 -299.424 1.876
-50.805 13.755 -299.804 2.060
