-72.160 -54.363 -299.162 2.154
77.463 11.353 -299.760 1.977
54.290 87.280 -299.632 1.993
-95.889 52.086 -299.108 1.996
-66.623 20.184 -299.072 1.889
-46.164 21.517 -299.432 2.063
-98.962 -5.510 -299.990 2.068
-50.798 44.541 -299.062 2.025
57.951 23.410 -299.287 1.983
83.735 -39.758 -299.338 1.960
97.101 -16.562 -299.715 2.007
65.878 -62.966 -299.765 2.039
57.239 91.647 -299.035 2.092
25.280 -54.738 -299.307 1.989
35.774 -91.923 -299.171 1.877
99.340 67.481 -299.114 1.964
23.261 -34.234 -299.764 1.886
35.172 41.748 -299.884 2.038
61.498 -28.134 -299.505 2.040
-83.380 -3.920 -299.135 2.162
71.302 99.289 -299.364 2.007
-77.995 45.470 -299.561 1.871
73.079 -82.858 -299.211 2.079
-60.559 0.742 -299.833 2.026
11.009 0.985 -299.842 2.135
-29.532 -5.374 -299.300 2.067
44.984 93.468 -299.249 2.070
-79.076 -29.773 -299.961 1.921
33.031 59.591 -299.251 1.991
15.272 37.684 -299.623 2.272
-18.575 70.700 -299.786 1.832
71.752 -67.535 -299.340 2.185
-83.887 -3.051 -299.670 2.069
10.738 -14.935 -299.866 1.877
68.260 32.361 -299.958 2.018
-55.312 -45.404 -299.127 2.001
-18.220 3.790 -299.089 2.026
6.481 58.027 -299.262 1.880
-99.022 -21.561 -299.204 2.080
11.927 -70.369 -299.489 2.094
32.097 10.583 -299.544 2.065
-5.047 27.381 -299.815 1.944
7.026 -7.919 -299.039 1.999
76.660 93.077 -299.162 2.129
-43.333 -63.613 -299.455 1.969
39.033 -34.903 -299.652 1.944
-7.897 15.859 -299.057 2.139
73.658 21.447 -299.549 2.166
-4.624 86.471 -299.117 1.845
-39.060 -71.547 -299.514 1.887
-1.523 28.921 -299.244 1.903
59.163 60.162 -299.841 2.001
-97.715 -73.583 -299.465 2.123
35.199 -16.592 -299.470 2.143
-29.523 56.324 -299.887 2.165
80.952 -27.021 -299.665 2.194
94.353 -8.443 -299.918 2.027
-59.050 81.591 -299.607 1.833
-78.698 -67.742 -299.029 1.779
79.086 6.485 -299.303 2.040
45.672 18.375 -299.658 2.018
-98.826 77.871 -299.240 1.942
96.001 -9.925 -299.101 1.908
16.810 -7.775 -299.409 2.172
92.967 -17.454 -299.070 1.953
59.222 -65.241 -299.989 2.031
-38.850 70.637 -299.446 1.919
-59.735 -20.977 -299.048 1.956
25.749 -81.332 -299.241 2.168
-51.915 4.692 -299.120 2.040
-92.663 -15.552 -299.899 1.972
6.826 -51.991 -299.841 1.979
-46.840 -42.635 -299.985 1.982
17.633 -93.373 -299.211 1.989
93.286 4.145 -299.132 2.059
99.702 -28.820 -299.335 1.962
-19.265 44.318 -299.006 2.100
27.805 -85.493 -299.477 1.974
-72.297 94.404 -299.679 2.201
-34.923 85.542 -299.715 1.819
-98.718 43.844 -299.164 2.073
-59.658 37.816 -299.578 2.107
-90.948 -37.709 -299.748 2.128
-34.343 81.884 -299.526 1.924
-96.011 -79.102 -299.399 1.956
79.023 -45.287 -299.379 1.942
-58.902 -82.187 -299.364 1.929
1.974 -21.097 -299.559 2.006
58.129 0.587 -299.312 2.006
-78.221 -67.898 -299.190 2.042
18.118 -28.919 -299.255 1.806
69.413 -57.356 -299.789 1.923
78.692 -15.706 -299.272 1.745
15.827 78.895 -299.156 2.140
-48.349 -40.351 -299.038 2.066
-36.506 20.039 -299.811 2.033
88.960 -26.665 -299.740 2.128
88.765 -80.713 -299.552 2.085
48.055 -90.903 -299.177 2.016
-39.171 -51.486 -299.442 2.012
