-59.086 42.063 -299.837 2.006
33.184 93.914 -299.593 1.857
78.642 31.730 -299.354 1.867
28.346 46.490 -299.727 1.744
-74.527 87.770 -299.979 1.818
-98.050 74.426 -299.513 2.027
-52.917 27.729 -299.281 2.033
-53.846 76.010 -299.717 2.088
-10.559 -5.698 -299.885 2.005
-63.557 -42.586 -299.648 1.770
-32.296 48.748 -299.036 2.061
37.541 -13.367 -299.301 1.969
34.934 -40.292 -299.440 2.034
-86.903 -57.376 -299.865 2.000
47.304 85.324 -299.262 2.007
-45.364 83.599 -299.878 1.873
75.660 -91.708 -299.289 1.791
3.858 -62.171 -299.802 2.055
92.372 65.680 -299.007 1.884
-95.551 18.710 -299.666 1.911
75.748 36.937 -299.798 2.092
22.720 -60.774 -299.725 2.135
95.522 26.223 -299.873 1.989
77.964 -43.382 -299.645 2.019
-94.074 38.877 -299.557 1.999
-94.669 -79.221 -299.451 2.010
-73.850 62.240 -299.777 1.959
36.288 1.388 -299.223 1.989
-2.140 -91.124 -299.606 2.038
-91.943 -14.700 -299.330 1.940
66.869 52.265 -299.944 1.912
-86.820 -31.476 -299.332 2.014
-10.617 76.349 -299.885 1.943
90.573 67.083 -299.026 2.105
53.300 -28.233 -299.643 2.178
1.552 83.196 -299.136 2.079
-53.513 12.439 -299.413 1.929
-34.459 -27.624 -299.667 1.984
-19.224 -53.190 -299.860 2.132
-18.251 74.888 -299.711 1.889
69.203 5.932 -299.433 1.946
30.428 -57.467 -299.989 1.903
74.662 93.804 -299.648 2.051
60.701 96.717 -299.895 2.067
-91.101 77.084 -299.726 2.066
-84.349 68.635 -299.518 2.082
-99.380 -33.044 -299.646 2.044
45.161 -64.302 -299.137 2.136
37.918 -10.083 -299.172 2.048
-74.198 72.865 -299.176 2.061
59.634 -64.699 -299.613 2.096
-16.342 77.163 -299.386 2.082
-13.766 -85.412 -299.595 2.097
52.550 -12.578 -299.645 1.922
-2.275 92.392 -299.910 1.826
57.891 40.869 -299.507 2.091
71.624 -52.096 -299.088 2.073
63.439 -89.665 -299.139 2.156
11.949 97.153 -299.046 2.239
-84.106 18.248 -299.653 1.975
43.453 -56.819 -299.923 1.957
-98.501 77.681 -299.780 1.912
91.644 6.788 -299.957 1.979
-1.588 -54.518 -299.400 1.966
64.614 -49.978 -299.692 2.207
25.900 -89.540 -299.074 1.909
67.300 -30.433 -299.318 2.076
50.282 -9.227 -299.567 1.807
4.459 46.282 -299.611 1.863
-47.435 -42.198 -299.042 2.037
84.598 35.876 -299.982 2.150
22.568 -0.084 -299.387 2.137
56.244 -21.150 -299.958 2.056
-14.321 -32.905 -299.744 1.930
-65.599 -18.316 -299.394 1.893
-17.589 29.162 -299.943 2.038
50.409 32.988 -299.433 1.986
39.988 -93.612 -299.745 1.889
25.639 34.001 -299.647 1.956
39.436 -40.845 -299.725 2.002
90.771 -26.040 -299.307 2.047
-49.676 -13.261 -299.682 1.995
67.491 18.318 -299.692 2.143
-1.022 -59.157 -299.153 2.025
36.121 49.430 -299.841 1.980
-9.742 57.634 -299.487 2.032
-38.631 52.613 -299.857 2.032
-99.644 -17.248 -299.673 2.039
-19.744 -78.348 -299.563 2.080
-57.357 -74.889 -299.780 1.921
-87.955 13.655 -299.214 2.088
79.185 -50.777 -299.131 2.070
18.050 97.381 -299.642 2.057
-98.232 -74.763 -299.055 2.013
-38.523 66.154 -299.517 1.895
-69.055 31.991 -299.416 2.020
-45.363 -56.557 -299.619 1.988
12.279 -34.482 -299.731 1.907
56.637 -12.116 -299.753 2.020
43.561 8.908 -299.030 2.111
