24.028 -79.701 -299.216 2.104
-36.378 -8.941 -299.133 1.986
-35.378 55.456 -299.916 1.960
-91.122 -71.029 -299.918 1.911
-90.413 5.794 -299.657 1.902
96.129 7.593 -299.334 1.960
-62.228 -94.913 -299.932 1.962
14.746 -93.878 -299.130 2.005
87.100 0.211 -299.006 2.061
70.259 6.636 -299.523 2.015
20.514 -39.242 -299.719 1.909
-75.051 -96.126 -299.776 2.028
17.693 73.023 -299.559 1.744
-30.616 -18.758 -299.433 1.961
97.849 -47.335 -299.655 2.063
73.884 -51.090 -299.350 2.009
-49.462 -14.056 -299.888 2.088
85.228 32.784 -299.682 1.944
99.976 73.703 -299.990 2.094
-45.248 77.673 -299.839 1.913
-17.469 -98.171 -299.725 2.025
-40.239 -14.759 -299.701 2.119
74.512 36.845 -299.202 2.026
69.488 81.360 -299.291 2.113
3.481 -69.533 -299.883 2.129
5.914 -9.617 -299.046 2.024
-60.236 26.786 -299.720 1.917
64.810 10.434 -299.191 1.995
-17.261 44.405 -299.800 2.019
39.762 -55.143 -299.040 1.902
-1.179 -83.437 -299.469 2.014
53.760 43.079 -299.095 2.011
32.817 -59.559 -299.402 2.188
79.959 -97.408 -299.886 2.039
71.609 -59.881 -299.545 2.127
-77.594 72.748 -299.035 1.986
43.593 -95.067 -299.896 1.990
11.446 25.225 -299.091 2.017
16.664 73.853 -299.571 2.085
-71.123 -21.123 -299.473 1.825
30.169 74.876 -299.821 2.145
-37.817 55.048 -299.355 2.024
-57.235 19.399 -299.682 2.027
-71.130 -13.930 -299.417 1.944
-69.035 61.340 -299.109 1.969
-8.461 -0.082 -299.869 2.077
75.364 8.609 -299.717 2.056
-88.414 50.630 -299.980 2.084
-28.195 -44.850 -299.338 2.083
-13.176 35.299 -299.338 1.999
82.623 -91.176 -299.324 2.242
-21.898 74.699 -299.788 2.064
5.886 78.375 -299.818 2.166
-96.295 37.776 -299.241 2.055
64.108 77.796 -299.745 1.972
94.948 -64.741 -299.021 1.811
88.524 -86.583 -299.120 2.016
28.750 -54.210 -299.726 2.002
93.134 64.732 -299.718 2.001
87.537 18.704 -299.518 1.777
99.113 -78.464 -299.504 2.155
-19.327 -67.448 -299.725 2.072
29.943 47.361 -299.200 1.936
66.357 76.455 -299.679 1.973
52.074 -93.812 -299.210 2.089
91.074 -27.902 -299.530 1.981
52.785 -78.642 -299.988 2.010
6.491 -62.791 -299.288 2.006
-96.408 -3.706 -299.356 2.067
-82.486 36.788 -299.677 1.997
-24.912 -67.004 -299.105 1.963
-0.119 -32.670 -299.900 1.847
24.757 23.947 -299.555 1.958
-4.906 80.331 -299.313 2.119
93.145 -61.940 -299.914 2.053
94.405 75.780 -299.158 1.968
-69.717 46.195 -299.763 2.132
68.892 -81.076 -299.183 1.946
97.446 -75.219 -299.653 1.966
-99.707 -0.426 -299.641 2.092
12.159 72.152 -299.438 2.047
86.336 31.366 -299.685 2.142
78.585 65.353 -299.881 2.020
-84.925 -34.958 -299.876 2.043
-41.099 21.228 -299.495 1.940
-49.202 -15.803 -299.368 1.865
-36.573 -8.709 -299.236 1.918
84.495 14.784 -299.616 2.200
88.932 41.967 -299.415 2.162
10.829 -12.913 -299.307 2.087
71.566 59.145 -299.684 1.956
36.509 -84.030 -299.945 2.141
44.174 -11.518 -299.653 2.104
-20.357 77.988 -299.922 1.877
-95.153 -54.011 -299.548 1.938
-72.370 -42.366 -299.937 1.839
42.372 15.986 -299.779 1.968
31.541 83.429 -299.917 1.893
-80.288 92.351 -299.015 1.986
-56.919 69.681 -299.388 1.877
