95.549 -27.565 -299.346 2.095
-36.821 7.918 -299.117 2.005
-11.856 -36.575 -299.688 2.068
-35.725 -14.213 -299.176 1.970
-48.196 49.963 -299.608 2.048
47.599 -17.049 -299.494 1.862
-78.763 -99.183 -299.172 1.918
-2.646 50.710 -299.877 2.016
-99.146 38.625 -299.872 2.147
87.506 -77.009 -299.101 2.210
-5.813 -65.278 -299.999 1.859
-19.434 84.666 -299.482 2.079
-35.311 43.645 -299.219 2.202
-92.539 42.275 -299.942 1.963
30.844 -20.024 -299.594 1.944
-45.527 -40.239 -299.845 2.134
81.728 7.417 -299.667 2.010
85.196 0.242 -299.358 2.008
-53.969 65.851 -299.792 2.265
53.078 39.409 -299.977 2.109
22.020 38.591 -299.912 2.032
-51.979 45.768 -299.494 2.196
78.560 21.282 -299.136 1.951
-33.996 -42.630 -299.762 1.885
-71.466 8.999 -299.273 2.089
-60.104 -43.119 -299.008 2.109
33.534 92.867 -299.456 1.924
-45.554 -87.014 -299.276 1.842
-72.288 -68.251 -299.342 1.817
14.074 -55.656 -299.607 1.982
-82.543 -38.297 -299.479 1.914
-27.671 -28.796 -299.096 1.950
-74.652 -33.926 -299.173 2.160
64.475 -42.791 -299.726 1.898
45.484 -77.448 -299.033 1.923
37.482 -68.722 -299.909 2.065
-69.845 -63.643 -299.239 1.856
58.698 -17.312 -299.024 1.898
-38.553 -90.696 -299.664 2.055
33.485 -41.972 -299.167 1.976
53.131 98.721 -299.982 1.974
-56.739 26.404 -299.386 1.955
64.919 57.963 -299.271 2.034
77.157 -98.131 -299.036 1.952
-88.561 14.132 -299.350 2.053
-58.317 63.207 -299.972 1.899
-9.397 22.920 -299.858 1.978
79.674 28.730 -299.775 1.944
-69.894 -52.139 -299.930 1.951
56.605 65.749 -299.405 1.872
-1.462 50.725 -299.781 1.940
-58.732 -99.610 -299.190 1.953
73.398 -66.098 -299.609 2.187
58.516 24.202 -299.459 2.004
97.104 61.937 -299.376 1.948
80.882 -81.954 -299.687 2.069
49.903 -98.732 -299.774 1.825
-49.627 72.917 -299.385 2.022
-39.647 89.377 -299.134 1.865
-60.029 44.917 -299.026 2.202
41.062 -10.932 -299.587 1.822
45.294 32.379 -299.927 2.003
24.563 -49.362 -299.609 1.943
1.463 -80.851 -299.769 1.927
20.117 48.835 -299.205 1.949
-15.228 -69.123 -299.977 2.226
-55.601 -65.972 -299.377 2.064
-11.444 49.927 -299.334 1.916
44.204 -38.745 -299.837 1.865
-19.970 -49.544 -299.973 1.894
-94.973 -57.981 -299.848 1.941
79.175 -82.379 -299.046 2.137
-77.779 -18.068 -299.977 2.033
-4.927 28.548 -299.552 2.175
-98.940 -35.055 -299.963 2.044
27.597 -75.859 -299.360 2.083
-71.837 85.776 -299.638 1.737
-10.326 -16.725 -299.362 2.056
37.803 -41.215 -299.793 2.203
-86.819 -63.326 -299.395 1.908
20.960 -42.793 -299.495 1.970
23.951 21.840 -299.094 2.085
21.214 67.789 -299.087 2.097
50.841 -40.267 -299.283 2.122
80.192 -5.334 -299.149 1.992
-56.554 -49.027 -299.037 1.888
35.222 60.957 -299.244 1.906
-15.193 -1.927 -299.782 1.907
-47.062 -65.992 -299.179 1.872
59.697 -22.367 -299.409 2.017
69.956 81.920 -299.217 1.973
-65.948 -16.663 -299.885 1.869
81.890 -85.940 -299.488 1.941
38.142 -35.003 -299.814 1.952
0.845 -33.282 -299.228 2.030
23.032 19.279 -299.777 2.074
54.252 -6.902 -299.912 2.169
-37.815 -67.162 -299.602 2.052
-50.226 -86.982 -299.481 1.888
-9.626 81.256 -299.595 1.901
