-14.873 -98.420 -299.318 1.911
-36.769 53.046 -299.177 2.054
-54.902 5.012 -299.810 1.903
87.482 68.038 -299.289 2.037
-44.708 59.078 -299.444 2.137
50.946 62.114 -299.760 1.897
96.054 -90.770 -299.548 2.040
-28.652 -98.354 -299.880 2.005
-50.518 -31.729 -299.530 2.016
-96.772 68.980 -299.152 2.034
-65.003 9.632 -299.449 1.807
6.816 93.138 -299.131 1.865
-90.659 -81.178 -299.568 1.979
-10.770 -33.774 -299.551 1.943
-90.449 -29.443 -299.409 1.905
32.436 -49.315 -299.301 1.839
-48.989 -76.642 -299.073 2.133
-34.271 -46.167 -299.607 2.020
-41.348 7.845 -299.508 2.004
-20.328 15.812 -299.844 2.019
86.378 78.386 -299.865 2.024
-87.248 32.394 -299.220 2.046
-65.532 41.866 -299.519 1.990
76.782 -25.777 -299.728 2.152
76.076 -27.085 -299.254 1.907
81.471 10.592 -299.676 1.924
39.179 -77.527 -299.097 1.977
-12.837 30.389 -299.461 2.027
7.021 -63.751 -299.210 1.807
0.978 64.732 -299.393 2.018
-5.854 50.870 -299.279 2.022
40.117 4.655 -299.401 2.056
52.472 59.091 -299.197 2.037
-0.872 99.681 -299.553 2.012
-91.366 -74.218 -299.861 2.024
94.676 63.992 -299.514 1.834
-47.951 -79.279 -299.969 1.975
78.110 33.103 -299.328 1.997
-43.193 93.374 -299.224 2.049
-51.170 -17.502 -299.150 1.921
77.917 -73.771 -299.210 1.962
-99.687 43.317 -299.913 1.992
-73.740 89.730 -299.713 1.921
-24.591 67.657 -299.924 1.989
-66.038 -52.978 -299.376 1.976
60.990 81.543 -299.789 2.096
-78.177 68.091 -299.849 2.017
40.957 -82.987 -299.863 2.038
3.850 -15.316 -299.709 1.934
50.957 6.750 -299.582 1.963
-24.706 -13.012 -299.448 2.068
12.719 -98.752 -299.306 1.953
29.687 58.905 -299.269 2.089
-34.007 82.375 -299.056 2.141
-11.491 -4.405 -299.368 2.172
13.542 14.431 -299.398 2.226
14.022 -77.230 -299.490 2.028
-30.539 -58.674 -299.543 1.853
29.372 -4.635 -299.366 2.026
-45.455 81.541 -299.418 1.887
25.260 -72.780 -299.319 1.837
90.292 -67.169 -299.968 2.008
-22.420 -0.511 -299.747 1.914
78.774 28.783 -299.072 2.117
6.520 58.157 -299.161 1.995
-79.671 -30.445 -299.568 1.978
-11.860 88.322 -299.634 2.001
7.199 -35.132 -299.179 2.119
-50.171 -58.101 -299.630 2.091
65.266 -24.983 -299.410 1.918
-61.769 71.374 -299.156 2.131
-82.863 91.954 -299.727 2.183
-59.420 81.918 -299.175 2.095
-81.330 -9.096 -299.261 1.989
37.897 -54.509 -299.621 1.965
12.541 -30.190 -299.289 2.012
83.986 -6.704 -299.401 1.925
-0.454 -83.493 -299.459 2.002
-2.736 -34.146 -299.851 2.079
-18.692 -48.194 -299.732 1.699
-52.237 69.338 -299.178 1.991
-99.565 -67.254 -299.197 2.150
19.208 -62.013 -299.665 2.139
-36.182 -57.041 -299.554 2.046
-86.072 -29.756 -299.458 1.898
7.198 -19.268 -299.325 1.919
16.696 25.971 -299.475 1.993
-94.968 -29.080 -299.572 1.936
-49.012 -2.824 -299.507 2.078
-10.078 27.041 -299.850 1.984
11.327 -78.273 -299.906 1.937
-65.301 -95.785 -299.669 2.063
-31.425 57.831 -299.758 2.004
59.864 -96.798 -299.809 1.931
68.814 88.293 -299.409 2.084
61.438 -29.298 -299.581 2.047
79.984 78.574 -299.408 2.165
16.234 29.305 -299.570 2.100
-34.619 -21.572 -299.147 1.762
-96.797 -73.609 -299.347 2.060
