-37.433 -66.967 -299.190 1.968
55.240 -8.461 -299.880 2.050
58.973 3.568 -299.127 1.789
5.599 -4.669 -299.915 1.929
-93.805 -40.231 -299.538 2.037
-19.591 -18.447 -299.411 1.963
6.524 -6.799 -299.079 2.197
2.788 37.819 -299.599 2.031
25.849 -27.258 -299.897 2.092
-13.566 78.401 -299.527 1.825
13.548 59.675 -299.347 1.940
-12.441 -73.065 -299.901 2.088
16.917 -87.809 -299.022 2.165
-37.259 -95.208 -299.108 2.104
-18.437 -46.344 -299.630 2.083
-63.306 34.908 -299.371 2.000
78.498 95.141 -299.094 1.938
-32.381 82.896 -299.224 2.138
36.255 -41.177 -299.165 1.965
-43.335 43.151 -299.922 1.921
-74.470 -24.216 -299.773 2.035
80.943 -23.028 -299.633 1.935
-63.934 -79.060 -299.674 2.020
-96.129 -65.120 -299.913 1.868
-40.608 68.666 -299.969 1.840
-6.104 82.408 -299.498 1.892
-44.981 -38.365 -299.123 2.028
-46.316 82.377 -299.322 1.980
-40.219 -65.595 -299.254 2.020
38.122 -73.381 -299.919 2.064
-63.599 40.839 -299.023 2.023
6.804 -19.073 -299.625 2.028
-81.456 -78.332 -299.330 1.918
99.609 -27.305 -299.658 1.984
-12.903 50.256 -299.394 2.072
65.093 -29.387 -299.945 2.157
38.471 60.178 -299.695 1.955
-35.910 81.195 -299.355 2.001
-18.479 97.795 -299.069 2.022
56.329 82.360 -299.113 2.100
3.898 80.011 -299.589 2.120
-76.560 87.397 -299.909 2.198
92.130 -91.088 -299.737 1.776
88.172 -3.767 -299.718 1.909
-33.061 69.834 -299.538 2.179
16.336 70.654 -299.497 2.105
-1.205 2.991 -299.100 1.938
92.462 -25.937 -299.138 2.033
-85.954 47.740 -299.340 1.882
63.514 -72.403 -299.851 1.995
58.873 -43.736 -299.685 2.002
-85.640 -60.458 -299.513 1.954
86.988 -64.968 -299.322 1.955
21.668 62.139 -299.206 1.857
87.683 -55.573 -299.710 2.093
-11.129 1.559 -299.070 2.189
84.997 -67.589 -299.140 2.039
-81.185 -61.161 -299.204 1.957
92.270 -90.921 -299.030 1.945
67.294 -63.013 -299.165 1.945
27.480 34.481 -299.023 1.963
93.540 -75.211 -299.236 1.986
11.798 -83.677 -299.374 2.169
28.596 -62.150 -299.891 1.972
70.892 64.451 -299.642 1.924
76.014 -11.764 -299.316 2.093
22.731 12.105 -299.464 1.936
26.174 -68.300 -299.238 1.996
-49.020 -63.194 -299.181 2.065
-82.533 16.804 -299.846 1.965
12.112 -57.999 -299.316 2.058
48.935 -11.967 -299.810 1.912
45.318 20.501 -299.051 2.075
-20.488 0.522 -299.763 2.064
-4.652 -31.702 -299.984 2.156
-57.861 4.011 -299.972 1.995
-70.711 -80.599 -299.251 2.059
-43.212 12.916 -299.564 1.917
20.803 86.447 -299.093 1.835
-88.363 98.379 -299.753 1.986
-13.554 -11.711 -299.065 2.012
47.302 7.054 -299.725 2.064
-0.183 -36.217 -299.546 1.918
95.350 60.689 -299.763 2.094
51.550 45.120 -299.181 1.960
54.710 51.015 -299.824 2.052
45.499 -7.783 -299.896 2.065
-44.668 -66.391 -299.344 2.009
94.445 -46.436 -299.388 2.194
-43.035 21.124 -299.088 2.129
-33.113 -27.914 -299.491 2.053
-20.964 10.659 -299.743 2.053
70.939 88.655 -299.798 1.887
-34.179 -10.063 -299.408 1.896
-39.151 -68.870 -299.989 1.863
-92.252 -93.032 -299.902 2.285
-67.332 65.424 -299.490 1.761
39.099 70.783 -299.392 2.073
2.517 85.102 -299.902 2.035
29.111 30.636 -299.406 1.894
