-6.275 -86.251 -299.729 1.955
-33.048 -36.295 -299.576 1.989
-78.916 17.443 -299.899 2.042
11.876 2.580 -299.844 2.128
12.185 -72.177 -299.041 1.993
-61.606 84.091 -299.400 2.055
-80.051 -6.805 -299.056 1.826
26.079 94.466 -299.812 2.029
-16.541 -29.763 -299.247 2.101
-25.965 61.116 -299.112 1.950
-48.949 98.285 -299.378 1.890
-9.710 23.086 -299.394 1.958
-30.613 -2.349 -299.186 1.878
41.883 -3.441 -299.199 1.853
47.231 -53.435 -299.219 1.935
-53.390 19.806 -299.548 2.056
90.908 91.804 -299.458 1.760
92.550 -86.416 -299.689 2.175
65.752 -80.580 -299.459 2.096
3.816 30.399 -299.519 1.906
-15.976 -7.502 -299.523 2.053
-95.420 -42.236 -299.413 1.947
-22.018 31.678 -299.274 2.066
52.000 -32.027 -299.590 2.026
91.790 -48.293 -299.664 2.086
74.234 39.315 -299.747 2.130
-87.304 41.040 -299.080 1.977
71.544 4.717 -299.354 1.979
-86.750 -33.206 -299.243 2.102
-17.761 -42.760 -299.963 1.883
67.504 25.161 -299.607 1.991
-53.630 19.915 -299.387 1.911
-89.708 -23.462 -299.997 2.033
79.954 42.960 -299.571 1.927
7.045 -19.045 -299.765 1.905
20.650 -86.210 -299.815 2.081
78.827 64.523 -299.925 1.977
56.805 -34.659 -299.058 1.818
37.141 75.547 -299.519 1.885
-1.707 37.503 -299.141 2.158
4.730 69.558 -299.972 1.958
-45.976 -97.046 -299.346 2.038
-56.059 25.708 -299.714 2.095
15.846 51.978 -299.179 2.048
47.671 27.042 -299.428 2.108
-29.714 -91.289 -299.963 1.943
-6.052 95.048 -299.229 2.006
-2.598 -13.447 -299.890 2.019
-11.501 -18.470 -299.419 2.100
-51.899 -44.587 -299.241 1.845
77.679 87.245 -299.250 2.002
46.780 -12.040 -299.291 1.964
-99.092 -42.992 -299.593 2.082
19.249 -26.621 -299.500 2.033
85.526 78.822 -299.774 2.105
-96.163 63.764 -299.796 2.035
-11.693 -60.056 -299.810 1.992
45.634 0.459 -299.538 2.047
-19.647 -3.221 -299.568 2.066
-45.428 -66.766 -299.086 2.125
-69.380 -49.633 -299.221 2.212
42.157 -53.004 -299.909 1.895
-45.237 -79.188 -299.301 1.959
56.310 18.895 -299.024 2.030
-53.315 46.583 -299.903 2.001
29.411 -62.327 -299.810 2.067
29.516 -88.597 -299.530 2.089
-16.671 -45.583 -299.648 1.924
-60.442 6.818 -299.290 2.035
77.946 -28.182 -299.127 2.052
-6.132 -45.874 -299.273 2.017
-43.932 -59.630 -299.736 2.059
-67.651 -12.325 -299.363 2.042
-94.331 46.121 -299.004 1.900
2.076 19.283 -299.772 2.005
-76.200 80.866 -299.265 2.044
-81.555 -85.481 -299.074 1.972
-69.778 -53.137 -299.616 1.943
-11.860 -6.607 -299.933 1.842
99.829 -69.368 -299.638 2.234
-36.407 70.647 -299.961 2.222
56.578 -98.289 -299.747 2.039
-13.534 37.515 -299.071 1.999
-33.445 3.564 -299.048 1.960
52.190 50.317 -299.645 2.149
24.711 20.160 -299.361 2.240
-90.239 -53.052 -299.122 1.896
13.449 24.588 -299.412 1.996
-55.395 -32.240 -299.654 1.982
-76.342 25.661 -299.829 1.924
-29.119 -60.157 -299.965 2.033
-99.922 10.945 -299.630 2.078
32.515 66.462 -299.929 1.922
-88.831 -97.732 -299.729 2.130
89.511 -17.890 -299.132 1.859
15.630 17.064 -299.754 1.985
-47.022 45.115 -299.358 1.829
-0.922 91.972 -299.958 2.075
-73.287 -31.845 -299.576 2.003
-20.336 12.278 -299.801 1.964
