59.494 -11.931 -299.603 1.878
-28.944 -38.737 -299.328 2.112
-57.918 -21.786 -299.249 2.025
55.744 31.728 -299.584 1.866
-20.796 -79.800 -299.402 2.093
23.074 3.934 -299.144 2.106
-1.625 66.460 -299.463 1.906
-8.361 -98.002 -299.093 2.104
-96.145 -28.297 -299.735 1.947
-21.557 -26.586 -299.220 1.921
60.354 -89.918 -299.700 2.026
71.342 -74.234 -299.747 2.123
-8.547 -1.870 -299.768 2.018
73.399 54.149 -299.535 2.031
60.261 -41.077 -299.505 1.983
-18.224 -11.808 -299.955 1.946
22.532 -73.309 -299.055 2.066
85.541 -33.977 -299.221 2.099
-60.680 9.390 -299.542 1.988
-97.873 -6.433 -299.452 1.958
83.098 90.551 -299.355 1.879
-32.783 18.894 -299.214 2.027
65.605 -85.100 -299.337 2.186
9.408 94.977 -299.320 1.996
-91.913 91.610 -299.831 1.935
-78.593 67.272 -299.333 1.983
75.966 79.178 -299.710 2.074
-83.147 40.052 -299.021 1.986
44.959 82.933 -299.503 2.024
-25.634 22.222 -299.760 1.985
-38.113 55.548 -299.317 2.078
32.954 -56.098 -299.603 1.958
-78.991 -71.033 -299.274 2.043
20.468 -70.797 -299.955 2.068
68.387 46.280 -299.468 2.004
22.184 -64.496 -299.837 2.217
-76.972 -71.077 -299.748 2.013
-82.159 -77.289 -299.100 1.985
87.970 96.569 -299.444 2.090
-1.378 43.274 -299.406 1.922
-75.457 49.358 -299.083 2.117
46.866 -29.678 -299.726 1.880
-78.078 -2.583 -299.073 1.974
61.797 74.637 -299.187 1.991
-29.417 81.903 -299.244 1.932
-88.589 1.095 -299.173 1.897
-90.081 -54.070 -299.652 2.208
-74.876 -33.524 -299.114 2.066
95.876 94.745 -299.800 1.938
2.231 12.986 -299.096 1.933
-16.896 -13.383 -299.941 1.756
-36.652 41.274 -299.935 1.865
-76.025 35.402 -299.094 1.954
-9.937 35.889 -299.125 1.883
-58.256 -83.660 -299.597 1.891
-37.667 -6.247 -299.061 2.133
25.178 80.337 -299.945 1.860
-7.043 -62.293 -299.558 2.036
-3.941 -56.437 -299.949 2.055
-73.653 -16.022 -299.708 1.960
90.322 6.062 -299.528 1.853
-15.189 -38.379 -299.050 2.000
69.293 -82.439 -299.910 1.990
-81.596 82.282 -299.253 1.985
-87.962 -74.508 -299.650 2.082
82.890 -0.188 -299.860 1.792
85.878 -60.996 -299.168 1.976
21.273 29.839 -299.759 1.898
15.208 23.933 -299.064 2.081
88.587 -17.553 -299.696 1.927
-52.273 3.015 -299.756 1.869
-51.727 62.120 -299.039 1.991
-9.922 -98.554 -299.482 2.007
-41.209 34.259 -299.797 2.091
-55.675 -84.959 -299.636 2.159
-20.884 82.459 -299.422 2.004
-92.680 31.736 -299.773 1.983
57.613 -95.099 -299.589 2.043
-44.135 -63.633 -299.022 2.067
-38.263 62.965 -299.184 1.850
53.526 27.857 -299.807 1.958
-44.959 -61.831 -299.757 1.987
52.195 -65.105 -299.201 2.017
20.160 72.401 -299.343 2.101
-45.662 76.729 -299.979 1.870
-67.194 -67.931 -299.752 1.896
41.713 -55.336 -299.759 1.865
-53.152 88.411 -299.983 2.074
34.858 24.764 -299.098 2.046
-42.420 -19.491 -299.982 2.188
-37.890 0.929 -299.741 1.736
26.987 47.966 -299.066 2.167
-13.160 63.644 -299.877 2.021
-58.823 96.382 -299.293 2.129
46.384 66.938 -299.790 1.895
96.743 -94.921 -299.899 1.829
-3.345 -24.257 -299.045 2.082
22.608 20.456 -299.130 1.986
76.458 80.071 -299.616 2.111
55.753 18.208 -299.823 1.970
