78.525 -0.903 -55.398 2.153
45.512 -27.025 -23.317 1.887
64.358 20.301 177.486 1.851
56.518 -2.595 259.154 1.982
-40.996 -70.625 174.897 2.098
45.703 -92.878 163.467 2.008
53.513 -86.381 -163.130 2.017
1.577 -28.236 218.274 2.069
70.717 98.526 108.037 1.965
-15.578 -32.075 34.697 2.020
27.351 82.147 48.686 1.933
-19.719 7.515 -77.998 1.944
3.617 65.966 -148.742 1.877
37.967 34.322 -179.955 1.936
-39.837 38.682 121.391 2.082
-1.097 -46.620 -53.371 1.866
-49.055 -97.339 -109.263 1.962
24.548 -47.827 -90.550 2.085
43.169 95.524 -105.726 1.936
27.987 66.770 -304.062 1.806
-80.011 7.457 220.611 1.939
-7.887 -69.045 -47.330 2.098
-69.216 54.979 -158.671 1.945
-36.309 -35.754 -215.880 2.031
95.319 44.311 258.378 1.988
-12.340 98.890 139.930 2.055
-87.959 96.349 196.677 2.038
17.072 -84.521 -100.675 1.972
44.901 -70.971 261.529 2.112
27.542 -25.100 -238.872 2.020
52.601 -6.136 185.384 1.953
84.939 96.790 169.509 1.893
88.890 -62.807 27.848 2.001
83.386 15.165 -146.107 2.031
-60.367 -49.572 -265.576 1.813
5.036 -80.232 91.433 2.006
98.904 -62.463 -100.666 2.067
-21.622 -91.068 22.816 1.899
-25.312 91.366 -53.034 1.974
-48.456 79.891 -208.129 1.872
-17.327 22.618 -318.756 1.964
92.711 48.484 291.636 2.015
-99.443 -60.467 -333.075 2.089
28.549 -53.511 156.657 2.075
-60.846 83.883 -188.457 1.943
-83.587 71.951 280.202 1.949
44.396 -29.707 103.156 2.126
68.168 51.563 -209.148 2.005
95.556 99.862 -74.454 2.014
6.808 50.712 120.552 1.995
47.495 -68.314 -286.285 2.170
52.113 -59.590 -343.124 2.144
-60.942 -4.330 -398.839 2.111
63.341 24.236 -7.587 2.048
82.987 -82.840 -341.991 2.060
79.742 30.419 117.311 2.103
-45.496 43.830 -200.795 2.139
5.812 -85.390 -162.605 2.098
70.870 -42.237 226.787 1.975
-78.903 54.952 77.843 2.003
-69.026 74.055 27.975 1.884
-57.886 87.474 -297.322 1.994
71.636 51.016 17.984 2.194
4.026 46.140 -30.699 1.916
13.878 -90.703 262.671 2.173
24.403 15.614 -376.039 1.766
-39.282 -1.574 82.103 1.883
-51.200 -26.746 64.540 1.994
-33.228 -76.771 75.309 1.900
55.772 31.687 98.862 1.904
87.751 -84.176 -287.026 1.876
28.145 -36.175 -349.315 1.863
-85.910 -52.304 54.503 2.047
95.523 38.876 -230.677 1.869
-37.717 67.014 -230.177 1.965
-27.338 -40.828 -267.393 2.012
68.306 7.236 -303.733 1.932
-34.059 -64.349 98.017 2.006
35.699 -21.308 -93.350 1.977
-12.013 29.316 210.721 1.990
-57.551 -29.587 261.104 1.883
-89.099 -88.575 148.720 2.014
-89.099 -69.830 -195.090 2.133
73.921 -68.583 -64.412 2.027
1.989 -36.841 -295.615 2.116
-37.262 96.556 238.064 2.056
-20.894 -39.420 -334.078 2.064
94.504 70.451 250.807 1.907
7.193 17.520 -40.859 1.934
13.626 21.682 52.903 1.897
26.407 99.917 -170.106 1.980
19.105 -31.676 -229.673 2.043
29.134 50.657 -124.641 1.996
50.620 -12.944 36.679 2.086
-57.331 -96.487 -159.892 2.009
5.962 -83.557 58.840 1.990
-13.895 1.870 226.311 2.046
-79.283 -28.949 272.334 2.194
-67.886 73.691 -360.987 1.920
-21.148 -69.223 -8.938 1.851
