51.670 99.979 -141.944 1.959
-72.699 47.364 55.532 2.101
65.822 -12.754 -352.757 2.004
-93.526 5.517 -13.436 1.982
-8.811 0.060 219.292 1.945
-63.829 -19.887 227.113 1.954
39.481 89.946 -157.181 2.156
-29.630 -23.827 -256.298 2.007
16.175 39.492 284.976 1.982
84.436 35.414 -150.676 1.873
-39.458 -50.561 -239.959 2.153
-53.440 66.797 230.573 2.143
-91.087 7.481 -281.195 2.116
36.136 82.231 -193.275 1.852
-52.801 -36.637 270.064 1.817
54.719 69.512 -138.678 1.986
-64.173 48.809 -267.373 1.969
81.061 18.118 -18.557 1.986
29.524 -36.888 70.196 2.075
92.004 -73.669 -71.332 1.992
22.699 84.191 109.344 1.945
-68.642 90.090 -376.229 1.989
39.325 -63.206 -372.377 1.905
-37.968 -80.092 -223.739 2.063
38.163 47.341 -70.637 1.971
-93.994 -95.061 110.450 2.024
77.358 50.853 172.736 2.092
-66.764 -42.103 -101.102 2.000
-97.081 -70.665 -196.383 1.932
-87.115 47.582 -364.189 2.041
67.725 43.398 -304.683 1.988
33.747 -93.706 -112.100 2.117
92.063 -10.445 -237.795 1.909
-9.366 -68.130 -53.733 2.138
17.637 83.785 -59.462 1.880
82.969 21.816 -138.219 1.756
-34.112 -26.197 100.606 2.102
60.688 42.373 40.434 2.117
7.015 98.478 -30.016 1.874
-62.541 71.269 87.790 1.983
-90.940 75.108 49.770 2.023
-16.781 15.789 -120.226 1.873
22.355 21.241 -118.529 2.078
-34.883 -34.262 -352.503 1.968
-76.804 44.199 -383.454 1.972
5.708 30.070 39.916 1.797
-21.817 36.172 216.129 1.921
-83.820 31.903 279.271 1.901
-52.797 -50.890 294.649 1.944
53.326 94.082 -294.454 1.985
92.015 -83.499 97.125 2.277
85.948 -62.149 -6.802 1.789
70.453 -56.598 -252.040 1.867
13.407 58.523 -210.661 2.001
84.752 49.361 -75.992 2.058
-96.734 -11.958 -274.455 1.986
-94.100 -2.935 -187.774 2.184
-10.556 73.293 186.233 2.181
-10.778 22.489 258.462 2.044
50.435 -87.460 -75.484 2.182
46.481 76.416 -67.883 1.886
-63.009 -37.760 214.163 1.806
74.894 -18.628 -26.651 1.849
43.255 11.570 -273.397 1.907
-23.912 74.630 223.562 1.886
-45.769 -50.034 -232.434 2.178
-73.753 -13.522 -12.384 2.085
-52.048 95.496 -39.876 1.915
47.306 87.053 239.571 2.106
-22.727 -58.452 -44.015 1.828
34.425 56.149 -206.787 1.930
87.478 -62.473 -0.714 2.098
-20.849 -17.465 -96.534 2.286
99.023 -85.589 -80.064 2.084
-28.022 32.583 -259.655 1.914
-73.304 -19.487 76.399 1.904
34.943 -14.501 -279.497 1.877
66.894 20.830 192.201 2.108
-4.117 -12.369 -306.699 1.887
-71.596 18.646 -156.151 1.969
-25.306 -64.414 27.781 1.806
-52.059 -91.869 94.727 2.163
-90.217 72.403 78.275 1.980
24.442 -27.168 113.589 2.056
55.926 34.150 -257.417 1.994
-43.127 81.446 -131.031 1.925
9.383 65.888 30.333 2.017
-18.620 84.382 -203.523 1.945
-78.338 -31.716 -239.645 2.060
-72.510 -71.696 -238.639 2.162
44.494 -21.616 11.019 2.047
66.113 -33.250 -203.317 2.195
7.831 50.259 146.229 2.068
-43.887 55.126 -280.950 2.087
-29.934 51.038 274.782 2.105
60.024 91.092 246.138 1.847
84.503 -72.758 -185.794 1.807
74.548 -78.060 -48.873 1.965
54.387 -76.016 271.229 2.015
-80.418 -57.430 72.164 2.029
