24.128 9.994 -37.794 1.916
44.279 6.783 -259.956 2.152
51.399 -66.460 213.037 2.075
-57.157 -85.701 -362.208 1.916
-40.674 96.556 46.946 1.887
65.145 -67.528 -218.936 1.870
-70.248 42.190 -269.624 1.859
55.437 41.782 -306.459 1.938
2.274 39.451 -177.174 1.858
-77.085 -20.053 -153.447 2.097
-29.522 40.577 12.699 1.932
-20.244 90.899 18.871 2.240
-52.150 23.554 58.637 2.044
22.684 -43.713 123.240 1.992
33.091 -25.381 -167.071 1.787
-15.559 62.822 11.317 1.919
-17.584 -40.580 287.301 1.962
-62.374 -83.932 80.478 1.970
-50.718 90.353 -182.903 2.180
-86.484 39.255 76.405 2.135
-69.161 -58.374 188.007 1.945
66.560 -20.473 229.312 1.944
77.419 23.313 220.289 1.955
-25.505 -85.576 -242.541 1.990
95.900 49.751 103.683 2.018
-57.459 7.668 170.145 1.965
-99.700 -98.524 -101.240 1.952
9.488 1.454 250.535 1.994
97.268 -3.956 226.981 2.006
29.796 -85.303 -248.958 1.948
-35.888 15.348 -149.922 1.984
-43.758 -82.639 114.039 1.994
-29.119 18.199 194.336 2.062
83.228 -59.876 82.398 2.231
-16.700 76.936 -276.463 2.101
46.510 -95.043 -210.881 1.939
40.396 56.810 -239.794 1.975
-12.268 36.713 -112.631 1.900
94.142 44.113 296.633 1.840
9.059 -73.633 -68.334 1.953
86.332 24.576 271.680 1.854
-82.395 -28.879 208.368 1.916
-82.174 34.418 -25.473 2.159
94.464 70.666 -164.606 1.924
-63.047 -17.276 236.225 2.056
24.893 -53.779 -295.653 2.005
-47.953 39.699 -24.419 1.954
32.235 96.354 -257.335 2.069
-45.976 82.584 -179.071 1.920
-33.035 -41.229 -222.280 2.096
-36.051 -48.298 -383.103 2.053
26.355 -14.933 -120.988 1.928
-89.373 34.110 172.629 2.141
-27.202 32.986 -103.432 1.882
-56.549 -91.754 -244.858 1.976
3.861 5.430 21.751 1.962
13.355 50.265 -114.328 1.882
-12.317 -4.453 271.429 2.034
91.127 42.244 268.440 2.042
-44.919 10.052 -275.757 2.199
99.004 83.385 -105.943 1.983
70.510 -40.283 -62.563 2.012
-77.932 7.393 -182.197 2.090
27.054 84.975 -25.632 2.040
-78.918 91.505 -228.176 2.154
-73.894 68.838 -182.535 1.995
37.054 -20.958 -173.306 1.973
-15.007 10.545 -334.403 1.759
30.198 -78.532 161.664 2.037
-83.304 -49.094 -289.108 1.958
-1.435 -43.461 -343.813 1.807
-8.167 -66.358 -299.826 2.088
-46.738 -79.603 65.529 1.943
-48.872 35.138 216.779 1.798
-58.980 -41.528 216.222 1.973
-44.257 4.869 -362.509 1.907
-23.239 93.684 -377.175 1.929
23.411 -3.770 293.991 2.225
64.578 -78.417 -38.188 1.980
-48.405 63.675 89.917 1.863
-94.161 84.363 -183.095 2.121
21.645 67.156 -393.507 1.940
-49.054 30.332 43.787 1.951
-11.041 -66.916 -161.596 2.052
-43.081 22.540 180.572 2.079
-58.082 36.760 -199.146 1.940
65.509 -23.007 52.364 1.953
-7.095 -42.538 111.110 2.192
-3.804 86.185 -142.951 1.953
-6.191 59.638 -145.138 1.688
-65.616 -50.418 -271.304 2.046
52.280 -71.509 -30.179 2.177
-99.410 -16.560 263.875 2.041
-39.940 80.913 -250.749 2.036
55.366 -48.925 82.743 1.930
37.158 53.198 -390.986 1.921
-35.744 -4.814 67.266 2.097
-41.993 73.538 -141.988 1.930
70.600 -48.827 218.670 1.948
87.612 46.641 -11.332 1.937
