21.463 -12.592 -334.823 1.957
59.559 -93.792 292.306 1.770
-41.517 66.335 -213.904 1.996
0.075 -36.619 185.570 1.925
51.168 -10.386 -127.751 2.202
10.879 -31.518 -352.615 1.903
-61.126 15.971 170.365 1.934
-76.800 66.717 254.157 2.078
52.138 -13.902 -202.184 2.084
-38.609 -33.695 176.627 2.116
-79.244 -39.638 -89.965 1.963
40.646 34.486 208.867 2.073
96.026 -80.573 179.043 2.030
14.115 -15.458 -313.775 1.969
-85.783 -4.448 -360.008 2.112
14.859 50.207 71.335 1.943
-96.893 -19.747 -67.145 2.095
57.699 -66.446 181.250 1.947
-18.041 -27.502 62.300 2.118
8.370 -33.176 22.092 2.136
-5.192 75.246 129.432 1.895
6.641 -10.258 102.186 1.936
-24.268 75.148 -119.311 2.008
-33.257 91.306 -271.361 2.136
3.341 -39.252 7.298 1.927
-47.789 0.610 -156.120 2.059
31.195 -18.954 -265.374 1.932
40.912 27.584 269.748 1.969
-61.701 72.656 -338.346 2.054
25.905 13.599 -56.980 2.168
-35.853 62.489 84.432 1.779
40.559 70.417 146.538 1.985
-59.271 -39.316 -329.466 1.899
46.041 10.130 127.688 1.900
53.252 53.234 -97.202 1.973
3.523 77.584 77.773 2.122
-17.113 -27.465 -193.690 1.934
-25.932 0.513 -292.200 1.962
-27.719 -91.247 -142.451 2.070
69.297 -48.606 37.537 2.003
-83.041 12.306 -129.853 1.906
2.973 0.380 249.852 2.177
63.101 19.448 68.629 2.013
-86.429 -44.865 123.340 1.957
12.805 -33.428 -212.398 2.180
36.577 -28.148 -152.809 1.952
-92.193 74.427 -340.057 2.044
-32.054 80.939 58.915 2.012
-11.282 81.401 -158.185 1.946
42.463 -95.720 184.129 2.131
-66.615 -64.932 -345.777 1.990
92.349 -21.774 -159.647 1.820
88.589 95.086 245.607 1.977
57.432 -98.316 -306.990 1.887
-54.020 -72.470 131.724 1.826
0.901 -45.592 41.986 2.050
-74.821 -39.485 34.315 1.907
-53.028 28.184 82.339 2.077
-73.719 16.394 218.213 1.979
-65.942 8.726 -368.085 1.826
53.136 32.286 -210.565 2.190
89.070 76.366 -44.746 2.006
-61.608 53.179 -298.506 2.063
3.919 57.137 143.116 2.066
31.836 -84.797 138.876 2.162
19.700 -51.698 -94.629 2.138
-1.907 37.987 -249.535 2.102
-84.476 -1.702 -131.801 1.875
-54.555 88.923 -354.346 1.872
-77.695 -59.692 -59.180 2.023
89.794 13.491 -110.208 1.981
-84.943 15.960 168.766 1.991
69.337 -13.375 93.752 2.181
52.092 5.934 95.629 1.715
-36.977 -21.079 -326.901 2.063
-9.201 -94.720 -282.439 2.101
-70.803 -45.298 -363.245 1.890
41.732 86.411 -206.743 1.958
-51.441 84.705 -117.523 2.009
-59.291 41.627 281.352 2.270
-34.901 81.853 52.542 1.939
18.592 15.103 -121.356 1.941
-41.416 -90.688 166.715 1.924
-64.228 -6.269 -392.590 1.892
-51.270 -27.571 -179.077 2.111
41.613 -84.063 76.856 2.026
11.619 -7.805 291.736 1.988
15.467 -34.015 -8.662 2.022
-50.264 75.593 57.359 2.109
17.089 36.596 -32.621 2.149
-35.162 -22.035 253.839 2.024
98.659 -50.762 170.070 2.030
11.313 -6.409 231.310 1.915
94.294 -96.211 -218.110 2.016
53.417 79.874 155.406 1.966
-93.946 59.734 278.324 2.087
-72.397 38.218 8.161 2.280
66.651 68.913 225.028 1.978
-20.663 -44.309 -132.446 2.169
-7.198 -82.004 126.612 2.115
