-92.551 -75.130 -29.614 1.978
-77.434 -19.442 265.585 2.207
-45.745 79.961 202.463 2.095
32.659 80.826 294.578 1.806
45.622 0.550 -36.521 1.890
-62.420 -55.005 -374.583 1.969
18.396 -66.659 171.882 1.931
-44.253 -1.547 -96.551 1.867
77.116 25.865 -325.032 2.078
-69.005 -17.601 -340.525 1.988
-10.088 -22.408 267.041 2.025
9.272 -77.384 -36.919 1.928
-28.811 -71.095 -80.289 2.090
95.062 -7.669 12.026 1.912
-8.281 -98.343 205.023 1.945
-65.825 3.332 58.690 2.053
19.144 33.030 -40.115 2.012
-98.574 92.077 -208.328 2.051
-48.082 31.920 -397.718 1.967
92.091 12.502 11.296 2.246
-34.640 50.232 0.685 2.115
-34.609 -39.788 -146.623 1.857
73.397 36.304 66.120 2.105
58.273 -52.867 -145.696 1.968
33.108 97.922 139.673 1.821
-70.193 -65.479 -242.141 1.860
-69.847 -35.533 -313.510 1.858
-12.220 -78.906 -253.846 1.952
75.673 38.966 -274.378 2.082
-5.546 98.054 243.563 2.052
64.097 64.262 -323.639 2.102
-51.781 -41.759 199.146 2.115
-27.976 30.706 -102.572 2.086
-54.775 -69.316 205.407 1.961
-87.136 94.455 -126.869 2.162
-20.112 36.867 -238.518 2.078
-27.042 -19.518 -38.372 2.013
63.081 -57.365 11.933 2.085
25.918 -33.745 205.608 2.043
-37.856 70.566 196.376 1.927
-40.369 4.371 18.015 2.040
74.463 80.151 -146.910 2.104
53.651 32.721 33.254 2.077
-3.639 20.677 -143.198 2.094
73.445 35.017 275.022 2.087
-12.439 13.569 -387.465 1.873
-34.699 -4.795 -1.602 1.995
-16.460 -37.499 207.119 1.965
50.206 -93.522 140.381 1.883
21.171 10.232 74.335 2.079
-20.286 -22.744 97.686 2.058
15.128 -28.247 130.312 2.022
-14.653 -25.779 -316.672 2.014
50.053 -82.805 174.999 1.993
19.711 -10.574 130.937 2.061
3.840 92.710 -261.376 1.910
-84.783 -55.632 -9.824 1.889
56.862 -21.503 -333.028 2.026
-3.437 -76.641 2.133 1.875
62.753 63.144 -318.547 2.078
4.705 75.046 -13.463 2.023
-33.941 -19.214 228.643 2.066
23.029 56.997 273.183 2.087
-57.534 92.123 -227.248 1.985
89.245 77.631 70.018 2.022
-98.809 24.137 -180.056 2.020
-27.627 -62.922 -333.948 1.988
-16.670 59.631 248.554 2.124
-14.984 76.125 -182.475 1.945
47.037 7.391 -200.167 1.898
78.591 77.886 -267.623 1.887
-8.746 8.872 246.141 1.893
93.983 99.313 -14.613 2.048
9.716 -56.555 -269.717 1.996
-12.173 -87.841 209.466 2.017
11.285 22.856 -273.764 2.025
38.951 -38.504 65.680 1.939
-1.844 75.831 195.624 2.160
-92.237 78.573 -237.128 1.961
-27.211 -91.948 -334.411 2.150
-68.082 54.785 -308.413 2.043
-49.597 79.427 43.519 2.019
-78.269 33.315 74.643 1.859
-29.659 -75.544 -288.591 1.912
91.687 -97.610 -330.500 1.827
-93.902 24.640 -280.759 1.906
-35.625 70.866 -345.455 1.928
-32.258 31.945 -160.431 1.883
68.980 65.567 -300.892 2.051
-53.861 0.833 -277.680 1.961
-2.840 41.260 256.912 2.002
-4.031 9.094 -183.754 2.005
-96.252 -55.850 -271.043 2.025
47.321 -30.476 202.771 1.973
73.868 -91.321 141.597 1.886
28.264 -68.509 -155.224 1.990
62.497 8.599 -299.745 2.028
43.369 -86.630 250.939 1.879
-7.265 -87.513 -130.020 1.921
-11.230 -48.569 218.897 1.991
