79.892 -84.622 -381.163 1.903
83.130 26.051 -394.253 1.991
64.966 1.835 -110.872 2.132
-95.929 3.253 182.720 2.094
-43.775 -56.591 238.696 1.856
-18.579 -42.083 231.607 1.951
72.014 -98.586 -209.684 1.926
-7.300 -73.259 211.767 2.086
-24.691 -88.388 5.340 2.050
7.217 -91.646 -361.698 1.884
-9.631 -43.179 -153.601 1.909
-45.078 57.279 -252.549 2.012
9.914 48.273 41.896 1.854
25.707 88.080 119.178 1.805
81.943 34.872 267.811 2.073
52.469 61.332 -104.640 1.933
3.458 -46.883 -278.467 1.969
-66.139 -34.795 118.134 2.077
-1.968 95.759 150.055 1.837
26.263 -6.477 90.031 1.964
-88.439 82.850 -320.128 1.785
62.951 5.180 -261.517 1.947
54.004 -94.242 -157.908 1.968
76.113 -61.135 -296.076 1.916
94.793 -34.654 264.534 1.985
96.394 -9.027 -387.721 2.065
33.565 -13.549 -379.055 2.096
-2.860 -5.121 219.236 2.025
81.169 72.536 -268.294 2.060
73.038 -60.514 62.304 1.971
-1.261 65.482 163.560 1.989
-82.839 -88.024 -293.968 2.103
71.010 -86.763 105.869 2.063
-85.495 -15.439 108.169 1.906
-51.999 -47.899 -361.405 1.927
30.990 34.113 4.546 1.896
-48.815 -66.460 -121.194 1.883
54.420 51.566 -86.507 1.952
54.224 -15.421 25.719 2.229
30.941 43.610 -120.756 2.103
-74.840 8.308 95.105 1.820
-43.973 -9.321 -94.304 1.976
-93.807 -50.168 142.339 1.979
53.824 -45.132 154.429 2.155
71.946 -13.629 -40.063 1.997
52.200 4.867 67.612 2.236
-17.630 -3.396 226.061 1.953
43.696 -49.519 -229.823 2.014
99.076 -88.210 60.792 1.988
-2.703 36.141 204.752 2.115
83.657 61.693 -56.909 2.000
-61.864 7.832 -48.730 2.182
-77.976 27.138 214.107 1.980
-28.120 -69.594 -148.715 2.173
46.117 51.724 260.926 1.868
-56.898 8.807 -222.100 1.768
79.692 19.930 -41.687 2.111
68.547 -25.526 -272.378 2.072
-71.419 64.223 -181.880 2.014
51.183 -90.883 -30.853 1.883
50.457 -9.536 255.542 2.003
25.882 82.349 100.460 2.100
65.226 -21.622 -276.708 2.054
12.361 37.356 -31.775 2.185
-91.218 -6.059 -215.385 1.991
24.533 -50.599 -44.127 2.144
75.698 -91.914 -127.450 1.918
99.196 0.013 -317.124 1.837
43.232 16.271 -299.975 2.025
-78.025 -15.172 -352.551 1.934
-58.973 74.446 -93.453 2.103
-11.683 14.759 263.232 1.972
58.177 -98.675 -92.665 1.985
73.952 67.288 53.198 2.143
-5.487 8.033 -368.928 1.975
-4.394 1.482 285.866 1.945
73.092 8.482 -215.563 2.092
55.576 -27.352 -38.064 1.906
-70.826 97.180 -378.750 1.999
-91.298 -7.685 -23.287 2.057
51.988 10.072 26.991 2.001
13.008 24.979 228.082 2.015
-13.114 -86.262 236.065 1.947
-89.301 -84.365 65.510 2.056
67.661 -2.432 126.341 1.961
-31.537 -87.742 238.073 1.918
80.066 -86.873 -42.247 1.843
-22.000 -59.234 40.912 1.996
16.998 -54.238 -190.822 1.861
5.781 81.668 -371.687 2.073
-97.458 -81.004 -65.767 2.101
44.371 -88.540 286.493 2.085
-20.945 86.539 61.520 2.178
-87.401 94.903 201.622 1.948
-98.224 -26.987 -160.669 1.943
21.886 -16.413 -191.199 2.129
-55.392 -5.271 38.156 1.956
-55.145 11.925 189.152 2.046
66.865 2.212 -24.925 1.895
3.913 -91.052 -150.441 1.988
