-58.849 87.183 -64.403 2.059
-13.771 -89.720 -204.539 2.124
21.830 25.969 -264.140 1.966
75.830 73.249 -32.933 1.863
60.114 10.830 285.947 1.927
0.287 -3.622 273.864 1.924
-4.457 -81.320 53.173 2.198
23.543 55.989 -87.395 1.807
-51.149 7.576 -192.350 2.070
97.304 -82.190 -259.030 2.044
71.747 -10.988 -155.123 1.891
-70.209 -89.895 72.326 1.895
83.421 -17.788 275.885 1.910
85.771 55.921 -297.160 1.851
-26.816 60.699 283.890 2.178
76.170 25.334 155.245 1.991
41.617 -15.446 -235.021 2.011
76.454 -0.802 -363.633 2.017
-84.607 85.862 -353.645 2.006
-73.471 -9.819 -244.107 1.991
43.111 61.479 68.082 2.085
-99.449 50.361 -206.550 2.139
30.984 27.009 219.565 1.862
87.613 6.389 -235.919 2.102
-49.920 94.570 -286.438 1.873
50.232 10.507 -364.037 1.994
45.967 53.108 104.823 2.054
45.615 -9.423 -261.790 2.050
49.548 -32.225 64.409 1.944
3.194 -38.983 -47.231 1.881
-33.867 14.865 35.669 2.031
49.232 52.699 138.439 1.926
-71.577 52.456 8.584 2.039
-22.432 60.541 8.005 1.881
-35.032 -70.935 -244.038 2.100
1.417 44.270 -162.660 2.304
38.305 57.854 268.340 2.011
-85.075 -29.873 237.210 2.042
72.478 56.298 -112.467 2.059
4.195 62.357 -340.150 2.042
8.541 -19.621 226.746 2.085
60.223 85.495 -9.105 2.181
-60.336 -30.210 274.914 1.962
94.958 10.165 168.473 2.187
56.241 -26.196 -375.061 1.890
23.181 61.017 205.864 2.027
-4.936 -99.740 33.719 1.905
83.175 82.795 -108.556 2.074
10.439 -84.985 -152.583 1.819
2.100 -75.384 -299.634 2.002
-51.795 87.879 62.680 1.906
25.435 -77.066 -242.169 2.089
-79.852 91.047 140.811 2.183
-83.619 -82.875 -361.223 1.892
-23.290 49.472 276.365 1.980
42.148 -30.990 -90.207 2.179
-32.137 -14.533 -16.727 2.229
31.460 52.637 -213.747 1.843
-50.695 -40.557 -315.498 1.809
-92.779 10.085 179.790 2.075
-71.295 89.730 207.030 1.979
-84.433 -73.641 263.156 1.965
19.387 32.484 -349.592 2.039
56.932 -35.654 -306.387 1.995
-2.624 35.177 172.989 2.137
-89.209 -98.714 173.888 2.129
-88.019 -45.570 151.995 1.932
15.033 90.542 205.748 1.888
-47.904 -7.047 -218.398 2.029
-31.241 -74.210 43.781 1.908
-36.105 -68.390 90.940 1.947
-71.386 90.633 -160.944 2.146
-94.186 -97.027 134.025 1.919
-21.632 42.452 137.600 1.894
90.406 44.933 -41.360 2.008
93.597 -27.384 253.198 2.083
70.828 -75.590 -390.257 2.049
-26.418 76.580 185.546 2.036
-79.936 -10.562 -267.771 2.095
79.086 -21.979 -11.333 1.917
-80.719 27.774 -377.554 1.856
13.614 -40.416 -320.602 1.972
-34.097 -36.678 -9.326 2.038
-12.250 59.560 31.222 2.044
-37.396 46.874 253.971 1.985
-14.796 20.915 -93.215 2.013
21.915 -55.003 -209.416 1.991
12.093 -76.243 -193.979 2.006
22.256 18.426 69.826 1.971
53.734 -58.850 -318.335 2.127
-57.426 -16.232 -386.959 1.992
56.477 -6.202 256.621 1.932
-38.347 -92.738 -50.217 1.984
1.512 -53.361 208.379 1.924
88.471 13.032 273.629 2.041
4.159 20.854 161.051 2.067
-29.608 -30.167 35.256 1.953
-1.566 67.426 236.296 1.956
69.402 -43.757 -118.757 1.962
24.967 97.612 -323.413 2.007
