45.056 -55.441 175.972 1.783
26.950 -21.466 108.357 1.938
30.165 -82.835 -123.069 2.089
-15.692 3.340 36.119 2.095
75.598 30.812 236.722 2.105
-35.413 -50.553 80.022 2.066
-83.316 -44.751 -112.412 2.005
64.085 17.601 -11.225 1.971
94.564 -0.853 -86.617 1.995
21.458 94.987 230.322 1.979
-65.975 0.585 -49.853 2.070
-77.486 81.114 242.409 2.013
65.502 -59.509 -344.289 2.042
7.234 6.407 -120.627 1.868
79.629 23.087 -277.893 1.985
-58.234 27.353 -119.974 1.883
-31.280 53.825 174.315 1.852
-13.251 51.881 -336.370 2.035
89.340 -75.284 108.447 1.982
-53.252 71.789 231.013 1.962
8.817 43.819 20.155 2.125
-73.920 59.461 299.198 1.836
-25.072 65.897 -95.381 2.008
92.826 -31.508 -282.318 1.870
88.270 57.967 184.083 2.021
2.739 -74.663 -166.009 1.960
-79.397 90.741 -297.497 2.074
82.421 1.388 131.510 1.924
64.829 81.399 114.527 1.918
-63.394 -94.293 -336.952 1.835
43.937 -11.208 -182.163 2.024
-84.753 60.761 12.025 1.990
-42.098 40.535 247.005 2.157
-93.253 -16.827 274.098 2.205
-22.866 -16.710 24.578 2.084
-68.613 -34.580 -396.337 2.028
-76.324 53.308 160.420 2.069
85.341 -16.800 -264.452 2.190
-94.534 55.473 -279.521 1.856
-61.812 69.205 -181.718 1.961
55.281 99.255 257.138 2.019
52.703 -89.552 -155.311 1.893
31.409 77.872 -337.825 1.880
-34.956 -29.171 -249.669 2.054
75.998 -2.431 -19.457 2.067
-42.780 36.464 -62.436 2.086
36.346 45.948 265.817 1.954
-66.392 -77.352 -383.556 1.985
23.107 -5.935 -326.792 1.924
-82.110 -60.269 287.986 1.948
-79.560 58.285 289.400 1.991
-68.100 60.601 -123.498 1.697
-63.131 19.624 97.783 1.851
54.563 48.093 -307.516 1.957
-93.511 37.013 -175.865 2.088
-25.110 -54.010 -120.735 1.966
-62.024 -26.881 265.839 1.994
58.323 -49.216 297.608 1.833
35.576 -96.493 -214.658 2.069
-6.847 24.739 -167.901 2.020
-13.096 35.517 -152.941 1.985
44.960 -9.112 -321.701 2.079
-94.657 -84.711 121.029 1.989
-44.495 -57.617 -256.105 1.958
44.065 -50.754 138.482 1.989
-33.095 39.558 -27.587 1.946
-8.607 36.288 56.930 1.833
93.041 -11.774 46.226 1.978
49.271 -57.806 -259.559 2.101
60.126 -66.753 -195.113 2.002
-59.370 -75.960 -209.319 1.914
-46.242 -0.025 -37.538 2.008
-47.823 83.552 128.843 1.898
-97.508 -40.876 -236.690 1.922
92.784 55.612 130.559 1.941
83.714 5.787 -258.465 2.020
92.504 -72.595 -210.859 2.173
43.533 29.214 75.746 1.923
-19.326 9.459 -189.186 1.809
53.825 -18.983 -245.956 2.109
59.627 86.319 -361.718 1.858
22.902 21.112 -367.936 2.119
0.731 0.147 -48.851 2.172
22.717 -61.751 -184.509 1.880
-30.561 -33.379 -148.640 1.980
-37.232 41.589 94.008 2.108
48.299 70.590 -316.679 1.989
-13.878 -25.858 -213.332 2.047
-38.553 51.864 -203.251 2.199
-79.184 -22.085 -268.984 2.039
-18.927 25.970 -310.158 2.024
-6.620 19.680 -240.193 1.764
-12.413 -46.292 -245.854 2.021
38.673 27.591 -285.777 2.203
-92.141 -29.417 1.873 1.977
3.366 33.378 156.473 2.024
7.516 -63.620 -179.910 1.917
-72.153 55.883 -170.206 1.904
-90.482 14.879 175.051 2.103
-75.973 -93.411 -12.079 2.109
