-25.481 -57.891 237.049 2.073
19.542 -73.931 -33.058 1.998
97.934 43.707 -170.099 1.838
94.990 -15.561 140.107 1.958
75.482 -71.156 255.987 2.123
-47.762 -60.800 -151.322 2.029
99.669 11.096 -265.258 1.967
56.989 66.957 -342.047 1.965
17.891 61.500 83.852 2.151
99.420 99.012 95.349 1.987
-14.781 71.051 17.038 1.876
-12.185 30.319 -356.293 2.048
99.650 -16.517 -183.783 2.083
-67.825 -48.664 -41.376 1.719
-79.395 76.641 -242.134 2.005
-75.956 -46.988 -345.249 2.129
-44.732 22.500 293.497 1.919
-92.100 -99.414 -332.595 1.973
1.935 96.391 -223.312 1.968
85.937 -46.333 56.618 2.059
19.158 -52.427 -319.792 1.834
42.783 75.464 -98.568 1.866
-61.245 60.191 -270.868 1.836
86.036 -59.541 166.716 1.926
67.875 91.608 130.220 1.967
45.689 -3.506 -185.023 2.163
-21.122 28.681 -262.552 2.089
-49.729 -15.346 228.198 1.935
-72.394 76.402 231.734 1.850
-56.812 80.962 -49.729 2.063
53.359 76.701 -299.423 2.011
-28.932 40.412 198.269 2.013
-36.456 87.780 72.231 2.044
55.126 0.493 75.404 2.044
21.298 -11.221 77.904 1.802
18.469 -1.592 -235.225 2.078
-95.284 -27.949 169.996 2.045
40.499 -4.633 254.773 2.002
92.051 -72.725 173.904 1.870
65.489 -65.410 296.567 1.860
-69.029 40.667 -190.576 2.219
-90.710 -53.300 75.748 1.839
-7.163 -70.582 -140.305 1.680
19.107 -28.449 -145.624 2.014
52.395 10.905 -365.337 1.913
-34.631 66.469 -263.389 1.957
40.126 12.076 -216.976 1.819
-0.819 15.339 244.621 2.102
-46.049 -98.221 127.816 2.043
-5.177 94.096 119.845 2.078
66.821 -74.301 83.641 2.026
-3.638 -82.365 137.201 1.863
-43.294 50.841 -252.795 2.154
54.132 16.682 166.773 2.105
31.882 -92.091 66.368 2.084
9.794 -55.045 -289.776 2.175
95.511 21.772 224.370 2.075
-62.254 -64.624 -376.292 1.901
9.345 47.249 141.526 2.075
27.364 -92.232 166.176 2.043
-83.536 -12.482 179.506 2.113
15.952 -53.371 110.163 1.990
54.911 -64.214 -82.461 1.947
66.137 24.866 -48.638 1.810
-14.622 65.689 54.263 2.078
-24.703 -75.646 -359.101 2.060
-68.485 65.553 102.604 2.088
42.301 -25.276 -184.781 2.039
70.628 -51.308 -215.149 2.108
46.070 -43.952 203.879 1.984
-27.038 -77.705 77.130 1.991
-96.578 89.267 78.074 1.958
-47.515 -43.121 269.865 2.090
-99.150 70.669 -330.086 1.922
-94.697 -25.740 -118.557 1.884
29.078 95.717 -295.166 1.856
48.673 89.600 -268.642 1.804
-56.413 8.319 106.792 1.772
-44.564 -83.238 -15.237 1.991
76.744 -81.984 -236.880 1.955
-85.436 -67.648 120.012 2.030
28.273 93.916 -149.149 2.080
-27.969 15.186 -23.817 1.959
81.590 -6.857 -392.054 1.811
61.563 -74.144 -107.938 2.067
-10.548 -58.160 -364.277 2.028
44.563 -99.911 258.316 1.764
-65.456 -31.893 86.009 2.141
-91.637 30.523 -35.843 1.921
-73.443 -65.077 61.749 2.110
-42.388 -59.955 131.648 1.934
7.618 -82.585 -43.465 1.902
29.915 75.429 -388.160 1.915
68.704 -70.308 64.739 1.818
-82.669 40.296 -317.450 2.097
-34.198 -27.912 -78.200 1.853
35.274 61.018 139.606 2.137
12.182 59.276 -98.899 1.946
70.272 67.048 -396.297 1.951
-95.006 90.758 -48.245 2.164
