-38.008 -10.144 -375.029 1.945
13.137 -72.406 179.238 1.866
27.185 93.939 -282.436 2.037
-30.787 -75.807 -52.982 2.125
52.892 -25.766 251.235 1.960
53.087 76.895 -153.822 2.107
-69.109 -24.224 -27.235 1.924
-56.095 -28.105 -277.648 1.862
65.439 -31.474 -357.678 2.005
-71.959 -48.448 80.347 2.211
37.065 -44.099 -398.611 2.218
56.900 4.934 -86.054 2.185
-62.614 -12.907 10.466 2.005
-36.744 -82.903 146.807 1.942
-96.147 -88.637 -272.282 2.090
53.466 -30.504 -279.413 2.236
88.208 74.655 -19.370 2.157
-49.261 -5.682 111.247 2.011
53.467 -40.813 229.941 1.907
-92.790 -37.377 -14.077 2.022
-45.442 90.701 -90.407 2.044
75.581 90.890 -284.589 2.064
84.362 79.678 137.033 1.931
-91.417 84.790 54.529 1.979
-67.681 22.845 76.607 1.906
63.498 -23.625 -343.198 2.023
43.833 -84.067 212.742 1.976
-13.718 41.922 166.594 2.021
51.265 -24.393 -65.762 1.845
56.677 79.968 270.442 2.104
78.113 -47.364 34.802 1.745
22.345 23.703 138.873 1.950
50.391 44.662 -210.835 2.029
47.663 57.377 276.152 1.993
87.726 4.632 19.293 2.032
-89.421 -47.220 148.132 2.007
58.160 -85.556 48.676 1.976
-30.489 -9.105 248.278 2.066
-31.487 72.603 -220.687 2.075
43.097 84.439 -303.105 2.165
28.559 -63.149 -174.236 1.881
-4.471 -63.977 -209.480 1.993
-49.582 8.501 -358.110 2.076
20.044 -62.264 -164.666 2.044
-46.244 96.842 45.963 2.041
70.458 -9.323 141.427 2.010
-18.019 -91.969 -62.465 1.808
-65.181 -23.031 -95.262 1.965
-47.008 57.318 212.902 1.882
-64.045 91.775 48.100 1.777
57.974 59.370 -3.044 2.012
-66.918 -38.413 283.072 1.901
-68.906 -50.080 66.791 2.066
77.050 78.381 -94.105 2.099
39.014 -40.607 -200.355 2.107
34.927 62.055 185.965 2.154
-96.123 23.554 22.908 1.878
1.955 -86.040 82.085 2.017
-42.409 96.521 -220.592 1.986
-92.667 41.659 -103.026 2.016
-59.699 29.566 147.199 2.061
-3.156 66.070 -330.163 2.023
-92.140 62.162 -17.082 1.785
-25.340 84.074 202.347 1.861
13.173 -61.507 13.777 1.835
43.452 78.698 -143.765 2.017
59.056 -6.387 162.264 1.977
24.884 70.852 -98.770 2.148
-2.591 -76.053 -383.194 1.954
91.606 -61.527 -332.937 2.162
8.041 53.306 -211.195 2.157
98.064 14.589 38.984 2.144
80.889 -23.734 -237.418 2.110
-84.127 98.294 -172.260 2.081
31.586 -8.813 169.783 1.950
-31.326 -3.954 201.182 1.902
-51.724 91.158 290.295 1.965
-31.985 61.578 -91.256 2.112
17.489 62.416 -303.694 2.071
-95.378 -24.473 233.421 2.064
92.114 -73.995 299.316 1.769
39.128 -46.852 -130.062 2.045
-48.309 -99.617 296.786 1.954
-82.155 -4.686 0.855 2.096
77.894 -76.930 -354.593 2.089
86.664 32.787 55.080 1.893
-0.502 -28.944 239.450 2.061
-79.519 -77.542 -86.874 2.010
-51.816 86.903 151.877 1.946
59.561 -98.883 -358.173 1.974
-86.677 18.178 -308.020 2.017
-14.437 55.552 -81.516 2.062
70.769 -55.841 -11.949 1.924
7.178 68.632 3.928 1.836
-15.205 59.260 -260.093 1.882
43.626 -94.950 -34.421 1.792
-92.289 -90.795 294.512 2.085
73.839 4.831 18.972 1.944
96.274 -65.264 59.175 1.979
69.837 -75.676 -148.992 1.903
