7.174 7.369 -239.786 2.076
-81.329 -58.467 -236.008 1.983
56.439 2.193 -212.125 2.013
80.066 -95.682 -200.168 2.039
30.166 -42.450 -293.778 1.984
85.679 60.563 -201.396 1.983
85.863 -48.285 -226.274 2.117
-31.749 70.447 -225.490 1.907
11.750 68.584 -225.141 2.074
21.686 77.301 -259.185 1.993
-10.301 99.317 -278.589 1.820
-99.034 -10.299 -218.884 1.922
-25.899 -39.933 -210.523 1.991
19.727 -20.787 -287.362 2.048
95.368 10.648 -212.687 2.226
74.203 23.732 -273.903 2.261
48.185 35.883 -257.184 2.124
-81.864 15.264 -253.955 1.862
-1.135 -99.103 -276.313 2.139
0.416 25.185 -296.951 1.821
-91.864 47.165 -237.818 2.021
93.052 67.943 -217.235 2.061
-16.185 -55.197 -224.564 1.978
-14.791 74.094 -281.989 1.976
13.103 32.790 -200.785 1.768
24.843 -19.584 -292.118 2.051
-91.336 3.366 -296.153 2.005
12.618 -50.391 -298.841 1.995
33.902 -67.017 -210.830 2.198
61.133 -25.780 -251.076 1.924
-26.080 -38.089 -227.768 2.096
-90.796 41.682 -218.488 1.808
-74.303 -89.939 -276.714 1.839
-70.689 -76.656 -281.162 1.949
-9.564 -81.611 -223.458 2.043
-48.102 -58.668 -298.088 1.900
28.969 -55.262 -254.297 1.942
-86.637 -18.814 -284.175 2.028
-16.614 -64.856 -230.075 1.898
-48.804 20.827 -243.141 2.010
-35.307 -17.927 -229.764 1.890
9.434 79.410 -211.005 2.022
-24.676 9.115 -284.676 2.165
-61.244 89.776 -294.462 2.120
40.995 -67.256 -246.457 2.109
-49.346 70.468 -268.121 1.992
-33.065 96.892 -289.495 1.902
-81.659 95.209 -234.354 2.086
5.294 82.691 -259.760 1.937
45.028 96.927 -266.713 2.132
9.114 43.768 -223.789 1.987
94.763 29.896 -246.382 1.967
-13.669 52.842 -275.671 1.958
81.019 -35.862 -224.990 1.977
-6.725 86.235 -212.161 2.109
-23.003 -95.772 -297.199 1.989
-22.818 54.269 -278.342 2.038
-6.381 84.166 -292.273 2.066
-0.372 37.871 -259.591 1.981
92.556 -50.576 -222.984 2.062
63.156 -42.951 -212.353 1.940
53.472 -40.615 -296.919 2.074
90.558 -55.087 -219.294 2.051
-16.093 9.726 -222.411 1.985
10.581 8.047 -222.751 2.025
4.650 46.589 -268.191 1.925
-11.033 62.145 -268.250 1.961
64.659 47.201 -213.943 1.967
-66.447 62.011 -217.512 2.115
-85.345 19.808 -263.271 1.998
36.109 74.434 -234.887 1.871
59.920 72.295 -256.595 1.865
39.464 -43.129 -242.603 2.130
-93.076 57.746 -213.103 2.051
-42.344 -11.971 -223.348 2.066
-8.507 -64.326 -245.253 1.927
-87.812 70.287 -211.907 1.921
-54.344 -88.588 -220.563 2.009
63.222 58.030 -264.008 2.211
-11.206 -73.702 -255.313 1.930
1.988 91.396 -228.855 2.015
-62.680 -7.869 -248.586 2.120
-73.322 13.161 -248.343 1.960
67.346 32.762 -265.870 1.945
36.905 44.097 -232.077 2.081
-48.309 28.482 -236.796 1.969
85.094 -96.747 -281.392 1.914
-75.293 -11.391 -284.008 1.884
6.053 -37.390 -257.211 2.054
24.648 -57.770 -295.456 1.956
28.520 -28.562 -264.424 1.937
-76.907 59.807 -225.743 2.107
67.494 98.320 -217.715 1.993
-34.509 -76.589 -210.661 2.076
64.731 -68.253 -210.099 2.093
-7.218 -74.432 -294.963 1.992
11.298 -6.171 -207.321 2.055
24.457 59.400 -205.158 1.963
81.740 49.607 -296.325 2.028
-31.143 79.953 -292.536 2.008
