-78.700 21.209 -292.671 2.054
-8.448 -68.996 -209.544 1.871
91.983 -33.614 -253.402 1.809
-20.863 15.804 -223.346 2.077
95.051 4.501 -244.813 2.039
36.763 32.624 -215.813 1.855
-5.300 -54.640 -266.960 1.943
-20.501 99.922 -212.618 1.953
95.143 11.696 -260.342 1.978
-56.367 64.943 -255.210 1.975
-44.594 -56.424 -239.948 1.959
46.234 -93.779 -290.284 1.862
41.900 -73.403 -282.364 1.918
45.285 -29.077 -285.047 2.124
27.669 23.299 -241.512 1.866
-70.929 58.542 -291.112 2.038
-70.328 94.711 -213.998 1.960
-68.487 56.557 -204.082 2.213
-97.708 -68.346 -261.204 1.847
-88.026 -43.971 -253.190 1.990
89.698 -11.656 -259.383 2.030
-26.197 62.810 -239.041 2.166
-21.957 64.330 -206.449 1.927
7.124 -24.222 -252.726 1.937
-72.362 39.294 -220.922 2.146
14.156 70.039 -230.082 2.047
24.214 65.923 -221.620 2.180
80.900 -38.488 -229.533 1.799
-75.423 -84.287 -273.078 1.860
54.753 -36.234 -206.079 1.875
61.119 46.696 -205.004 1.983
-72.622 76.093 -269.660 1.780
-85.666 -2.808 -275.018 1.888
49.986 0.468 -229.080 2.246
50.140 15.358 -287.801 2.154
25.972 27.091 -252.509 1.947
86.156 19.189 -233.778 1.918
56.583 -34.418 -255.191 2.032
85.562 -53.124 -233.326 1.928
-10.161 9.037 -299.453 2.012
-51.020 43.061 -269.635 2.063
49.352 -63.738 -215.330 2.073
-25.880 27.886 -282.421 2.018
-87.280 14.449 -290.818 2.104
89.237 -67.225 -223.651 2.053
97.211 7.249 -260.569 2.005
26.406 -50.521 -239.537 1.958
-6.600 92.435 -243.199 2.020
42.786 -21.403 -276.732 2.073
42.546 37.298 -217.905 1.941
-20.858 53.845 -271.946 1.926
-10.787 -51.544 -297.930 2.031
-35.810 -29.643 -222.481 2.140
-80.404 -67.007 -258.282 2.163
-75.731 -74.953 -227.768 2.157
-19.319 -83.395 -251.590 1.910
27.253 -76.341 -259.371 1.952
-83.710 -0.883 -260.098 2.145
16.451 88.913 -262.015 1.998
70.829 58.789 -236.507 2.113
69.826 -80.102 -226.218 1.816
-99.428 -66.825 -228.592 1.994
-54.764 61.575 -254.741 1.790
-88.471 -36.016 -275.083 1.901
-48.602 -7.514 -202.299 1.965
-50.168 -79.408 -261.506 1.810
83.328 8.306 -293.092 2.072
-37.406 -78.618 -240.503 1.998
55.236 20.867 -293.718 1.892
48.404 -62.599 -288.664 1.882
88.246 -90.426 -270.723 1.965
53.103 93.642 -284.298 1.909
-28.848 -53.923 -281.360 2.005
-86.581 36.252 -256.474 1.996
-39.839 -66.951 -281.238 1.831
0.451 -56.587 -293.210 1.863
-52.657 26.640 -270.677 1.961
48.471 20.741 -237.663 2.099
-47.935 -41.605 -250.955 2.029
-67.861 42.868 -260.786 2.056
-46.943 62.494 -206.860 2.044
29.258 48.549 -225.015 2.078
4.423 97.993 -261.734 2.106
92.381 60.108 -231.722 2.110
-92.298 89.197 -282.450 2.030
11.745 -61.641 -219.595 1.951
-31.683 21.888 -259.226 2.145
64.079 -70.897 -283.189 2.038
61.875 20.612 -205.590 2.140
54.914 85.525 -201.761 1.954
88.978 -91.943 -237.677 1.945
65.669 95.409 -263.007 2.006
33.683 74.777 -244.556 1.968
-45.276 21.558 -290.445 1.812
-2.403 14.535 -288.777 2.194
5.040 -52.664 -252.594 2.111
-28.633 -12.266 -219.039 2.056
50.570 -75.197 -227.386 1.962
-92.848 -33.988 -240.418 2.070
-29.352 90.527 -259.625 1.777
