53.480 81.442 -253.609 2.015
-8.218 11.647 -248.426 2.050
53.291 -99.844 -200.713 1.986
16.838 72.097 -236.212 1.921
70.473 10.287 -217.614 1.815
20.799 -98.487 -201.314 2.113
-5.138 -62.182 -219.768 1.905
-6.606 90.754 -207.554 1.940
3.985 -55.498 -210.704 2.003
82.656 -28.323 -282.255 2.081
-55.430 8.005 -287.426 2.082
48.354 81.296 -220.262 1.926
-48.727 51.602 -209.804 2.223
0.935 30.575 -295.210 2.085
36.112 84.139 -224.221 2.076
-14.089 67.909 -285.127 1.921
42.412 -56.722 -242.731 1.940
21.554 23.524 -209.538 1.996
84.326 -35.493 -290.220 1.961
-24.701 56.747 -285.103 1.900
-54.463 -68.956 -298.382 2.103
-43.920 -96.944 -268.816 2.040
56.828 43.972 -254.659 2.030
59.787 -76.904 -254.935 2.005
-45.496 30.537 -259.832 1.897
-77.544 19.178 -283.603 2.009
-86.165 -54.530 -234.553 2.097
-57.470 -37.435 -224.505 1.970
-64.213 -80.601 -214.042 2.224
-36.434 -98.498 -246.562 1.858
4.661 17.550 -234.394 2.175
-8.836 73.335 -295.573 1.898
-84.120 -20.028 -265.431 2.167
-16.671 -27.026 -240.783 1.949
-94.802 -62.706 -297.140 2.041
64.864 -21.176 -298.986 1.981
66.612 -13.539 -211.992 1.904
66.987 80.356 -259.276 2.129
-30.981 -87.679 -287.717 1.958
72.308 98.386 -274.139 2.052
-76.975 85.667 -241.316 1.897
-14.469 6.741 -216.618 2.172
78.839 59.257 -278.732 2.159
-98.769 -64.463 -290.317 1.916
93.770 54.121 -279.156 2.021
-96.965 68.633 -276.278 2.041
71.296 16.961 -254.623 1.932
-8.461 88.282 -286.961 1.799
-45.636 -93.771 -266.955 2.149
51.626 -72.177 -213.809 2.091
-81.997 -4.303 -297.250 2.097
-12.770 -54.262 -250.873 1.912
-10.651 -76.498 -280.394 2.035
59.164 -70.480 -277.950 2.013
77.077 13.628 -288.108 2.071
75.619 77.811 -208.866 2.076
-30.171 -16.867 -234.446 2.053
-38.628 -15.266 -267.434 1.898
-21.935 -44.574 -298.130 2.067
-41.642 -60.370 -229.819 2.012
7.147 -5.814 -287.547 1.979
-10.992 -24.379 -248.322 2.024
83.802 -39.922 -228.887 1.990
45.118 -27.668 -260.738 1.913
-5.218 70.621 -295.488 1.936
-65.755 -90.868 -254.365 2.104
88.162 -33.794 -217.111 2.020
-42.911 -14.343 -238.734 2.080
55.348 47.041 -224.219 1.897
88.074 -49.351 -203.390 2.057
13.360 -50.550 -222.475 1.871
37.725 -78.691 -291.130 1.857
-15.430 7.339 -251.702 2.180
-20.617 -11.817 -289.951 1.916
1.920 73.564 -297.789 2.041
2.248 64.222 -291.416 1.922
-48.069 15.535 -216.178 2.004
-44.821 -57.772 -204.833 2.124
95.483 -61.222 -288.604 1.869
33.910 -31.217 -265.140 1.978
95.443 -85.111 -262.459 2.027
67.953 19.908 -277.346 1.934
44.538 75.259 -290.370 1.850
61.474 -86.736 -265.626 2.063
84.727 46.456 -226.968 1.984
43.157 -28.414 -205.794 1.949
-18.010 2.853 -234.983 2.011
62.942 66.480 -211.925 1.952
41.581 -93.170 -297.401 1.950
-44.375 81.880 -235.555 1.998
-40.126 -16.260 -213.172 2.017
83.645 7.701 -251.868 1.890
40.569 -74.441 -283.110 1.819
66.195 38.277 -251.827 1.898
-43.966 41.991 -202.655 2.066
80.802 -54.021 -280.563 2.065
25.139 82.582 -294.666 1.781
73.342 79.636 -289.623 1.951
-8.227 -68.330 -286.457 1.907
-93.969 5.438 -221.348 1.803
