-80.346 80.369 -266.318 1.995
25.711 -2.919 -260.430 1.976
27.752 -31.195 -218.383 1.983
-89.742 49.993 -290.058 1.970
87.625 -17.508 -203.412 1.852
58.637 -99.716 -213.210 2.004
54.241 15.053 -297.199 1.818
-50.227 6.976 -278.648 1.922
-70.622 83.313 -203.358 1.879
-33.328 76.182 -258.537 1.951
-39.442 70.206 -265.833 1.904
83.296 41.082 -290.532 2.072
-7.011 41.662 -277.337 2.052
-77.648 12.230 -220.180 1.905
31.011 -80.571 -218.688 2.093
-6.360 -43.822 -289.550 2.056
-96.715 -53.678 -232.146 1.895
-62.916 34.756 -242.593 2.010
32.283 -25.023 -274.553 1.955
25.634 83.581 -215.756 1.799
45.166 41.402 -249.123 1.967
-11.534 -64.708 -241.555 2.021
-30.805 64.001 -209.105 2.105
60.736 19.236 -264.772 2.217
44.286 -6.043 -204.589 2.043
-61.957 59.008 -253.086 2.224
-29.591 35.088 -230.501 1.988
22.751 38.423 -297.725 1.992
94.996 17.859 -279.083 1.955
45.334 38.675 -255.740 2.136
-88.807 0.114 -208.804 2.027
17.444 -86.062 -289.141 1.867
99.766 -63.475 -242.099 2.061
63.317 -64.497 -211.377 1.903
-44.202 -61.485 -234.790 2.032
-86.268 -13.603 -239.886 2.045
-39.035 27.366 -261.162 1.956
36.342 43.818 -227.038 1.968
-36.783 6.715 -232.623 2.083
-52.482 -77.258 -261.753 2.109
-79.959 13.642 -294.862 2.116
82.784 -30.125 -274.700 2.003
-53.730 -60.753 -227.486 1.948
48.270 53.350 -275.558 1.842
29.956 33.538 -280.289 2.059
-80.141 -95.012 -223.175 1.882
-46.562 29.332 -283.804 2.145
13.735 84.413 -257.373 1.813
97.746 -54.051 -299.714 2.026
-97.938 -97.905 -216.884 1.961
-37.520 -4.724 -267.984 1.957
30.073 -60.872 -236.022 1.982
60.259 67.210 -287.138 1.889
-87.631 -68.979 -256.780 1.889
-57.182 -67.877 -289.381 2.051
-2.133 -74.279 -297.723 2.154
96.137 39.311 -279.705 2.024
38.587 -50.346 -235.920 2.013
67.697 20.484 -256.695 1.980
62.962 49.841 -264.310 1.880
3.837 -67.769 -226.452 1.891
76.349 59.225 -201.163 1.995
88.917 -47.185 -276.031 1.975
-30.030 -68.030 -261.889 2.184
-61.997 99.643 -227.376 2.074
-42.940 -64.756 -222.359 2.090
25.441 -24.092 -296.100 2.301
73.818 -43.509 -266.251 2.084
-64.950 -48.004 -296.422 1.952
-64.079 -4.176 -261.743 2.150
5.321 54.168 -255.930 2.129
-64.928 77.046 -232.965 2.032
7.694 -61.031 -228.386 1.986
59.038 -39.772 -217.788 2.027
93.908 -72.731 -286.767 1.879
-82.290 3.851 -246.093 2.024
60.929 9.776 -294.584 1.935
17.076 -78.513 -279.451 2.006
72.730 -53.204 -221.375 1.903
-90.243 99.141 -254.351 1.928
-53.546 65.637 -244.710 2.001
98.536 88.940 -202.050 2.073
25.504 -72.803 -208.389 2.014
-90.645 -21.670 -235.516 2.015
-49.042 -51.242 -262.539 1.943
77.720 60.605 -271.120 2.106
50.817 74.366 -225.719 2.147
-58.261 39.330 -218.409 2.046
-31.269 22.237 -299.429 2.051
-95.400 78.587 -219.155 2.126
-46.507 20.017 -252.628 1.925
64.221 81.194 -281.516 2.078
22.762 -56.736 -257.557 2.038
54.213 -80.523 -283.964 2.097
33.609 -60.981 -231.243 2.092
-88.081 23.183 -254.791 1.896
-5.695 41.659 -218.029 2.063
-49.065 -72.170 -258.631 1.903
-64.456 51.412 -207.218 2.034
12.346 -42.130 -218.585 2.103
