49.778 -56.295 -222.162 2.101
66.838 -75.490 -298.703 2.254
-80.057 42.326 -243.944 1.920
-69.493 79.894 -259.342 1.941
54.199 21.709 -293.337 2.008
-75.778 87.217 -276.217 2.073
75.409 -2.057 -290.488 1.993
-62.569 49.823 -222.753 1.954
-54.151 -34.098 -218.906 1.797
-96.944 49.544 -271.246 1.872
33.322 -5.574 -216.083 2.108
67.951 97.772 -229.982 2.078
-74.654 40.100 -219.868 1.942
75.464 4.861 -264.411 2.110
51.134 74.108 -261.402 1.820
8.586 -38.635 -252.847 1.972
-86.165 -46.090 -257.048 2.039
13.481 -31.532 -239.179 1.764
-63.258 -40.893 -217.836 2.150
73.113 4.972 -276.233 2.020
77.196 64.964 -242.942 1.891
-60.761 66.073 -228.272 2.040
21.192 -69.755 -261.854 2.057
-56.926 63.105 -211.096 2.146
62.247 -8.082 -220.963 2.018
0.562 -6.192 -211.434 2.109
-76.839 48.656 -255.509 1.962
68.133 98.021 -237.688 2.056
-5.011 65.373 -284.678 2.119
-17.811 -0.662 -215.933 2.074
-21.087 -41.604 -220.892 2.019
-68.767 24.371 -203.988 2.050
-38.217 38.565 -223.978 2.069
24.695 -46.423 -223.745 1.985
53.616 30.989 -262.163 1.976
50.609 -56.725 -207.579 1.972
-27.833 29.105 -230.250 2.046
22.893 85.044 -298.682 2.136
-50.595 65.462 -229.158 1.974
-14.003 -31.385 -223.156 2.089
60.406 -4.289 -232.161 1.744
-85.229 -80.521 -229.527 2.094
31.869 33.558 -230.136 2.075
22.736 -90.861 -253.773 1.918
-43.213 -42.185 -275.661 2.100
98.085 9.282 -297.811 1.948
53.108 40.840 -206.880 1.976
-5.731 -44.961 -242.887 2.075
45.524 24.154 -256.747 1.851
76.928 55.840 -287.484 2.093
-45.320 52.704 -273.855 1.970
-8.552 -64.598 -205.840 1.890
7.085 -82.578 -231.134 2.086
-23.295 68.190 -234.822 2.063
-82.451 29.755 -276.084 2.227
85.951 -73.698 -296.000 2.034
-37.175 -86.137 -236.432 1.956
-15.151 -20.674 -267.192 2.088
-61.249 15.420 -270.648 2.041
-27.437 -75.799 -288.813 2.050
11.185 45.451 -299.996 1.951
28.124 -38.231 -225.367 2.116
78.882 9.155 -264.091 2.075
4.823 38.150 -211.816 2.081
-81.279 -26.425 -286.150 1.911
22.020 -62.818 -200.223 2.014
-95.719 28.807 -270.614 1.947
13.265 -23.060 -249.776 1.941
4.802 95.129 -299.663 1.996
10.229 10.841 -253.148 1.948
91.550 -63.678 -290.794 1.959
44.343 42.413 -236.853 1.887
12.707 -6.337 -248.998 1.883
1.577 -47.864 -230.926 2.055
-17.684 78.558 -239.009 1.982
11.984 63.958 -298.716 1.942
-9.957 78.739 -215.723 1.877
-35.201 15.574 -283.989 2.049
28.766 15.934 -221.121 2.086
34.944 -72.946 -275.347 2.060
-83.584 18.816 -261.147 1.898
-89.020 44.453 -229.683 1.882
86.657 -13.621 -272.178 2.179
-66.778 51.023 -213.938 2.100
32.951 -79.996 -281.097 1.939
10.498 17.023 -293.623 2.097
96.763 -68.999 -232.510 1.977
35.434 70.916 -226.102 2.028
97.656 77.394 -209.014 2.074
79.638 -0.746 -285.775 1.848
81.754 32.472 -283.569 1.999
1.511 -67.401 -232.735 2.106
-23.713 -26.538 -274.444 2.052
-79.332 21.032 -289.647 2.140
-61.122 -6.795 -281.163 1.921
-95.634 13.935 -240.616 2.000
-14.510 -0.286 -244.562 1.988
89.510 -9.259 -235.755 2.321
-60.496 -55.035 -222.307 1.970
47.714 -66.996 -237.245 1.865
