-41.974 81.018 -256.305 1.864
83.777 -90.653 -289.672 2.041
-72.811 97.444 -284.937 1.827
39.625 99.521 -219.022 2.129
25.880 -36.501 -236.387 2.115
27.211 31.111 -237.794 2.141
18.421 -97.082 -277.099 2.015
4.420 -97.144 -225.781 1.988
97.510 83.045 -256.594 2.083
4.264 42.688 -238.652 1.970
-79.837 -17.319 -263.313 1.966
-21.181 -3.903 -230.258 2.004
5.616 -37.900 -276.286 1.986
-34.115 -28.470 -231.207 1.983
95.052 17.865 -247.174 2.066
-77.554 -76.027 -283.628 2.051
74.664 29.984 -267.986 1.850
67.860 79.397 -243.899 2.013
-84.529 52.145 -235.453 2.163
55.728 50.246 -259.323 2.014
16.186 78.034 -207.778 1.931
-33.147 13.989 -239.778 1.947
9.076 96.929 -289.201 2.027
-12.075 -34.138 -286.635 2.010
-92.356 84.761 -299.189 2.052
-55.678 -5.892 -213.604 2.132
-58.596 -1.317 -200.706 2.013
90.053 -57.914 -262.894 2.143
43.811 37.751 -250.195 2.120
-98.313 81.257 -201.866 2.023
-47.473 -19.813 -263.549 2.033
-6.239 -23.227 -202.465 2.146
-33.810 -85.649 -256.103 1.952
-10.156 39.691 -299.095 2.050
-79.096 95.139 -296.523 2.010
-29.534 24.579 -200.170 1.879
79.368 4.395 -215.157 1.979
15.502 -11.792 -224.583 2.094
43.648 86.579 -273.461 1.916
36.940 99.979 -290.288 2.039
92.373 -35.170 -222.000 1.867
-10.635 -0.718 -279.613 1.940
11.487 -10.395 -296.074 2.036
59.246 9.520 -203.726 2.087
-97.366 87.445 -258.181 2.107
-58.026 -17.866 -236.205 1.867
15.967 76.081 -201.821 1.953
-75.080 92.731 -251.876 2.177
-30.317 -27.991 -244.134 2.138
29.105 -1.396 -296.770 1.964
2.617 -52.740 -268.197 2.202
54.489 -37.978 -203.953 1.913
43.226 43.388 -203.404 1.956
76.495 72.125 -267.762 1.949
1.946 -23.442 -277.999 1.886
51.968 -71.755 -258.015 1.974
48.860 -21.308 -266.106 1.895
95.603 10.379 -283.007 1.978
-33.548 -72.363 -213.230 1.907
-77.535 28.524 -204.761 1.980
10.207 13.578 -215.026 2.089
71.056 59.533 -223.553 2.144
1.141 -49.184 -265.863 1.871
-0.423 -94.875 -255.023 1.989
25.212 -43.119 -275.684 1.981
-16.306 -50.922 -277.848 2.188
1.039 -56.541 -267.340 1.882
-63.383 92.093 -247.626 2.034
-27.576 86.966 -228.550 1.914
3.886 65.592 -267.206 1.947
-96.055 69.442 -226.949 2.009
6.958 84.267 -299.121 2.087
-48.957 -42.163 -237.605 2.012
-24.779 -46.139 -211.602 2.089
-69.128 31.838 -232.944 1.870
-13.003 -26.365 -259.393 1.976
-29.656 46.648 -249.836 1.983
22.911 -47.021 -299.428 2.068
-72.730 -4.901 -279.225 2.051
90.546 -48.753 -240.415 2.052
6.457 -76.776 -289.489 1.949
92.026 -75.262 -232.779 2.135
-41.156 44.019 -248.403 2.024
-66.462 87.371 -250.017 2.124
15.914 38.506 -229.740 1.942
-99.667 12.351 -277.569 2.238
29.252 -25.037 -215.495 1.983
-97.171 73.494 -252.651 1.963
9.460 42.217 -282.506 1.876
-19.793 -57.826 -262.918 2.017
21.485 -43.408 -290.082 1.815
58.831 -78.751 -207.593 2.050
-64.304 -17.752 -285.738 1.862
88.376 14.585 -231.315 1.841
-81.428 81.922 -262.581 2.005
22.473 -60.102 -211.439 1.947
-97.819 -59.426 -243.966 1.961
-68.485 67.919 -274.436 1.927
-7.477 44.706 -290.846 1.878
59.331 -60.959 -263.725 2.164
