-78.496 75.004 -226.794 2.040
-44.056 -32.385 -286.712 2.077
65.773 -86.740 -272.793 2.003
-20.190 53.032 -243.688 2.065
-62.596 82.081 -260.535 1.829
-50.739 -34.650 -252.083 2.035
-50.494 -48.941 -266.207 2.042
-84.072 -94.027 -239.043 1.979
39.733 -10.880 -227.472 2.124
-57.424 86.535 -267.991 1.861
38.875 -20.052 -270.459 1.946
-78.871 -22.359 -265.241 2.025
-11.414 60.911 -255.774 2.038
65.501 -38.614 -283.643 1.850
-28.298 33.608 -234.109 1.995
-72.501 -15.162 -273.317 2.098
-51.650 13.343 -299.385 1.856
-32.849 85.160 -201.303 1.756
18.300 -44.620 -271.176 2.067
73.653 35.182 -202.698 2.087
55.647 -33.929 -272.169 2.131
63.252 -67.437 -228.035 1.966
-17.287 52.131 -270.480 1.883
62.070 -90.877 -267.177 1.992
80.097 31.630 -240.955 1.868
62.277 -67.805 -220.389 2.061
-22.337 -75.452 -226.623 2.034
43.394 76.219 -224.803 1.995
-31.458 11.329 -294.277 2.025
63.165 -52.563 -287.007 1.769
42.800 99.872 -247.035 2.067
-48.130 63.449 -263.135 1.941
89.762 -34.069 -297.144 2.163
64.804 -79.069 -293.851 1.969
32.486 -91.958 -233.597 1.915
-57.641 -3.121 -257.255 1.940
-85.032 -41.841 -228.643 1.869
-74.946 22.707 -246.831 1.940
-26.668 24.073 -279.200 1.860
77.559 45.757 -232.541 1.950
-90.802 19.059 -264.763 1.906
-24.979 30.763 -228.294 2.106
88.691 83.655 -267.542 2.120
80.862 -15.914 -215.092 1.911
-63.065 99.087 -213.246 2.115
-12.686 -55.252 -256.943 1.944
13.989 59.093 -275.227 1.985
-91.724 15.077 -299.152 1.919
-49.695 -47.984 -258.014 2.136
79.766 99.900 -261.413 1.961
-24.825 -70.629 -292.066 1.926
92.128 1.536 -291.394 2.025
15.821 56.171 -227.450 1.951
5.243 -2.465 -249.510 2.018
1.645 -24.908 -201.264 1.923
-11.810 -66.834 -298.088 2.051
51.983 -61.603 -290.749 1.957
-67.272 77.657 -279.235 1.979
-34.917 -41.017 -228.331 2.100
-60.288 34.400 -204.585 2.025
26.424 -44.608 -230.281 1.839
-49.008 -7.723 -222.156 1.908
38.221 -41.067 -230.291 1.905
-58.104 83.895 -204.833 2.152
-34.945 -54.076 -292.712 1.770
32.164 -37.622 -226.317 2.065
18.283 11.096 -239.354 1.934
-47.916 87.864 -242.832 2.081
46.945 -75.534 -289.474 2.051
14.662 -75.411 -274.427 1.936
-21.785 -1.351 -260.652 1.916
-82.984 -3.380 -200.241 2.189
-39.403 -54.952 -242.617 1.990
-13.131 61.922 -275.103 1.970
-25.533 -3.765 -264.291 2.102
99.062 1.049 -280.791 1.913
-37.347 -10.413 -299.584 2.040
54.549 -73.826 -289.571 2.106
-37.396 38.157 -266.829 1.952
-37.401 -26.510 -207.629 1.968
64.519 79.737 -223.824 1.864
5.560 -19.100 -222.436 2.035
3.139 81.848 -202.260 2.179
41.398 81.773 -227.772 1.863
-31.437 19.608 -266.111 1.905
31.340 -75.121 -297.702 1.990
-75.492 78.416 -271.240 2.001
50.690 87.277 -284.435 2.031
25.497 -79.111 -215.516 2.123
89.400 -93.442 -295.647 2.111
-16.287 -84.472 -291.110 2.034
84.315 -85.648 -238.366 2.008
48.350 -29.298 -294.815 2.045
59.261 -92.363 -293.508 2.076
31.477 16.312 -234.473 2.110
19.927 -22.185 -240.139 1.895
72.902 45.733 -214.680 1.977
-74.833 96.700 -261.829 2.166
-38.992 -98.601 -278.159 2.028
90.179 -26.400 -281.215 1.877
