86.602 89.028 -291.291 1.998
-72.540 -10.260 -213.676 1.919
-14.236 77.008 -269.751 2.107
-90.317 -50.472 -279.661 1.983
-5.807 -63.071 -211.350 1.966
-26.846 -73.839 -243.534 2.157
5.271 18.706 -214.464 2.082
-51.987 -34.858 -270.896 2.023
-86.501 89.616 -201.164 2.019
-59.932 96.666 -278.236 1.935
29.246 20.323 -282.799 2.000
78.561 42.915 -280.175 2.002
-69.836 -12.608 -269.537 2.123
93.712 -11.656 -287.983 1.978
-98.176 -55.716 -243.679 1.948
-15.693 -57.011 -248.200 2.043
-87.550 40.376 -284.991 2.067
58.841 -71.879 -227.932 2.029
-69.455 -32.841 -288.412 2.124
-0.397 9.435 -252.504 1.935
12.195 55.730 -205.285 2.080
65.398 -87.154 -220.945 2.162
18.066 -1.710 -285.178 2.157
-52.940 -2.255 -239.403 2.054
31.503 46.964 -274.879 2.104
-83.111 23.691 -234.285 1.895
-64.123 -33.352 -270.712 2.087
-74.339 -60.299 -206.583 1.869
-26.160 32.958 -258.750 2.107
33.600 47.779 -259.697 1.992
-63.296 5.329 -203.330 1.947
-66.275 62.475 -274.589 1.946
57.235 -6.834 -203.392 1.908
-56.367 -87.181 -298.298 1.964
64.584 95.694 -250.243 2.148
-4.848 94.923 -275.807 1.912
19.991 -59.567 -295.393 1.984
-12.873 43.975 -218.757 1.886
-38.970 64.393 -221.804 1.873
38.131 65.958 -299.187 2.044
-76.627 -71.046 -264.570 2.049
-64.164 98.449 -215.817 1.935
78.613 17.761 -243.900 1.995
-67.306 -42.871 -212.520 1.988
-82.400 55.369 -289.639 1.955
32.525 9.863 -282.349 2.111
76.515 82.823 -295.153 1.910
-33.682 -23.257 -289.282 2.011
-50.977 -61.076 -269.821 1.911
-18.466 82.660 -265.122 2.066
-12.471 -52.048 -233.886 2.142
-44.456 -97.876 -213.515 1.958
-7.141 -64.266 -271.459 1.967
-37.395 92.747 -278.074 2.130
-12.913 53.666 -271.627 2.062
-87.554 67.157 -294.105 1.994
-10.161 1.373 -212.226 2.107
17.565 86.754 -217.614 2.112
-87.133 -79.027 -203.240 2.077
-97.234 -68.885 -296.662 2.025
51.067 8.805 -268.373 1.886
6.437 -57.006 -298.284 2.020
95.410 -39.330 -240.475 1.975
91.676 -4.891 -213.881 2.202
8.341 54.523 -215.295 2.071
66.088 14.819 -242.906 1.994
-0.803 -45.437 -242.959 1.898
-51.428 85.579 -278.463 1.923
-57.008 -99.646 -299.485 1.930
-36.722 -21.820 -290.500 2.196
-78.472 89.774 -255.917 1.941
-91.258 -26.346 -259.774 2.104
29.567 9.944 -238.111 2.092
-67.206 90.620 -227.122 2.047
15.422 -18.550 -203.365 1.977
90.202 -8.202 -214.510 1.984
36.840 93.536 -214.806 2.054
53.673 24.190 -219.005 1.999
27.653 38.221 -229.616 1.940
-34.415 9.478 -297.842 2.092
-26.509 20.703 -207.757 2.306
85.433 83.135 -239.993 2.010
-30.831 46.266 -249.454 2.078
25.548 76.704 -272.550 1.915
99.508 50.508 -203.893 2.064
90.992 -65.906 -258.691 2.031
-21.404 -9.968 -221.400 1.930
-52.530 -48.543 -278.251 1.912
-74.081 -36.824 -265.803 2.026
84.611 -37.966 -259.435 2.079
-37.018 -6.111 -236.707 1.956
-72.237 -17.351 -206.851 1.981
-45.913 -18.334 -232.741 1.852
-50.621 51.583 -273.327 2.196
-13.174 79.585 -209.025 1.997
-17.428 19.343 -225.758 2.160
33.002 -70.487 -286.930 2.034
80.828 -62.245 -261.128 1.946
25.962 98.880 -295.447 2.098
86.437 -90.871 -235.199 2.017
