75.328 -65.950 -221.324 2.047
-35.799 78.719 -292.597 2.001
77.061 98.315 -275.005 1.895
37.319 80.542 -236.060 2.093
-58.642 -45.360 -228.363 1.991
14.047 -12.467 -240.647 1.892
-83.687 82.009 -237.528 1.941
64.934 -57.932 -258.881 1.891
7.733 -27.527 -268.347 2.075
-0.829 -43.564 -215.840 1.981
-19.771 6.672 -250.045 2.003
60.044 38.851 -227.495 2.042
6.767 -29.942 -200.909 2.141
-94.633 75.293 -227.289 1.950
72.201 49.719 -209.409 1.917
51.881 56.422 -249.623 2.070
74.549 56.777 -256.917 1.971
60.216 -66.240 -273.595 1.838
-46.507 15.343 -232.446 1.939
99.866 13.268 -228.207 2.145
-88.733 -88.341 -203.929 2.045
5.511 80.579 -284.368 1.974
29.186 -97.230 -219.311 2.085
1.423 -68.298 -242.787 2.033
-33.741 -13.768 -267.405 2.055
87.854 -37.714 -215.014 2.113
-81.155 -43.987 -255.044 2.014
67.729 -92.340 -230.855 2.123
5.745 -20.500 -241.358 2.007
99.373 90.332 -258.746 1.941
81.653 58.441 -278.406 1.952
60.332 28.345 -286.222 1.777
89.933 -30.518 -278.396 2.087
-61.579 -48.143 -276.415 1.986
-36.081 26.403 -237.395 2.139
-22.333 61.228 -260.554 2.139
-69.889 37.459 -213.107 1.966
-44.422 89.656 -287.178 1.969
29.089 -43.590 -253.969 1.923
-30.034 7.440 -206.462 1.944
77.121 -49.358 -280.108 1.884
-77.901 -59.657 -227.714 2.065
-62.964 -67.788 -241.056 2.083
15.531 -10.376 -237.778 1.950
-32.342 -43.875 -213.078 1.863
11.845 30.614 -256.425 1.939
31.721 6.797 -286.916 1.885
-61.463 -44.138 -214.403 2.100
-89.116 -22.922 -262.024 2.117
-63.255 21.623 -262.748 1.938
-96.488 45.915 -262.024 2.074
-66.179 -7.240 -261.691 1.875
-13.444 12.032 -268.203 1.982
-64.530 -90.923 -212.668 1.956
41.512 93.221 -240.579 2.142
-39.532 5.752 -263.896 2.022
84.946 -85.157 -253.801 1.898
-74.289 88.633 -223.384 1.856
16.830 74.016 -238.676 1.731
-64.057 61.669 -205.265 2.082
52.491 51.175 -223.818 1.874
28.588 46.747 -225.029 2.045
84.559 40.419 -201.069 1.962
20.705 37.327 -230.640 1.966
36.950 88.371 -215.775 2.067
69.286 -65.204 -286.492 2.138
-72.912 -5.319 -293.323 1.801
47.130 53.866 -219.227 1.957
-7.003 -52.170 -288.649 2.021
-44.682 66.019 -218.070 2.127
48.056 -75.144 -210.837 1.940
16.622 55.643 -249.626 2.030
79.851 56.184 -266.734 2.068
-70.882 -49.709 -241.481 1.999
60.111 -68.334 -277.263 2.006
-61.613 -46.449 -279.885 1.953
68.238 -66.252 -229.006 2.076
71.225 14.980 -254.814 2.038
-28.822 -46.976 -216.975 2.068
-45.397 96.400 -263.637 1.949
-52.580 -67.188 -212.002 2.020
17.337 -27.801 -217.203 1.973
35.960 -95.492 -232.846 1.995
80.906 25.472 -293.226 2.043
2.653 46.213 -285.190 1.980
86.872 -90.320 -270.906 2.161
-56.957 -48.973 -261.752 1.788
-37.170 83.770 -229.268 2.090
-47.283 66.443 -222.790 1.950
-95.258 2.741 -259.490 2.113
17.061 -74.301 -285.372 2.091
2.932 26.996 -234.962 2.025
-72.770 -81.654 -280.236 1.912
-95.975 97.998 -221.623 1.850
42.617 -18.906 -295.517 2.141
52.734 42.085 -268.192 1.887
81.193 -98.644 -215.296 2.023
-67.544 -88.425 -276.564 2.018
52.781 -37.372 -202.098 2.026
15.438 -84.720 -262.763 1.945
