-13.247 21.171 -280.288 1.989
-93.751 -36.813 -210.851 1.999
-95.304 -67.306 -270.256 1.949
-10.562 23.599 -288.583 2.162
25.502 57.126 -278.265 2.138
92.929 -36.296 -213.273 1.990
24.031 54.795 -288.568 1.847
23.366 63.770 -279.761 2.093
91.952 60.173 -230.683 2.243
-53.767 27.666 -287.083 1.919
-57.685 79.671 -298.066 1.983
-67.256 43.178 -240.465 1.926
7.288 -18.859 -269.902 1.991
-80.751 -71.260 -223.159 1.999
20.442 37.629 -268.299 2.069
63.253 -48.687 -253.913 1.892
-79.243 78.150 -246.687 2.150
-26.095 30.249 -298.331 2.022
-8.452 -90.862 -278.712 2.024
58.792 30.681 -215.541 2.036
48.229 -35.221 -268.672 2.077
19.857 -6.482 -264.854 2.013
-12.163 -13.358 -223.520 1.827
60.813 -27.882 -252.281 2.085
-35.948 15.253 -212.534 2.001
-81.777 -60.792 -226.423 2.110
-79.858 -55.605 -296.164 1.957
-6.540 -45.867 -230.962 2.071
-55.868 69.877 -247.228 1.830
-23.224 -2.365 -266.078 2.050
73.917 -1.974 -205.778 2.057
84.835 -34.711 -204.421 2.088
-37.817 -22.173 -279.999 2.118
95.342 83.674 -224.041 2.016
96.314 -81.901 -266.986 2.135
-4.180 -74.886 -275.039 1.912
25.572 -92.592 -259.650 2.000
77.461 59.703 -287.670 1.969
68.796 -0.194 -263.138 1.886
39.295 92.558 -254.349 2.097
-36.446 -56.376 -241.150 1.934
61.933 62.181 -229.882 1.908
61.486 28.569 -277.663 1.927
-61.027 95.528 -248.530 2.033
-6.448 7.575 -243.093 2.133
-2.808 -85.879 -234.582 1.885
2.856 9.823 -248.101 2.001
-94.175 83.520 -254.927 2.020
92.328 -12.831 -268.096 1.868
53.736 -43.276 -230.605 1.861
-82.148 -77.630 -240.448 1.988
61.928 27.932 -234.248 1.985
9.400 -43.728 -226.631 2.054
62.622 90.359 -299.006 2.065
51.579 22.543 -235.961 1.991
-86.873 54.130 -223.725 2.116
-40.633 -40.423 -242.281 1.903
-3.462 -71.084 -202.839 2.118
1.637 -69.513 -220.018 1.969
7.676 -11.120 -263.475 1.927
-16.117 68.987 -291.179 2.071
-65.727 69.104 -292.716 1.970
80.369 -78.832 -292.046 2.027
29.490 27.162 -231.988 1.920
36.292 32.061 -243.642 1.986
-33.409 97.352 -223.331 2.164
91.765 57.040 -272.136 2.125
-26.809 76.729 -288.163 1.968
-26.962 0.308 -228.993 1.963
21.022 -25.337 -264.075 1.991
-26.229 35.870 -264.113 2.159
28.678 98.500 -296.740 1.923
-73.747 6.891 -224.046 1.936
86.220 -53.090 -266.793 2.051
67.663 67.680 -227.570 2.028
42.796 40.803 -208.215 1.975
-59.982 79.345 -282.541 2.116
90.864 -3.606 -291.533 1.949
14.955 -68.686 -247.066 1.968
74.069 3.439 -252.753 2.110
-65.396 -32.879 -212.142 1.914
-44.012 -78.242 -225.553 2.001
-27.605 -20.277 -277.517 1.993
92.496 2.506 -249.501 2.028
-14.721 -41.562 -254.361 1.809
-33.533 -79.387 -262.270 2.045
63.641 14.738 -298.423 1.974
6.320 -60.772 -273.574 2.080
-4.293 80.860 -269.164 1.728
-90.838 -30.893 -294.166 1.845
87.270 96.348 -221.316 2.134
36.202 -52.502 -297.371 2.086
-7.966 -87.398 -205.276 1.907
-28.273 -88.122 -288.139 2.199
-63.303 83.559 -249.185 1.909
-28.733 -18.405 -278.331 1.997
81.484 -50.774 -298.265 1.978
-59.099 70.206 -292.767 2.089
-67.801 -97.389 -293.207 2.135
-74.602 -5.616 -252.376 1.944
