-70.999 87.283 -196.403 2.099
-41.386 -81.345 -224.523 2.128
-10.033 -79.092 -310.683 2.057
-97.346 72.787 -352.406 2.038
78.039 -7.519 -105.749 1.969
-48.057 -57.369 -117.395 1.968
-65.266 -83.007 -339.368 1.892
-17.253 8.934 -65.861 1.947
-13.502 -11.624 -205.095 2.038
-44.762 83.971 -322.049 2.058
48.581 71.099 -163.653 2.019
13.910 -8.417 -44.237 2.108
10.306 69.501 -355.774 1.974
54.035 -25.114 -187.004 1.902
88.375 14.054 -363.908 2.017
32.351 5.658 -247.776 2.046
93.616 81.244 -49.868 2.023
-63.552 29.406 -112.695 1.970
35.886 42.545 -399.974 1.942
45.094 52.543 -99.883 2.279
-34.031 -67.697 -179.287 1.849
86.932 -27.084 -210.657 1.960
-58.963 60.402 -38.956 2.054
-79.416 -1.509 -283.815 1.994
-31.868 -50.521 -272.097 1.978
16.597 -46.270 -210.798 2.077
64.606 -77.265 -241.683 1.910
11.619 73.212 -380.910 2.127
48.086 -69.071 -196.240 2.038
-69.139 82.829 -199.097 2.098
-46.114 95.328 -259.468 1.985
-89.824 -39.691 -58.885 1.967
-14.419 -4.558 -247.355 1.950
23.491 -70.425 -315.916 2.002
96.621 20.158 -170.886 2.007
-6.102 74.982 -45.789 1.956
-49.520 -65.524 -173.181 2.114
33.314 1.350 -134.040 1.906
-28.877 -40.989 -385.786 1.966
68.257 -85.396 -80.384 1.898
-69.894 35.031 -286.527 1.873
5.286 -13.374 -212.640 1.917
29.426 50.298 -54.433 1.886
46.030 -65.600 -360.660 2.066
27.025 62.319 -185.952 1.862
-2.251 -59.483 -378.155 2.026
-2.341 -9.452 -113.027 2.028
87.133 -51.391 -324.659 2.013
6.524 15.937 -192.410 1.943
58.405 31.530 -1.434 2.007
13.806 99.861 -71.054 1.961
-44.803 -41.873 -69.790 1.880
37.667 46.137 -24.246 1.827
54.681 61.785 -176.400 2.054
73.154 -88.433 -170.234 1.845
-43.003 97.792 -35.823 2.112
58.724 -42.043 -99.068 1.969
42.907 -32.188 -373.583 2.048
46.519 -60.559 -72.774 1.937
90.067 52.505 -149.179 1.755
-75.338 -81.494 -73.810 2.179
57.275 -91.029 -47.012 1.978
-25.986 92.491 -92.282 2.226
-40.244 -24.496 -134.568 2.134
-71.324 -1.559 -367.506 2.023
88.524 81.718 -300.637 2.188
-18.648 -68.241 -226.545 2.013
-87.709 56.431 -31.116 2.047
-45.017 -9.933 -20.877 2.038
-58.336 -26.383 -214.731 2.066
56.589 82.799 -157.385 1.983
82.447 56.284 -392.907 1.870
95.273 69.943 -397.733 2.089
-82.662 -50.964 -379.532 2.092
-25.530 -80.758 -342.126 2.010
74.824 9.019 -0.210 2.054
31.951 41.322 -374.614 2.047
-70.602 -10.061 -327.042 2.139
-44.093 -95.196 -46.668 1.981
-84.271 -13.935 -100.395 2.012
-32.986 -18.128 -161.470 2.081
0.704 82.803 -12.293 2.059
79.604 30.265 -42.176 1.749
13.076 -50.571 -251.974 1.877
-58.526 -31.735 -199.089 2.017
-40.068 -53.468 -310.640 1.963
-80.198 -93.313 -382.240 2.045
-38.197 -2.628 -163.131 2.037
13.537 -86.114 -326.577 1.940
-47.462 -69.088 -11.114 1.941
62.592 -92.615 -82.919 2.144
-48.837 -86.503 -46.819 2.135
-76.721 43.435 -374.191 2.200
-15.678 -2.141 -238.584 2.108
-45.829 -68.922 -11.040 2.033
-54.651 35.325 -219.010 1.904
-1.037 -49.029 -266.046 2.095
45.301 61.090 -262.514 2.003
26.911 -32.587 -71.311 1.883
-79.630 -84.687 -319.255 2.086
