-34.438 -55.233 -286.314 1.959
-1.831 -96.161 -397.238 1.919
18.614 -82.487 -137.907 2.035
-97.119 67.334 -219.897 1.937
-57.643 -76.454 -396.170 1.970
28.806 -61.249 -272.407 1.832
83.772 84.871 -138.053 1.947
51.808 -75.376 -37.839 1.985
-20.294 17.043 -158.269 2.090
81.540 -17.337 -367.201 2.134
-15.250 77.640 -218.887 2.064
63.847 92.874 -383.396 1.751
51.360 74.767 -177.930 1.892
94.360 26.852 -113.723 1.888
-6.260 83.803 -84.829 2.109
96.341 99.038 -213.061 1.863
-48.695 -16.023 -63.804 2.086
-26.714 30.475 -376.533 1.787
48.989 69.780 -208.125 2.162
11.032 -10.438 -270.003 2.090
76.757 -36.352 -267.344 1.911
-69.873 -76.532 -312.003 2.070
44.582 64.586 -147.669 1.911
27.139 -54.019 -352.615 1.936
-37.544 -17.232 -196.517 2.052
35.933 -47.287 -220.358 2.145
41.894 39.972 -365.916 2.016
36.331 -15.678 -79.422 1.994
-65.291 -92.130 -262.599 2.067
71.902 -46.039 -129.701 1.919
-74.619 -50.719 -236.404 1.884
-11.940 -77.391 -394.231 1.986
54.233 8.295 -19.845 1.824
43.838 -20.992 -123.170 2.006
-45.435 -6.447 -47.824 1.887
83.718 -7.510 -6.103 1.932
-89.265 -61.958 -35.143 2.067
-63.202 -20.693 -88.629 2.015
-28.966 68.005 -252.489 1.930
-31.458 95.432 -38.307 2.043
-13.921 49.940 -25.331 2.045
19.896 54.852 -229.213 1.946
72.096 9.180 -325.872 1.931
-91.706 44.116 -31.648 2.042
-70.395 -16.786 -119.285 2.016
3.087 48.700 -34.612 2.319
-10.889 42.793 -7.885 2.048
-10.583 -52.131 -210.505 1.914
10.618 7.833 -14.592 2.025
-33.309 24.919 -83.858 2.083
49.752 -3.397 -239.161 1.887
40.209 -19.997 -178.127 2.080
-2.551 59.178 -313.309 1.756
88.162 97.109 -31.012 1.981
-68.109 3.378 -334.732 2.106
-53.454 -8.001 -168.679 1.906
-58.390 -94.787 -389.794 2.142
50.892 92.829 -394.594 2.029
62.439 38.419 -35.133 1.915
-14.087 62.841 -144.338 1.952
-41.281 -72.181 -78.833 2.177
99.769 23.695 -355.267 1.873
16.030 53.282 -183.033 2.319
-67.436 -90.877 -155.566 1.987
68.028 -65.597 -93.675 1.909
75.626 60.162 -163.621 1.931
11.107 -96.301 -153.428 2.124
13.807 36.905 -185.993 2.133
0.624 88.244 -385.776 2.142
-1.829 -41.700 -318.780 1.808
-78.102 -92.394 -187.855 2.183
85.623 17.532 -191.862 2.216
-60.529 -4.320 -111.700 1.994
34.774 13.163 -25.190 2.057
71.213 -34.496 -247.184 2.045
-58.897 83.317 -24.883 2.030
-69.060 -39.011 -357.533 2.065
-80.113 28.878 -132.654 1.955
76.571 -75.108 -348.592 2.006
97.222 -56.290 -13.438 2.131
60.024 62.586 -346.466 1.892
30.390 16.371 -356.691 2.015
23.357 -93.954 -25.354 2.119
-46.769 -33.878 -147.455 2.042
-20.138 17.110 -332.125 1.887
-20.137 -12.712 -256.867 1.873
93.590 -11.857 -159.667 2.027
9.352 90.196 -396.572 1.953
-79.103 54.372 -325.548 1.869
13.844 9.473 -310.975 2.279
4.513 6.734 -348.408 2.242
-71.394 -46.248 -181.718 2.040
49.335 86.609 -333.952 2.043
97.012 23.005 -238.404 1.923
-86.642 90.704 -387.240 2.059
16.852 30.055 -173.721 2.151
17.197 89.221 -149.639 2.005
-16.822 24.920 -363.377 2.005
25.596 29.095 -197.069 1.952
-24.147 30.804 -339.616 2.053
