48.459 -74.292 -110.509 1.891
26.858 60.163 -111.421 2.036
-0.465 -81.199 -183.910 2.104
37.854 -72.117 -142.789 1.899
-43.527 35.183 -205.603 2.127
98.589 -72.372 -103.562 2.170
-47.144 -94.021 -276.543 1.957
57.180 29.020 -263.151 1.926
57.650 58.506 -58.363 1.894
77.958 34.183 -248.356 1.806
65.160 52.766 -178.092 1.950
-90.718 -12.606 -18.460 1.962
-2.169 13.109 -279.483 2.164
85.530 84.116 -176.757 2.016
-59.335 -62.868 -289.124 2.074
94.218 77.408 -117.122 2.006
-87.431 79.803 -120.430 1.944
40.784 -61.887 -139.876 2.083
3.594 90.905 -99.897 2.126
-25.998 7.362 -396.998 2.005
-9.798 -24.053 -134.342 1.933
-72.847 4.295 -103.738 2.040
-90.670 83.028 -174.042 2.029
37.317 40.019 -213.404 2.018
85.401 -46.811 -115.347 1.910
50.779 -29.378 -170.070 1.912
-99.624 83.828 -55.027 1.932
-33.452 27.037 -86.074 1.954
59.327 -87.104 -67.334 1.981
-85.915 60.273 -315.941 1.904
40.558 -10.806 -377.851 2.123
-84.387 -43.164 -205.298 2.044
-63.119 72.730 -20.377 1.947
-18.013 19.082 -71.324 2.011
75.974 56.824 -198.789 2.043
59.232 36.873 -161.201 1.836
33.337 65.226 -336.242 2.018
-26.830 55.868 -284.232 1.886
-92.613 57.243 -87.429 1.984
78.641 96.252 -150.817 2.057
-75.004 -23.666 -180.690 2.064
-64.673 -80.462 -135.752 1.991
46.208 43.218 -192.794 1.992
-2.480 53.827 -326.127 2.076
-71.221 -0.656 -350.580 2.072
68.503 58.359 -107.093 2.125
-82.347 -77.616 -325.903 2.197
-69.178 -6.143 -24.211 1.903
42.944 -77.467 -119.622 1.915
-54.037 13.868 -46.997 1.863
56.609 46.643 -24.940 2.036
17.554 -81.725 -397.476 1.883
28.429 6.189 -6.630 2.159
-60.344 -92.092 -395.731 1.996
-31.880 88.792 -321.375 2.105
-61.080 40.287 -355.946 2.115
-36.696 94.857 -104.741 1.988
9.819 91.518 -221.408 1.982
-46.530 -7.479 -42.698 2.029
-95.456 -45.626 -353.666 2.077
1.976 78.357 -309.952 2.159
76.240 -21.917 -21.873 1.997
-30.029 70.803 -105.341 1.977
0.379 -83.969 -263.879 2.077
-9.789 14.677 -262.253 1.975
27.910 -48.398 -320.421 1.881
-90.513 -1.447 -340.535 1.978
29.316 59.572 -216.964 1.874
51.334 26.657 -191.158 2.090
37.645 -33.228 -1.050 1.995
-42.514 -49.756 -188.273 1.785
-40.999 -38.486 -133.046 2.105
-89.687 19.575 -283.822 2.050
-1.629 30.088 -399.135 2.011
-28.152 13.807 -352.511 1.949
67.124 -22.274 -206.741 2.041
-23.912 -69.890 -25.119 1.916
80.630 -10.161 -134.715 2.094
-88.124 -89.651 -5.712 1.927
92.489 -77.501 -306.907 2.029
79.925 -23.102 -195.200 2.005
-25.296 84.984 -174.943 1.943
-79.106 -62.317 -350.526 1.823
-99.102 -54.608 -304.370 1.976
-65.666 -26.163 -60.902 1.990
27.971 92.296 -316.581 2.100
69.046 64.211 -158.079 2.137
3.841 74.821 -81.830 1.922
40.181 78.999 -202.208 1.924
40.694 -81.827 -289.567 1.848
-69.580 90.531 -199.139 2.349
12.500 -15.694 -57.326 1.978
30.569 71.553 -391.414 2.005
-21.420 -26.847 -289.885 1.957
14.636 63.233 -365.622 1.983
-11.754 18.834 -146.095 2.074
40.473 92.136 -333.162 2.160
-15.915 -95.288 -131.906 1.946
-0.220 89.245 -349.899 2.034
42.505 47.173 -36.802 2.000
