56.453 30.817 -99.675 1.945
-68.197 -99.043 -295.967 1.856
-52.341 16.424 -215.234 2.110
-91.468 5.443 -343.917 2.041
-97.323 -74.620 -236.668 1.860
38.332 69.109 -358.399 2.132
-39.591 -83.162 -258.045 2.036
62.510 -89.662 -51.991 1.968
16.631 56.387 -282.475 2.037
1.937 76.682 -253.854 2.047
-74.168 47.299 -264.945 1.997
-75.113 60.982 -264.815 1.906
-92.001 -66.820 -203.671 2.045
-3.676 78.732 -53.278 2.240
-2.806 -13.170 -86.460 1.884
71.876 97.590 -30.510 1.922
-26.334 77.653 -281.365 2.059
88.723 36.364 -395.367 1.960
-40.838 -68.762 -174.369 1.951
3.672 61.812 -242.219 2.087
31.054 -39.259 -35.047 2.107
16.078 -59.293 -251.074 2.131
-73.193 42.200 -46.712 1.802
-7.687 45.791 -247.835 1.879
-66.911 -71.346 -126.480 2.070
-97.585 73.073 -360.462 1.831
-24.582 -76.500 -321.761 2.046
93.866 33.564 -204.688 1.952
-26.647 0.946 -6.755 1.990
-94.211 -88.743 -284.428 2.022
-27.243 -11.473 -45.837 1.874
-78.948 -45.942 -310.099 1.902
52.804 75.111 -226.446 2.037
-15.251 -94.782 -45.504 1.963
63.976 5.448 -187.506 1.850
-42.850 69.282 -110.204 1.971
76.322 81.496 -243.768 1.935
-53.976 -11.060 -312.662 2.108
-57.945 -61.623 -267.624 1.834
33.060 17.691 -178.914 2.029
-77.573 42.084 -134.327 1.958
-62.295 -62.978 -386.352 1.926
78.234 -27.983 -143.334 2.150
-76.112 51.488 -275.313 2.045
22.699 -87.531 -15.823 1.962
37.261 70.496 -149.395 1.983
4.129 89.550 -38.921 2.152
-36.268 -88.421 -299.729 1.964
-79.128 -50.618 -209.273 2.034
-8.416 71.866 -154.235 1.987
-71.236 -60.981 -70.852 2.041
-71.938 34.431 -3.154 2.086
45.619 2.307 -332.695 2.093
-43.931 -95.978 -187.315 2.001
-84.566 54.126 -148.451 2.075
-44.903 -97.852 -44.685 1.829
-79.168 30.770 -17.481 1.901
21.256 62.815 -388.837 2.053
-76.093 84.754 -142.457 1.998
-92.973 60.787 -119.213 2.009
90.860 61.966 -44.001 1.866
21.779 48.389 -131.049 2.111
75.604 -57.070 -174.308 1.993
67.175 -46.220 -291.492 1.969
47.743 -30.520 -210.497 2.143
-35.528 -69.948 -220.394 1.987
8.724 -54.153 -4.973 1.880
-18.111 63.616 -175.857 2.233
82.796 38.782 -116.824 1.901
-23.878 4.771 -29.128 2.119
-38.747 57.064 -72.260 1.925
39.737 95.187 -229.162 1.982
41.948 -97.326 -306.407 2.039
-39.187 -23.688 -124.013 2.117
17.321 -0.109 -88.925 1.874
-15.467 81.572 -131.348 1.903
26.555 -36.558 -250.650 1.831
48.368 12.754 -8.768 1.860
-9.979 -45.610 -336.706 2.008
81.645 7.602 -381.061 2.035
-37.705 -14.231 -169.151 1.974
44.795 75.512 -101.162 1.892
-89.921 -89.071 -312.211 1.918
-43.862 35.328 -294.729 1.998
4.407 -83.738 -352.518 1.955
1.649 9.795 -352.800 1.966
73.392 -95.977 -201.998 1.984
-2.025 12.699 -283.572 2.001
71.864 -95.486 -382.622 1.907
52.314 19.085 -137.183 2.139
71.457 -83.559 -22.090 2.002
-56.429 -2.499 -383.019 1.897
5.329 29.654 -5.875 2.007
91.067 93.899 -141.487 2.058
-60.512 -57.935 -285.873 2.161
-66.225 -63.597 -159.477 2.078
5.476 6.254 -271.673 2.012
-61.942 9.177 -358.999 2.004
-24.169 -75.681 -275.462 2.072
-91.044 -73.810 -155.089 2.040
