34.710 12.832 -275.260 1.990
13.927 48.692 -187.249 1.760
-56.622 56.717 -114.687 2.053
90.246 7.464 -239.978 1.824
-7.287 85.363 -195.189 1.829
62.260 89.939 -371.867 1.853
-58.861 -62.002 -190.207 1.963
-70.651 -7.837 -59.012 1.897
-44.990 80.881 -286.652 1.862
-3.194 18.890 -214.491 1.828
-61.647 59.458 -182.419 2.021
86.818 82.389 -185.119 1.845
2.698 46.114 -229.851 2.027
34.352 -73.696 -278.268 1.993
50.171 -57.381 -274.531 1.986
-98.928 -22.136 -394.351 2.030
-26.521 -36.650 -128.202 1.969
-33.340 -18.816 -340.619 2.191
11.886 53.370 -104.945 1.909
-81.158 -93.720 -206.410 2.037
-60.162 -77.965 -273.126 2.196
-1.955 -41.791 -89.739 1.924
73.157 -75.226 -262.926 1.947
-77.338 92.794 -163.105 2.093
58.273 19.486 -146.796 2.248
-2.411 73.497 -126.620 1.862
64.210 -62.784 -396.744 1.901
54.045 -8.744 -384.288 1.980
-9.808 63.493 -382.581 2.056
57.720 44.294 -165.698 1.964
-39.019 -74.983 -263.264 2.146
-67.416 53.242 -144.175 1.895
-56.950 -76.647 -69.927 2.064
-8.729 66.150 -73.367 1.963
90.994 -31.702 -276.789 1.893
-37.630 72.366 -34.637 2.065
-88.256 71.343 -78.839 2.106
-48.772 1.457 -42.878 2.025
54.775 -36.080 -128.881 1.976
-19.664 -62.760 -159.416 1.981
-8.906 19.429 -332.613 2.073
49.505 -58.877 -13.615 2.047
95.647 76.787 -62.682 1.813
9.327 -11.138 -53.351 2.116
21.276 5.408 -366.745 1.934
90.409 -47.747 -381.457 2.191
56.484 -98.333 -330.668 2.005
78.409 -55.081 -213.698 2.100
-45.360 28.018 -367.761 2.063
70.232 -11.495 -183.274 1.974
-3.343 -66.836 -68.423 1.908
98.809 6.607 -275.432 1.939
-61.810 63.458 -398.139 2.005
-17.075 -36.451 -17.061 2.037
71.222 98.117 -187.506 2.181
40.836 -59.118 -335.244 1.936
-40.904 60.669 -396.634 2.064
98.569 -15.754 -84.158 2.056
-61.613 -29.311 -2.011 2.038
-46.995 -68.544 -180.031 2.215
94.508 47.899 -218.816 1.981
-23.860 -96.215 -87.196 1.958
-51.740 -51.963 -37.741 1.795
20.988 -58.717 -60.557 1.910
39.437 62.548 -226.750 2.015
55.735 -60.342 -10.507 2.094
-0.420 25.833 -176.794 2.082
7.407 -21.229 -157.532 2.136
-33.353 19.171 -333.918 2.044
-74.376 -12.412 -265.604 1.834
82.207 -92.590 -59.458 1.990
26.113 -62.817 -395.436 2.103
10.506 35.070 -373.698 2.235
29.755 21.256 -32.117 2.059
-35.869 -94.083 -306.929 1.953
62.918 40.823 -315.313 1.935
26.032 97.111 -185.876 1.835
11.462 -11.914 -301.071 1.899
-54.208 44.868 -231.135 2.011
8.259 -89.354 -1.289 2.027
42.958 99.885 -77.645 1.990
1.920 -81.854 -280.371 2.302
89.953 73.229 -228.559 2.113
97.279 72.950 -111.094 2.142
45.345 -11.441 -1.326 1.916
-67.097 11.542 -196.038 1.913
-88.394 31.804 -308.151 1.825
-48.254 91.403 -397.630 1.895
-21.624 -35.829 -43.802 1.896
16.811 -52.241 -232.977 1.979
80.190 11.685 -79.411 1.836
-83.072 -20.685 -397.486 1.973
-38.458 61.213 -161.597 1.925
-61.661 66.026 -44.008 2.029
83.952 -28.913 -225.539 1.959
13.969 37.256 -369.989 1.881
-6.240 22.720 -394.434 2.018
-82.354 -46.804 -223.720 1.929
61.510 -29.766 -248.826 1.862
-85.675 13.471 -183.219 2.150
