55.932 39.698 -397.254 2.145
-17.715 -55.716 -291.975 1.855
-39.938 25.831 -50.893 2.036
83.760 31.546 -168.902 1.814
77.137 -93.799 -110.857 1.968
-50.134 80.630 -178.678 1.913
23.654 65.034 -41.937 2.176
-84.232 33.247 -346.534 1.963
6.023 -52.486 -387.116 2.001
-93.944 -39.532 -82.732 1.994
-6.702 -72.888 -139.484 2.185
-81.604 80.703 -239.939 2.108
-95.978 38.191 -14.686 1.885
-28.533 75.451 -162.775 1.955
64.622 -60.918 -364.729 2.010
-67.212 -5.682 -324.660 2.176
45.281 30.416 -383.710 1.877
-87.626 -55.147 -331.207 1.998
83.609 48.756 -42.856 2.072
-88.345 66.024 -283.811 2.030
94.515 38.702 -99.193 1.916
-53.069 -71.704 -245.093 2.108
51.763 -97.164 -106.296 1.925
2.529 80.959 -6.797 1.970
-3.948 -57.939 -204.275 2.061
-44.491 -60.485 -322.054 2.095
7.194 26.036 -322.494 1.972
-95.062 -22.880 -377.782 2.031
71.926 50.729 -339.277 2.099
67.299 -80.263 -157.511 1.985
-48.622 63.197 -171.851 2.094
-51.367 -37.396 -280.469 2.028
-26.868 -19.544 -148.004 1.859
-56.446 -84.845 -289.736 1.996
44.623 -85.364 -103.683 2.049
87.258 20.029 -298.466 1.938
-96.905 -29.536 -297.282 1.854
73.893 85.234 -23.334 1.866
-77.152 54.311 -347.687 1.988
-68.219 20.622 -263.122 1.919
-18.231 -86.641 -292.129 1.821
-73.795 23.089 -107.796 2.024
-46.928 -77.224 -130.076 2.156
69.751 -83.007 -206.049 2.101
-26.307 -51.567 -82.572 1.927
10.022 -69.256 -215.095 1.955
-74.024 -39.534 -63.909 2.064
21.663 64.574 -332.551 2.082
49.665 -24.633 -317.656 1.925
73.862 -68.952 -146.456 2.054
-34.644 1.342 -39.170 1.858
-81.547 31.570 -371.271 2.141
6.613 90.458 -127.997 1.973
75.505 -54.307 -112.848 2.238
-20.220 -74.127 -90.284 1.880
-49.195 54.086 -317.915 2.088
-37.145 55.097 -142.844 2.267
-13.598 -58.469 -178.540 1.954
62.166 -17.360 -375.386 2.094
78.223 -71.106 -157.956 1.853
30.666 67.817 -325.470 2.063
46.087 17.064 -371.866 1.977
-40.334 99.308 -20.377 2.160
80.182 86.996 -373.863 1.992
88.504 -19.889 -27.280 2.061
54.600 -70.208 -302.780 2.166
-2.099 86.798 -272.548 2.024
-27.210 -44.811 -208.913 1.864
95.013 -45.408 -283.698 1.823
80.199 24.692 -336.413 1.928
30.262 -45.271 -169.543 1.959
-20.612 19.439 -10.262 1.939
-32.505 63.870 -192.082 1.917
98.908 -49.067 -67.213 2.143
-70.018 21.778 -71.724 1.927
13.945 -89.535 -367.479 1.976
-79.450 69.688 -89.535 1.909
15.864 78.658 -87.188 1.817
-48.434 -21.185 -57.369 2.077
-78.589 -75.882 -261.057 1.928
34.831 -13.118 -185.935 2.029
-63.368 91.156 -130.999 2.015
-33.185 14.665 -285.996 1.906
75.684 53.979 -395.056 1.784
-45.939 -69.117 -124.244 1.908
34.744 -24.563 -381.179 2.000
-31.224 -41.799 -156.099 1.963
0.381 52.325 -35.348 2.081
-74.795 23.388 -222.496 1.991
-55.054 -70.019 -392.354 2.066
-87.582 -23.193 -393.179 1.922
3.597 -8.502 -314.321 1.956
-7.145 -76.217 -144.231 2.175
70.195 84.058 -61.661 2.118
-16.827 -73.962 -109.979 2.043
-38.862 -39.393 -349.620 1.949
-16.045 -41.978 -53.987 2.005
46.657 -96.421 -36.309 2.072
72.018 21.267 -104.168 1.936
-38.881 -48.363 -115.874 1.994
