27.263 95.694 -51.271 2.072
77.049 73.026 -0.405 2.053
58.312 49.146 -333.131 2.050
-96.371 -70.397 -363.423 1.952
-12.319 -68.006 -339.010 2.019
11.265 67.971 -136.790 1.855
-53.197 27.813 -222.463 1.980
-61.101 44.612 -291.099 2.051
87.400 53.455 -124.863 1.920
-99.656 -23.829 -143.689 2.266
11.850 -48.431 -378.679 2.108
98.701 75.598 -126.919 1.972
34.417 -27.530 -62.064 1.938
-19.224 23.108 -187.615 1.913
87.777 -73.292 -223.067 1.937
-99.850 -41.748 -206.971 2.083
-8.826 23.236 -319.223 2.101
35.853 32.373 -65.344 2.088
85.047 -79.719 -26.876 1.992
83.651 98.631 -262.795 1.925
-39.374 76.630 -6.954 1.902
-38.066 27.345 -302.654 2.167
66.078 56.793 -43.480 2.161
-99.506 41.204 -207.561 2.147
90.598 85.136 -369.705 1.984
-29.630 -31.209 -377.581 1.995
-11.758 -43.876 -67.739 2.180
47.610 -85.434 -348.301 1.933
-41.979 62.493 -122.476 1.968
-0.179 58.551 -240.527 2.149
68.466 70.184 -240.134 1.982
-27.542 84.828 -176.900 1.925
63.708 39.224 -206.086 2.011
-84.481 42.622 -17.626 1.940
-80.522 67.997 -326.009 2.056
-58.360 82.676 -294.388 1.907
-21.665 -49.621 -191.399 1.964
-73.956 35.534 -212.875 1.897
16.671 77.198 -351.900 1.978
-2.112 73.884 -37.251 1.806
82.032 -4.316 -223.111 2.064
86.129 19.624 -137.498 1.871
29.773 -22.486 -37.136 2.002
-16.864 60.477 -71.003 1.961
96.629 -26.993 -337.738 2.084
36.014 -46.602 -273.245 1.800
-33.810 81.293 -148.288 1.983
25.747 73.060 -110.722 2.081
-15.837 -3.316 -215.467 2.181
-87.786 77.357 -383.815 1.973
-30.448 24.363 -165.379 1.983
33.891 64.989 -0.596 1.867
-11.157 32.158 -178.928 1.909
16.700 -93.433 -134.133 2.053
-20.889 -57.688 -288.124 1.818
45.891 -14.749 -55.688 1.959
-14.612 -63.953 -29.360 1.877
-51.269 -5.838 -285.785 1.968
-70.429 -46.973 -298.650 2.029
-70.086 -85.283 -67.731 1.988
-39.450 -22.458 -166.998 2.119
87.510 39.926 -258.261 1.996
-41.662 28.166 -283.270 1.898
-6.789 -45.122 -159.693 1.978
-33.288 47.984 -117.620 2.020
-12.724 47.566 -164.806 2.041
-78.696 29.309 -137.502 1.951
57.045 -28.239 -12.648 2.058
11.937 -5.915 -116.411 1.930
58.946 65.049 -348.007 2.059
13.148 76.690 -228.523 2.080
14.172 -43.896 -277.860 2.075
20.167 30.739 -138.437 1.964
76.346 19.118 -286.403 2.054
55.065 14.638 -94.545 1.987
-79.958 -56.025 -23.279 1.824
-40.465 77.295 -43.615 2.027
63.871 9.376 -104.226 2.107
-45.929 -29.738 -39.164 2.211
25.888 6.394 -46.614 1.967
-41.128 -73.697 -386.019 2.006
-4.276 -68.024 -294.357 1.987
58.787 74.299 -175.807 2.018
4.048 41.612 -0.757 2.081
32.087 -89.813 -330.850 2.188
35.057 9.925 -244.154 1.969
-27.592 -96.870 -363.506 2.011
-48.023 -58.292 -98.331 1.847
90.917 -97.891 -45.832 2.032
27.058 -54.575 -259.600 1.879
-78.314 -1.472 -151.467 2.133
-65.522 51.177 -130.032 1.932
14.094 94.159 -87.923 1.958
56.532 -99.125 -205.514 1.952
-69.302 -6.484 -120.981 1.920
2.078 5.719 -180.439 2.072
47.821 14.059 -34.949 1.908
56.969 45.562 -97.960 1.940
-75.436 6.028 -59.519 2.082
62.687 -66.491 -23.908 2.018
