62.565 -8.620 -156.369 2.008
60.184 -97.214 -111.121 1.928
-53.007 56.196 -202.307 1.882
-74.176 -1.038 -108.926 1.924
24.058 -54.613 -132.022 1.985
-89.963 -80.520 -177.758 1.984
26.813 -41.702 -90.256 2.108
61.237 -95.895 -167.732 1.881
-17.369 14.241 -254.758 2.018
73.268 -21.009 -250.895 1.982
0.303 -21.799 -127.256 1.834
-62.421 12.958 -176.548 1.890
65.469 -67.537 -126.620 1.985
56.463 23.688 -352.576 1.968
43.901 53.854 -337.449 2.074
-18.649 -16.461 -78.999 1.899
-44.999 -58.480 -314.502 2.090
-37.990 -94.117 -321.335 2.028
-46.181 -0.227 -238.727 1.972
-94.936 52.095 -108.833 2.042
-17.706 20.556 -308.553 2.046
53.019 -75.242 -186.303 2.011
-48.010 -24.227 -59.262 1.896
-23.692 66.308 -11.961 2.099
-67.190 16.641 -137.931 2.078
-13.630 12.983 -14.569 2.131
-42.435 88.676 -116.709 2.032
88.430 -50.370 -152.634 2.049
-29.121 -26.684 -280.473 1.984
-80.659 4.717 -162.923 1.954
-79.599 -54.792 -143.683 2.072
-83.241 38.315 -164.245 1.999
89.850 32.196 -395.806 1.951
-85.385 -79.792 -91.766 1.944
-25.149 -78.522 -46.599 1.850
-96.139 99.927 -253.916 1.963
-54.694 71.422 -395.309 1.945
-8.055 19.469 -320.071 2.086
29.743 26.885 -197.067 2.197
43.928 33.486 -82.800 2.105
-85.979 -41.228 -44.269 1.858
3.010 -25.188 -334.325 1.999
89.436 -26.886 -359.317 2.196
-15.509 -59.279 -382.589 2.042
-96.262 -9.277 -24.316 1.971
-78.415 87.921 -157.872 2.018
4.384 -36.376 -33.993 2.102
94.123 -74.209 -368.542 1.912
32.627 11.345 -346.835 2.022
76.462 -15.593 -132.049 1.976
99.273 61.416 -303.114 1.919
-74.509 90.163 -101.616 1.990
60.659 -52.708 -49.506 1.755
-84.584 87.961 -140.354 2.157
-3.289 80.904 -82.565 1.771
-61.578 34.453 -386.422 1.957
-91.292 43.814 -252.051 1.869
-45.982 40.196 -191.887 2.101
-1.074 26.452 -173.923 2.234
68.671 31.279 -218.018 2.029
70.149 78.306 -17.947 2.150
49.533 -15.077 -360.060 2.049
-14.088 -74.296 -32.542 2.019
76.452 -71.097 -130.032 1.950
20.421 -67.669 -75.030 1.937
18.753 80.117 -84.631 2.126
94.425 53.158 -57.173 1.824
38.436 61.222 -162.147 2.029
-75.523 -78.949 -156.520 2.062
46.967 -26.882 -218.298 2.120
-60.920 97.576 -378.105 1.715
2.229 -95.597 -209.589 2.129
25.858 -82.873 -45.261 2.086
59.853 -30.585 -10.530 1.913
66.498 -32.753 -252.841 2.025
47.412 15.780 -238.532 2.006
-67.149 -40.705 -104.365 1.916
33.746 49.117 -40.790 2.152
-91.953 -48.155 -13.151 2.094
57.777 2.983 -204.610 2.064
59.456 31.441 -262.065 1.747
14.536 11.753 -399.227 1.909
76.032 -83.643 -275.123 1.987
14.904 3.883 -235.331 2.145
-59.356 -52.063 -302.728 1.925
24.077 31.078 -364.013 2.010
83.002 41.758 -145.564 2.003
15.996 82.304 -174.081 1.935
48.016 -25.871 -369.317 2.173
-45.605 58.669 -83.899 1.917
46.582 -89.027 -6.245 2.019
-73.032 87.922 -319.078 2.060
-13.938 97.201 -371.078 1.985
45.602 1.295 -170.281 1.964
98.887 40.375 -205.481 2.210
33.469 90.863 -114.825 1.866
-88.902 -73.670 -28.222 1.904
97.857 -5.453 -18.211 1.918
65.938 55.479 -270.259 1.958
-31.805 57.669 -140.360 1.976
