-93.947 80.491 -17.166 2.011
-81.636 56.455 -127.001 1.887
61.117 81.452 -340.584 1.998
-36.723 -55.904 -232.380 1.993
70.217 -9.612 -31.051 1.984
-73.057 -6.529 -226.096 2.024
-67.697 72.412 -376.049 2.239
7.859 -95.922 -221.928 1.941
30.983 -6.091 -32.811 2.165
-58.116 74.354 -169.528 1.935
28.650 -32.008 -80.047 1.945
19.304 -77.810 -30.158 1.973
98.594 96.862 -170.878 1.954
-33.535 13.072 -89.197 1.803
15.964 10.690 -68.536 2.070
76.855 -27.238 -329.398 2.071
-93.499 -77.389 -146.561 1.845
-86.374 41.472 -323.953 2.019
0.544 11.107 -289.271 1.886
-27.278 39.277 -42.524 2.107
-51.461 96.680 -182.570 1.981
30.947 27.613 -157.250 1.924
5.696 16.548 -117.276 2.101
-44.593 -19.646 -262.295 1.995
-82.682 -83.245 -321.962 1.973
79.713 -95.381 -57.323 2.075
88.125 -59.440 -139.120 2.037
-74.880 37.232 -344.108 1.849
-3.821 -24.138 -109.210 1.857
-25.081 34.627 -154.471 1.863
-87.738 16.709 -156.746 1.897
-21.104 -55.803 -375.870 1.989
-13.902 -44.029 -25.375 1.918
-21.073 21.033 -104.467 1.880
-13.581 -78.395 -169.911 2.279
28.021 2.620 -307.013 1.886
92.617 -12.123 -396.844 2.047
-60.903 72.051 -235.803 2.004
8.670 46.741 -66.018 2.129
-51.505 99.423 -340.176 2.085
16.022 0.664 -193.401 2.072
64.706 23.252 -34.746 1.943
-21.005 -33.956 -330.208 2.014
-73.181 -96.945 -290.806 1.969
19.447 27.188 -195.022 1.798
57.998 18.491 -157.448 1.972
-17.349 93.311 -248.797 2.008
-5.936 -64.629 -191.897 1.945
-87.673 -50.018 -23.724 1.930
-75.414 -90.895 -322.323 1.982
-39.633 22.344 -11.071 1.926
21.659 91.468 -115.283 2.063
84.003 -72.304 -274.815 1.865
46.829 -23.055 -243.766 2.161
-25.588 82.559 -102.194 1.972
50.721 -5.101 -40.143 1.983
-35.529 62.276 -50.303 2.075
49.836 -12.453 -248.365 2.099
-33.386 -51.046 -119.440 2.119
-27.537 -16.353 -294.311 2.095
77.885 -4.870 -308.612 1.881
20.085 -40.536 -111.760 1.873
94.889 86.389 -73.956 1.966
-23.125 64.902 -279.331 1.978
17.844 -80.541 -278.228 1.897
93.888 32.020 -202.305 2.059
-59.835 -7.666 -272.598 2.078
-49.137 -67.904 -117.560 2.108
50.520 33.093 -107.000 2.043
51.482 -97.581 -272.460 1.949
10.713 -83.606 -269.932 1.922
-98.223 46.057 -356.372 1.961
62.131 -8.858 -209.873 2.068
-16.504 -52.212 -10.992 2.065
8.119 -56.999 -36.584 1.759
10.114 -24.565 -216.753 1.852
-16.774 67.607 -323.705 1.678
-52.749 -29.143 -31.834 1.925
-78.075 27.532 -175.202 2.198
-42.285 -70.593 -377.735 2.076
61.547 -46.812 -242.749 1.964
42.776 82.636 -17.109 1.912
-27.785 47.577 -304.347 1.967
91.600 11.607 -349.042 1.664
32.710 62.273 -23.363 1.948
-55.510 76.831 -241.773 1.841
-14.497 57.106 -342.918 1.941
-19.098 40.803 -3.920 2.150
-81.556 -17.856 -184.823 1.924
85.223 -53.200 -60.126 2.050
-83.354 1.636 -85.277 1.992
-38.684 -24.068 -219.501 2.068
-18.901 -82.997 -61.565 1.989
91.746 -96.204 -336.266 2.142
-33.470 88.600 -323.780 1.959
10.356 69.120 -342.061 2.044
-98.055 -64.183 -298.424 1.832
54.596 -78.259 -325.407 1.896
-88.305 68.841 -255.919 2.050
-9.858 -87.839 -383.009 1.957
