-60.819 69.010 -269.789 1.907
78.558 -14.110 -24.133 2.270
17.206 69.758 -276.775 2.043
90.487 32.744 -145.201 1.939
27.391 51.636 -175.443 1.934
61.159 -72.102 -43.577 1.988
81.604 -28.935 -194.267 1.959
-40.141 -75.662 -126.486 1.989
1.659 45.231 -44.671 1.915
51.121 -22.437 -0.030 2.155
76.755 -1.720 -314.792 2.126
84.645 74.387 -259.813 1.950
-91.440 -5.660 -295.876 1.844
-47.583 44.327 -72.253 1.943
81.690 -82.800 -46.055 2.054
-25.946 -98.938 -313.031 2.113
-20.212 94.406 -314.753 2.148
86.874 12.379 -315.558 2.019
71.874 -49.201 -157.509 1.979
94.392 33.993 -261.999 1.964
41.356 -12.624 -229.978 1.933
45.688 -58.632 -177.622 1.874
91.329 19.564 -301.951 1.985
52.304 -86.863 -391.894 1.971
-93.846 3.455 -360.646 2.097
-86.830 -41.093 -39.223 2.054
75.379 -80.539 -139.723 1.810
-2.670 89.119 -134.046 2.040
-6.395 87.976 -143.339 2.004
91.614 -95.384 -315.376 1.978
38.867 -40.762 -239.820 1.956
55.482 52.074 -253.141 1.969
-69.085 -72.339 -143.470 1.999
16.652 -3.264 -222.892 1.984
47.340 -9.079 -97.903 1.841
-84.826 -74.058 -24.668 2.166
-40.179 32.682 -80.927 1.812
-1.688 -60.472 -54.461 2.083
-24.756 -83.806 -376.321 2.065
1.546 79.626 -293.361 2.023
73.021 56.987 -130.369 2.031
8.428 67.244 -154.193 1.844
69.919 82.638 -187.792 2.033
-83.189 73.106 -359.187 2.040
11.831 57.853 -54.315 2.044
11.059 -39.898 -228.234 1.917
-70.993 62.035 -4.970 1.898
5.398 2.181 -39.343 1.972
92.406 -56.856 -43.132 1.952
-63.226 -25.451 -55.085 1.941
-71.357 8.983 -160.082 2.199
-3.191 60.219 -11.396 1.721
47.805 -5.606 -58.648 2.193
-35.250 50.330 -385.163 2.060
-50.734 72.300 -368.715 2.116
31.987 -17.824 -274.684 1.995
5.326 -98.843 -211.440 2.003
-8.911 -67.424 -315.221 2.098
-62.107 45.702 -102.442 1.894
-40.142 19.776 -255.719 1.802
1.865 90.705 -178.329 1.945
-98.071 -96.438 -116.560 2.046
76.330 -97.651 -30.980 2.027
-40.279 -58.066 -140.106 1.957
-5.100 49.454 -201.423 2.028
-0.259 5.089 -233.139 1.982
48.008 77.524 -124.504 1.885
-13.298 -3.648 -295.382 1.963
-35.754 67.699 -396.796 2.161
60.033 -51.603 -378.101 1.923
-30.084 34.872 -273.496 1.983
13.233 36.794 -38.492 2.163
99.261 -43.635 -50.624 1.957
53.281 -17.010 -116.041 2.245
-75.413 -57.835 -76.371 1.980
51.017 33.633 -200.999 2.161
44.575 6.916 -392.339 2.008
97.906 -21.544 -164.825 1.805
-69.058 92.722 -203.028 2.090
5.359 8.676 -262.957 1.835
87.753 -55.662 -326.562 2.126
94.724 15.328 -110.085 1.953
-16.136 25.530 -149.448 1.965
-22.417 33.017 -188.507 1.954
46.623 -71.968 -112.151 2.142
7.507 28.301 -71.484 2.045
-18.394 -81.438 -332.438 2.128
77.026 46.582 -395.366 2.031
-50.416 91.440 -176.213 2.008
2.782 -86.866 -309.098 1.876
70.531 -17.908 -20.675 2.160
3.364 37.010 -385.932 2.183
66.526 90.834 -76.688 1.864
94.384 84.397 -238.284 1.969
9.216 -84.466 -295.468 1.880
-52.608 -82.737 -10.940 2.085
64.135 -96.355 -379.991 1.910
47.266 74.934 -191.344 2.045
-48.227 -80.402 -71.764 1.983
73.912 -88.724 -104.130 2.091
